10,17,1.0
11,19,1.0
17,24,1.0
21,31,1.0
15,33,1.0
2,35,1.0
10,37,1.0
25,38,1.0
19,43,1.0
33,46,1.0
29,47,1.0
31,49,1.0
46,55,1.0
40,56,1.0
9,57,1.0
49,59,1.0
6,61,1.0
3,64,1.0
51,65,1.0
27,67,1.0
59,69,1.0
51,70,1.0
65,70,1.0
65,73,1.0
40,74,1.0
12,76,1.0
12,77,1.0
30,77,1.0
27,78,1.0
67,78,1.0
6,79,1.0
52,82,1.0
68,83,1.0
3,84,1.0
64,84,1.0
13,87,1.0
74,87,1.0
40,89,1.0
42,90,1.0
31,92,1.0
76,92,1.0
37,96,1.0
39,96,1.0
70,100,1.0
39,101,1.0
41,101,1.0
32,104,1.0
104,105,1.0
30,106,1.0
67,106,1.0
78,106,1.0
55,107,1.0
18,109,1.0
91,109,1.0
76,111,1.0
45,113,1.0
60,114,1.0
54,115,1.0
36,116,1.0
72,117,1.0
13,118,1.0
112,120,1.0
86,122,1.0
12,123,1.0
77,123,1.0
82,123,1.0
55,124,1.0
7,125,1.0
35,125,1.0
13,127,1.0
123,127,1.0
81,128,1.0
26,129,1.0
109,129,1.0
95,131,1.0
96,131,1.0
80,132,1.0
59,133,1.0
69,133,1.0
2,134,1.0
125,134,1.0
85,135,1.0
63,137,1.0
89,138,1.0
33,139,1.0
46,139,1.0
21,140,1.0
31,140,1.0
92,140,1.0
26,141,1.0
95,141,1.0
51,150,1.0
70,150,1.0
56,152,1.0
86,152,1.0
127,152,1.0
75,153,1.0
4,154,1.0
60,155,1.0
114,155,1.0
32,156,1.0
104,156,1.0
28,159,1.0
34,161,1.0
112,162,1.0
23,163,1.0
30,164,1.0
133,164,1.0
40,169,1.0
56,169,1.0
74,169,1.0
89,169,1.0
122,169,1.0
152,169,1.0
86,170,1.0
89,170,1.0
138,170,1.0
45,171,1.0
52,173,1.0
95,173,1.0
148,173,1.0
25,174,1.0
38,174,1.0
69,175,1.0
108,175,1.0
133,175,1.0
112,177,1.0
162,177,1.0
94,179,1.0
165,179,1.0
102,180,1.0
107,181,1.0
167,181,1.0
111,182,1.0
139,182,1.0
8,183,1.0
151,183,1.0
85,185,1.0
174,185,1.0
22,186,1.0
173,187,1.0
18,188,1.0
58,188,1.0
13,190,1.0
107,190,1.0
167,190,1.0
90,191,1.0
49,192,1.0
59,192,1.0
140,192,1.0
30,194,1.0
59,194,1.0
67,194,1.0
18,195,1.0
170,195,1.0
188,195,1.0
42,196,1.0
90,196,1.0
191,196,1.0
88,197,1.0
136,198,1.0
24,199,1.0
148,199,1.0
36,200,1.0
121,201,1.0
159,201,1.0
117,202,1.0
50,203,1.0
175,205,1.0
184,206,1.0
45,207,1.0
113,207,1.0
171,207,1.0
7,208,1.0
9,209,1.0
32,209,1.0
88,209,1.0
156,209,1.0
82,210,1.0
123,210,1.0
71,211,1.0
147,211,1.0
10,212,1.0
37,212,1.0
9,213,1.0
32,213,1.0
104,213,1.0
156,213,1.0
11,214,1.0
19,214,1.0
48,214,1.0
29,215,1.0
26,217,1.0
109,217,1.0
23,218,1.0
58,218,1.0
163,218,1.0
178,219,1.0
14,220,1.0
48,220,1.0
47,221,1.0
54,223,1.0
216,223,1.0
200,224,1.0
23,225,1.0
163,225,1.0
45,227,1.0
142,227,1.0
171,227,1.0
4,228,1.0
189,228,1.0
19,229,1.0
43,229,1.0
176,230,1.0
48,231,1.0
214,231,1.0
104,232,1.0
213,232,1.0
10,233,1.0
17,233,1.0
27,233,1.0
78,233,1.0
106,233,1.0
141,233,1.0
212,233,1.0
20,234,1.0
222,234,1.0
93,235,1.0
44,236,1.0
85,236,1.0
202,236,1.0
18,237,1.0
188,237,1.0
205,237,1.0
217,237,1.0
21,238,1.0
77,238,1.0
111,238,1.0
140,238,1.0
182,238,1.0
167,239,1.0
190,239,1.0
12,240,1.0
139,240,1.0
149,240,1.0
182,240,1.0
36,241,1.0
54,242,1.0
115,242,1.0
17,243,1.0
95,243,1.0
131,243,1.0
141,243,1.0
138,245,1.0
5,246,1.0
93,246,1.0
12,247,1.0
103,247,1.0
189,248,1.0
228,248,1.0
108,250,1.0
148,250,1.0
199,250,1.0
17,251,1.0
78,251,1.0
106,251,1.0
141,251,1.0
212,251,1.0
233,251,1.0
50,252,1.0
157,253,1.0
87,254,1.0
190,254,1.0
239,254,1.0
136,255,1.0
234,255,1.0
85,256,1.0
135,256,1.0
208,256,1.0
49,257,1.0
138,257,1.0
192,257,1.0
62,258,1.0
84,258,1.0
157,258,1.0
94,259,1.0
179,259,1.0
102,260,1.0
180,260,1.0
206,260,1.0
143,261,1.0
62,262,1.0
118,263,1.0
54,264,1.0
113,264,1.0
41,265,1.0
101,265,1.0
202,266,1.0
227,266,1.0
36,267,1.0
200,267,1.0
224,267,1.0
241,267,1.0
116,268,1.0
74,269,1.0
107,269,1.0
124,269,1.0
239,269,1.0
16,270,1.0
97,270,1.0
158,270,1.0
253,270,1.0
17,271,1.0
52,271,1.0
95,271,1.0
173,271,1.0
187,271,1.0
12,272,1.0
21,272,1.0
31,272,1.0
77,272,1.0
103,272,1.0
22,274,1.0
145,274,1.0
230,274,1.0
71,275,1.0
211,275,1.0
181,276,1.0
239,276,1.0
254,276,1.0
200,277,1.0
224,277,1.0
267,277,1.0
109,278,1.0
164,278,1.0
268,279,1.0
223,280,1.0
188,281,1.0
195,281,1.0
245,281,1.0
17,282,1.0
24,282,1.0
251,282,1.0
263,282,1.0
168,283,1.0
11,284,1.0
48,284,1.0
214,284,1.0
5,285,1.0
12,286,1.0
15,286,1.0
92,286,1.0
247,286,1.0
8,287,1.0
7,288,1.0
79,288,1.0
144,288,1.0
23,289,1.0
58,289,1.0
164,289,1.0
175,289,1.0
205,289,1.0
187,290,1.0
212,290,1.0
217,290,1.0
271,290,1.0
28,291,1.0
114,292,1.0
9,293,1.0
88,293,1.0
156,293,1.0
223,294,1.0
260,294,1.0
264,294,1.0
146,295,1.0
27,296,1.0
40,297,1.0
87,297,1.0
152,297,1.0
169,297,1.0
108,298,1.0
133,298,1.0
175,298,1.0
250,298,1.0
6,299,1.0
61,299,1.0
115,300,1.0
146,301,1.0
149,301,1.0
240,301,1.0
295,301,1.0
183,303,1.0
135,304,1.0
256,304,1.0
18,305,1.0
91,305,1.0
109,305,1.0
129,305,1.0
217,305,1.0
290,305,1.0
296,305,1.0
86,306,1.0
170,306,1.0
79,307,1.0
168,307,1.0
244,307,1.0
241,308,1.0
267,308,1.0
6,309,1.0
79,309,1.0
307,309,1.0
8,310,1.0
302,310,1.0
2,311,1.0
121,311,1.0
132,311,1.0
134,311,1.0
201,311,1.0
270,311,1.0
24,312,1.0
108,312,1.0
199,312,1.0
225,312,1.0
250,312,1.0
21,313,1.0
31,313,1.0
77,313,1.0
140,313,1.0
238,313,1.0
162,314,1.0
177,314,1.0
129,315,1.0
34,316,1.0
48,316,1.0
231,316,1.0
284,316,1.0
14,317,1.0
220,317,1.0
231,317,1.0
307,317,1.0
316,317,1.0
126,318,1.0
189,320,1.0
14,321,1.0
220,321,1.0
95,322,1.0
141,322,1.0
187,322,1.0
233,322,1.0
243,322,1.0
271,322,1.0
296,322,1.0
305,322,1.0
59,323,1.0
67,323,1.0
103,323,1.0
106,323,1.0
194,323,1.0
267,324,1.0
320,324,1.0
99,325,1.0
113,325,1.0
197,326,1.0
280,327,1.0
300,327,1.0
92,328,1.0
138,328,1.0
286,328,1.0
185,329,1.0
309,329,1.0
42,330,1.0
161,330,1.0
191,330,1.0
158,331,1.0
10,333,1.0
37,333,1.0
52,333,1.0
82,333,1.0
173,333,1.0
183,334,1.0
303,334,1.0
161,335,1.0
330,335,1.0
193,336,1.0
200,337,1.0
263,337,1.0
277,337,1.0
296,339,1.0
244,340,1.0
307,340,1.0
317,340,1.0
89,341,1.0
138,341,1.0
152,341,1.0
170,341,1.0
257,341,1.0
59,342,1.0
192,342,1.0
257,342,1.0
145,343,1.0
176,343,1.0
230,343,1.0
274,343,1.0
285,344,1.0
291,345,1.0
137,347,1.0
166,347,1.0
197,348,1.0
224,348,1.0
326,348,1.0
132,349,1.0
287,349,1.0
72,350,1.0
117,350,1.0
143,350,1.0
261,350,1.0
194,351,1.0
308,352,1.0
2,353,1.0
35,353,1.0
121,353,1.0
132,353,1.0
270,353,1.0
311,353,1.0
16,354,1.0
331,354,1.0
215,355,1.0
350,355,1.0
5,356,1.0
93,356,1.0
235,356,1.0
246,356,1.0
97,357,1.0
270,357,1.0
136,358,1.0
198,358,1.0
255,358,1.0
273,358,1.0
28,359,1.0
291,359,1.0
148,360,1.0
199,360,1.0
250,360,1.0
298,360,1.0
312,360,1.0
33,361,1.0
46,361,1.0
139,361,1.0
210,361,1.0
240,361,1.0
301,361,1.0
27,362,1.0
67,362,1.0
106,362,1.0
194,362,1.0
323,362,1.0
351,362,1.0
232,363,1.0
319,363,1.0
43,364,1.0
48,364,1.0
220,364,1.0
231,364,1.0
321,364,1.0
24,365,1.0
30,365,1.0
108,365,1.0
251,365,1.0
282,365,1.0
312,365,1.0
49,366,1.0
59,366,1.0
140,366,1.0
192,366,1.0
18,367,1.0
195,367,1.0
82,368,1.0
95,368,1.0
333,368,1.0
76,369,1.0
92,369,1.0
306,369,1.0
224,370,1.0
1,371,1.0
85,372,1.0
280,372,1.0
329,372,1.0
62,373,1.0
64,373,1.0
157,373,1.0
258,373,1.0
15,374,1.0
152,374,1.0
170,374,1.0
306,374,1.0
328,374,1.0
341,374,1.0
369,374,1.0
226,375,1.0
34,376,1.0
98,376,1.0
62,377,1.0
262,377,1.0
76,378,1.0
86,378,1.0
111,378,1.0
127,378,1.0
140,378,1.0
182,378,1.0
306,378,1.0
369,378,1.0
52,379,1.0
263,379,1.0
12,380,1.0
82,380,1.0
146,380,1.0
210,380,1.0
240,380,1.0
247,380,1.0
272,380,1.0
286,380,1.0
301,380,1.0
361,380,1.0
130,381,1.0
44,382,1.0
199,383,1.0
225,383,1.0
360,383,1.0
13,384,1.0
82,384,1.0
127,384,1.0
190,384,1.0
263,384,1.0
333,384,1.0
25,385,1.0
38,385,1.0
174,385,1.0
23,386,1.0
58,386,1.0
218,386,1.0
62,387,1.0
64,387,1.0
262,387,1.0
377,387,1.0
8,389,1.0
151,389,1.0
183,389,1.0
303,389,1.0
334,389,1.0
11,390,1.0
214,390,1.0
284,390,1.0
316,390,1.0
63,391,1.0
94,391,1.0
41,392,1.0
131,392,1.0
217,392,1.0
218,392,1.0
237,392,1.0
259,392,1.0
40,393,1.0
74,393,1.0
87,393,1.0
91,393,1.0
122,393,1.0
315,393,1.0
204,394,1.0
234,394,1.0
8,395,1.0
183,395,1.0
287,395,1.0
303,395,1.0
310,395,1.0
334,395,1.0
389,395,1.0
94,396,1.0
163,396,1.0
179,396,1.0
55,397,1.0
124,397,1.0
139,397,1.0
149,397,1.0
301,397,1.0
41,398,1.0
58,398,1.0
218,398,1.0
392,398,1.0
13,399,1.0
118,399,1.0
190,399,1.0
263,399,1.0
342,399,1.0
31,400,1.0
118,400,1.0
138,400,1.0
257,400,1.0
272,400,1.0
328,400,1.0
366,400,1.0
252,401,1.0
42,402,1.0
90,402,1.0
191,402,1.0
330,402,1.0
391,402,1.0
13,403,1.0
56,403,1.0
74,403,1.0
167,403,1.0
181,403,1.0
190,403,1.0
342,403,1.0
268,404,1.0
279,404,1.0
5,405,1.0
216,405,1.0
223,405,1.0
329,405,1.0
125,406,1.0
134,406,1.0
119,407,1.0
244,407,1.0
340,407,1.0
12,408,1.0
21,408,1.0
31,408,1.0
76,408,1.0
92,408,1.0
111,408,1.0
123,408,1.0
272,408,1.0
313,408,1.0
369,408,1.0
111,409,1.0
182,409,1.0
378,409,1.0
125,410,1.0
172,410,1.0
406,410,1.0
53,411,1.0
81,411,1.0
128,411,1.0
201,412,1.0
345,412,1.0
9,413,1.0
57,413,1.0
293,413,1.0
29,414,1.0
215,414,1.0
148,415,1.0
245,415,1.0
247,415,1.0
281,415,1.0
4,416,1.0
118,416,1.0
254,416,1.0
276,416,1.0
295,416,1.0
268,417,1.0
404,417,1.0
66,418,1.0
162,418,1.0
314,418,1.0
21,419,1.0
31,419,1.0
77,419,1.0
140,419,1.0
263,419,1.0
272,419,1.0
286,419,1.0
328,419,1.0
400,419,1.0
13,420,1.0
55,420,1.0
107,420,1.0
149,420,1.0
181,420,1.0
190,420,1.0
61,421,1.0
144,421,1.0
288,421,1.0
299,421,1.0
16,422,1.0
158,422,1.0
331,422,1.0
51,423,1.0
65,423,1.0
73,423,1.0
370,423,1.0
114,424,1.0
155,424,1.0
418,424,1.0
26,425,1.0
129,425,1.0
182,425,1.0
278,425,1.0
351,425,1.0
102,426,1.0
180,426,1.0
184,426,1.0
260,426,1.0
41,427,1.0
94,427,1.0
165,427,1.0
179,427,1.0
34,428,1.0
98,428,1.0
59,429,1.0
167,429,1.0
190,429,1.0
239,429,1.0
276,429,1.0
342,429,1.0
167,430,1.0
181,430,1.0
276,430,1.0
420,430,1.0
134,431,1.0
249,431,1.0
304,431,1.0
349,431,1.0
65,432,1.0
73,432,1.0
370,432,1.0
423,432,1.0
219,433,1.0
244,433,1.0
307,433,1.0
340,433,1.0
264,434,1.0
327,434,1.0
329,434,1.0
405,434,1.0
67,435,1.0
78,435,1.0
106,435,1.0
129,435,1.0
182,435,1.0
187,435,1.0
339,435,1.0
351,435,1.0
425,435,1.0
158,436,1.0
270,436,1.0
331,436,1.0
353,436,1.0
422,436,1.0
394,437,1.0
73,438,1.0
150,438,1.0
197,438,1.0
326,438,1.0
348,438,1.0
36,439,1.0
116,439,1.0
200,439,1.0
241,439,1.0
277,439,1.0
337,439,1.0
417,439,1.0
159,440,1.0
291,440,1.0
394,441,1.0
437,441,1.0
26,442,1.0
101,442,1.0
131,442,1.0
217,442,1.0
218,442,1.0
243,442,1.0
265,442,1.0
386,442,1.0
398,442,1.0
155,443,1.0
292,443,1.0
42,444,1.0
90,444,1.0
376,444,1.0
402,444,1.0
40,445,1.0
56,445,1.0
89,445,1.0
138,445,1.0
30,446,1.0
78,446,1.0
123,446,1.0
210,446,1.0
212,446,1.0
247,446,1.0
75,447,1.0
153,447,1.0
184,447,1.0
206,447,1.0
28,448,1.0
291,448,1.0
345,448,1.0
359,448,1.0
440,448,1.0
5,449,1.0
75,449,1.0
184,449,1.0
206,449,1.0
329,449,1.0
405,449,1.0
426,449,1.0
133,450,1.0
250,450,1.0
281,450,1.0
298,450,1.0
148,451,1.0
165,451,1.0
259,451,1.0
295,451,1.0
360,451,1.0
116,452,1.0
268,452,1.0
74,453,1.0
167,453,1.0
239,453,1.0
254,453,1.0
403,453,1.0
445,453,1.0
241,454,1.0
452,454,1.0
134,455,1.0
249,455,1.0
349,455,1.0
431,455,1.0
103,456,1.0
173,456,1.0
282,456,1.0
379,456,1.0
128,457,1.0
411,457,1.0
335,458,1.0
391,458,1.0
25,459,1.0
110,459,1.0
174,459,1.0
185,459,1.0
249,459,1.0
455,459,1.0
72,460,1.0
147,460,1.0
1,461,1.0
148,462,1.0
199,462,1.0
250,462,1.0
415,462,1.0
137,463,1.0
145,463,1.0
166,463,1.0
176,463,1.0
230,463,1.0
274,463,1.0
347,463,1.0
204,464,1.0
394,464,1.0
437,464,1.0
441,464,1.0
74,465,1.0
107,465,1.0
181,465,1.0
269,465,1.0
430,465,1.0
24,466,1.0
225,466,1.0
379,466,1.0
256,467,1.0
329,467,1.0
372,467,1.0
385,467,1.0
15,468,1.0
40,468,1.0
86,468,1.0
87,468,1.0
152,468,1.0
169,468,1.0
297,468,1.0
94,469,1.0
101,469,1.0
163,469,1.0
218,469,1.0
225,469,1.0
386,469,1.0
396,469,1.0
398,469,1.0
19,470,1.0
214,470,1.0
231,470,1.0
316,470,1.0
317,470,1.0
252,471,1.0
401,471,1.0
193,472,1.0
230,472,1.0
336,472,1.0
343,472,1.0
17,473,1.0
24,473,1.0
37,473,1.0
39,473,1.0
466,473,1.0
12,474,1.0
15,474,1.0
76,474,1.0
111,474,1.0
182,474,1.0
240,474,1.0
184,475,1.0
206,475,1.0
260,475,1.0
426,475,1.0
96,476,1.0
101,476,1.0
148,476,1.0
265,476,1.0
396,476,1.0
469,476,1.0
91,477,1.0
109,477,1.0
164,477,1.0
247,477,1.0
393,477,1.0
415,477,1.0
446,477,1.0
462,477,1.0
10,478,1.0
17,478,1.0
23,478,1.0
312,478,1.0
386,478,1.0
112,479,1.0
177,479,1.0
314,479,1.0
316,479,1.0
96,480,1.0
101,480,1.0
265,480,1.0
476,480,1.0
10,481,1.0
17,481,1.0
82,481,1.0
173,481,1.0
233,481,1.0
333,481,1.0
368,481,1.0
24,482,1.0
173,482,1.0
199,482,1.0
250,482,1.0
282,482,1.0
379,482,1.0
383,482,1.0
456,482,1.0
466,482,1.0
88,483,1.0
197,483,1.0
293,483,1.0
348,483,1.0
1,484,1.0
344,484,1.0
371,484,1.0
142,485,1.0
266,485,1.0
15,486,1.0
46,486,1.0
129,486,1.0
152,486,1.0
468,486,1.0
70,487,1.0
73,487,1.0
150,487,1.0
348,487,1.0
423,487,1.0
438,487,1.0
10,488,1.0
17,488,1.0
23,488,1.0
24,488,1.0
37,488,1.0
39,488,1.0
251,488,1.0
365,488,1.0
466,488,1.0
473,488,1.0
478,488,1.0
41,490,1.0
179,490,1.0
392,490,1.0
396,490,1.0
476,490,1.0
480,490,1.0
81,491,1.0
126,491,1.0
318,491,1.0
426,491,1.0
142,492,1.0
266,492,1.0
91,493,1.0
129,493,1.0
212,493,1.0
305,493,1.0
315,493,1.0
446,493,1.0
204,494,1.0
234,494,1.0
255,494,1.0
358,494,1.0
394,494,1.0
464,494,1.0
39,495,1.0
95,495,1.0
131,495,1.0
173,495,1.0
271,495,1.0
290,495,1.0
488,495,1.0
29,496,1.0
47,496,1.0
355,496,1.0
124,497,1.0
179,497,1.0
259,497,1.0
392,497,1.0
398,497,1.0
22,498,1.0
99,498,1.0
171,498,1.0
186,498,1.0
227,498,1.0
280,498,1.0
24,499,1.0
52,499,1.0
173,499,1.0
282,499,1.0
379,499,1.0
456,499,1.0
482,499,1.0
57,500,1.0
126,500,1.0
74,501,1.0
89,501,1.0
107,501,1.0
181,501,1.0
269,501,1.0
430,501,1.0
465,501,1.0
17,502,1.0
24,502,1.0
30,502,1.0
106,502,1.0
212,502,1.0
251,502,1.0
365,502,1.0
425,502,1.0
446,502,1.0
478,502,1.0
488,502,1.0
40,504,1.0
74,504,1.0
122,504,1.0
169,504,1.0
170,504,1.0
393,504,1.0
53,505,1.0
126,505,1.0
153,505,1.0
180,505,1.0
426,505,1.0
491,505,1.0
219,506,1.0
23,507,1.0
41,507,1.0
148,507,1.0
163,507,1.0
205,507,1.0
218,507,1.0
478,507,1.0
99,508,1.0
171,508,1.0
186,508,1.0
207,508,1.0
227,508,1.0
44,509,1.0
85,509,1.0
236,509,1.0
113,510,1.0
132,510,1.0
264,510,1.0
405,510,1.0
434,510,1.0
20,511,1.0
234,511,1.0
145,512,1.0
176,512,1.0
193,512,1.0
230,512,1.0
347,512,1.0
463,512,1.0
15,513,1.0
76,513,1.0
369,513,1.0
378,513,1.0
409,513,1.0
167,514,1.0
190,514,1.0
254,514,1.0
263,514,1.0
399,514,1.0
429,514,1.0
151,515,1.0
302,515,1.0
389,515,1.0
44,516,1.0
236,516,1.0
382,516,1.0
509,516,1.0
93,517,1.0
235,517,1.0
15,518,1.0
40,518,1.0
87,518,1.0
89,518,1.0
169,518,1.0
297,518,1.0
374,518,1.0
468,518,1.0
428,519,1.0
60,520,1.0
137,520,1.0
155,520,1.0
292,520,1.0
158,521,1.0
331,521,1.0
42,522,1.0
191,522,1.0
196,522,1.0
330,522,1.0
402,522,1.0
4,523,1.0
154,523,1.0
416,523,1.0
94,524,1.0
179,524,1.0
469,524,1.0
23,525,1.0
41,525,1.0
163,525,1.0
165,525,1.0
265,525,1.0
427,525,1.0
507,525,1.0
110,526,1.0
431,526,1.0
113,527,1.0
325,527,1.0
510,527,1.0
99,528,1.0
207,528,1.0
227,528,1.0
508,528,1.0
63,529,1.0
90,529,1.0
191,529,1.0
391,529,1.0
402,529,1.0
458,529,1.0
142,530,1.0
266,530,1.0
485,530,1.0
492,530,1.0
63,531,1.0
66,531,1.0
114,531,1.0
191,531,1.0
196,531,1.0
418,531,1.0
424,531,1.0
444,531,1.0
522,531,1.0
41,532,1.0
427,532,1.0
497,532,1.0
524,532,1.0
128,533,1.0
411,533,1.0
505,533,1.0
81,534,1.0
303,534,1.0
334,534,1.0
491,534,1.0
510,534,1.0
174,535,1.0
256,535,1.0
372,535,1.0
467,535,1.0
17,536,1.0
37,536,1.0
39,536,1.0
52,536,1.0
82,536,1.0
333,536,1.0
368,536,1.0
379,536,1.0
384,536,1.0
473,536,1.0
481,536,1.0
99,537,1.0
325,537,1.0
527,537,1.0
528,537,1.0
51,538,1.0
70,538,1.0
100,538,1.0
150,538,1.0
326,538,1.0
438,538,1.0
89,539,1.0
109,539,1.0
122,539,1.0
169,539,1.0
170,539,1.0
306,539,1.0
504,539,1.0
513,539,1.0
200,540,1.0
224,540,1.0
367,541,1.0
393,541,1.0
76,542,1.0
409,542,1.0
474,542,1.0
513,542,1.0
80,543,1.0
132,543,1.0
267,543,1.0
308,543,1.0
352,543,1.0
417,543,1.0
439,543,1.0
49,544,1.0
56,544,1.0
59,544,1.0
86,544,1.0
192,544,1.0
366,544,1.0
445,544,1.0
98,545,1.0
208,545,1.0
275,545,1.0
376,545,1.0
67,546,1.0
106,546,1.0
339,546,1.0
351,546,1.0
425,546,1.0
435,546,1.0
158,547,1.0
354,547,1.0
70,548,1.0
197,548,1.0
326,548,1.0
348,548,1.0
438,548,1.0
538,548,1.0
34,549,1.0
161,549,1.0
335,549,1.0
376,549,1.0
146,550,1.0
295,550,1.0
337,550,1.0
360,550,1.0
416,550,1.0
16,551,1.0
270,551,1.0
354,551,1.0
436,551,1.0
547,551,1.0
59,552,1.0
69,552,1.0
164,552,1.0
245,552,1.0
342,552,1.0
362,552,1.0
403,552,1.0
544,552,1.0
7,553,1.0
79,553,1.0
144,553,1.0
288,553,1.0
309,553,1.0
421,553,1.0
34,554,1.0
147,554,1.0
211,554,1.0
519,554,1.0
81,555,1.0
128,555,1.0
334,555,1.0
411,555,1.0
491,555,1.0
505,555,1.0
533,555,1.0
534,555,1.0
20,556,1.0
234,556,1.0
511,556,1.0
66,557,1.0
177,557,1.0
314,557,1.0
46,558,1.0
55,558,1.0
94,558,1.0
149,558,1.0
190,558,1.0
218,558,1.0
259,558,1.0
301,558,1.0
397,558,1.0
420,558,1.0
216,559,1.0
223,559,1.0
372,559,1.0
405,559,1.0
121,560,1.0
172,560,1.0
201,560,1.0
410,560,1.0
6,561,1.0
309,561,1.0
154,562,1.0
226,562,1.0
63,563,1.0
94,563,1.0
391,563,1.0
469,563,1.0
529,563,1.0
85,564,1.0
174,564,1.0
185,564,1.0
329,564,1.0
91,565,1.0
217,565,1.0
255,565,1.0
442,565,1.0
222,566,1.0
234,566,1.0
19,567,1.0
48,567,1.0
214,567,1.0
284,567,1.0
316,567,1.0
470,567,1.0
68,568,1.0
83,568,1.0
134,568,1.0
188,569,1.0
195,569,1.0
278,569,1.0
281,569,1.0
367,569,1.0
541,569,1.0
72,570,1.0
350,570,1.0
485,570,1.0
530,570,1.0
69,571,1.0
133,571,1.0
281,571,1.0
450,571,1.0
91,572,1.0
133,572,1.0
164,572,1.0
205,572,1.0
477,572,1.0
375,573,1.0
132,574,1.0
174,574,1.0
249,574,1.0
459,574,1.0
33,575,1.0
55,575,1.0
124,575,1.0
149,575,1.0
240,575,1.0
301,575,1.0
361,575,1.0
397,575,1.0
29,576,1.0
47,576,1.0
125,576,1.0
221,576,1.0
406,576,1.0
414,576,1.0
496,576,1.0
99,577,1.0
171,577,1.0
227,577,1.0
280,577,1.0
498,577,1.0
537,577,1.0
23,578,1.0
108,578,1.0
164,578,1.0
212,578,1.0
289,578,1.0
312,578,1.0
386,578,1.0
462,578,1.0
478,578,1.0
488,578,1.0
502,578,1.0
55,579,1.0
218,579,1.0
398,579,1.0
442,579,1.0
497,579,1.0
524,579,1.0
532,579,1.0
558,579,1.0
11,580,1.0
19,580,1.0
284,580,1.0
471,581,1.0
503,581,1.0
27,582,1.0
78,582,1.0
245,582,1.0
247,582,1.0
315,582,1.0
362,582,1.0
446,582,1.0
453,582,1.0
477,582,1.0
493,582,1.0
22,583,1.0
186,583,1.0
274,583,1.0
325,583,1.0
54,584,1.0
115,584,1.0
242,584,1.0
300,584,1.0
327,584,1.0
4,585,1.0
228,585,1.0
248,585,1.0
416,585,1.0
523,585,1.0
86,586,1.0
164,586,1.0
192,586,1.0
366,586,1.0
378,586,1.0
544,586,1.0
552,586,1.0
18,587,1.0
74,587,1.0
109,587,1.0
122,587,1.0
296,587,1.0
367,587,1.0
393,587,1.0
504,587,1.0
539,587,1.0
109,588,1.0
188,588,1.0
217,588,1.0
247,588,1.0
278,588,1.0
415,588,1.0
425,588,1.0
587,588,1.0
49,589,1.0
59,589,1.0
69,589,1.0
194,589,1.0
245,589,1.0
257,589,1.0
281,589,1.0
342,589,1.0
415,589,1.0
450,589,1.0
571,589,1.0
123,590,1.0
182,590,1.0
210,590,1.0
384,590,1.0
161,591,1.0
191,591,1.0
330,591,1.0
335,591,1.0
458,591,1.0
529,591,1.0
200,592,1.0
404,592,1.0
417,592,1.0
149,593,1.0
200,593,1.0
301,593,1.0
337,593,1.0
590,593,1.0
3,594,1.0
64,594,1.0
84,594,1.0
387,594,1.0
44,595,1.0
98,595,1.0
382,595,1.0
428,595,1.0
230,596,1.0
343,596,1.0
347,596,1.0
463,596,1.0
6,597,1.0
61,597,1.0
299,597,1.0
309,597,1.0
561,597,1.0
148,598,1.0
165,598,1.0
199,598,1.0
383,598,1.0
476,598,1.0
525,598,1.0
22,599,1.0
145,599,1.0
274,599,1.0
343,599,1.0
489,599,1.0
52,600,1.0
82,600,1.0
146,600,1.0
173,600,1.0
210,600,1.0
286,600,1.0
295,600,1.0
380,600,1.0
416,600,1.0
550,600,1.0
127,601,1.0
152,601,1.0
182,601,1.0
369,601,1.0
374,601,1.0
378,601,1.0
486,601,1.0
28,602,1.0
291,602,1.0
359,602,1.0
448,602,1.0
151,603,1.0
302,603,1.0
310,603,1.0
515,603,1.0
129,604,1.0
187,604,1.0
247,604,1.0
290,604,1.0
305,604,1.0
425,604,1.0
474,604,1.0
588,604,1.0
27,605,1.0
67,605,1.0
103,605,1.0
194,605,1.0
323,605,1.0
3,606,1.0
84,606,1.0
258,606,1.0
51,607,1.0
264,607,1.0
349,607,1.0
195,608,1.0
367,608,1.0
393,608,1.0
541,608,1.0
569,608,1.0
220,609,1.0
316,609,1.0
317,609,1.0
321,609,1.0
364,609,1.0
470,609,1.0
60,610,1.0
114,610,1.0
155,610,1.0
292,610,1.0
381,610,1.0
443,610,1.0
15,611,1.0
33,611,1.0
152,611,1.0
286,611,1.0
328,611,1.0
369,611,1.0
374,611,1.0
419,611,1.0
474,611,1.0
486,611,1.0
601,611,1.0
604,611,1.0
39,612,1.0
96,612,1.0
101,612,1.0
265,612,1.0
368,612,1.0
473,612,1.0
480,612,1.0
102,613,1.0
180,613,1.0
184,613,1.0
426,613,1.0
475,613,1.0
505,613,1.0
59,614,1.0
69,614,1.0
133,614,1.0
552,614,1.0
569,614,1.0
571,614,1.0
572,614,1.0
22,615,1.0
325,615,1.0
527,615,1.0
583,615,1.0
90,616,1.0
418,616,1.0
444,616,1.0
531,616,1.0
549,616,1.0
320,617,1.0
324,617,1.0
102,618,1.0
260,618,1.0
388,618,1.0
401,619,1.0
471,619,1.0
503,619,1.0
581,619,1.0
81,620,1.0
319,620,1.0
363,620,1.0
98,621,1.0
211,621,1.0
275,621,1.0
376,621,1.0
545,621,1.0
49,622,1.0
59,622,1.0
118,622,1.0
257,622,1.0
276,622,1.0
342,622,1.0
399,622,1.0
571,622,1.0
589,622,1.0
219,623,1.0
283,623,1.0
506,623,1.0
85,624,1.0
254,624,1.0
259,624,1.0
427,624,1.0
451,624,1.0
497,624,1.0
507,624,1.0
532,624,1.0
75,625,1.0
153,625,1.0
447,625,1.0
60,626,1.0
155,626,1.0
292,626,1.0
443,626,1.0
520,626,1.0
610,626,1.0
156,627,1.0
232,627,1.0
8,628,1.0
151,628,1.0
183,628,1.0
302,628,1.0
310,628,1.0
114,629,1.0
292,629,1.0
424,629,1.0
443,629,1.0
102,630,1.0
153,630,1.0
184,630,1.0
447,630,1.0
505,630,1.0
533,630,1.0
613,630,1.0
625,630,1.0
116,631,1.0
268,631,1.0
279,631,1.0
404,631,1.0
452,631,1.0
256,632,1.0
288,632,1.0
299,632,1.0
421,632,1.0
15,633,1.0
129,633,1.0
139,633,1.0
182,633,1.0
361,633,1.0
397,633,1.0
409,633,1.0
486,633,1.0
542,633,1.0
332,634,1.0
406,634,1.0
410,634,1.0
79,635,1.0
144,635,1.0
275,635,1.0
288,635,1.0
332,635,1.0
621,635,1.0
148,636,1.0
386,636,1.0
476,636,1.0
478,636,1.0
495,636,1.0
588,636,1.0
598,636,1.0
338,637,1.0
102,638,1.0
153,638,1.0
180,638,1.0
426,638,1.0
613,638,1.0
630,638,1.0
170,639,1.0
290,639,1.0
296,639,1.0
306,639,1.0
351,639,1.0
425,639,1.0
546,639,1.0
588,639,1.0
604,639,1.0
165,640,1.0
179,640,1.0
259,640,1.0
396,640,1.0
480,640,1.0
490,640,1.0
497,640,1.0
524,640,1.0
532,640,1.0
150,641,1.0
349,641,1.0
607,641,1.0
352,642,1.0
459,642,1.0
574,642,1.0
28,643,1.0
159,643,1.0
440,643,1.0
594,643,1.0
324,644,1.0
461,644,1.0
617,644,1.0
130,645,1.0
137,645,1.0
381,645,1.0
443,645,1.0
520,645,1.0
626,645,1.0
18,646,1.0
91,646,1.0
237,646,1.0
565,646,1.0
572,646,1.0
608,646,1.0
62,647,1.0
157,647,1.0
270,647,1.0
373,647,1.0
377,647,1.0
15,648,1.0
297,648,1.0
393,648,1.0
409,648,1.0
486,648,1.0
513,648,1.0
41,649,1.0
94,649,1.0
101,649,1.0
392,649,1.0
396,649,1.0
398,649,1.0
469,649,1.0
490,649,1.0
524,649,1.0
532,649,1.0
640,649,1.0
176,650,1.0
336,650,1.0
472,650,1.0
119,651,1.0
178,651,1.0
178,652,1.0
219,652,1.0
506,652,1.0
80,653,1.0
132,653,1.0
311,653,1.0
543,653,1.0
81,654,1.0
319,654,1.0
411,654,1.0
555,654,1.0
620,654,1.0
53,655,1.0
81,655,1.0
128,655,1.0
411,655,1.0
505,655,1.0
8,656,1.0
126,656,1.0
151,656,1.0
310,656,1.0
515,656,1.0
603,656,1.0
628,656,1.0
45,657,1.0
113,657,1.0
207,657,1.0
528,657,1.0
537,657,1.0
119,658,1.0
168,658,1.0
283,658,1.0
316,658,1.0
407,658,1.0
470,658,1.0
521,658,1.0
547,658,1.0
53,659,1.0
128,659,1.0
411,659,1.0
457,659,1.0
654,659,1.0
655,659,1.0
16,660,1.0
136,661,1.0
149,661,1.0
255,661,1.0
273,661,1.0
358,661,1.0
17,662,1.0
24,662,1.0
30,662,1.0
251,662,1.0
282,662,1.0
323,662,1.0
365,662,1.0
456,662,1.0
6,663,1.0
119,663,1.0
332,663,1.0
561,663,1.0
634,663,1.0
651,663,1.0
85,664,1.0
256,664,1.0
372,664,1.0
69,665,1.0
133,665,1.0
164,665,1.0
175,665,1.0
205,665,1.0
289,665,1.0
552,665,1.0
572,665,1.0
614,665,1.0
33,666,1.0
46,666,1.0
95,666,1.0
243,666,1.0
368,666,1.0
612,666,1.0
91,667,1.0
205,667,1.0
212,667,1.0
217,667,1.0
446,667,1.0
462,667,1.0
477,667,1.0
478,667,1.0
507,667,1.0
565,667,1.0
578,667,1.0
62,668,1.0
258,668,1.0
373,668,1.0
377,668,1.0
606,668,1.0
7,669,1.0
208,669,1.0
256,669,1.0
421,669,1.0
632,669,1.0
74,670,1.0
87,670,1.0
169,670,1.0
181,670,1.0
465,670,1.0
33,671,1.0
95,671,1.0
96,671,1.0
131,671,1.0
243,671,1.0
271,671,1.0
368,671,1.0
480,671,1.0
666,671,1.0
223,672,1.0
280,672,1.0
300,672,1.0
327,672,1.0
498,672,1.0
57,673,1.0
126,673,1.0
318,673,1.0
363,673,1.0
500,673,1.0
628,673,1.0
656,673,1.0
352,674,1.0
642,674,1.0
158,675,1.0
331,675,1.0
354,675,1.0
422,675,1.0
436,675,1.0
547,675,1.0
551,675,1.0
39,676,1.0
243,676,1.0
290,676,1.0
386,676,1.0
488,676,1.0
495,676,1.0
502,676,1.0
612,676,1.0
276,677,1.0
416,677,1.0
420,677,1.0
430,677,1.0
501,677,1.0
558,677,1.0
77,678,1.0
118,678,1.0
146,678,1.0
272,678,1.0
337,678,1.0
380,678,1.0
419,678,1.0
590,678,1.0
29,679,1.0
72,679,1.0
143,679,1.0
261,679,1.0
350,679,1.0
10,680,1.0
26,680,1.0
95,680,1.0
131,680,1.0
141,680,1.0
243,680,1.0
265,680,1.0
495,680,1.0
203,681,1.0
338,681,1.0
637,681,1.0
316,682,1.0
346,682,1.0
479,682,1.0
506,683,1.0
623,683,1.0
652,683,1.0
658,683,1.0
1,684,1.0
371,684,1.0
461,684,1.0
134,685,1.0
304,685,1.0
431,685,1.0
455,685,1.0
526,685,1.0
543,685,1.0
653,685,1.0
224,686,1.0
370,686,1.0
423,686,1.0
432,686,1.0
483,686,1.0
125,687,1.0
406,687,1.0
576,687,1.0
634,687,1.0
461,688,1.0
617,688,1.0
644,688,1.0
684,688,1.0
159,689,1.0
345,689,1.0
412,689,1.0
417,689,1.0
568,689,1.0
3,690,1.0
68,690,1.0
83,690,1.0
359,690,1.0
594,690,1.0
643,690,1.0
13,691,1.0
33,691,1.0
46,691,1.0
55,691,1.0
82,691,1.0
139,691,1.0
149,691,1.0
152,691,1.0
384,691,1.0
486,691,1.0
558,691,1.0
601,691,1.0
28,692,1.0
159,692,1.0
291,692,1.0
643,692,1.0
690,692,1.0
110,693,1.0
249,693,1.0
526,693,1.0
685,693,1.0
55,694,1.0
82,694,1.0
124,694,1.0
146,694,1.0
190,694,1.0
210,694,1.0
254,694,1.0
295,694,1.0
416,694,1.0
451,694,1.0
550,694,1.0
624,694,1.0
27,695,1.0
245,695,1.0
247,695,1.0
315,695,1.0
351,695,1.0
362,695,1.0
582,695,1.0
604,695,1.0
639,695,1.0
62,696,1.0
262,696,1.0
373,696,1.0
377,696,1.0
387,696,1.0
647,696,1.0
34,697,1.0
231,697,1.0
316,697,1.0
376,697,1.0
428,697,1.0
519,697,1.0
554,697,1.0
158,698,1.0
178,698,1.0
283,698,1.0
331,698,1.0
521,698,1.0
660,698,1.0
121,699,1.0
134,699,1.0
311,699,1.0
166,700,1.0
347,700,1.0
424,700,1.0
531,700,1.0
200,701,1.0
267,701,1.0
308,701,1.0
404,701,1.0
417,701,1.0
439,701,1.0
454,701,1.0
543,701,1.0
592,701,1.0
653,701,1.0
685,701,1.0
689,701,1.0
219,702,1.0
244,702,1.0
307,702,1.0
433,702,1.0
506,702,1.0
623,702,1.0
652,702,1.0
222,703,1.0
234,703,1.0
494,703,1.0
511,703,1.0
566,703,1.0
63,704,1.0
137,704,1.0
347,704,1.0
391,704,1.0
424,704,1.0
522,704,1.0
531,704,1.0
549,704,1.0
563,704,1.0
616,704,1.0
51,705,1.0
70,705,1.0
88,705,1.0
100,705,1.0
197,705,1.0
293,705,1.0
326,705,1.0
216,706,1.0
264,706,1.0
294,706,1.0
329,706,1.0
405,706,1.0
607,706,1.0
641,706,1.0
30,707,1.0
59,707,1.0
103,707,1.0
194,707,1.0
245,707,1.0
323,707,1.0
571,707,1.0
589,707,1.0
605,707,1.0
695,707,1.0
148,708,1.0
199,708,1.0
205,708,1.0
259,708,1.0
360,708,1.0
451,708,1.0
462,708,1.0
507,708,1.0
525,708,1.0
598,708,1.0
21,709,1.0
31,709,1.0
49,709,1.0
257,709,1.0
328,709,1.0
366,709,1.0
400,709,1.0
419,709,1.0
586,709,1.0
589,709,1.0
26,710,1.0
101,710,1.0
217,710,1.0
237,710,1.0
398,710,1.0
442,710,1.0
565,710,1.0
104,711,1.0
232,711,1.0
363,711,1.0
500,711,1.0
627,711,1.0
215,712,1.0
355,712,1.0
414,712,1.0
496,712,1.0
576,712,1.0
27,713,1.0
67,713,1.0
296,713,1.0
315,713,1.0
339,713,1.0
493,713,1.0
546,713,1.0
86,714,1.0
122,714,1.0
169,714,1.0
306,714,1.0
393,714,1.0
409,714,1.0
468,714,1.0
539,714,1.0
56,715,1.0
297,715,1.0
328,715,1.0
445,715,1.0
453,715,1.0
106,716,1.0
187,716,1.0
296,716,1.0
435,716,1.0
604,716,1.0
345,717,1.0
412,717,1.0
448,717,1.0
568,717,1.0
689,717,1.0
112,718,1.0
177,718,1.0
316,718,1.0
479,718,1.0
682,718,1.0
44,719,1.0
382,719,1.0
485,719,1.0
492,719,1.0
516,719,1.0
570,719,1.0
58,720,1.0
278,720,1.0
289,720,1.0
386,720,1.0
425,720,1.0
578,720,1.0
636,720,1.0
667,720,1.0
710,720,1.0
33,721,1.0
87,721,1.0
107,721,1.0
297,721,1.0
468,721,1.0
518,721,1.0
587,721,1.0
671,721,1.0
197,722,1.0
224,722,1.0
241,722,1.0
277,722,1.0
348,722,1.0
438,722,1.0
452,722,1.0
540,722,1.0
631,722,1.0
53,723,1.0
319,723,1.0
620,723,1.0
654,723,1.0
659,723,1.0
99,724,1.0
113,724,1.0
186,724,1.0
207,724,1.0
325,724,1.0
508,724,1.0
537,724,1.0
657,724,1.0
193,725,1.0
336,725,1.0
650,725,1.0
24,726,1.0
103,726,1.0
108,726,1.0
250,726,1.0
365,726,1.0
456,726,1.0
462,726,1.0
482,726,1.0
662,726,1.0
16,727,1.0
422,727,1.0
521,727,1.0
660,727,1.0
698,727,1.0
121,728,1.0
201,728,1.0
311,728,1.0
74,729,1.0
89,729,1.0
169,729,1.0
269,729,1.0
341,729,1.0
430,729,1.0
453,729,1.0
501,729,1.0
518,729,1.0
587,729,1.0
670,729,1.0
721,729,1.0
119,730,1.0
340,730,1.0
407,730,1.0
651,730,1.0
658,730,1.0
6,731,1.0
144,731,1.0
309,731,1.0
332,731,1.0
561,731,1.0
171,732,1.0
193,732,1.0
489,732,1.0
498,732,1.0
599,732,1.0
725,732,1.0
9,733,1.0
32,733,1.0
156,733,1.0
209,733,1.0
293,733,1.0
627,733,1.0
711,733,1.0
44,734,1.0
72,734,1.0
142,734,1.0
492,734,1.0
530,734,1.0
570,734,1.0
719,734,1.0
78,735,1.0
106,735,1.0
141,735,1.0
296,735,1.0
305,735,1.0
493,735,1.0
713,735,1.0
45,736,1.0
113,736,1.0
171,736,1.0
207,736,1.0
510,736,1.0
527,736,1.0
657,736,1.0
10,737,1.0
37,737,1.0
41,737,1.0
101,737,1.0
265,737,1.0
383,737,1.0
473,737,1.0
476,737,1.0
478,737,1.0
525,737,1.0
598,737,1.0
109,738,1.0
170,738,1.0
195,738,1.0
245,738,1.0
281,738,1.0
306,738,1.0
341,738,1.0
569,738,1.0
587,738,1.0
588,738,1.0
604,738,1.0
639,738,1.0
22,739,1.0
171,739,1.0
186,739,1.0
193,739,1.0
227,739,1.0
280,739,1.0
489,739,1.0
498,739,1.0
577,739,1.0
583,739,1.0
732,739,1.0
77,740,1.0
263,740,1.0
272,740,1.0
337,740,1.0
380,740,1.0
384,740,1.0
590,740,1.0
678,740,1.0
23,741,1.0
108,741,1.0
133,741,1.0
175,741,1.0
199,741,1.0
225,741,1.0
289,741,1.0
298,741,1.0
312,741,1.0
360,741,1.0
708,741,1.0
184,742,1.0
447,742,1.0
475,742,1.0
625,742,1.0
630,742,1.0
638,742,1.0
11,743,1.0
14,743,1.0
284,743,1.0
317,743,1.0
321,743,1.0
376,743,1.0
390,743,1.0
545,743,1.0
519,744,1.0
697,744,1.0
168,745,1.0
231,745,1.0
244,745,1.0
307,745,1.0
317,745,1.0
340,745,1.0
407,745,1.0
609,745,1.0
658,745,1.0
87,746,1.0
107,746,1.0
124,746,1.0
269,746,1.0
420,746,1.0
465,746,1.0
501,746,1.0
677,746,1.0
721,746,1.0
146,747,1.0
240,747,1.0
259,747,1.0
295,747,1.0
301,747,1.0
451,747,1.0
497,747,1.0
558,747,1.0
611,747,1.0
677,747,1.0
746,747,1.0
110,748,1.0
249,748,1.0
349,748,1.0
455,748,1.0
459,748,1.0
526,748,1.0
574,748,1.0
642,748,1.0
693,748,1.0
118,749,1.0
295,749,1.0
416,749,1.0
429,749,1.0
514,749,1.0
550,749,1.0
3,750,1.0
62,750,1.0
64,750,1.0
201,750,1.0
262,750,1.0
387,750,1.0
594,750,1.0
16,751,1.0
410,751,1.0
551,751,1.0
660,751,1.0
727,751,1.0
235,752,1.0
338,752,1.0
517,752,1.0
82,753,1.0
124,753,1.0
190,753,1.0
337,753,1.0
384,753,1.0
536,753,1.0
558,753,1.0
590,753,1.0
593,753,1.0
694,753,1.0
56,754,1.0
86,754,1.0
89,754,1.0
122,754,1.0
152,754,1.0
169,754,1.0
341,754,1.0
468,754,1.0
544,754,1.0
193,755,1.0
274,755,1.0
489,755,1.0
599,755,1.0
732,755,1.0
104,756,1.0
213,756,1.0
232,756,1.0
627,756,1.0
711,756,1.0
41,757,1.0
255,757,1.0
392,757,1.0
398,757,1.0
490,757,1.0
507,757,1.0
525,757,1.0
97,758,1.0
157,758,1.0
168,758,1.0
316,758,1.0
354,758,1.0
521,758,1.0
547,758,1.0
658,758,1.0
75,759,1.0
388,759,1.0
449,759,1.0
618,759,1.0
178,760,1.0
219,760,1.0
283,760,1.0
331,760,1.0
506,760,1.0
521,760,1.0
651,760,1.0
652,760,1.0
698,760,1.0
163,761,1.0
165,761,1.0
225,761,1.0
741,761,1.0
82,762,1.0
139,762,1.0
210,762,1.0
361,762,1.0
368,762,1.0
397,762,1.0
633,762,1.0
16,763,1.0
97,763,1.0
357,763,1.0
410,763,1.0
660,763,1.0
751,763,1.0
56,764,1.0
192,764,1.0
257,764,1.0
342,764,1.0
400,764,1.0
429,764,1.0
34,765,1.0
42,765,1.0
90,765,1.0
98,765,1.0
112,765,1.0
161,765,1.0
196,765,1.0
376,765,1.0
444,765,1.0
522,765,1.0
549,765,1.0
616,765,1.0
682,765,1.0
743,765,1.0
92,766,1.0
127,766,1.0
286,766,1.0
586,766,1.0
648,766,1.0
715,766,1.0
26,767,1.0
129,767,1.0
131,767,1.0
187,767,1.0
217,767,1.0
290,767,1.0
305,767,1.0
322,767,1.0
495,767,1.0
565,767,1.0
710,767,1.0
72,768,1.0
350,768,1.0
460,768,1.0
485,768,1.0
570,768,1.0
595,768,1.0
2,769,1.0
83,769,1.0
125,769,1.0
134,769,1.0
353,769,1.0
568,769,1.0
689,769,1.0
18,770,1.0
41,770,1.0
91,770,1.0
205,770,1.0
217,770,1.0
237,770,1.0
392,770,1.0
565,770,1.0
646,770,1.0
710,770,1.0
757,770,1.0
174,771,1.0
185,771,1.0
329,771,1.0
459,771,1.0
535,771,1.0
114,772,1.0
130,772,1.0
610,772,1.0
629,772,1.0
66,773,1.0
120,773,1.0
177,773,1.0
314,773,1.0
51,774,1.0
151,774,1.0
302,774,1.0
310,774,1.0
515,774,1.0
603,774,1.0
607,774,1.0
641,774,1.0
705,774,1.0
706,774,1.0
124,775,1.0
427,775,1.0
451,775,1.0
497,775,1.0
524,775,1.0
532,775,1.0
579,775,1.0
624,775,1.0
640,775,1.0
694,775,1.0
757,775,1.0
770,775,1.0
167,776,1.0
239,776,1.0
276,776,1.0
416,776,1.0
429,776,1.0
514,776,1.0
550,776,1.0
589,776,1.0
622,776,1.0
749,776,1.0
283,777,1.0
307,777,1.0
623,777,1.0
683,777,1.0
702,777,1.0
760,777,1.0
145,778,1.0
274,778,1.0
463,778,1.0
596,778,1.0
599,778,1.0
755,778,1.0
30,779,1.0
77,779,1.0
103,779,1.0
106,779,1.0
323,779,1.0
456,779,1.0
605,779,1.0
662,779,1.0
172,780,1.0
201,780,1.0
410,780,1.0
560,780,1.0
336,781,1.0
520,781,1.0
596,781,1.0
650,781,1.0
778,781,1.0
53,782,1.0
319,782,1.0
457,782,1.0
505,782,1.0
723,782,1.0
158,783,1.0
331,783,1.0
354,783,1.0
521,783,1.0
547,783,1.0
698,783,1.0
758,783,1.0
57,784,1.0
88,784,1.0
105,784,1.0
413,784,1.0
123,785,1.0
139,785,1.0
361,785,1.0
493,785,1.0
633,785,1.0
762,785,1.0
18,786,1.0
58,786,1.0
91,786,1.0
109,786,1.0
129,786,1.0
237,786,1.0
398,786,1.0
541,786,1.0
569,786,1.0
572,786,1.0
608,786,1.0
646,786,1.0
770,786,1.0
39,787,1.0
96,787,1.0
396,787,1.0
476,787,1.0
495,787,1.0
671,787,1.0
24,788,1.0
108,788,1.0
163,788,1.0
225,788,1.0
312,788,1.0
383,788,1.0
466,788,1.0
598,788,1.0
741,788,1.0
15,789,1.0
33,789,1.0
55,789,1.0
107,789,1.0
124,789,1.0
259,789,1.0
295,789,1.0
392,789,1.0
397,789,1.0
497,789,1.0
575,789,1.0
579,789,1.0
694,789,1.0
746,789,1.0
747,789,1.0
775,789,1.0
204,790,1.0
394,790,1.0
22,791,1.0
583,791,1.0
615,791,1.0
72,792,1.0
117,792,1.0
381,792,1.0
595,792,1.0
79,793,1.0
332,793,1.0
621,793,1.0
635,793,1.0
663,793,1.0
31,794,1.0
49,794,1.0
92,794,1.0
138,794,1.0
170,794,1.0
245,794,1.0
306,794,1.0
328,794,1.0
709,794,1.0
766,794,1.0
88,795,1.0
104,795,1.0
105,795,1.0
156,795,1.0
209,795,1.0
3,796,1.0
84,796,1.0
258,796,1.0
606,796,1.0
30,797,1.0
106,797,1.0
123,797,1.0
164,797,1.0
194,797,1.0
247,797,1.0
351,797,1.0
362,797,1.0
425,797,1.0
435,797,1.0
446,797,1.0
477,797,1.0
493,797,1.0
502,797,1.0
582,797,1.0
779,797,1.0
86,798,1.0
164,798,1.0
170,798,1.0
278,798,1.0
306,798,1.0
351,798,1.0
425,798,1.0
541,798,1.0
544,798,1.0
546,798,1.0
552,798,1.0
569,798,1.0
586,798,1.0
614,798,1.0
670,798,1.0
738,798,1.0
86,799,1.0
92,799,1.0
111,799,1.0
127,799,1.0
140,799,1.0
238,799,1.0
378,799,1.0
384,799,1.0
552,799,1.0
586,799,1.0
601,799,1.0
766,799,1.0
110,800,1.0
352,800,1.0
431,800,1.0
459,800,1.0
526,800,1.0
642,800,1.0
674,800,1.0
232,801,1.0
319,801,1.0
363,801,1.0
457,801,1.0
500,801,1.0
673,801,1.0
782,801,1.0
130,802,1.0
381,802,1.0
424,802,1.0
629,802,1.0
772,802,1.0
55,803,1.0
94,803,1.0
149,803,1.0
218,803,1.0
259,803,1.0
398,803,1.0
558,803,1.0
563,803,1.0
579,803,1.0
753,803,1.0
308,804,1.0
352,804,1.0
526,804,1.0
642,804,1.0
674,804,1.0
685,804,1.0
693,804,1.0
800,804,1.0
162,805,1.0
418,805,1.0
531,805,1.0
580,805,1.0
23,806,1.0
85,806,1.0
135,806,1.0
218,806,1.0
427,806,1.0
451,806,1.0
558,806,1.0
564,806,1.0
624,806,1.0
741,806,1.0
753,806,1.0
775,806,1.0
803,806,1.0
60,807,1.0
137,807,1.0
381,807,1.0
520,807,1.0
626,807,1.0
645,807,1.0
86,808,1.0
111,808,1.0
378,808,1.0
409,808,1.0
486,808,1.0
513,808,1.0
633,808,1.0
648,808,1.0
714,808,1.0
766,808,1.0
16,809,1.0
422,809,1.0
660,809,1.0
675,809,1.0
698,809,1.0
727,809,1.0
751,809,1.0
85,810,1.0
135,810,1.0
256,810,1.0
304,810,1.0
685,810,1.0
206,811,1.0
447,811,1.0
449,811,1.0
475,811,1.0
742,811,1.0
112,812,1.0
120,812,1.0
162,812,1.0
418,812,1.0
479,812,1.0
773,812,1.0
132,813,1.0
249,813,1.0
459,813,1.0
574,813,1.0
653,813,1.0
693,813,1.0
37,814,1.0
41,814,1.0
96,814,1.0
101,814,1.0
131,814,1.0
265,814,1.0
368,814,1.0
612,814,1.0
666,814,1.0
680,814,1.0
79,815,1.0
85,815,1.0
185,815,1.0
309,815,1.0
329,815,1.0
372,815,1.0
535,815,1.0
564,815,1.0
129,816,1.0
296,816,1.0
305,816,1.0
315,816,1.0
393,816,1.0
587,816,1.0
639,816,1.0
695,816,1.0
713,816,1.0
10,817,1.0
26,817,1.0
91,817,1.0
131,817,1.0
141,817,1.0
212,817,1.0
233,817,1.0
315,817,1.0
322,817,1.0
493,817,1.0
565,817,1.0
680,817,1.0
767,817,1.0
785,817,1.0
58,818,1.0
205,818,1.0
217,818,1.0
237,818,1.0
398,818,1.0
442,818,1.0
541,818,1.0
646,818,1.0
710,818,1.0
720,818,1.0
757,818,1.0
770,818,1.0
786,818,1.0
226,819,1.0
375,819,1.0
562,819,1.0
573,819,1.0
180,820,1.0
206,820,1.0
216,820,1.0
260,820,1.0
294,820,1.0
300,820,1.0
559,820,1.0
672,820,1.0
706,820,1.0
157,821,1.0
253,821,1.0
258,821,1.0
606,821,1.0
658,821,1.0
758,821,1.0
33,822,1.0
240,822,1.0
286,822,1.0
295,822,1.0
361,822,1.0
474,822,1.0
600,822,1.0
601,822,1.0
611,822,1.0
691,822,1.0
747,822,1.0
375,823,1.0
503,823,1.0
573,823,1.0
22,824,1.0
186,824,1.0
227,824,1.0
498,824,1.0
508,824,1.0
528,824,1.0
537,824,1.0
657,824,1.0
724,824,1.0
163,825,1.0
165,825,1.0
199,825,1.0
225,825,1.0
360,825,1.0
383,825,1.0
396,825,1.0
598,825,1.0
761,825,1.0
183,826,1.0
287,826,1.0
302,826,1.0
310,826,1.0
395,826,1.0
628,826,1.0
25,827,1.0
38,827,1.0
202,827,1.0
227,827,1.0
304,827,1.0
385,827,1.0
467,827,1.0
685,827,1.0
140,828,1.0
192,828,1.0
257,828,1.0
263,828,1.0
328,828,1.0
342,828,1.0
366,828,1.0
399,828,1.0
400,828,1.0
586,828,1.0
764,828,1.0
81,829,1.0
319,829,1.0
457,829,1.0
620,829,1.0
654,829,1.0
655,829,1.0
659,829,1.0
723,829,1.0
782,829,1.0
100,830,1.0
293,830,1.0
326,830,1.0
483,830,1.0
538,830,1.0
705,830,1.0
134,831,1.0
172,831,1.0
406,831,1.0
431,831,1.0
560,831,1.0
634,831,1.0
699,831,1.0
159,832,1.0
201,832,1.0
387,832,1.0
412,832,1.0
560,832,1.0
568,832,1.0
689,832,1.0
692,832,1.0
717,832,1.0
750,832,1.0
9,833,1.0
32,833,1.0
209,833,1.0
213,833,1.0
293,833,1.0
413,833,1.0
756,833,1.0
795,833,1.0
88,834,1.0
105,834,1.0
293,834,1.0
413,834,1.0
483,834,1.0
784,834,1.0
795,834,1.0
33,835,1.0
46,835,1.0
74,835,1.0
82,835,1.0
87,835,1.0
124,835,1.0
368,835,1.0
384,835,1.0
762,835,1.0
785,835,1.0
172,836,1.0
332,836,1.0
406,836,1.0
410,836,1.0
634,836,1.0
687,836,1.0
699,836,1.0
780,836,1.0
19,837,1.0
120,837,1.0
418,837,1.0
580,837,1.0
773,837,1.0
805,837,1.0
118,838,1.0
254,838,1.0
295,838,1.0
328,838,1.0
374,838,1.0
380,838,1.0
399,838,1.0
400,838,1.0
416,838,1.0
600,838,1.0
622,838,1.0
677,838,1.0
749,838,1.0
794,838,1.0
280,839,1.0
300,839,1.0
327,839,1.0
405,839,1.0
434,839,1.0
510,839,1.0
559,839,1.0
672,839,1.0
154,840,1.0
226,840,1.0
523,840,1.0
562,840,1.0
11,841,1.0
14,841,1.0
284,841,1.0
376,841,1.0
390,841,1.0
580,841,1.0
743,841,1.0
352,842,1.0
431,842,1.0
685,842,1.0
693,842,1.0
800,842,1.0
804,842,1.0
129,843,1.0
339,843,1.0
425,843,1.0
435,843,1.0
713,843,1.0
735,843,1.0
95,844,1.0
141,844,1.0
243,844,1.0
322,844,1.0
368,844,1.0
481,844,1.0
680,844,1.0
814,844,1.0
137,845,1.0
444,845,1.0
531,845,1.0
549,845,1.0
616,845,1.0
704,845,1.0
765,845,1.0
98,846,1.0
376,846,1.0
428,846,1.0
519,846,1.0
554,846,1.0
595,846,1.0
621,846,1.0
768,846,1.0
792,846,1.0
66,847,1.0
120,847,1.0
314,847,1.0
418,847,1.0
557,847,1.0
773,847,1.0
291,848,1.0
412,848,1.0
440,848,1.0
643,848,1.0
690,848,1.0
692,848,1.0
50,849,1.0
203,849,1.0
637,849,1.0
681,849,1.0
159,850,1.0
291,850,1.0
345,850,1.0
440,850,1.0
692,850,1.0
848,850,1.0
55,851,1.0
124,851,1.0
361,851,1.0
397,851,1.0
575,851,1.0
694,851,1.0
762,851,1.0
49,852,1.0
138,852,1.0
170,852,1.0
245,852,1.0
257,852,1.0
306,852,1.0
445,852,1.0
589,852,1.0
794,852,1.0
8,853,1.0
183,853,1.0
287,853,1.0
603,853,1.0
656,853,1.0
39,854,1.0
163,854,1.0
225,854,1.0
312,854,1.0
386,854,1.0
473,854,1.0
478,854,1.0
488,854,1.0
598,854,1.0
737,854,1.0
788,854,1.0
56,855,1.0
122,855,1.0
445,855,1.0
453,855,1.0
504,855,1.0
539,855,1.0
544,855,1.0
552,855,1.0
794,855,1.0
852,855,1.0
91,856,1.0
109,856,1.0
122,856,1.0
129,856,1.0
278,856,1.0
305,856,1.0
425,856,1.0
565,856,1.0
710,856,1.0
786,856,1.0
798,856,1.0
843,856,1.0
176,857,1.0
230,857,1.0
336,857,1.0
472,857,1.0
512,857,1.0
650,857,1.0
781,857,1.0
216,858,1.0
223,858,1.0
280,858,1.0
372,858,1.0
434,858,1.0
559,858,1.0
664,858,1.0
839,858,1.0
86,859,1.0
91,859,1.0
122,859,1.0
351,859,1.0
393,859,1.0
541,859,1.0
569,859,1.0
587,859,1.0
670,859,1.0
710,859,1.0
714,859,1.0
729,859,1.0
798,859,1.0
856,859,1.0
296,860,1.0
305,860,1.0
322,860,1.0
435,860,1.0
713,860,1.0
716,860,1.0
735,860,1.0
767,860,1.0
816,860,1.0
843,860,1.0
149,861,1.0
358,861,1.0
661,861,1.0
160,862,1.0
346,862,1.0
580,862,1.0
682,862,1.0
805,862,1.0
837,862,1.0
42,863,1.0
90,863,1.0
161,863,1.0
196,863,1.0
330,863,1.0
335,863,1.0
591,863,1.0
131,864,1.0
217,864,1.0
392,864,1.0
398,864,1.0
442,864,1.0
480,864,1.0
636,864,1.0
680,864,1.0
757,864,1.0
138,865,1.0
245,865,1.0
257,865,1.0
276,865,1.0
403,865,1.0
430,865,1.0
445,865,1.0
453,865,1.0
622,865,1.0
738,865,1.0
838,865,1.0
142,866,1.0
202,866,1.0
227,866,1.0
266,866,1.0
485,866,1.0
492,866,1.0
508,866,1.0
577,866,1.0
7,867,1.0
125,867,1.0
144,867,1.0
208,867,1.0
553,867,1.0
621,867,1.0
635,867,1.0
663,867,1.0
669,867,1.0
687,867,1.0
769,867,1.0
793,867,1.0
17,868,1.0
243,868,1.0
271,868,1.0
282,868,1.0
386,868,1.0
488,868,1.0
676,868,1.0
691,868,1.0
130,869,1.0
424,869,1.0
700,869,1.0
802,869,1.0
17,870,1.0
39,870,1.0
46,870,1.0
52,870,1.0
243,870,1.0
368,870,1.0
536,870,1.0
666,870,1.0
691,870,1.0
822,870,1.0
868,870,1.0
101,871,1.0
217,871,1.0
255,871,1.0
265,871,1.0
358,871,1.0
442,871,1.0
494,871,1.0
565,871,1.0
680,871,1.0
757,871,1.0
770,871,1.0
817,871,1.0
864,871,1.0
58,872,1.0
188,872,1.0
278,872,1.0
289,872,1.0
541,872,1.0
569,872,1.0
665,872,1.0
786,872,1.0
798,872,1.0
856,872,1.0
113,873,1.0
132,873,1.0
287,873,1.0
311,873,1.0
349,873,1.0
455,873,1.0
510,873,1.0
534,873,1.0
555,873,1.0
607,873,1.0
813,873,1.0
826,873,1.0
853,873,1.0
144,874,1.0
288,874,1.0
309,874,1.0
332,874,1.0
561,874,1.0
634,874,1.0
635,874,1.0
663,874,1.0
731,874,1.0
460,875,1.0
519,875,1.0
554,875,1.0
744,875,1.0
329,876,1.0
372,876,1.0
405,876,1.0
467,876,1.0
827,876,1.0
858,876,1.0
65,877,1.0
70,877,1.0
73,877,1.0
100,877,1.0
150,877,1.0
349,877,1.0
487,877,1.0
538,877,1.0
607,877,1.0
641,877,1.0
165,878,1.0
179,878,1.0
360,878,1.0
550,878,1.0
761,878,1.0
825,878,1.0
306,879,1.0
369,879,1.0
393,879,1.0
468,879,1.0
513,879,1.0
518,879,1.0
539,879,1.0
587,879,1.0
648,879,1.0
714,879,1.0
738,879,1.0
808,879,1.0
26,880,1.0
95,880,1.0
129,880,1.0
141,880,1.0
243,880,1.0
322,880,1.0
339,880,1.0
666,880,1.0
843,880,1.0
844,880,1.0
29,881,1.0
215,881,1.0
221,881,1.0
261,881,1.0
355,881,1.0
414,881,1.0
712,881,1.0
119,882,1.0
178,882,1.0
651,882,1.0
663,882,1.0
47,883,1.0
143,883,1.0
221,883,1.0
261,883,1.0
355,883,1.0
414,883,1.0
881,883,1.0
174,884,1.0
185,884,1.0
329,884,1.0
405,884,1.0
771,884,1.0
815,884,1.0
65,885,1.0
73,885,1.0
150,885,1.0
423,885,1.0
641,885,1.0
877,885,1.0
58,886,1.0
188,886,1.0
205,886,1.0
281,886,1.0
298,886,1.0
450,886,1.0
451,886,1.0
462,886,1.0
507,886,1.0
572,886,1.0
708,886,1.0
770,886,1.0
53,887,1.0
128,887,1.0
363,887,1.0
457,887,1.0
659,887,1.0
673,887,1.0
723,887,1.0
782,887,1.0
801,887,1.0
39,888,1.0
101,888,1.0
386,888,1.0
396,888,1.0
469,888,1.0
473,888,1.0
476,888,1.0
478,888,1.0
636,888,1.0
649,888,1.0
676,888,1.0
787,888,1.0
854,888,1.0
123,889,1.0
409,889,1.0
493,889,1.0
513,889,1.0
542,889,1.0
633,889,1.0
648,889,1.0
785,889,1.0
74,890,1.0
87,890,1.0
107,890,1.0
124,890,1.0
254,890,1.0
269,890,1.0
416,890,1.0
501,890,1.0
694,890,1.0
721,890,1.0
746,890,1.0
835,890,1.0
102,891,1.0
180,891,1.0
206,891,1.0
260,891,1.0
388,891,1.0
618,891,1.0
638,891,1.0
759,891,1.0
36,892,1.0
241,892,1.0
267,892,1.0
452,892,1.0
454,892,1.0
722,892,1.0
82,893,1.0
123,893,1.0
127,893,1.0
286,893,1.0
297,893,1.0
446,893,1.0
486,893,1.0
600,893,1.0
715,893,1.0
766,893,1.0
785,893,1.0
835,893,1.0
503,894,1.0
573,894,1.0
581,894,1.0
823,894,1.0
27,895,1.0
296,895,1.0
546,895,1.0
639,895,1.0
695,895,1.0
713,895,1.0
716,895,1.0
738,895,1.0
52,896,1.0
173,896,1.0
271,896,1.0
600,896,1.0
666,896,1.0
671,896,1.0
691,896,1.0
787,896,1.0
822,896,1.0
870,896,1.0
118,897,1.0
263,897,1.0
379,897,1.0
400,897,1.0
419,897,1.0
499,897,1.0
550,897,1.0
600,897,1.0
678,897,1.0
740,897,1.0
838,897,1.0
54,898,1.0
216,898,1.0
223,898,1.0
242,898,1.0
280,898,1.0
294,898,1.0
706,898,1.0
820,898,1.0
5,899,1.0
246,899,1.0
285,899,1.0
344,899,1.0
449,899,1.0
3,900,1.0
262,900,1.0
594,900,1.0
647,900,1.0
690,900,1.0
696,900,1.0
176,901,1.0
193,901,1.0
343,901,1.0
463,901,1.0
472,901,1.0
512,901,1.0
650,901,1.0
725,901,1.0
732,901,1.0
54,902,1.0
242,902,1.0
264,902,1.0
510,902,1.0
706,902,1.0
898,902,1.0
157,903,1.0
253,903,1.0
262,903,1.0
270,903,1.0
353,903,1.0
377,903,1.0
594,903,1.0
647,903,1.0
900,903,1.0
110,904,1.0
132,904,1.0
249,904,1.0
455,904,1.0
574,904,1.0
693,904,1.0
813,904,1.0
842,904,1.0
56,905,1.0
86,905,1.0
122,905,1.0
170,905,1.0
278,905,1.0
504,905,1.0
539,905,1.0
544,905,1.0
552,905,1.0
586,905,1.0
738,905,1.0
754,905,1.0
798,905,1.0
281,906,1.0
393,906,1.0
541,906,1.0
572,906,1.0
608,906,1.0
614,906,1.0
646,906,1.0
665,906,1.0
554,907,1.0
595,907,1.0
697,907,1.0
744,907,1.0
846,907,1.0
875,907,1.0
189,908,1.0
248,908,1.0
320,908,1.0
324,908,1.0
52,909,1.0
379,909,1.0
383,909,1.0
466,909,1.0
482,909,1.0
499,909,1.0
184,910,1.0
426,910,1.0
449,910,1.0
475,910,1.0
742,910,1.0
97,911,1.0
357,911,1.0
758,911,1.0
134,912,1.0
172,912,1.0
201,912,1.0
406,912,1.0
560,912,1.0
780,912,1.0
831,912,1.0
78,913,1.0
173,913,1.0
187,913,1.0
233,913,1.0
247,913,1.0
251,913,1.0
271,913,1.0
322,913,1.0
456,913,1.0
481,913,1.0
662,913,1.0
726,913,1.0
34,914,1.0
428,914,1.0
460,914,1.0
545,914,1.0
744,914,1.0
117,915,1.0
130,915,1.0
381,915,1.0
443,915,1.0
595,915,1.0
610,915,1.0
629,915,1.0
645,915,1.0
772,915,1.0
792,915,1.0
802,915,1.0
263,916,1.0
337,916,1.0
399,916,1.0
514,916,1.0
550,916,1.0
558,916,1.0
593,916,1.0
740,916,1.0
749,916,1.0
753,916,1.0
806,916,1.0
897,916,1.0
5,917,1.0
75,917,1.0
449,917,1.0
618,917,1.0
625,917,1.0
759,917,1.0
92,918,1.0
245,918,1.0
328,918,1.0
445,918,1.0
504,918,1.0
544,918,1.0
586,918,1.0
648,918,1.0
715,918,1.0
766,918,1.0
794,918,1.0
855,918,1.0
66,919,1.0
160,919,1.0
10,920,1.0
148,920,1.0
199,920,1.0
462,920,1.0
477,920,1.0
478,920,1.0
507,920,1.0
525,920,1.0
598,920,1.0
667,920,1.0
708,920,1.0
737,920,1.0
871,920,1.0
97,921,1.0
357,921,1.0
911,921,1.0
148,922,1.0
187,922,1.0
212,922,1.0
247,922,1.0
290,922,1.0
446,922,1.0
462,922,1.0
482,922,1.0
495,922,1.0
667,922,1.0
695,922,1.0
726,922,1.0
913,922,1.0
27,923,1.0
103,923,1.0
296,923,1.0
323,923,1.0
605,923,1.0
639,923,1.0
695,923,1.0
707,923,1.0
713,923,1.0
895,923,1.0
44,924,1.0
460,924,1.0
485,924,1.0
595,924,1.0
719,924,1.0
734,924,1.0
768,924,1.0
146,925,1.0
295,925,1.0
301,925,1.0
337,925,1.0
550,925,1.0
678,925,1.0
740,925,1.0
897,925,1.0
136,926,1.0
198,926,1.0
358,926,1.0
2,927,1.0
35,927,1.0
125,927,1.0
410,927,1.0
634,927,1.0
687,927,1.0
763,927,1.0
780,927,1.0
13,928,1.0
56,928,1.0
127,928,1.0
152,928,1.0
366,928,1.0
445,928,1.0
586,928,1.0
601,928,1.0
715,928,1.0
828,928,1.0
918,928,1.0
460,929,1.0
519,929,1.0
545,929,1.0
744,929,1.0
768,929,1.0
875,929,1.0
914,929,1.0
59,930,1.0
133,930,1.0
250,930,1.0
298,930,1.0
415,930,1.0
450,930,1.0
477,930,1.0
571,930,1.0
589,930,1.0
707,930,1.0
14,931,1.0
43,931,1.0
48,931,1.0
220,931,1.0
229,931,1.0
321,931,1.0
364,931,1.0
360,932,1.0
451,932,1.0
550,932,1.0
624,932,1.0
708,932,1.0
761,932,1.0
878,932,1.0
916,932,1.0
925,932,1.0
88,933,1.0
224,933,1.0
370,933,1.0
483,933,1.0
686,933,1.0
705,933,1.0
830,933,1.0
31,934,1.0
77,934,1.0
127,934,1.0
140,934,1.0
263,934,1.0
272,934,1.0
384,934,1.0
399,934,1.0
400,934,1.0
419,934,1.0
799,934,1.0
828,934,1.0
897,934,1.0
412,935,1.0
440,935,1.0
717,935,1.0
832,935,1.0
848,935,1.0
850,935,1.0
10,936,1.0
52,936,1.0
148,936,1.0
173,936,1.0
212,936,1.0
462,936,1.0
482,936,1.0
495,936,1.0
499,936,1.0
787,936,1.0
909,936,1.0
922,936,1.0
145,937,1.0
463,937,1.0
596,937,1.0
778,937,1.0
781,937,1.0
857,937,1.0
15,938,1.0
33,938,1.0
82,938,1.0
297,938,1.0
368,938,1.0
468,938,1.0
486,938,1.0
601,938,1.0
648,938,1.0
766,938,1.0
785,938,1.0
835,938,1.0
889,938,1.0
893,938,1.0
3,939,1.0
64,939,1.0
373,939,1.0
377,939,1.0
696,939,1.0
750,939,1.0
160,940,1.0
346,940,1.0
837,940,1.0
862,940,1.0
919,940,1.0
86,941,1.0
167,941,1.0
181,941,1.0
342,941,1.0
403,941,1.0
420,941,1.0
430,941,1.0
552,941,1.0
670,941,1.0
729,941,1.0
754,941,1.0
798,941,1.0
263,942,1.0
312,942,1.0
624,942,1.0
741,942,1.0
761,942,1.0
806,942,1.0
878,942,1.0
916,942,1.0
932,942,1.0
91,943,1.0
245,943,1.0
393,943,1.0
445,943,1.0
453,943,1.0
477,943,1.0
544,943,1.0
552,943,1.0
582,943,1.0
608,943,1.0
715,943,1.0
794,943,1.0
855,943,1.0
906,943,1.0
918,943,1.0
165,944,1.0
225,944,1.0
383,944,1.0
396,944,1.0
427,944,1.0
451,944,1.0
476,944,1.0
525,944,1.0
598,944,1.0
708,944,1.0
825,944,1.0
878,944,1.0
256,945,1.0
467,945,1.0
535,945,1.0
669,945,1.0
810,945,1.0
827,945,1.0
876,945,1.0
241,946,1.0
267,946,1.0
277,946,1.0
320,946,1.0
324,946,1.0
454,946,1.0
701,946,1.0
892,946,1.0
336,947,1.0
650,947,1.0
725,947,1.0
781,947,1.0
937,947,1.0
147,948,1.0
460,948,1.0
875,948,1.0
907,948,1.0
929,948,1.0
123,949,1.0
146,949,1.0
210,949,1.0
295,949,1.0
337,949,1.0
380,949,1.0
593,949,1.0
694,949,1.0
753,949,1.0
762,949,1.0
851,949,1.0
925,949,1.0
172,950,1.0
634,950,1.0
687,950,1.0
699,950,1.0
836,950,1.0
7,951,1.0
125,951,1.0
208,951,1.0
332,951,1.0
376,951,1.0
545,951,1.0
561,951,1.0
651,951,1.0
663,951,1.0
669,951,1.0
867,951,1.0
914,951,1.0
36,952,1.0
116,952,1.0
448,952,1.0
452,952,1.0
454,952,1.0
602,952,1.0
631,952,1.0
722,952,1.0
892,952,1.0
946,952,1.0
57,953,1.0
232,953,1.0
413,953,1.0
500,953,1.0
711,953,1.0
139,954,1.0
149,954,1.0
182,954,1.0
240,954,1.0
384,954,1.0
474,954,1.0
558,954,1.0
590,954,1.0
633,954,1.0
691,954,1.0
822,954,1.0
17,955,1.0
24,955,1.0
52,955,1.0
263,955,1.0
282,955,1.0
379,955,1.0
466,955,1.0
473,955,1.0
536,955,1.0
662,955,1.0
26,956,1.0
187,956,1.0
251,956,1.0
322,956,1.0
425,956,1.0
435,956,1.0
662,956,1.0
676,956,1.0
868,956,1.0
880,956,1.0
913,956,1.0
15,957,1.0
182,957,1.0
305,957,1.0
361,957,1.0
409,957,1.0
474,957,1.0
513,957,1.0
542,957,1.0
575,957,1.0
633,957,1.0
767,957,1.0
785,957,1.0
889,957,1.0
938,957,1.0
109,958,1.0
148,958,1.0
217,958,1.0
278,958,1.0
290,958,1.0
386,958,1.0
462,958,1.0
588,958,1.0
636,958,1.0
720,958,1.0
767,958,1.0
886,958,1.0
922,958,1.0
204,959,1.0
790,959,1.0
28,960,1.0
359,960,1.0
594,960,1.0
690,960,1.0
30,961,1.0
59,961,1.0
108,961,1.0
133,961,1.0
164,961,1.0
175,961,1.0
192,961,1.0
477,961,1.0
552,961,1.0
578,961,1.0
589,961,1.0
930,961,1.0
8,962,1.0
151,962,1.0
287,962,1.0
302,962,1.0
515,962,1.0
603,962,1.0
656,962,1.0
673,962,1.0
853,962,1.0
13,963,1.0
82,963,1.0
87,963,1.0
118,963,1.0
210,963,1.0
254,963,1.0
399,963,1.0
416,963,1.0
445,963,1.0
453,963,1.0
715,963,1.0
835,963,1.0
838,963,1.0
865,963,1.0
893,963,1.0
29,964,1.0
143,964,1.0
350,964,1.0
414,964,1.0
576,964,1.0
679,964,1.0
118,965,1.0
152,965,1.0
374,965,1.0
416,965,1.0
677,965,1.0
691,965,1.0
721,965,1.0
746,965,1.0
747,965,1.0
822,965,1.0
838,965,1.0
159,966,1.0
345,966,1.0
412,966,1.0
448,966,1.0
717,966,1.0
850,966,1.0
935,966,1.0
60,967,1.0
137,967,1.0
292,967,1.0
443,967,1.0
520,967,1.0
629,967,1.0
781,967,1.0
807,967,1.0
857,967,1.0
937,967,1.0
280,968,1.0
300,968,1.0
327,968,1.0
559,968,1.0
584,968,1.0
672,968,1.0
820,968,1.0
18,969,1.0
188,969,1.0
245,969,1.0
247,969,1.0
281,969,1.0
415,969,1.0
450,969,1.0
571,969,1.0
572,969,1.0
665,969,1.0
708,969,1.0
872,969,1.0
886,969,1.0
906,969,1.0
930,969,1.0
338,970,1.0
517,970,1.0
637,970,1.0
752,970,1.0
72,971,1.0
350,971,1.0
355,971,1.0
496,971,1.0
712,971,1.0
881,971,1.0
285,972,1.0
344,972,1.0
371,972,1.0
484,972,1.0
19,973,1.0
43,973,1.0
229,973,1.0
567,973,1.0
580,973,1.0
931,973,1.0
10,974,1.0
37,974,1.0
52,974,1.0
96,974,1.0
476,974,1.0
482,974,1.0
598,974,1.0
600,974,1.0
787,974,1.0
909,974,1.0
936,974,1.0
50,975,1.0
203,975,1.0
252,975,1.0
401,975,1.0
12,976,1.0
78,976,1.0
103,976,1.0
187,976,1.0
233,976,1.0
247,976,1.0
456,976,1.0
605,976,1.0
716,976,1.0
895,976,1.0
913,976,1.0
923,976,1.0
10,977,1.0
26,977,1.0
101,977,1.0
131,977,1.0
243,977,1.0
442,977,1.0
612,977,1.0
676,977,1.0
680,977,1.0
710,977,1.0
767,977,1.0
864,977,1.0
871,977,1.0
880,977,1.0
329,978,1.0
372,978,1.0
535,978,1.0
771,978,1.0
815,978,1.0
858,978,1.0
945,978,1.0
46,979,1.0
87,979,1.0
107,979,1.0
420,979,1.0
465,979,1.0
468,979,1.0
670,979,1.0
721,979,1.0
746,979,1.0
941,979,1.0
117,980,1.0
142,980,1.0
202,980,1.0
227,980,1.0
385,980,1.0
467,980,1.0
492,980,1.0
530,980,1.0
792,980,1.0
827,980,1.0
866,980,1.0
34,981,1.0
428,981,1.0
545,981,1.0
846,981,1.0
914,981,1.0
112,982,1.0
346,982,1.0
376,982,1.0
418,982,1.0
444,982,1.0
682,982,1.0
718,982,1.0
765,982,1.0
805,982,1.0
812,982,1.0
837,982,1.0
66,983,1.0
177,983,1.0
557,983,1.0
847,983,1.0
919,983,1.0
940,983,1.0
26,984,1.0
129,984,1.0
305,984,1.0
315,984,1.0
339,984,1.0
351,984,1.0
393,984,1.0
546,984,1.0
587,984,1.0
816,984,1.0
859,984,1.0
18,985,1.0
58,985,1.0
188,985,1.0
237,985,1.0
259,985,1.0
289,985,1.0
462,985,1.0
818,985,1.0
872,985,1.0
886,985,1.0
958,985,1.0
969,985,1.0
157,986,1.0
253,986,1.0
373,986,1.0
377,986,1.0
647,986,1.0
668,986,1.0
821,986,1.0
939,986,1.0
200,987,1.0
224,987,1.0
417,987,1.0
540,987,1.0
592,987,1.0
181,988,1.0
341,988,1.0
374,988,1.0
430,988,1.0
501,988,1.0
587,988,1.0
729,988,1.0
738,988,1.0
838,988,1.0
865,988,1.0
941,988,1.0
965,988,1.0
147,989,1.0
211,989,1.0
275,989,1.0
554,989,1.0
948,989,1.0
202,990,1.0
236,990,1.0
266,990,1.0
509,990,1.0
516,990,1.0
520,990,1.0
807,990,1.0
866,990,1.0
967,990,1.0
980,990,1.0
32,991,1.0
88,991,1.0
104,991,1.0
105,991,1.0
209,991,1.0
232,991,1.0
795,991,1.0
834,991,1.0
297,992,1.0
393,992,1.0
504,992,1.0
648,992,1.0
714,992,1.0
715,992,1.0
859,992,1.0
879,992,1.0
889,992,1.0
918,992,1.0
26,993,1.0
187,993,1.0
278,993,1.0
290,993,1.0
425,993,1.0
502,993,1.0
676,993,1.0
720,993,1.0
880,993,1.0
956,993,1.0
958,993,1.0
12,994,1.0
21,994,1.0
92,994,1.0
111,994,1.0
123,994,1.0
238,994,1.0
313,994,1.0
408,994,1.0
409,994,1.0
766,994,1.0
785,994,1.0
889,994,1.0
94,995,1.0
163,995,1.0
165,995,1.0
225,995,1.0
427,995,1.0
469,995,1.0
525,995,1.0
624,995,1.0
753,995,1.0
761,995,1.0
806,995,1.0
878,995,1.0
942,995,1.0
58,996,1.0
218,996,1.0
259,996,1.0
360,996,1.0
392,996,1.0
396,996,1.0
469,996,1.0
476,996,1.0
490,996,1.0
497,996,1.0
636,996,1.0
708,996,1.0
958,996,1.0
985,996,1.0
13,997,1.0
46,997,1.0
87,997,1.0
152,997,1.0
181,997,1.0
374,997,1.0
403,997,1.0
420,997,1.0
558,997,1.0
677,997,1.0
691,997,1.0
822,997,1.0
941,997,1.0
965,997,1.0
979,997,1.0
988,997,1.0
77,998,1.0
123,998,1.0
127,998,1.0
182,998,1.0
238,998,1.0
272,998,1.0
362,998,1.0
590,998,1.0
593,998,1.0
633,998,1.0
740,998,1.0
797,998,1.0
799,998,1.0
12,999,1.0
30,999,1.0
77,999,1.0
103,999,1.0
247,999,1.0
250,999,1.0
272,999,1.0
482,999,1.0
589,999,1.0
605,999,1.0
695,999,1.0
707,999,1.0
726,999,1.0
930,999,1.0
961,999,1.0
976,999,1.0
79,1000,1.0
283,1000,1.0
307,1000,1.0
433,1000,1.0
506,1000,1.0
658,1000,1.0
683,1000,1.0
745,1000,1.0
777,1000,1.0
