2021
a 1 2 803
a 2 1 803
a 3 4 158
a 4 3 158
a 5 6 774
a 6 5 774
a 7 8 1531
a 8 7 1531
a 9 10 1673
a 10 9 1673
a 9 11 1400
a 11 9 1400
a 1 12 842
a 12 1 842
a 2 13 591
a 13 2 591
a 14 15 1371
a 15 14 1371
a 16 17 1659
a 17 16 1659
a 18 19 1012
a 19 18 1012
a 20 21 1226
a 21 20 1226
a 20 22 1265
a 22 20 1265
a 23 24 2707
a 24 23 2707
a 25 26 520
a 26 25 520
a 27 28 783
a 28 27 783
a 29 30 518
a 30 29 518
a 31 32 3412
a 32 31 3412
a 33 34 1994
a 34 33 1994
a 33 35 337
a 35 33 337
a 36 37 363
a 37 36 363
a 38 39 1018
a 39 38 1018
a 40 41 392
a 41 40 392
a 29 42 1074
a 42 29 1074
a 43 44 570
a 44 43 570
a 44 45 1764
a 45 44 1764
a 46 47 1104
a 47 46 1104
a 2 48 617
a 48 2 617
a 49 50 1515
a 50 49 1515
a 49 51 1186
a 51 49 1186
a 52 53 2068
a 53 52 2068
a 54 55 520
a 55 54 520
a 56 57 734
a 57 56 734
a 58 59 705
a 59 58 705
a 60 61 1253
a 61 60 1253
a 62 63 2418
a 63 62 2418
a 64 65 1031
a 65 64 1031
a 66 58 611
a 58 66 611
a 67 68 3233
a 68 67 3233
a 68 60 317
a 60 68 317
a 60 69 1708
a 69 60 1708
a 70 71 353
a 71 70 353
a 69 70 454
a 70 69 454
a 72 73 5162
a 73 72 5162
a 74 75 798
a 75 74 798
a 74 76 1407
a 76 74 1407
a 77 78 488
a 78 77 488
a 77 79 931
a 79 77 931
a 78 80 4705
a 80 78 4705
a 78 81 1284
a 81 78 1284
a 82 83 369
a 83 82 369
a 82 84 1744
a 84 82 1744
a 85 86 7921
a 86 85 7921
a 86 87 10233
a 87 86 10233
a 88 89 328
a 89 88 328
a 90 91 456
a 91 90 456
a 91 88 909
a 88 91 909
a 92 93 264
a 93 92 264
a 91 92 484
a 92 91 484
a 94 95 143
a 95 94 143
a 96 97 2345
a 97 96 2345
a 98 99 3101
a 99 98 3101
a 100 101 3177
a 101 100 3177
a 102 103 6117
a 103 102 6117
a 104 105 1065
a 105 104 1065
a 106 107 5791
a 107 106 5791
a 108 109 2285
a 109 108 2285
a 110 109 4799
a 109 110 4799
a 109 106 3701
a 106 109 3701
a 111 106 921
a 106 111 921
a 112 110 3002
a 110 112 3002
a 113 114 111
a 114 113 111
a 115 113 1436
a 113 115 1436
a 116 117 4240
a 117 116 4240
a 118 119 1052
a 119 118 1052
a 118 116 2551
a 116 118 2551
a 120 118 3631
a 118 120 3631
a 121 122 1782
a 122 121 1782
a 123 120 1547
a 120 123 1547
a 123 124 2138
a 124 123 2138
a 125 123 3594
a 123 125 3594
a 126 127 1031
a 127 126 1031
a 126 128 2085
a 128 126 2085
a 125 126 2166
a 126 125 2166
a 129 125 524
a 125 129 524
a 130 129 6959
a 129 130 6959
a 130 131 5495
a 131 130 5495
a 131 132 1261
a 132 131 1261
a 133 134 2886
a 134 133 2886
a 131 134 4246
a 134 131 4246
a 135 136 535
a 136 135 535
a 134 135 1005
a 135 134 1005
a 135 137 1686
a 137 135 1686
a 138 139 3557
a 139 138 3557
a 138 140 2675
a 140 138 2675
a 139 141 603
a 141 139 603
a 139 142 2691
a 142 139 2691
a 143 144 1897
a 144 143 1897
a 143 145 473
a 145 143 473
a 140 146 7734
a 146 140 7734
a 140 143 788
a 143 140 788
a 147 148 2271
a 148 147 2271
a 147 149 3591
a 149 147 3591
a 146 150 782
a 150 146 782
a 146 151 765
a 151 146 765
a 152 153 2242
a 153 152 2242
a 154 147 1802
a 147 154 1802
a 154 155 950
a 155 154 950
a 156 157 1924
a 157 156 1924
a 156 158 1370
a 158 156 1370
a 159 156 1954
a 156 159 1954
a 159 160 1483
a 160 159 1483
a 161 162 5016
a 162 161 5016
a 152 161 2781
a 161 152 2781
a 161 163 2887
a 163 161 2887
a 164 165 1736
a 165 164 1736
a 166 167 3931
a 167 166 3931
a 168 169 1345
a 169 168 1345
a 170 166 2605
a 166 170 2605
a 171 166 924
a 166 171 924
a 171 172 3415
a 172 171 3415
a 173 174 1963
a 174 173 1963
a 112 175 6223
a 175 112 6223
a 167 112 4812
a 112 167 4812
a 175 167 2754
a 167 175 2754
a 176 175 4795
a 175 176 4795
a 172 177 3744
a 177 172 3744
a 178 171 8097
a 171 178 8097
a 179 180 918
a 180 179 918
a 181 173 1829
a 173 181 1829
a 182 181 562
a 181 182 562
a 182 183 2122
a 183 182 2122
a 184 182 4961
a 182 184 4961
a 183 185 889
a 185 183 889
a 173 179 4282
a 179 173 4282
a 179 186 3851
a 186 179 3851
a 176 187 5559
a 187 176 5559
a 188 189 901
a 189 188 901
a 188 190 782
a 190 188 782
a 191 192 3933
a 192 191 3933
a 191 176 1206
a 176 191 1206
a 193 191 2695
a 191 193 2695
a 194 193 511
a 193 194 511
a 195 194 696
a 194 195 696
a 196 197 3278
a 197 196 3278
a 198 195 1652
a 195 198 1652
a 195 199 5635
a 199 195 5635
a 193 200 3006
a 200 193 3006
a 200 201 393
a 201 200 393
a 181 202 8544
a 202 181 8544
a 203 204 7712
a 204 203 7712
a 202 196 8832
a 196 202 8832
a 205 196 1746
a 196 205 1746
a 205 206 2249
a 206 205 2249
a 207 203 7131
a 203 207 7131
a 203 208 997
a 208 203 997
a 209 205 2233
a 205 209 2233
a 208 209 1032
a 209 208 1032
a 210 209 1668
a 209 210 1668
a 211 210 2191
a 210 211 2191
a 212 211 303
a 211 212 303
a 213 212 2312
a 212 213 2312
a 214 213 1278
a 213 214 1278
a 215 184 1161
a 184 215 1161
a 216 215 1978
a 215 216 1978
a 217 216 1084
a 216 217 1084
a 218 219 1109
a 219 218 1109
a 217 220 3594
a 220 217 3594
a 96 217 2556
a 217 96 2556
a 98 96 1234
a 96 98 1234
a 221 98 3445
a 98 221 3445
a 222 223 796
a 223 222 796
a 215 218 3087
a 218 215 3087
a 218 224 2956
a 224 218 2956
a 225 226 14242
a 226 225 14242
a 223 225 1219
a 225 223 1219
a 225 227 762
a 227 225 762
a 227 228 503
a 228 227 503
a 228 229 4111
a 229 228 4111
a 34 230 246
a 230 34 246
a 221 231 3229
a 231 221 3229
a 232 221 1234
a 221 232 1234
a 233 232 3385
a 232 233 3385
a 234 100 503
a 100 234 503
a 233 100 275
a 100 233 275
a 234 233 275
a 233 234 275
a 235 234 333
a 234 235 333
a 236 235 2480
a 235 236 2480
a 232 222 3418
a 222 232 3418
a 237 222 7762
a 222 237 7762
a 235 238 2089
a 238 235 2089
a 239 236 713
a 236 239 713
a 240 239 3876
a 239 240 3876
a 239 241 1340
a 241 239 1340
a 242 243 1740
a 243 242 1740
a 242 244 1576
a 244 242 1576
a 245 240 667
a 240 245 667
a 245 242 1670
a 242 245 1670
a 246 245 1257
a 245 246 1257
a 236 237 4944
a 237 236 4944
a 240 247 2109
a 247 240 2109
a 246 248 2878
a 248 246 2878
a 35 249 1346
a 249 35 1346
a 101 250 258
a 250 101 258
a 251 14 2103
a 14 251 2103
a 252 251 5949
a 251 252 5949
a 253 204 1689
a 204 253 1689
a 253 254 2983
a 254 253 2983
a 14 237 3971
a 237 14 3971
a 255 229 13019
a 229 255 13019
a 229 256 1300
a 256 229 1300
a 257 258 552
a 258 257 552
a 256 257 3982
a 257 256 3982
a 257 259 786
a 259 257 786
a 256 260 3089
a 260 256 3089
a 101 261 2780
a 261 101 2780
a 260 262 4133
a 262 260 4133
a 263 253 3880
a 253 263 3880
a 207 263 819
a 263 207 819
a 264 207 1417
a 207 264 1417
a 263 265 5666
a 265 263 5666
a 214 264 2178
a 264 214 2178
a 266 214 1004
a 214 266 1004
a 267 266 893
a 266 267 893
a 268 267 2747
a 267 268 2747
a 269 267 12787
a 267 269 12787
a 260 270 1277
a 270 260 1277
a 271 272 2059
a 272 271 2059
a 251 273 1178
a 273 251 1178
a 273 274 353
a 274 273 353
a 274 275 1719
a 275 274 1719
a 274 255 950
a 255 274 950
a 276 255 2023
a 255 276 2023
a 276 277 1426
a 277 276 1426
a 271 278 761
a 278 271 761
a 279 271 670
a 271 279 670
a 280 279 1763
a 279 280 1763
a 270 281 426
a 281 270 426
a 282 269 556
a 269 282 556
a 283 282 2994
a 282 283 2994
a 280 282 9490
a 282 280 9490
a 284 283 902
a 283 284 902
a 280 285 3489
a 285 280 3489
a 286 280 4334
a 280 286 4334
a 287 288 1911
a 288 287 1911
a 289 188 13645
a 188 289 13645
a 290 130 9167
a 130 290 9167
a 291 290 7098
a 290 291 7098
a 289 292 452
a 292 289 452
a 293 289 748
a 289 293 748
a 292 294 3653
a 294 292 3653
a 293 292 597
a 292 293 597
a 295 294 6447
a 294 295 6447
a 294 296 5634
a 296 294 5634
a 294 297 2773
a 297 294 2773
a 196 295 4090
a 295 196 4090
a 298 299 561
a 299 298 561
a 210 298 3937
a 298 210 3937
a 298 300 2504
a 300 298 2504
a 296 299 1615
a 299 296 1615
a 296 301 2022
a 301 296 2022
a 211 302 2387
a 302 211 2387
a 213 303 3107
a 303 213 3107
a 304 152 6710
a 152 304 6710
a 305 304 3787
a 304 305 3787
a 306 293 3066
a 293 306 3066
a 291 306 251
a 306 291 251
a 307 291 1137
a 291 307 1137
a 308 307 562
a 307 308 562
a 307 309 3269
a 309 307 3269
a 310 308 580
a 308 310 580
a 311 312 1772
a 312 311 1772
a 310 311 353
a 311 310 353
a 313 310 2639
a 310 313 2639
a 314 315 1544
a 315 314 1544
a 316 305 782
a 305 316 782
a 314 316 344
a 316 314 344
a 317 316 804
a 316 317 804
a 318 313 373
a 313 318 373
a 313 319 353
a 319 313 353
a 318 319 475
a 319 318 475
a 320 318 649
a 318 320 649
a 321 314 344
a 314 321 344
a 319 321 2733
a 321 319 2733
a 322 323 672
a 323 322 672
a 304 324 2573
a 324 304 2573
a 324 325 3995
a 325 324 3995
a 163 326 562
a 326 163 562
a 327 328 1743
a 328 327 1743
a 324 327 2072
a 327 324 2072
a 327 329 883
a 329 327 883
a 330 322 2450
a 322 330 2450
a 305 330 1591
a 330 305 1591
a 321 317 706
a 317 321 706
a 331 317 1637
a 317 331 1637
a 332 331 1860
a 331 332 1860
a 333 334 1250
a 334 333 1250
a 330 333 1428
a 333 330 1428
a 335 336 1386
a 336 335 1386
a 331 335 1771
a 335 331 1771
a 320 337 4284
a 337 320 4284
a 337 338 251
a 338 337 251
a 338 339 679
a 339 338 679
a 335 340 3077
a 340 335 3077
a 341 342 4058
a 342 341 4058
a 297 343 2512
a 343 297 2512
a 343 320 2933
a 320 343 2933
a 344 341 1796
a 341 344 1796
a 342 320 1559
a 320 342 1559
a 345 342 594
a 342 345 594
a 346 345 469
a 345 346 469
a 347 345 482
a 345 347 482
a 346 344 4070
a 344 346 4070
a 348 346 5488
a 346 348 5488
a 349 347 5037
a 347 349 5037
a 350 351 4215
a 351 350 4215
a 352 353 290
a 353 352 290
a 350 354 431
a 354 350 431
a 348 350 1846
a 350 348 1846
a 354 355 3048
a 355 354 3048
a 355 356 3120
a 356 355 3120
a 355 357 1802
a 357 355 1802
a 358 359 1298
a 359 358 1298
a 358 360 1872
a 360 358 1872
a 361 358 2262
a 358 361 2262
a 362 361 782
a 361 362 782
a 361 363 1929
a 363 361 1929
a 364 349 473
a 349 364 473
a 349 362 402
a 362 349 402
a 364 362 556
a 362 364 556
a 365 364 373
a 364 365 373
a 366 365 1592
a 365 366 1592
a 367 348 1065
a 348 367 1065
a 368 367 6597
a 367 368 6597
a 369 370 1111
a 370 369 1111
a 367 369 824
a 369 367 824
a 369 371 3353
a 371 369 3353
a 372 373 2131
a 373 372 2131
a 374 375 1336
a 375 374 1336
a 266 374 2431
a 374 266 2431
a 374 268 2789
a 268 374 2789
a 376 268 2169
a 268 376 2169
a 376 377 5705
a 377 376 5705
a 378 376 4331
a 376 378 4331
a 283 379 4805
a 379 283 4805
a 284 380 6506
a 380 284 6506
a 380 381 2089
a 381 380 2089
a 381 380 2089
a 380 381 2089
a 382 378 2111
a 378 382 2111
a 378 383 3113
a 383 378 3113
a 382 381 1305
a 381 382 1305
a 384 382 2743
a 382 384 2743
a 385 384 419
a 384 385 419
a 386 387 238
a 387 386 238
a 385 386 2890
a 386 385 2890
a 388 385 1004
a 385 388 1004
a 389 390 889
a 390 389 889
a 391 284 2102
a 284 391 2102
a 391 392 1897
a 392 391 1897
a 393 391 2768
a 391 393 2768
a 394 395 1560
a 395 394 1560
a 396 393 7446
a 393 396 7446
a 397 396 335
a 396 397 335
a 398 397 1423
a 397 398 1423
a 399 397 3982
a 397 399 3982
a 393 394 3221
a 394 393 3221
a 400 401 2553
a 401 400 2553
a 402 388 610
a 388 402 610
a 394 402 3221
a 402 394 3221
a 403 402 4536
a 402 403 4536
a 388 389 948
a 389 388 948
a 404 403 1253
a 403 404 1253
a 405 403 3934
a 403 405 3934
a 406 404 2321
a 404 406 2321
a 400 407 2110
a 407 400 2110
a 405 400 2431
a 400 405 2431
a 408 398 2272
a 398 408 2272
a 398 405 5141
a 405 398 5141
a 409 410 1026
a 410 409 1026
a 409 411 2345
a 411 409 2345
a 389 412 3520
a 412 389 3520
a 413 414 2245
a 414 413 2245
a 415 409 2059
a 409 415 2059
a 415 416 1248
a 416 415 1248
a 368 415 2369
a 415 368 2369
a 417 368 1124
a 368 417 1124
a 418 417 1240
a 417 418 1240
a 418 419 2654
a 419 418 2654
a 420 418 3213
a 418 420 3213
a 419 421 1545
a 421 419 1545
a 419 422 3694
a 422 419 3694
a 422 420 275
a 420 422 275
a 423 422 438
a 422 423 438
a 424 425 3031
a 425 424 3031
a 426 427 2698
a 427 426 2698
a 428 413 2925
a 413 428 2925
a 428 429 1829
a 429 428 1829
a 423 428 474
a 428 423 474
a 430 423 275
a 423 430 275
a 430 428 679
a 428 430 679
a 431 432 4792
a 432 431 4792
a 433 434 452
a 434 433 452
a 435 433 3701
a 433 435 3701
a 435 404 1349
a 404 435 1349
a 436 435 4611
a 435 436 4611
a 433 437 2106
a 437 433 2106
a 437 438 1262
a 438 437 1262
a 437 439 2321
a 439 437 2321
a 438 440 1267
a 440 438 1267
a 441 406 4896
a 406 441 4896
a 406 442 2941
a 442 406 2941
a 441 443 2078
a 443 441 2078
a 444 441 926
a 441 444 926
a 445 444 4100
a 444 445 4100
a 446 447 1653
a 447 446 1653
a 448 449 515
a 449 448 515
a 449 450 222
a 450 449 222
a 451 449 1344
a 449 451 1344
a 452 453 660
a 453 452 660
a 454 455 1572
a 455 454 1572
a 451 454 353
a 454 451 353
a 451 456 778
a 456 451 778
a 457 451 433
a 451 457 433
a 454 458 667
a 458 454 667
a 459 460 1407
a 460 459 1407
a 444 461 1930
a 461 444 1930
a 461 462 1360
a 462 461 1360
a 461 463 1468
a 463 461 1468
a 459 464 1865
a 464 459 1865
a 438 465 1508
a 465 438 1508
a 466 465 1023
a 465 466 1023
a 466 467 1021
a 467 466 1021
a 436 468 1556
a 468 436 1556
a 469 436 1596
a 436 469 1596
a 470 471 749
a 471 470 749
a 446 469 1425
a 469 446 1425
a 469 470 1159
a 470 469 1159
a 426 466 824
a 466 426 824
a 472 426 1512
a 426 472 1512
a 431 472 597
a 472 431 597
a 473 431 774
a 431 473 774
a 474 473 388
a 473 474 388
a 474 475 2922
a 475 474 2922
a 476 474 926
a 474 476 926
a 477 448 87
a 448 477 87
a 475 471 926
a 471 475 926
a 478 479 9635
a 479 478 9635
a 480 479 671
a 479 480 671
a 453 477 499
a 477 453 499
a 453 446 888
a 446 453 888
a 457 452 765
a 452 457 765
a 481 457 2321
a 457 481 2321
a 481 459 2006
a 459 481 2006
a 482 481 1225
a 481 482 1225
a 462 483 2677
a 483 462 2677
a 483 484 1861
a 484 483 1861
a 482 483 353
a 483 482 353
a 485 482 6755
a 482 485 6755
a 486 487 2085
a 487 486 2085
a 486 488 4726
a 488 486 4726
a 489 486 2227
a 486 489 2227
a 490 489 2226
a 489 490 2226
a 489 491 418
a 491 489 418
a 492 493 1014
a 493 492 1014
a 494 495 1568
a 495 494 1568
a 496 492 333
a 492 496 333
a 496 159 6929
a 159 496 6929
a 497 496 1055
a 496 497 1055
a 498 492 402
a 492 498 402
a 499 497 3262
a 497 499 3262
a 494 500 3404
a 500 494 3404
a 501 494 7984
a 494 501 7984
a 499 502 1615
a 502 499 1615
a 162 499 2909
a 499 162 2909
a 503 162 9050
a 162 503 9050
a 501 504 1895
a 504 501 1895
a 504 505 924
a 505 504 924
a 506 501 6059
a 501 506 6059
a 504 507 3762
a 507 504 3762
a 508 509 1277
a 509 508 1277
a 510 511 3682
a 511 510 3682
a 511 512 817
a 512 511 817
a 511 513 3747
a 513 511 3747
a 507 514 868
a 514 507 868
a 514 515 577
a 515 514 577
a 516 517 3807
a 517 516 3807
a 507 518 2216
a 518 507 2216
a 519 520 902
a 520 519 902
a 521 522 2034
a 522 521 2034
a 523 521 275
a 521 523 275
a 523 524 1635
a 524 523 1635
a 524 525 222
a 525 524 222
a 525 522 222
a 522 525 222
a 522 526 1829
a 526 522 1829
a 527 524 2450
a 524 527 2450
a 528 519 2452
a 519 528 2452
a 528 529 1541
a 529 528 1541
a 530 528 1492
a 528 530 1492
a 516 530 2141
a 530 516 2141
a 531 532 5198
a 532 531 5198
a 519 533 4222
a 533 519 4222
a 533 531 1504
a 531 533 1504
a 531 534 2409
a 534 531 2409
a 530 535 2023
a 535 530 2023
a 536 535 3183
a 535 536 3183
a 535 533 1904
a 533 535 1904
a 533 537 1879
a 537 533 1879
a 538 539 2076
a 539 538 2076
a 540 541 2430
a 541 540 2430
a 540 527 3105
a 527 540 3105
a 538 527 4622
a 527 538 4622
a 542 538 1950
a 538 542 1950
a 542 540 2746
a 540 542 2746
a 543 542 3231
a 542 543 3231
a 544 545 1256
a 545 544 1256
a 546 544 3808
a 544 546 3808
a 547 534 3291
a 534 547 3291
a 544 548 1940
a 548 544 1940
a 549 547 3959
a 547 549 3959
a 547 550 251
a 550 547 251
a 550 551 1275
a 551 550 1275
a 551 546 2044
a 546 551 2044
a 551 552 2982
a 552 551 2982
a 553 543 476
a 543 553 476
a 554 555 1897
a 555 554 1897
a 556 554 333
a 554 556 333
a 556 553 557
a 553 556 557
a 557 556 1004
a 556 557 1004
a 557 553 696
a 553 557 696
a 558 557 737
a 557 558 737
a 559 558 1294
a 558 559 1294
a 559 560 4292
a 560 559 4292
a 561 559 1124
a 559 561 1124
a 558 562 1672
a 562 558 1672
a 563 564 2875
a 564 563 2875
a 565 566 1511
a 566 565 1511
a 563 546 2038
a 546 563 2038
a 567 563 1219
a 563 567 1219
a 568 567 1919
a 567 568 1919
a 567 569 373
a 569 567 373
a 569 570 1539
a 570 569 1539
a 568 570 2207
a 570 568 2207
a 571 568 1031
a 568 571 1031
a 561 572 3384
a 572 561 3384
a 573 561 778
a 561 573 778
a 569 574 2199
a 574 569 2199
a 565 573 452
a 573 565 452
a 573 575 1762
a 575 573 1762
a 570 576 1065
a 576 570 1065
a 577 578 4305
a 578 577 4305
a 578 579 2277
a 579 578 2277
a 575 580 1058
a 580 575 1058
a 575 581 1004
a 581 575 1004
a 581 582 670
a 582 581 670
a 581 583 787
a 583 581 787
a 583 584 687
a 584 583 687
a 583 585 870
a 585 583 870
a 586 587 4574
a 587 586 4574
a 588 589 2843
a 589 588 2843
a 579 590 679
a 590 579 679
a 591 590 712
a 590 591 712
a 591 579 696
a 579 591 696
a 590 592 627
a 592 590 627
a 592 593 5460
a 593 592 5460
a 592 588 335
a 588 592 335
a 588 594 785
a 594 588 785
a 594 595 5353
a 595 594 5353
a 596 586 2524
a 586 596 2524
a 597 586 8456
a 586 597 8456
a 598 596 2062
a 596 598 2062
a 587 591 3139
a 591 587 3139
a 587 599 2716
a 599 587 2716
a 596 600 2918
a 600 596 2918
a 600 601 1662
a 601 600 1662
a 600 602 1895
a 602 600 1895
a 594 603 1417
a 603 594 1417
a 604 605 2642
a 605 604 2642
a 604 606 875
a 606 604 875
a 607 608 3310
a 608 607 3310
a 605 609 1906
a 609 605 1906
a 609 610 2370
a 610 609 2370
a 605 607 1999
a 607 605 1999
a 609 611 1750
a 611 609 1750
a 586 612 5002
a 612 586 5002
a 602 613 5634
a 613 602 5634
a 602 614 2395
a 614 602 2395
a 615 614 2917
a 614 615 2917
a 616 615 610
a 615 616 610
a 509 617 2018
a 617 509 2018
a 618 506 2509
a 506 618 2509
a 503 509 1759
a 509 503 1759
a 619 503 3015
a 503 619 3015
a 620 618 3978
a 618 620 3978
a 619 621 1948
a 621 619 1948
a 622 619 3868
a 619 622 3868
a 621 623 2125
a 623 621 2125
a 621 624 2690
a 624 621 2690
a 339 625 8343
a 625 339 8343
a 626 506 2551
a 506 626 2551
a 334 322 1659
a 322 334 1659
a 510 626 1760
a 626 510 1760
a 618 627 2166
a 627 618 2166
a 627 628 2778
a 628 627 2778
a 627 510 3482
a 510 627 3482
a 629 630 3802
a 630 629 3802
a 631 622 402
a 622 631 402
a 622 620 1780
a 620 622 1780
a 334 632 930
a 632 334 930
a 620 633 1881
a 633 620 1881
a 634 631 238
a 631 634 238
a 635 634 1159
a 634 635 1159
a 625 636 303
a 636 625 303
a 635 637 511
a 637 635 511
a 636 635 177
a 635 636 177
a 638 635 883
a 635 638 883
a 637 639 875
a 639 637 875
a 639 640 168
a 640 639 168
a 641 638 452
a 638 641 452
a 642 641 452
a 641 642 452
a 643 642 581
a 642 643 581
a 644 643 1454
a 643 644 1454
a 640 645 1584
a 645 640 1584
a 646 647 417
a 647 646 417
a 642 646 1621
a 646 642 1621
a 646 648 2277
a 648 646 2277
a 648 649 1004
a 649 648 1004
a 643 649 3392
a 649 643 3392
a 649 650 1014
a 650 649 1014
a 363 651 2028
a 651 363 2028
a 363 652 1846
a 652 363 1846
a 366 653 1595
a 653 366 1595
a 365 654 2097
a 654 365 2097
a 655 653 2348
a 653 655 2348
a 652 656 2561
a 656 652 2561
a 652 657 2121
a 657 652 2121
a 658 655 2109
a 655 658 2109
a 653 658 1176
a 658 653 1176
a 655 658 2109
a 658 655 2109
a 659 366 3188
a 366 659 3188
a 659 372 1102
a 372 659 1102
a 660 659 990
a 659 660 990
a 372 661 2927
a 661 372 2927
a 373 662 1712
a 662 373 1712
a 662 373 1712
a 373 662 1712
a 660 655 1292
a 655 660 1292
a 663 660 6311
a 660 663 6311
a 664 665 1951
a 665 664 1951
a 666 644 1796
a 644 666 1796
a 667 668 1793
a 668 667 1793
a 669 666 2879
a 666 669 2879
a 644 670 2285
a 670 644 2285
a 670 671 1113
a 671 670 1113
a 666 670 2915
a 670 666 2915
a 672 669 4831
a 669 672 4831
a 669 673 762
a 673 669 762
a 674 675 1139
a 675 674 1139
a 676 674 1267
a 674 676 1267
a 674 663 1905
a 663 674 1905
a 677 663 4216
a 663 677 4216
a 630 516 1565
a 516 630 1565
a 630 678 845
a 678 630 845
a 629 679 2778
a 679 629 2778
a 679 680 2177
a 680 679 2177
a 681 629 1897
a 629 681 1897
a 536 549 473
a 549 536 473
a 549 682 1161
a 682 549 1161
a 679 536 2621
a 536 679 2621
a 682 683 1340
a 683 682 1340
a 681 684 3680
a 684 681 3680
a 648 685 2513
a 685 648 2513
a 645 681 3700
a 681 645 3700
a 685 681 1492
a 681 685 1492
a 686 685 1332
a 685 686 1332
a 687 686 835
a 686 687 835
a 688 687 1829
a 687 688 1829
a 689 690 1675
a 690 689 1675
a 687 691 1855
a 691 687 1855
a 692 693 1234
a 693 692 1234
a 694 689 1031
a 689 694 1031
a 692 689 1099
a 689 692 1099
a 695 692 1089
a 692 695 1089
a 696 697 729
a 697 696 729
a 696 698 584
a 698 696 584
a 688 696 738
a 696 688 738
a 699 688 696
a 688 699 696
a 699 700 1000
a 700 699 1000
a 698 701 6583
a 701 698 6583
a 698 702 3673
a 702 698 3673
a 694 699 671
a 699 694 671
a 683 703 1062
a 703 683 1062
a 683 704 1975
a 704 683 1975
a 695 705 4039
a 705 695 4039
a 706 705 2222
a 705 706 2222
a 705 707 3343
a 707 705 3343
a 708 709 2281
a 709 708 2281
a 684 710 4266
a 710 684 4266
a 710 708 251
a 708 710 251
a 711 712 1059
a 712 711 1059
a 713 711 1031
a 711 713 1031
a 706 714 2320
a 714 706 2320
a 711 706 1014
a 706 711 1014
a 715 716 2457
a 716 715 2457
a 717 695 762
a 695 717 762
a 717 718 1124
a 718 717 1124
a 719 720 1004
a 720 719 1004
a 718 694 2438
a 694 718 2438
a 719 718 1089
a 718 719 1089
a 721 719 1029
a 719 721 1029
a 722 723 1626
a 723 722 1626
a 713 724 845
a 724 713 845
a 725 713 1111
a 713 725 1111
a 726 725 1565
a 725 726 1565
a 726 727 1366
a 727 726 1366
a 728 729 713
a 729 728 713
a 716 730 562
a 730 716 562
a 731 716 837
a 716 731 837
a 725 732 1011
a 732 725 1011
a 728 721 251
a 721 728 251
a 721 722 1719
a 722 721 1719
a 733 728 1872
a 728 733 1872
a 722 734 2783
a 734 722 2783
a 735 736 808
a 736 735 808
a 736 737 1338
a 737 736 1338
a 736 738 1005
a 738 736 1005
a 701 739 3192
a 739 701 3192
a 673 740 3047
a 740 673 3047
a 702 741 905
a 741 702 905
a 702 742 2000
a 742 702 2000
a 741 743 373
a 743 741 373
a 743 744 1119
a 744 743 1119
a 743 745 433
a 745 743 433
a 746 747 1160
a 747 746 1160
a 744 746 1114
a 746 744 1114
a 746 748 1721
a 748 746 1721
a 749 672 2570
a 672 749 2570
a 667 750 1207
a 750 667 1207
a 751 752 201
a 752 751 201
a 752 753 847
a 753 752 847
a 749 751 557
a 751 749 557
a 677 749 1504
a 749 677 1504
a 754 677 1576
a 677 754 1576
a 755 677 4306
a 677 755 4306
a 756 757 2138
a 757 756 2138
a 758 759 1492
a 759 758 1492
a 752 756 1572
a 756 752 1572
a 756 760 1412
a 760 756 1412
a 761 762 238
a 762 761 238
a 762 763 1021
a 763 762 1021
a 764 762 1424
a 762 764 1424
a 763 765 1530
a 765 763 1530
a 758 766 353
a 766 758 353
a 760 758 889
a 758 760 889
a 764 760 1114
a 760 764 1114
a 763 767 679
a 767 763 679
a 768 764 251
a 764 768 251
a 769 768 948
a 768 769 948
a 744 770 1024
a 770 744 1024
a 734 771 2338
a 771 734 2338
a 734 772 1011
a 772 734 1011
a 773 772 1466
a 772 773 1466
a 771 773 1844
a 773 771 1844
a 774 746 1349
a 746 774 1349
a 775 776 667
a 776 775 667
a 777 775 2264
a 775 777 2264
a 778 775 1267
a 775 778 1267
a 772 735 1343
a 735 772 1343
a 779 735 2823
a 735 779 2823
a 773 780 1436
a 780 773 1436
a 781 774 2939
a 774 781 2939
a 782 783 268
a 783 782 268
a 784 781 1000
a 781 784 1000
a 785 786 1762
a 786 785 1762
a 782 787 687
a 787 782 687
a 788 782 1679
a 782 788 1679
a 784 774 2764
a 774 784 2764
a 789 784 511
a 784 789 511
a 789 790 1027
a 790 789 1027
a 791 789 921
a 789 791 921
a 790 776 2410
a 776 790 2410
a 792 790 778
a 790 792 778
a 777 792 562
a 792 777 562
a 792 793 679
a 793 792 679
a 794 777 1159
a 777 794 1159
a 791 793 1904
a 793 791 1904
a 793 795 419
a 795 793 419
a 778 796 1193
a 796 778 1193
a 794 778 1345
a 778 794 1345
a 797 794 402
a 794 797 402
a 798 794 1621
a 794 798 1621
a 799 797 3379
a 797 799 3379
a 798 800 1392
a 800 798 1392
a 798 801 2299
a 801 798 2299
a 802 800 335
a 800 802 335
a 800 801 1806
a 801 800 1806
a 803 802 627
a 802 803 627
a 801 769 1669
a 769 801 1669
a 804 769 1872
a 769 804 1872
a 805 806 1607
a 806 805 1607
a 807 808 2767
a 808 807 2767
a 807 803 1637
a 803 807 1637
a 803 809 3701
a 809 803 3701
a 810 811 1686
a 811 810 1686
a 812 813 1790
a 813 812 1790
a 814 815 1345
a 815 814 1345
a 816 810 2473
a 810 816 2473
a 417 817 3117
a 817 417 3117
a 818 819 603
a 819 818 603
a 820 818 2682
a 818 820 2682
a 420 432 3901
a 432 420 3901
a 820 818 2682
a 818 820 2682
a 821 820 2784
a 820 821 2784
a 822 823 1343
a 823 822 1343
a 824 825 2762
a 825 824 2762
a 826 827 2519
a 827 826 2519
a 828 826 1005
a 826 828 1005
a 829 826 2169
a 826 829 2169
a 676 830 1750
a 830 676 1750
a 821 676 2810
a 676 821 2810
a 831 821 1375
a 821 831 1375
a 832 831 3653
a 831 832 3653
a 833 834 1160
a 834 833 1160
a 835 833 4001
a 833 835 4001
a 831 836 1312
a 836 831 1312
a 837 835 3288
a 835 837 3288
a 838 835 1124
a 835 838 1124
a 839 822 3442
a 822 839 3442
a 839 822 3442
a 822 839 3442
a 840 839 786
a 839 840 786
a 824 840 2347
a 840 824 2347
a 840 832 1694
a 832 840 1694
a 837 832 1881
a 832 837 1881
a 828 824 1267
a 824 828 1267
a 841 828 1621
a 828 841 1621
a 842 843 2446
a 843 842 2446
a 841 842 1204
a 842 841 1204
a 844 837 1031
a 837 844 1031
a 843 844 1457
a 844 843 1457
a 845 838 2557
a 838 845 2557
a 845 844 2264
a 844 845 2264
a 842 846 503
a 846 842 503
a 846 847 3024
a 847 846 3024
a 843 845 3194
a 845 843 3194
a 476 848 344
a 848 476 344
a 849 476 402
a 476 849 402
a 848 480 3358
a 480 848 3358
a 849 848 433
a 848 849 433
a 850 849 1810
a 849 850 1810
a 829 851 1924
a 851 829 1924
a 852 850 2479
a 850 852 2479
a 852 853 2084
a 853 852 2084
a 854 852 511
a 852 854 511
a 855 829 608
a 829 855 608
a 856 855 4916
a 855 856 4916
a 857 854 2650
a 854 857 2650
a 854 856 2535
a 856 854 2535
a 856 858 1978
a 858 856 1978
a 859 490 2102
a 490 859 2102
a 490 860 1143
a 860 490 1143
a 861 857 3201
a 857 861 3201
a 862 857 1670
a 857 862 1670
a 863 860 3034
a 860 863 3034
a 863 864 1786
a 864 863 1786
a 862 863 550
a 863 862 550
a 865 862 1609
a 862 865 1609
a 866 841 1797
a 841 866 1797
a 866 867 2207
a 867 866 2207
a 868 866 796
a 866 868 796
a 869 868 3042
a 868 869 3042
a 868 870 1708
a 870 868 1708
a 858 869 1114
a 869 858 1114
a 870 871 1112
a 871 870 1112
a 870 872 1827
a 872 870 1827
a 871 873 1014
a 873 871 1014
a 869 874 3931
a 874 869 3931
a 871 875 1873
a 875 871 1873
a 876 858 2223
a 858 876 2223
a 861 876 333
a 876 861 333
a 874 876 1607
a 876 874 1607
a 865 861 2239
a 861 865 2239
a 877 865 1257
a 865 877 1257
a 878 877 926
a 877 878 926
a 878 879 3064
a 879 878 3064
a 880 878 1408
a 878 880 1408
a 881 882 488
a 882 881 488
a 883 884 611
a 884 883 611
a 885 883 845
a 883 885 845
a 880 883 808
a 883 880 808
a 877 886 3100
a 886 877 3100
a 883 886 2590
a 886 883 2590
a 886 887 1626
a 887 886 1626
a 888 885 762
a 885 888 762
a 889 885 1483
a 885 889 1483
a 890 888 336
a 888 890 336
a 891 754 924
a 754 891 924
a 833 891 1762
a 891 833 1762
a 892 754 4543
a 754 892 4543
a 893 891 3728
a 891 893 3728
a 835 893 2469
a 893 835 2469
a 894 893 1267
a 893 894 1267
a 895 894 1375
a 894 895 1375
a 896 897 474
a 897 896 474
a 765 898 535
a 898 765 535
a 898 899 713
a 899 898 713
a 898 900 762
a 900 898 762
a 896 755 475
a 755 896 475
a 901 755 1252
a 755 901 1252
a 901 902 1222
a 902 901 1222
a 903 902 1428
a 902 903 1428
a 904 892 1375
a 892 904 1375
a 892 905 353
a 905 892 353
a 894 904 1276
a 904 894 1276
a 906 901 611
a 901 906 611
a 904 896 3152
a 896 904 3152
a 838 907 1005
a 907 838 1005
a 908 909 2080
a 909 908 2080
a 908 845 1261
a 845 908 1261
a 910 908 2016
a 908 910 2016
a 847 846 3024
a 846 847 3024
a 911 847 2234
a 847 911 2234
a 912 895 2138
a 895 912 2138
a 913 912 667
a 912 913 667
a 912 914 1670
a 914 912 1670
a 895 915 1381
a 915 895 1381
a 913 910 1803
a 910 913 1803
a 916 913 1729
a 913 916 1729
a 917 916 2340
a 916 917 2340
a 900 918 1445
a 918 900 1445
a 902 900 1559
a 900 902 1559
a 903 804 2340
a 804 903 2340
a 919 920 508
a 920 919 508
a 921 809 706
a 809 921 706
a 922 923 1336
a 923 922 1336
a 924 906 333
a 906 924 333
a 925 924 687
a 924 925 687
a 906 903 1852
a 903 906 1852
a 925 926 1062
a 926 925 1062
a 927 925 983
a 925 927 983
a 928 929 2085
a 929 928 2085
a 923 930 373
a 930 923 373
a 930 919 1994
a 919 930 1994
a 921 931 1031
a 931 921 1031
a 811 921 473
a 921 811 473
a 932 811 2286
a 811 932 2286
a 933 934 556
a 934 933 556
a 935 933 1031
a 933 935 1031
a 936 933 1436
a 933 936 1436
a 935 923 928
a 923 935 928
a 936 935 1029
a 935 936 1029
a 937 938 201
a 938 937 201
a 939 937 875
a 937 939 875
a 937 940 2558
a 940 937 2558
a 941 936 1572
a 936 941 1572
a 939 942 649
a 942 939 649
a 943 939 1359
a 939 943 1359
a 944 928 2016
a 928 944 2016
a 945 946 333
a 946 945 333
a 928 945 1005
a 945 928 1005
a 947 945 1906
a 945 947 1906
a 948 944 1014
a 944 948 1014
a 949 948 1084
a 948 949 1084
a 947 944 1011
a 944 947 1011
a 919 927 451
a 927 919 451
a 950 951 1976
a 951 950 1976
a 952 949 5287
a 949 952 5287
a 953 954 1095
a 954 953 1095
a 955 953 2933
a 953 955 2933
a 953 956 1679
a 956 953 1679
a 955 947 2121
a 947 955 2121
a 957 955 1111
a 955 957 1111
a 957 948 2951
a 948 957 2951
a 958 957 556
a 957 958 556
a 959 958 344
a 958 959 344
a 959 949 2635
a 949 959 2635
a 960 959 344
a 959 960 344
a 961 960 557
a 960 961 557
a 962 960 3437
a 960 962 3437
a 963 961 679
a 961 963 679
a 961 964 1027
a 964 961 1027
a 965 966 670
a 966 965 670
a 875 966 2138
a 966 875 2138
a 875 967 419
a 967 875 419
a 966 968 586
a 968 966 586
a 911 875 3534
a 875 911 3534
a 917 911 948
a 911 917 948
a 969 917 9913
a 917 969 9913
a 970 971 1345
a 971 970 1345
a 971 972 847
a 972 971 847
a 972 970 1342
a 970 972 1342
a 973 974 503
a 974 973 503
a 973 975 983
a 975 973 983
a 976 973 1340
a 973 976 1340
a 887 881 1445
a 881 887 1445
a 977 881 2755
a 881 977 2755
a 885 887 2612
a 887 885 2612
a 888 978 1392
a 978 888 1392
a 979 980 474
a 980 979 474
a 981 982 168
a 982 981 168
a 981 975 817
a 975 981 817
a 983 975 1173
a 975 983 1173
a 984 981 786
a 981 984 786
a 984 985 418
a 985 984 418
a 986 987 1479
a 987 986 1479
a 986 979 473
a 979 986 473
a 988 986 1007
a 986 988 1007
a 988 979 1479
a 979 988 1479
a 987 988 473
a 988 987 473
a 977 969 924
a 969 977 924
a 980 969 503
a 969 980 503
a 989 977 893
a 977 989 893
a 990 989 445
a 989 990 445
a 990 890 2920
a 890 990 2920
a 991 990 5951
a 990 991 5951
a 992 993 643
a 993 992 643
a 992 970 515
a 970 992 515
a 993 992 643
a 992 993 643
a 976 983 1065
a 983 976 1065
a 993 994 279
a 994 993 279
a 995 976 1023
a 976 995 1023
a 995 996 1161
a 996 995 1161
a 996 987 2783
a 987 996 2783
a 997 996 888
a 996 997 888
a 994 995 250
a 995 994 250
a 998 994 224
a 994 998 224
a 998 999 1137
a 999 998 1137
a 952 1000 1606
a 1000 952 1606
a 1001 952 1360
a 952 1001 1360
a 1002 952 980
a 952 1002 980
a 1001 1002 1334
a 1002 1001 1334
a 1000 998 1305
a 998 1000 1305
a 1003 1000 1076
a 1000 1003 1076
a 999 1004 473
a 1004 999 473
a 997 1005 945
a 1005 997 945
a 1006 1007 1257
a 1007 1006 1257
a 1003 999 1392
a 999 1003 1392
a 1008 1003 1112
a 1003 1008 1112
a 1008 1001 796
a 1001 1008 796
a 1009 1001 1540
a 1001 1009 1540
a 1010 1008 2007
a 1008 1010 2007
a 983 984 1204
a 984 983 1204
a 1011 997 1204
a 997 1011 1204
a 1012 1013 2118
a 1013 1012 2118
a 1014 1013 1023
a 1013 1014 1023
a 1012 989 4325
a 989 1012 4325
a 1015 1012 1445
a 1012 1015 1445
a 1016 1012 948
a 1012 1016 948
a 1017 1015 1375
a 1015 1017 1375
a 1011 1018 550
a 1018 1011 550
a 1019 1020 855
a 1020 1019 855
a 1016 1014 1454
a 1014 1016 1454
a 1021 1022 402
a 1022 1021 402
a 1023 1021 1423
a 1021 1023 1423
a 1006 1011 1298
a 1011 1006 1298
a 1010 1006 1479
a 1006 1010 1479
a 1024 1010 1083
a 1010 1024 1083
a 1025 1021 1375
a 1021 1025 1375
a 1026 1025 1360
a 1025 1026 1360
a 1027 1023 333
a 1023 1027 333
a 1015 1028 1345
a 1028 1015 1345
a 1029 1030 905
a 1030 1029 905
a 1031 1014 1941
a 1014 1031 1941
a 1031 1016 1690
a 1016 1031 1690
a 1032 1033 475
a 1033 1032 475
a 1033 1034 2105
a 1034 1033 2105
a 552 571 344
a 571 552 344
a 1035 552 344
a 552 1035 344
a 1036 1035 511
a 1035 1036 511
a 1037 1036 672
a 1036 1037 672
a 597 1038 866
a 1038 597 866
a 709 1037 1846
a 1037 709 1846
a 1039 1037 905
a 1037 1039 905
a 1033 1039 452
a 1039 1033 452
a 714 1032 924
a 1032 714 924
a 715 714 905
a 714 715 905
a 731 715 2152
a 715 731 2152
a 1037 1040 1896
a 1040 1037 1896
a 1034 1041 2082
a 1041 1034 2082
a 1040 597 335
a 597 1040 335
a 1042 1043 1399
a 1043 1042 1399
a 733 731 4112
a 731 733 4112
a 1044 1045 1396
a 1045 1044 1396
a 1042 1046 4200
a 1046 1042 4200
a 733 1047 1385
a 1047 733 1385
a 1044 1048 2114
a 1048 1044 2114
a 1049 733 1234
a 733 1049 1234
a 1050 1049 893
a 1049 1050 893
a 1049 1051 2716
a 1051 1049 2716
a 1050 1052 2203
a 1052 1050 2203
a 1053 1050 778
a 1050 1053 778
a 1051 1054 2948
a 1054 1051 2948
a 1054 1055 261
a 1055 1054 261
a 1052 1056 562
a 1056 1052 562
a 1051 1057 139
a 1057 1051 139
a 1057 1052 835
a 1052 1057 835
a 1057 1058 1221
a 1058 1057 1221
a 1059 1060 2747
a 1060 1059 2747
a 1058 1059 1065
a 1059 1058 1065
a 1034 1061 2716
a 1061 1034 2716
a 1062 1063 904
a 1063 1062 904
a 1046 1064 1536
a 1064 1046 1536
a 1062 1065 1145
a 1065 1062 1145
a 1046 1066 2181
a 1066 1046 2181
a 1059 1067 1477
a 1067 1059 1477
a 1068 1067 1796
a 1067 1068 1796
a 1060 1069 373
a 1069 1060 373
a 1067 1060 1304
a 1060 1067 1304
a 1066 1070 2948
a 1070 1066 2948
a 1066 1071 1177
a 1071 1066 1177
a 1072 1071 4272
a 1071 1072 4272
a 1070 1073 845
a 1073 1070 845
a 1074 1070 1423
a 1070 1074 1423
a 1075 1076 608
a 1076 1075 608
a 1075 1077 1542
a 1077 1075 1542
a 1078 1075 2205
a 1075 1078 2205
a 1079 1078 3593
a 1078 1079 3593
a 779 1053 556
a 1053 779 556
a 1053 1056 2096
a 1056 1053 2096
a 1080 779 1000
a 779 1080 1000
a 785 1080 333
a 1080 785 333
a 1080 1081 2100
a 1081 1080 2100
a 788 785 1334
a 785 788 1334
a 1082 1083 1089
a 1083 1082 1089
a 1056 1082 889
a 1082 1056 889
a 1082 1084 667
a 1084 1082 667
a 1085 1086 578
a 1086 1085 578
a 1087 788 1225
a 788 1087 1225
a 1087 791 1428
a 791 1087 1428
a 1088 1087 672
a 1087 1088 672
a 1089 1088 562
a 1088 1089 562
a 1090 1089 344
a 1089 1090 344
a 795 1090 2022
a 1090 795 2022
a 805 1090 1336
a 1090 805 1336
a 1088 1091 980
a 1091 1088 980
a 1091 1092 945
a 1092 1091 945
a 1093 1092 2783
a 1092 1093 2783
a 1092 1094 1890
a 1094 1092 1890
a 1058 1068 1595
a 1068 1058 1595
a 1095 1096 556
a 1096 1095 556
a 1097 1095 1626
a 1095 1097 1626
a 1091 1085 1606
a 1085 1091 1606
a 1085 1098 974
a 1098 1085 974
a 1092 1098 1471
a 1098 1092 1471
a 1094 1098 2229
a 1098 1094 2229
a 1098 1095 1872
a 1095 1098 1872
a 1099 1100 2578
a 1100 1099 2578
a 1100 1101 1573
a 1101 1100 1573
a 799 805 1000
a 805 799 1000
a 1102 799 562
a 799 1102 562
a 1102 807 1690
a 807 1102 1690
a 1103 1102 1392
a 1102 1103 1392
a 1104 1093 1919
a 1093 1104 1919
a 1093 1105 679
a 1105 1093 679
a 1104 1103 1094
a 1103 1104 1094
a 814 1103 1248
a 1103 814 1248
a 1106 1104 1206
a 1104 1106 1206
a 1107 814 893
a 814 1107 893
a 816 812 905
a 812 816 905
a 812 1107 238
a 1107 812 238
a 1107 1108 1219
a 1108 1107 1219
a 932 816 1031
a 816 932 1031
a 1108 1109 1134
a 1109 1108 1134
a 1105 1110 1333
a 1110 1105 1333
a 1105 1094 1767
a 1094 1105 1767
a 1106 1110 2084
a 1110 1106 2084
a 1110 1099 706
a 1099 1110 706
a 1099 1111 1345
a 1111 1099 1345
a 1108 1106 2087
a 1106 1108 2087
a 1109 1112 672
a 1112 1109 672
a 1113 1114 1242
a 1114 1113 1242
a 1115 1112 889
a 1112 1115 889
a 1112 1116 3278
a 1116 1112 3278
a 1117 1118 2278
a 1118 1117 2278
a 1068 1119 2265
a 1119 1068 2265
a 1097 1120 1457
a 1120 1097 1457
a 1119 1079 1852
a 1079 1119 1852
a 1100 1097 2948
a 1097 1100 2948
a 1111 1101 2044
a 1101 1111 2044
a 1101 1121 1277
a 1121 1101 1277
a 1122 1123 870
a 1123 1122 870
a 1101 1124 1343
a 1124 1101 1343
a 1124 1125 2023
a 1125 1124 2023
a 1119 1126 1219
a 1126 1119 1219
a 1079 1127 2304
a 1127 1079 2304
a 1122 1128 549
a 1128 1122 549
a 1129 1128 4088
a 1128 1129 4088
a 1124 1122 1713
a 1122 1124 1713
a 1128 1127 1193
a 1127 1128 1193
a 1127 1130 1406
a 1130 1127 1406
a 1131 1111 3997
a 1111 1131 3997
a 1132 1133 687
a 1133 1132 687
a 1132 1134 1059
a 1134 1132 1059
a 1117 1132 1919
a 1132 1117 1919
a 1135 1131 445
a 1131 1135 445
a 1131 1136 2737
a 1136 1131 2737
a 1135 1117 1178
a 1117 1135 1178
a 1137 1135 1004
a 1135 1137 1004
a 1138 1137 1344
a 1137 1138 1344
a 1137 1139 2434
a 1139 1137 2434
a 1111 1140 2229
a 1140 1111 2229
a 1136 1141 1344
a 1141 1136 1344
a 1136 1142 597
a 1142 1136 597
a 1143 1144 1414
a 1144 1143 1414
a 1145 1146 3744
a 1146 1145 3744
a 1147 598 1591
a 598 1147 1591
a 1148 7 2340
a 7 1148 2340
a 1145 1148 2596
a 1148 1145 2596
a 1072 1148 1796
a 1148 1072 1796
a 1148 1149 2761
a 1149 1148 2761
a 1150 1078 1511
a 1078 1150 1511
a 1150 29 659
a 29 1150 659
a 1151 1150 5673
a 1150 1151 5673
a 30 1152 1000
a 1152 30 1000
a 1153 1072 5191
a 1072 1153 5191
a 1154 1153 4365
a 1153 1154 4365
a 598 1155 4116
a 1155 598 4116
a 1147 1156 3765
a 1156 1147 3765
a 1149 1157 1559
a 1157 1149 1559
a 1158 1159 1248
a 1159 1158 1248
a 1149 1158 1814
a 1158 1149 1814
a 1160 616 1356
a 616 1160 1356
a 613 1161 1119
a 1161 613 1119
a 1161 1162 1528
a 1162 1161 1528
a 1161 1163 1113
a 1163 1161 1113
a 1158 1164 1443
a 1164 1158 1443
a 1165 1166 672
a 1166 1165 672
a 1167 1165 928
a 1165 1167 928
a 1168 1165 2458
a 1165 1168 2458
a 1165 1169 1261
a 1169 1165 1261
a 1170 1171 746
a 1171 1170 746
a 1172 1173 2731
a 1173 1172 2731
a 1130 1174 1539
a 1174 1130 1539
a 1130 1151 974
a 1151 1130 974
a 1172 1151 762
a 1151 1172 762
a 1129 1175 1525
a 1175 1129 1525
a 1176 1172 2245
a 1172 1176 2245
a 1174 1129 1188
a 1129 1174 1188
a 1174 1177 1951
a 1177 1174 1951
a 1178 1154 1906
a 1154 1178 1906
a 1176 1178 580
a 1178 1176 580
a 1177 1176 1611
a 1176 1177 1611
a 1179 1177 1876
a 1177 1179 1876
a 1178 1180 1276
a 1180 1178 1276
a 1181 1182 1968
a 1182 1181 1968
a 1183 1181 1082
a 1181 1183 1082
a 1182 1179 3963
a 1179 1182 3963
a 1184 1185 1340
a 1185 1184 1340
a 1182 1186 1939
a 1186 1182 1939
a 1186 1187 1572
a 1187 1186 1572
a 1188 1167 2458
a 1167 1188 2458
a 1188 1154 1790
a 1154 1188 1790
a 1168 1188 928
a 1188 1168 928
a 1189 1168 335
a 1168 1189 335
a 1190 1189 1014
a 1189 1190 1014
a 1191 1189 1256
a 1189 1191 1256
a 1169 1192 778
a 1192 1169 778
a 1192 1193 333
a 1193 1192 333
a 1193 1194 433
a 1194 1193 433
a 1193 1191 1225
a 1191 1193 1225
a 1190 1180 2445
a 1180 1190 2445
a 1195 1190 1114
a 1190 1195 1114
a 1196 1191 1549
a 1191 1196 1549
a 10 1197 1068
a 1197 10 1068
a 1198 1199 111
a 1199 1198 111
a 1199 1184 2113
a 1184 1199 2113
a 1180 1195 2261
a 1195 1180 2261
a 1200 1195 1063
a 1195 1200 1063
a 1201 1200 676
a 1200 1201 676
a 1202 1201 844
a 1201 1202 844
a 1203 1202 1428
a 1202 1203 1428
a 5 1204 1921
a 1204 5 1921
a 1205 1196 706
a 1196 1205 706
a 1196 1206 1161
a 1206 1196 1161
a 1170 1192 1814
a 1192 1170 1814
a 1207 1208 672
a 1208 1207 672
a 1209 1207 562
a 1207 1209 562
a 1209 1207 562
a 1207 1209 562
a 1205 1210 2113
a 1210 1205 2113
a 1211 1205 837
a 1205 1211 837
a 1211 1209 1575
a 1209 1211 1575
a 1195 1190 1114
a 1190 1195 1114
a 1210 1212 2375
a 1212 1210 2375
a 1213 1210 353
a 1210 1213 353
a 1214 1213 2138
a 1213 1214 2138
a 1203 1184 1172
a 1184 1203 1172
a 1186 1215 3015
a 1215 1186 3015
a 1216 1203 2933
a 1203 1216 2933
a 1187 1217 928
a 1217 1187 928
a 1215 1187 2575
a 1187 1215 2575
a 1215 1216 1137
a 1216 1215 1137
a 1218 1216 3029
a 1216 1218 3029
a 5 1219 3382
a 1219 5 3382
a 1181 1220 2205
a 1220 1181 2205
a 1214 5 1345
a 5 1214 1345
a 1221 1214 1089
a 1214 1221 1089
a 1222 1214 1398
a 1214 1222 1398
a 1223 1224 1786
a 1224 1223 1786
a 1225 1226 1504
a 1226 1225 1504
a 1227 932 2783
a 932 1227 2783
a 1227 1228 2086
a 1228 1227 2086
a 941 1227 1786
a 1227 941 1786
a 1229 1228 3064
a 1228 1229 3064
a 1230 941 1334
a 941 1230 1334
a 953 943 1031
a 943 953 1031
a 943 1230 373
a 1230 943 373
a 1230 1231 1686
a 1231 1230 1686
a 1232 1233 596
a 1233 1232 596
a 1231 1234 704
a 1234 1231 704
a 956 1231 950
a 1231 956 950
a 1231 1235 2204
a 1235 1231 2204
a 1236 1113 465
a 1113 1236 465
a 1228 1236 880
a 1236 1228 880
a 1237 1236 2522
a 1236 1237 2522
a 1238 1115 2143
a 1115 1238 2143
a 1229 1237 1111
a 1237 1229 1111
a 1239 1237 2094
a 1237 1239 2094
a 1235 1240 768
a 1240 1235 768
a 1240 1241 954
a 1241 1240 954
a 1242 1241 1084
a 1241 1242 1084
a 956 1235 2574
a 1235 956 2574
a 958 1243 1173
a 1243 958 1173
a 1243 1244 679
a 1244 1243 679
a 963 1243 1222
a 1243 963 1222
a 1245 1244 672
a 1244 1245 672
a 964 963 667
a 963 964 667
a 1246 963 948
a 963 1246 948
a 962 964 2118
a 964 962 2118
a 1246 1245 924
a 1245 1246 924
a 1247 1246 6208
a 1246 1247 6208
a 1245 1248 598
a 1248 1245 598
a 1249 1246 1100
a 1246 1249 1100
a 1249 1250 2339
a 1250 1249 2339
a 1251 1252 921
a 1252 1251 921
a 1253 1252 2688
a 1252 1253 2688
a 1251 1254 445
a 1254 1251 445
a 1255 1251 2371
a 1251 1255 2371
a 1256 1257 1014
a 1257 1256 1014
a 1256 1258 1638
a 1258 1256 1638
a 1259 1256 511
a 1256 1259 511
a 1260 1261 1300
a 1261 1260 1300
a 1260 1259 335
a 1259 1260 335
a 1261 1262 308
a 1262 1261 308
a 1261 1263 402
a 1263 1261 402
a 1259 1249 1406
a 1249 1259 1406
a 1253 1260 736
a 1260 1253 736
a 1255 1253 1059
a 1253 1255 1059
a 1238 1115 2143
a 1115 1238 2143
a 1116 1238 845
a 1238 1116 845
a 1138 1116 921
a 1116 1138 921
a 1264 1138 556
a 1138 1264 556
a 1239 1264 556
a 1264 1239 556
a 1265 1239 1014
a 1239 1265 1014
a 1265 1229 2264
a 1229 1265 2264
a 1266 1265 2170
a 1265 1266 2170
a 1267 1242 1059
a 1242 1267 1059
a 1267 1268 2424
a 1268 1267 2424
a 1241 1269 2203
a 1269 1241 2203
a 1269 1267 824
a 1267 1269 824
a 1270 1265 867
a 1265 1270 867
a 1270 1266 2358
a 1266 1270 2358
a 1143 1264 3017
a 1264 1143 3017
a 1271 1270 1011
a 1270 1271 1011
a 1272 1271 670
a 1271 1272 670
a 1273 1271 3113
a 1271 1273 3113
a 1274 1143 2155
a 1143 1274 2155
a 1275 1272 1005
a 1272 1275 1005
a 1276 1272 3094
a 1272 1276 3094
a 1277 1266 817
a 1266 1277 817
a 1277 1269 980
a 1269 1277 980
a 1278 1277 782
a 1277 1278 782
a 1279 1278 1000
a 1278 1279 1000
a 1280 1278 4525
a 1278 1280 4525
a 1273 1277 1178
a 1277 1273 1178
a 1281 1242 3262
a 1242 1281 3262
a 1282 1281 787
a 1281 1282 787
a 1283 1282 787
a 1282 1283 787
a 1284 1283 417
a 1283 1284 417
a 1285 1284 754
a 1284 1285 754
a 1282 1255 1381
a 1255 1282 1381
a 1286 1279 1161
a 1279 1286 1161
a 1287 1288 2674
a 1288 1287 2674
a 1286 1289 1345
a 1289 1286 1345
a 1290 1285 1257
a 1285 1290 1257
a 1290 1286 1204
a 1286 1290 1204
a 1291 1290 251
a 1290 1291 251
a 1291 1292 1663
a 1292 1291 1663
a 1293 1291 611
a 1291 1293 611
a 1294 1293 402
a 1293 1294 402
a 1295 1296 688
a 1296 1295 688
a 1297 1298 3444
a 1298 1297 3444
a 1298 1299 2532
a 1299 1298 2532
a 1294 1295 1454
a 1295 1294 1454
a 1300 1294 902
a 1294 1300 902
a 1295 1301 687
a 1301 1295 687
a 1302 1295 845
a 1295 1302 845
a 1002 962 1267
a 962 1002 1267
a 1303 1304 1059
a 1304 1303 1059
a 1009 1305 1139
a 1305 1009 1139
a 1306 1307 1347
a 1307 1306 1347
a 1306 1297 455
a 1297 1306 455
a 1307 1308 2826
a 1308 1307 2826
a 1024 1025 1076
a 1025 1024 1076
a 1309 1024 1479
a 1024 1309 1479
a 1026 1023 948
a 1023 1026 948
a 1309 1026 1223
a 1026 1309 1223
a 1310 1309 1280
a 1309 1310 1280
a 1311 1031 1177
a 1031 1311 1177
a 1019 1311 474
a 1311 1019 474
a 1312 1009 4886
a 1009 1312 4886
a 1313 1314 1122
a 1314 1313 1122
a 1310 1019 2392
a 1019 1310 2392
a 1315 1310 671
a 1310 1315 671
a 1316 1315 1113
a 1315 1316 1113
a 1312 1317 3610
a 1317 1312 3610
a 1318 1312 696
a 1312 1318 696
a 1315 1319 945
a 1319 1315 945
a 1319 1318 1028
a 1318 1319 1028
a 1320 1318 1305
a 1318 1320 1305
a 1321 1316 847
a 1316 1321 847
a 1319 1322 1767
a 1322 1319 1767
a 1323 1019 5062
a 1019 1323 5062
a 1324 1321 824
a 1321 1324 824
a 1325 1285 1396
a 1285 1325 1396
a 1326 1321 1021
a 1321 1326 1021
a 1323 1327 1176
a 1327 1323 1176
a 1327 1326 983
a 1326 1327 983
a 1328 1327 1065
a 1327 1328 1065
a 1329 1330 963
a 1330 1329 963
a 1307 1329 1311
a 1329 1307 1311
a 1308 1299 1288
a 1299 1308 1288
a 1299 1331 5057
a 1331 1299 5057
a 1332 1333 452
a 1333 1332 452
a 1331 1334 732
a 1334 1331 732
a 1316 1320 2078
a 1320 1316 2078
a 1335 1320 847
a 1320 1335 847
a 1317 1331 511
a 1331 1317 511
a 1336 1317 905
a 1317 1336 905
a 1321 1335 2078
a 1335 1321 2078
a 1337 1335 847
a 1335 1337 847
a 1326 1337 1971
a 1337 1326 1971
a 1338 1337 1322
a 1337 1338 1322
a 1327 1338 1925
a 1338 1327 1925
a 1339 1338 950
a 1338 1339 950
a 1328 1339 1686
a 1339 1328 1686
a 1340 1339 1360
a 1339 1340 1360
a 1318 1336 3277
a 1336 1318 3277
a 1341 1336 1124
a 1336 1341 1124
a 1342 1343 353
a 1343 1342 353
a 1344 1343 1398
a 1343 1344 1398
a 1320 1341 2600
a 1341 1320 2600
a 1345 1341 1004
a 1341 1345 1004
a 1341 1346 948
a 1346 1341 948
a 1346 1347 2007
a 1347 1346 2007
a 1346 1344 515
a 1344 1346 515
a 1348 1349 1779
a 1349 1348 1779
a 1335 1345 2305
a 1345 1335 2305
a 1350 1345 889
a 1345 1350 889
a 1337 1350 1956
a 1350 1337 1956
a 1350 1347 1012
a 1347 1350 1012
a 1347 1351 535
a 1351 1347 535
a 1348 1351 906
a 1351 1348 906
a 1351 1352 4446
a 1352 1351 4446
a 1183 1353 891
a 1353 1183 891
a 1354 1275 883
a 1275 1354 883
a 1274 1183 1104
a 1183 1274 1104
a 1355 1274 1111
a 1274 1355 1111
a 1356 1354 2248
a 1354 1356 2248
a 1276 1273 1345
a 1273 1276 1345
a 1356 1276 1005
a 1276 1356 1005
a 1357 1356 1029
a 1356 1357 1029
a 1354 1355 948
a 1355 1354 948
a 1358 1355 1827
a 1355 1358 1827
a 1357 1358 889
a 1358 1357 889
a 1359 1357 238
a 1357 1359 238
a 1280 1359 667
a 1359 1280 667
a 1360 1361 2032
a 1361 1360 2032
a 1355 1360 1358
a 1360 1355 1358
a 1362 1360 452
a 1360 1362 452
a 1363 1 2428
a 1 1363 2428
a 1358 1363 1178
a 1363 1358 1178
a 1363 1364 1095
a 1364 1363 1095
a 1364 1365 1741
a 1365 1364 1741
a 1364 1366 515
a 1366 1364 515
a 1367 1359 2492
a 1359 1367 2492
a 1368 1367 2445
a 1367 1368 2445
a 1367 1366 1611
a 1366 1367 1611
a 1366 1369 335
a 1369 1366 335
a 1369 1370 2039
a 1370 1369 2039
a 1371 1372 1763
a 1372 1371 1763
a 1287 1280 1000
a 1280 1287 1000
a 1371 1287 1222
a 1287 1371 1222
a 1373 1371 1111
a 1371 1373 1111
a 1374 1373 445
a 1373 1374 445
a 1300 1302 1234
a 1302 1300 1234
a 1375 1300 948
a 1300 1375 948
a 1302 1376 889
a 1376 1302 889
a 1377 1375 548
a 1375 1377 548
a 1376 1378 562
a 1378 1376 562
a 1378 1332 1583
a 1332 1378 1583
a 1376 1379 679
a 1379 1376 679
a 1380 1378 1076
a 1378 1380 1076
a 1381 1377 1122
a 1377 1381 1122
a 1374 1375 1071
a 1375 1374 1071
a 1382 1374 445
a 1374 1382 445
a 1383 1382 1000
a 1382 1383 1000
a 1384 1382 1340
a 1382 1384 1340
a 1381 1383 667
a 1383 1381 667
a 1385 1381 672
a 1381 1385 672
a 1386 1385 2223
a 1385 1386 2223
a 1387 1385 1234
a 1385 1387 1234
a 1388 1368 1454
a 1368 1388 1454
a 1368 1389 1428
a 1389 1368 1428
a 1390 1384 556
a 1384 1390 556
a 1391 1384 838
a 1384 1391 838
a 1391 1388 452
a 1388 1391 452
a 1392 1388 948
a 1388 1392 948
a 1393 1391 893
a 1391 1393 893
a 1393 1394 744
a 1394 1393 744
a 1395 1393 445
a 1393 1395 445
a 1396 1392 1565
a 1392 1396 1565
a 1397 1392 1111
a 1392 1397 1111
a 1398 1395 1234
a 1395 1398 1234
a 1386 1398 222
a 1398 1386 222
a 1398 1399 2023
a 1399 1398 2023
a 1400 1386 556
a 1386 1400 556
a 1395 1396 921
a 1396 1395 921
a 1401 1218 1827
a 1218 1401 1827
a 1223 1218 1094
a 1218 1223 1094
a 1402 1401 1271
a 1401 1402 1271
a 1403 1401 1900
a 1401 1403 1900
a 1404 1405 191
a 1405 1404 191
a 1369 1403 2003
a 1403 1369 2003
a 1406 1403 1478
a 1403 1406 1478
a 1370 1407 1072
a 1407 1370 1072
a 1389 1408 2445
a 1408 1389 2445
a 1402 1223 2496
a 1223 1402 2496
a 1225 1223 1512
a 1223 1225 1512
a 1404 1409 1004
a 1409 1404 1004
a 1410 1404 3603
a 1404 1410 3603
a 1411 1225 1114
a 1225 1411 1114
a 1412 1225 1508
a 1225 1412 1508
a 1413 1411 1031
a 1411 1413 1031
a 1414 1411 2596
a 1411 1414 2596
a 1415 1413 373
a 1413 1415 373
a 1416 1413 2513
a 1413 1416 2513
a 1406 1417 867
a 1417 1406 867
a 1409 1418 452
a 1418 1409 452
a 1419 1409 921
a 1409 1419 921
a 1419 1420 672
a 1420 1419 672
a 1421 1419 1089
a 1419 1421 1089
a 1422 1423 475
a 1423 1422 475
a 1422 1424 2248
a 1424 1422 2248
a 1389 1425 511
a 1425 1389 511
a 1426 1427 2277
a 1427 1426 2277
a 1428 1397 1344
a 1397 1428 1344
a 1396 1428 1089
a 1428 1396 1089
a 1428 1429 928
a 1429 1428 928
a 1430 1399 796
a 1399 1430 796
a 1426 1397 627
a 1397 1426 627
a 1431 1426 474
a 1426 1431 474
a 1429 1431 1906
a 1431 1429 1906
a 1429 1432 201
a 1432 1429 201
a 1399 1433 845
a 1433 1399 845
a 1434 1422 4793
a 1422 1434 4793
a 1434 1431 1011
a 1431 1434 1011
a 1435 1434 627
a 1434 1435 627
a 1436 1435 474
a 1435 1436 474
a 1435 1437 3057
a 1437 1435 3057
a 1438 1436 1137
a 1436 1438 1137
a 1439 1436 3232
a 1436 1439 3232
a 1440 1438 2783
a 1438 1440 2783
a 1441 1438 1375
a 1438 1441 1375
a 1380 1332 2039
a 1332 1380 2039
a 1387 1380 1223
a 1380 1387 1223
a 1442 1443 193
a 1443 1442 193
a 1444 1442 580
a 1442 1444 580
a 1445 1444 2668
a 1444 1445 2668
a 1444 1446 1463
a 1446 1444 1463
a 1447 1445 452
a 1445 1447 452
a 1448 1447 2044
a 1447 1448 2044
a 1442 1449 2342
a 1449 1442 2342
a 1449 1450 535
a 1450 1449 535
a 1449 1451 696
a 1451 1449 696
a 1451 1430 2223
a 1430 1451 2223
a 1450 1452 1011
a 1452 1450 1011
a 1450 1446 2239
a 1446 1450 2239
a 1451 1400 746
a 1400 1451 746
a 1400 1430 1856
a 1430 1400 1856
a 1452 1304 2191
a 1304 1452 2191
a 1452 1453 1848
a 1453 1452 1848
a 1446 1454 1267
a 1454 1446 1267
a 1446 1304 1441
a 1304 1446 1441
a 1304 1455 1436
a 1455 1304 1436
a 1456 1445 2851
a 1445 1456 2851
a 1457 1456 1111
a 1456 1457 1111
a 1343 1458 2122
a 1458 1343 2122
a 1344 1459 652
a 1459 1344 652
a 1460 1448 1124
a 1448 1460 1124
a 1461 1460 1234
a 1460 1461 1234
a 1462 1461 452
a 1461 1462 452
a 1462 1348 2548
a 1348 1462 2548
a 1463 1462 687
a 1462 1463 687
a 1464 1465 778
a 1465 1464 778
a 1460 1465 597
a 1465 1460 597
a 1465 1466 373
a 1466 1465 373
a 1467 1457 893
a 1457 1467 893
a 1468 1467 672
a 1467 1468 672
a 1468 1464 1429
a 1464 1468 1429
a 1469 1468 796
a 1468 1469 796
a 1469 1466 1176
a 1466 1469 1176
a 1470 1469 796
a 1469 1470 796
a 1471 1470 675
a 1470 1471 675
a 1462 1472 808
a 1472 1462 808
a 1463 1473 474
a 1473 1463 474
a 1474 1463 4686
a 1463 1474 4686
a 1472 1471 627
a 1471 1472 627
a 1471 1475 924
a 1475 1471 924
a 1475 1473 1143
a 1473 1475 1143
a 1475 1476 905
a 1476 1475 905
a 1473 1476 1012
a 1476 1473 1012
a 1476 1477 928
a 1477 1476 928
a 1477 1478 762
a 1478 1477 762
a 1430 1479 888
a 1479 1430 888
a 1480 1481 749
a 1481 1480 749
a 1480 1453 1575
a 1453 1480 1575
a 1479 1480 1292
a 1480 1479 1292
a 1479 1482 786
a 1482 1479 786
a 1482 1483 817
a 1483 1482 817
a 1484 1483 503
a 1483 1484 503
a 1481 1482 1425
a 1482 1481 1425
a 1485 1481 1796
a 1481 1485 1796
a 1453 1486 778
a 1486 1453 778
a 1485 1487 1131
a 1487 1485 1131
a 1488 1485 3702
a 1485 1488 3702
a 1489 1490 278
a 1490 1489 278
a 1484 1491 1004
a 1491 1484 1004
a 1492 1484 1726
a 1484 1492 1726
a 1439 1493 335
a 1493 1439 335
a 1440 1439 1030
a 1439 1440 1030
a 1491 1489 1919
a 1489 1491 1919
a 1491 1489 1919
a 1489 1491 1919
a 1492 1494 373
a 1494 1492 373
a 1495 1440 1096
a 1440 1495 1096
a 1496 1492 1872
a 1492 1496 1872
a 1488 1496 1778
a 1496 1488 1778
a 1233 1497 1118
a 1497 1233 1118
a 1498 1456 3688
a 1456 1498 3688
a 1499 1498 893
a 1498 1499 893
a 1500 1499 275
a 1499 1500 275
a 1499 1501 2006
a 1501 1499 2006
a 1502 1488 1305
a 1488 1502 1305
a 1488 1503 679
a 1503 1488 679
a 1502 1498 1429
a 1498 1502 1429
a 1499 1502 1672
a 1502 1499 1672
a 1502 1504 1060
a 1504 1502 1060
a 1504 1505 344
a 1505 1504 344
a 1505 1501 950
a 1501 1505 950
a 1505 1506 1571
a 1506 1505 1571
a 1507 1467 2702
a 1467 1507 2702
a 1470 1508 1814
a 1508 1470 1814
a 1508 1509 1425
a 1509 1508 1425
a 1509 1477 2376
a 1477 1509 2376
a 1509 1510 603
a 1510 1509 603
a 1508 1507 1573
a 1507 1508 1573
a 1507 1511 1357
a 1511 1507 1357
a 1500 1457 3526
a 1457 1500 3526
a 1512 1500 1114
a 1500 1512 1114
a 1507 1512 902
a 1512 1507 902
a 1513 1512 893
a 1512 1513 893
a 1511 1509 945
a 1509 1511 945
a 1511 1514 433
a 1514 1511 433
a 1515 1513 778
a 1513 1515 778
a 1515 1516 550
a 1516 1515 550
a 1517 1515 778
a 1515 1517 778
a 1510 1478 2067
a 1478 1510 2067
a 1518 1519 2062
a 1519 1518 2062
a 1478 1518 1095
a 1518 1478 1095
a 1510 1519 754
a 1519 1510 754
a 1519 1517 627
a 1517 1519 627
a 1520 1517 2007
a 1517 1520 2007
a 1521 1518 2700
a 1518 1521 2700
a 1522 1523 846
a 1523 1522 846
a 1513 1524 928
a 1524 1513 928
a 1525 1524 1667
a 1524 1525 1667
a 1522 1526 796
a 1526 1522 796
a 1527 1522 1381
a 1522 1527 1381
a 1501 1522 787
a 1522 1501 787
a 1501 1528 1139
a 1528 1501 1139
a 1524 1526 671
a 1526 1524 671
a 1526 1529 373
a 1529 1526 373
a 1529 1530 1454
a 1530 1529 1454
a 1529 1531 922
a 1531 1529 922
a 1517 1525 922
a 1525 1517 922
a 1530 1525 679
a 1525 1530 679
a 1532 1520 1142
a 1520 1532 1142
a 1533 1530 1891
a 1530 1533 1891
a 1534 1535 1111
a 1535 1534 1111
a 1520 1533 1509
a 1533 1520 1509
a 1533 1536 168
a 1536 1533 168
a 1536 1537 1114
a 1537 1536 1114
a 1536 1534 597
a 1534 1536 597
a 1538 1539 893
a 1539 1538 893
a 1540 102 2541
a 102 1540 2541
a 1541 1542 1375
a 1542 1541 1375
a 1542 1540 5460
a 1540 1542 5460
a 1543 1540 1442
a 1540 1543 1442
a 1543 1544 1675
a 1544 1543 1675
a 1545 1543 2202
a 1543 1545 2202
a 1545 1546 1341
a 1546 1545 1341
a 1547 1548 1529
a 1548 1547 1529
a 1549 246 6818
a 246 1549 6818
a 1549 252 3070
a 252 1549 3070
a 1550 1551 3253
a 1551 1550 3253
a 1552 1549 4568
a 1549 1552 4568
a 1553 1545 1540
a 1545 1553 1540
a 1552 1554 922
a 1554 1552 922
a 1555 1547 2028
a 1547 1555 2028
a 1553 1556 373
a 1556 1553 373
a 1556 1557 336
a 1557 1556 336
a 1556 1552 713
a 1552 1556 713
a 1547 1553 2451
a 1553 1547 2451
a 1553 1557 433
a 1557 1553 433
a 1557 1558 713
a 1558 1557 713
a 1558 1550 515
a 1550 1558 515
a 1550 1559 1274
a 1559 1550 1274
a 1559 1560 6416
a 1560 1559 6416
a 1561 1562 3446
a 1562 1561 3446
a 1563 1541 562
a 1541 1563 562
a 1562 1563 2038
a 1563 1562 2038
a 1555 1563 3276
a 1563 1555 3276
a 1561 1564 1342
a 1564 1561 1342
a 1565 1566 474
a 1566 1565 474
a 1567 1565 1206
a 1565 1567 1206
a 1567 1565 1206
a 1565 1567 1206
a 1568 1567 754
a 1567 1568 754
a 1568 1569 917
a 1569 1568 917
a 1569 1570 1221
a 1570 1569 1221
a 1571 1568 3831
a 1568 1571 3831
a 1572 1573 2063
a 1573 1572 2063
a 1574 1575 2181
a 1575 1574 2181
a 1574 1576 1734
a 1576 1574 1734
a 1577 1574 1767
a 1574 1577 1767
a 1577 1578 1084
a 1578 1577 1084
a 1579 1577 4244
a 1577 1579 4244
a 1571 1580 597
a 1580 1571 597
a 1581 1571 333
a 1571 1581 333
a 1582 1581 818
a 1581 1582 818
a 1574 1582 2413
a 1582 1574 2413
a 1581 1572 1938
a 1572 1581 1938
a 1583 1582 3745
a 1582 1583 3745
a 1584 1583 2690
a 1583 1584 2690
a 1585 1583 2237
a 1583 1585 2237
a 1569 1555 1835
a 1555 1569 1835
a 1586 1587 2054
a 1587 1586 2054
a 1572 1588 939
a 1588 1572 939
a 1586 1558 9890
a 1558 1586 9890
a 1589 1586 3297
a 1586 1589 3297
a 1589 1590 1532
a 1590 1589 1532
a 1591 1589 3227
a 1589 1591 3227
a 1592 1593 511
a 1593 1592 511
a 1592 1594 671
a 1594 1592 671
a 1595 1592 1014
a 1592 1595 1014
a 1596 1595 2181
a 1595 1596 2181
a 1597 1598 3852
a 1598 1597 3852
a 1599 1600 503
a 1600 1599 503
a 1601 1600 5903
a 1600 1601 5903
a 1600 1602 475
a 1602 1600 475
a 1599 1602 557
a 1602 1599 557
a 1603 1599 2457
a 1599 1603 2457
a 1604 1596 521
a 1596 1604 521
a 1605 1604 1081
a 1604 1605 1081
a 1596 286 2002
a 286 1596 2002
a 1606 1605 2690
a 1605 1606 2690
a 1605 1607 4192
a 1607 1605 4192
a 1608 1606 1334
a 1606 1608 1334
a 1606 1609 1810
a 1609 1606 1810
a 1609 1610 1530
a 1610 1609 1530
a 1609 1611 1012
a 1611 1609 1012
a 286 287 1734
a 287 286 1734
a 287 1612 1930
a 1612 287 1930
a 1604 1613 2676
a 1613 1604 2676
a 1613 1614 1780
a 1614 1613 1780
a 1613 1615 1789
a 1615 1613 1789
a 1610 1616 2142
a 1616 1610 2142
a 1602 1608 2879
a 1608 1602 2879
a 1608 1617 2505
a 1617 1608 2505
a 1618 1619 837
a 1619 1618 837
a 1603 1620 2359
a 1620 1603 2359
a 1617 1618 1504
a 1618 1617 1504
a 1621 1603 3015
a 1603 1621 3015
a 1618 1622 838
a 1622 1618 838
a 1623 1597 1004
a 1597 1623 1004
a 1560 1623 550
a 1623 1560 550
a 1624 1560 10336
a 1560 1624 10336
a 1623 1625 1766
a 1625 1623 1766
a 1626 1601 1809
a 1601 1626 1809
a 1625 1627 275
a 1627 1625 275
a 1628 1625 2894
a 1625 1628 2894
a 1627 1626 736
a 1626 1627 736
a 1629 1626 1565
a 1626 1629 1565
a 1630 1629 2016
a 1629 1630 2016
a 1631 1624 611
a 1624 1631 611
a 1632 1624 475
a 1624 1632 475
a 1633 1630 1591
a 1630 1633 1591
a 1634 1628 7223
a 1628 1634 7223
a 1635 1601 2040
a 1601 1635 2040
a 1635 1636 1089
a 1636 1635 1089
a 1621 1635 675
a 1635 1621 675
a 1637 1621 3341
a 1621 1637 3341
a 1638 1639 1285
a 1639 1638 1285
a 1629 1638 2013
a 1638 1629 2013
a 1638 1640 1556
a 1640 1638 1556
a 1640 1641 2470
a 1641 1640 2470
a 1642 1643 1292
a 1643 1642 1292
a 1644 1637 201
a 1637 1644 201
a 1642 1637 1532
a 1637 1642 1532
a 1645 1644 876
a 1644 1645 876
a 1646 1642 1576
a 1642 1646 1576
a 1647 1648 353
a 1648 1647 353
a 1649 1648 893
a 1648 1649 893
a 1648 1650 2553
a 1650 1648 2553
a 1645 1649 452
a 1649 1645 452
a 1649 1651 2493
a 1651 1649 2493
a 1652 1645 696
a 1645 1652 696
a 1653 1652 950
a 1652 1653 950
a 1652 1654 1956
a 1654 1652 1956
a 1655 1652 1861
a 1652 1655 1861
a 1656 1633 893
a 1633 1656 893
a 1630 1657 2212
a 1657 1630 2212
a 1658 1656 3360
a 1656 1658 3360
a 1656 1633 893
a 1633 1656 893
a 1659 1660 434
a 1660 1659 434
a 1661 1659 1389
a 1659 1661 1389
a 1662 1646 2335
a 1646 1662 2335
a 1646 1663 1359
a 1663 1646 1359
a 1659 1662 2700
a 1662 1659 2700
a 1662 1664 419
a 1664 1662 419
a 1665 1664 2002
a 1664 1665 2002
a 1664 1666 1006
a 1666 1664 1006
a 1667 1666 1504
a 1666 1667 1504
a 1666 1663 1565
a 1663 1666 1565
a 1663 1653 1298
a 1653 1663 1298
a 1653 1668 1822
a 1668 1653 1822
a 1666 1669 1194
a 1669 1666 1194
a 1670 1669 818
a 1669 1670 818
a 1660 1665 926
a 1665 1660 926
a 1671 1660 1565
a 1660 1671 1565
a 1672 1667 884
a 1667 1672 884
a 1665 1667 1616
a 1667 1665 1616
a 1673 1672 1504
a 1672 1673 1504
a 1674 1675 278
a 1675 1674 278
a 1675 1676 1575
a 1676 1675 1575
a 1675 1673 1149
a 1673 1675 1149
a 1677 1678 2224
a 1678 1677 2224
a 104 1677 1392
a 1677 104 1392
a 1677 1679 557
a 1679 1677 557
a 1679 1680 1881
a 1680 1679 1881
a 1679 1579 696
a 1579 1679 696
a 1681 1682 1248
a 1682 1681 1248
a 1680 1683 124
a 1683 1680 124
a 1681 1683 1540
a 1683 1681 1540
a 1683 1684 333
a 1684 1683 333
a 1684 1685 847
a 1685 1684 847
a 1682 1686 550
a 1686 1682 550
a 1687 1686 1188
a 1686 1687 1188
a 1579 1688 1356
a 1688 1579 1356
a 1688 1584 386
a 1584 1688 386
a 1584 1585 1140
a 1585 1584 1140
a 1585 1689 1546
a 1689 1585 1546
a 1690 1684 1509
a 1684 1690 1509
a 1686 1685 1144
a 1685 1686 1144
a 1685 1691 409
a 1691 1685 409
a 1691 1692 1258
a 1692 1691 1258
a 1693 1690 716
a 1690 1693 716
a 1693 1694 1225
a 1694 1693 1225
a 1695 1693 1457
a 1693 1695 1457
a 1696 1697 818
a 1697 1696 818
a 1697 1698 1114
a 1698 1697 1114
a 1698 1699 1124
a 1699 1698 1124
a 1696 1687 1735
a 1687 1696 1735
a 1697 1700 1774
a 1700 1697 1774
a 1700 1701 1014
a 1701 1700 1014
a 1701 1702 1357
a 1702 1701 1357
a 1698 1703 1090
a 1703 1698 1090
a 1699 1704 1848
a 1704 1699 1848
a 1704 1705 667
a 1705 1704 667
a 1705 1706 1112
a 1706 1705 1112
a 1705 1707 1466
a 1707 1705 1466
a 1699 1702 1095
a 1702 1699 1095
a 1702 1708 1247
a 1708 1702 1247
a 1708 1709 700
a 1709 1708 700
a 1709 1706 879
a 1706 1709 879
a 1706 1710 2034
a 1710 1706 2034
a 1687 1692 474
a 1692 1687 474
a 1692 1700 1225
a 1700 1692 1225
a 1692 1694 1346
a 1694 1692 1346
a 1694 1701 2825
a 1701 1694 2825
a 1694 1695 680
a 1695 1694 680
a 1711 1695 2000
a 1695 1711 2000
a 1712 1713 889
a 1713 1712 889
a 1714 1711 139
a 1711 1714 139
a 1715 1714 1408
a 1714 1715 1408
a 1714 1712 796
a 1712 1714 796
a 1716 1717 344
a 1717 1716 344
a 1712 1716 503
a 1716 1712 503
a 1718 1716 333
a 1716 1718 333
a 1716 1719 597
a 1719 1716 597
a 1702 1715 1573
a 1715 1702 1573
a 1709 1708 700
a 1708 1709 700
a 1706 1720 1006
a 1720 1706 1006
a 1720 1721 2568
a 1721 1720 2568
a 1720 1722 252
a 1722 1720 252
a 1722 1723 2387
a 1723 1722 2387
a 1715 1724 563
a 1724 1715 563
a 1713 1722 3057
a 1722 1713 3057
a 1713 1725 1188
a 1725 1713 1188
a 1725 1726 591
a 1726 1725 591
a 1726 1727 2162
a 1727 1726 2162
a 1726 1727 2162
a 1727 1726 2162
a 1728 1719 301
a 1719 1728 301
a 1729 1730 305
a 1730 1729 305
a 1689 1591 704
a 1591 1689 704
a 1731 1732 1139
a 1732 1731 1139
a 1695 1732 1530
a 1732 1695 1530
a 1733 1731 1872
a 1731 1733 1872
a 1734 1733 1301
a 1733 1734 1301
a 1731 1735 876
a 1735 1731 876
a 1736 1733 3672
a 1733 1736 3672
a 1737 1736 503
a 1736 1737 503
a 1736 1734 3591
a 1734 1736 3591
a 1737 1738 4584
a 1738 1737 4584
a 1591 1739 357
a 1739 1591 357
a 1740 1737 688
a 1737 1740 688
a 1740 1741 1090
a 1741 1740 1090
a 1741 1742 680
a 1742 1741 680
a 1743 1744 1675
a 1744 1743 1675
a 1734 1745 344
a 1745 1734 344
a 1738 1746 1694
a 1746 1738 1694
a 1738 1747 1012
a 1747 1738 1012
a 1732 1746 1928
a 1746 1732 1928
a 1746 1748 6038
a 1748 1746 6038
a 1746 1749 1751
a 1749 1746 1751
a 1747 1749 2340
a 1749 1747 2340
a 1711 1750 763
a 1750 1711 763
a 1719 1751 445
a 1751 1719 445
a 1725 1728 1704
a 1728 1725 1704
a 1748 1752 597
a 1752 1748 597
a 1752 1748 597
a 1748 1752 597
a 1749 1752 5460
a 1752 1749 5460
a 1749 1753 1065
a 1753 1749 1065
a 1753 1754 373
a 1754 1753 373
a 1754 1755 1007
a 1755 1754 1007
a 1707 1756 867
a 1756 1707 867
a 1707 1710 672
a 1710 1707 672
a 1710 1757 1234
a 1757 1710 1234
a 1758 1759 649
a 1759 1758 649
a 1758 1757 680
a 1757 1758 680
a 1759 1760 373
a 1760 1759 373
a 1757 1721 1452
a 1721 1757 1452
a 1760 1761 672
a 1761 1760 672
a 1761 1762 1878
a 1762 1761 1878
a 1763 1764 278
a 1764 1763 278
a 67 1765 314
a 1765 67 314
a 1762 1766 248
a 1766 1762 248
a 1728 1767 846
a 1767 1728 846
a 1762 1768 222
a 1768 1762 222
a 1764 1768 1761
a 1768 1764 1761
a 1768 1769 667
a 1769 1768 667
a 1769 1770 1591
a 1770 1769 1591
a 1721 1723 1030
a 1723 1721 1030
a 1727 1771 1008
a 1771 1727 1008
a 1723 1771 846
a 1771 1723 846
a 1771 1772 168
a 1772 1771 168
a 1772 1773 649
a 1773 1772 649
a 1772 1774 335
a 1774 1772 335
a 1773 1775 474
a 1775 1773 474
a 1761 1775 4553
a 1775 1761 4553
a 1775 1776 787
a 1776 1775 787
a 1777 1769 1628
a 1769 1777 1628
a 1766 1778 1562
a 1778 1766 1562
a 1778 1779 1060
a 1779 1778 1060
a 1779 1780 1978
a 1780 1779 1978
a 1780 1781 2358
a 1781 1780 2358
a 1770 1782 6133
a 1782 1770 6133
a 1770 1783 691
a 1783 1770 691
a 1783 1784 315
a 1784 1783 315
a 1784 1785 671
a 1785 1784 671
a 1785 1781 335
a 1781 1785 335
a 1776 1779 1741
a 1779 1776 1741
a 1776 1786 252
a 1786 1776 252
a 1786 1780 3088
a 1780 1786 3088
a 1775 1787 2982
a 1787 1775 2982
a 1786 1788 1195
a 1788 1786 1195
a 1788 1789 1344
a 1789 1788 1344
a 1788 1790 1680
a 1790 1788 1680
a 1791 1792 2350
a 1792 1791 2350
a 1792 1793 1667
a 1793 1792 1667
a 1793 1794 1609
a 1794 1793 1609
a 1795 1792 1268
a 1792 1795 1268
a 1796 1790 893
a 1790 1796 893
a 1787 1797 1972
a 1797 1787 1972
a 1798 1799 436
a 1799 1798 436
a 1799 1800 402
a 1800 1799 402
a 1799 1801 562
a 1801 1799 562
a 1790 1802 587
a 1802 1790 587
a 1802 1803 1207
a 1803 1802 1207
a 1800 1801 418
a 1801 1800 418
a 1804 1800 344
a 1800 1804 344
a 1801 1802 1114
a 1802 1801 1114
a 1804 1801 335
a 1801 1804 335
a 1805 1804 1222
a 1804 1805 1222
a 1793 1796 1220
a 1796 1793 1220
a 1796 1806 2072
a 1806 1796 2072
a 1803 1805 333
a 1805 1803 333
a 1803 1807 275
a 1807 1803 275
a 1807 1808 2167
a 1808 1807 2167
a 1781 1791 1012
a 1791 1781 1012
a 1809 1791 1667
a 1791 1809 1667
a 1810 1809 1024
a 1809 1810 1024
a 1809 1811 1559
a 1811 1809 1559
a 1791 1795 1464
a 1795 1791 1464
a 1795 1810 2496
a 1810 1795 2496
a 1810 1811 1055
a 1811 1810 1055
a 1811 1812 1700
a 1812 1811 1700
a 1742 1743 1809
a 1743 1742 1809
a 1742 1631 929
a 1631 1742 929
a 1743 1747 3613
a 1747 1743 3613
a 1631 1632 587
a 1632 1631 587
a 1632 1813 275
a 1813 1632 275
a 1813 1814 335
a 1814 1813 335
a 1814 1755 9477
a 1755 1814 9477
a 1814 1634 1090
a 1634 1814 1090
a 1634 1815 1012
a 1815 1634 1012
a 1815 1816 2170
a 1816 1815 2170
a 1815 1817 1179
a 1817 1815 1179
a 1816 1818 2731
a 1818 1816 2731
a 1755 1819 3192
a 1819 1755 3192
a 1820 1821 1565
a 1821 1820 1565
a 1820 1822 1556
a 1822 1820 1556
a 1823 1821 3422
a 1821 1823 3422
a 1823 1820 4438
a 1820 1823 4438
a 1797 1824 4798
a 1824 1797 4798
a 1815 1658 1301
a 1658 1815 1301
a 1658 1661 1480
a 1661 1658 1480
a 1817 1825 423
a 1825 1817 423
a 1825 1826 1609
a 1826 1825 1609
a 1816 1827 1576
a 1827 1816 1576
a 1825 1828 1075
a 1828 1825 1075
a 1828 1661 502
a 1661 1828 502
a 1829 1830 4032
a 1830 1829 4032
a 1828 1671 630
a 1671 1828 630
a 1818 1831 1222
a 1831 1818 1222
a 1831 1832 1897
a 1832 1831 1897
a 1829 1818 1334
a 1818 1829 1334
a 1829 1833 1635
a 1833 1829 1635
a 1834 1829 825
a 1829 1834 825
a 1834 1835 902
a 1835 1834 902
a 1831 1833 1764
a 1833 1831 1764
a 1833 1836 2191
a 1836 1833 2191
a 1671 1837 1382
a 1837 1671 1382
a 1837 1834 4589
a 1834 1837 4589
a 1837 1674 201
a 1674 1837 201
a 1676 1838 1021
a 1838 1676 1021
a 1838 1839 278
a 1839 1838 278
a 1838 1840 3222
a 1840 1838 3222
a 1839 1835 2812
a 1835 1839 2812
a 1839 1841 4557
a 1841 1839 4557
a 1835 1842 2044
a 1842 1835 2044
a 1841 1842 671
a 1842 1841 671
a 1842 1843 671
a 1843 1842 671
a 1841 1843 475
a 1843 1841 475
a 1832 1823 1180
a 1823 1832 1180
a 1832 1844 1334
a 1844 1832 1334
a 1844 1845 556
a 1845 1844 556
a 1845 67 358
a 67 1845 358
a 1846 1847 2277
a 1847 1846 2277
a 1765 1846 562
a 1846 1765 562
a 1824 1846 2511
a 1846 1824 2511
a 1846 1848 782
a 1848 1846 782
a 1848 62 766
a 62 1848 766
a 62 1849 1242
a 1849 62 1242
a 1836 64 1756
a 64 1836 1756
a 1836 1850 475
a 1850 1836 475
a 1850 68 785
a 68 1850 785
a 1847 1851 1406
a 1851 1847 1406
a 1843 1852 889
a 1852 1843 889
a 1852 1836 1464
a 1836 1852 1464
a 1851 60 330
a 60 1851 330
a 71 1852 597
a 1852 71 597
a 61 71 557
a 71 61 557
a 1853 1798 1553
a 1798 1853 1553
a 1853 1800 1472
a 1800 1853 1472
a 1805 1853 2677
a 1853 1805 2677
a 1854 1853 201
a 1853 1854 201
a 1855 1854 929
a 1854 1855 929
a 1854 1856 1071
a 1856 1854 1071
a 1856 1855 782
a 1855 1856 782
a 1857 1855 902
a 1855 1857 902
a 1856 1858 1114
a 1858 1856 1114
a 1859 1672 2000
a 1672 1859 2000
a 1807 1860 2087
a 1860 1807 2087
a 1860 1808 2170
a 1808 1860 2170
a 1860 1861 2765
a 1861 1860 2765
a 1808 1862 333
a 1862 1808 333
a 1863 1857 503
a 1857 1863 503
a 1864 1857 475
a 1857 1864 475
a 1864 1863 557
a 1863 1864 557
a 1860 1864 1621
a 1864 1860 1621
a 1861 1865 3140
a 1865 1861 3140
a 1866 1867 2475
a 1867 1866 2475
a 1866 1868 2468
a 1868 1866 2468
a 1869 1866 1298
a 1866 1869 1298
a 1869 1870 1149
a 1870 1869 1149
a 1865 1869 2416
a 1869 1865 2416
a 1865 1871 3745
a 1871 1865 3745
a 1849 1863 2747
a 1863 1849 2747
a 1849 1861 4087
a 1861 1849 4087
a 1872 1873 1117
a 1873 1872 1117
a 1874 1875 6288
a 1875 1874 6288
a 1876 1877 548
a 1877 1876 548
a 1878 1879 2010
a 1879 1878 2010
a 399 1878 1022
a 1878 399 1022
a 1880 399 4890
a 399 1880 4890
a 1881 1880 4856
a 1880 1881 4856
a 1880 1882 2098
a 1882 1880 2098
a 1883 1884 1179
a 1884 1883 1179
a 1883 1881 2091
a 1881 1883 2091
a 408 1885 2062
a 1885 408 2062
a 1886 408 2248
a 408 1886 2248
a 1887 1888 2525
a 1888 1887 2525
a 1889 1886 2138
a 1886 1889 2138
a 1889 1890 1359
a 1890 1889 1359
a 1886 1887 1412
a 1887 1886 1412
a 1891 1887 817
a 1887 1891 817
a 1892 1889 3369
a 1889 1892 3369
a 1893 1894 1713
a 1894 1893 1713
a 1895 1893 1934
a 1893 1895 1934
a 1895 1881 2826
a 1881 1895 2826
a 1896 1895 2798
a 1895 1896 2798
a 1897 1898 2437
a 1898 1897 2437
a 1872 1883 811
a 1883 1872 811
a 1897 1899 1532
a 1899 1897 1532
a 1896 1897 3690
a 1897 1896 3690
a 1900 1897 1012
a 1897 1900 1012
a 1875 1896 3956
a 1896 1875 3956
a 1655 1901 667
a 1901 1655 667
a 1651 1650 1014
a 1650 1651 1014
a 1654 1651 796
a 1651 1654 796
a 1902 1654 1357
a 1654 1902 1357
a 1903 1872 1499
a 1872 1903 1499
a 1904 1903 1318
a 1903 1904 1318
a 1905 1903 658
a 1903 1905 658
a 1906 1904 1225
a 1904 1906 1225
a 1904 1907 670
a 1907 1904 670
a 1908 1907 562
a 1907 1908 562
a 1907 1905 1352
a 1905 1907 1352
a 1877 1908 556
a 1908 1877 556
a 1908 1909 762
a 1909 1908 762
a 1907 1910 1291
a 1910 1907 1291
a 1911 1906 373
a 1906 1911 373
a 1912 1911 580
a 1911 1912 580
a 1913 1912 580
a 1912 1913 580
a 1914 1913 2688
a 1913 1914 2688
a 1915 1877 778
a 1877 1915 778
a 1916 1915 672
a 1915 1916 672
a 1877 1917 922
a 1917 1877 922
a 1913 1916 762
a 1916 1913 762
a 1918 1916 916
a 1916 1918 916
a 1919 1918 1980
a 1918 1919 1980
a 1916 1920 724
a 1920 1916 724
a 1921 1922 983
a 1922 1921 983
a 1923 1921 2428
a 1921 1923 2428
a 1902 1655 550
a 1655 1902 550
a 1669 1924 474
a 1924 1669 474
a 1925 1670 688
a 1670 1925 688
a 1924 1926 786
a 1926 1924 786
a 1670 1927 825
a 1927 1670 825
a 1928 1902 353
a 1902 1928 353
a 1929 1928 1408
a 1928 1929 1408
a 1667 1925 1194
a 1925 1667 1194
a 1930 1925 1084
a 1925 1930 1084
a 1931 1930 796
a 1930 1931 796
a 1925 1932 762
a 1932 1925 762
a 1932 1933 275
a 1933 1932 275
a 1673 1934 736
a 1934 1673 736
a 1934 1931 402
a 1931 1934 402
a 1931 1935 353
a 1935 1931 353
a 1935 1936 1065
a 1936 1935 1065
a 1937 1938 475
a 1938 1937 475
a 1935 1939 1339
a 1939 1935 1339
a 1939 1940 1298
a 1940 1939 1298
a 1939 1937 336
a 1937 1939 336
a 1936 1941 238
a 1941 1936 238
a 1936 1942 627
a 1942 1936 627
a 1943 1929 1014
a 1929 1943 1014
a 1929 1914 562
a 1914 1929 562
a 1914 1919 929
a 1919 1914 929
a 1944 1919 1234
a 1919 1944 1234
a 1938 1943 1530
a 1943 1938 1530
a 1943 1945 419
a 1945 1943 419
a 1945 1944 627
a 1944 1945 627
a 1944 1923 536
a 1923 1944 536
a 1938 1945 1714
a 1945 1938 1714
a 1946 1947 1166
a 1947 1946 1166
a 1937 1948 1024
a 1948 1937 1024
a 1948 1949 2610
a 1949 1948 2610
a 1940 1950 884
a 1950 1940 884
a 1950 1951 238
a 1951 1950 238
a 1940 1952 949
a 1952 1940 949
a 1951 1953 550
a 1953 1951 550
a 1951 1954 1119
a 1954 1951 1119
a 1955 1956 1343
a 1956 1955 1343
a 1950 1957 834
a 1957 1950 834
a 1954 1949 2130
a 1949 1954 2130
a 1949 1955 418
a 1955 1949 418
a 1915 1958 1429
a 1958 1915 1429
a 1874 1959 3090
a 1959 1874 3090
a 1960 1947 1809
a 1947 1960 1809
a 1961 1962 418
a 1962 1961 418
a 1962 1946 418
a 1946 1962 418
a 1921 1960 949
a 1960 1921 949
a 1960 1961 474
a 1961 1960 474
a 1963 1961 611
a 1961 1963 611
a 1964 1963 2366
a 1963 1964 2366
a 1963 1965 201
a 1965 1963 201
a 1966 1967 587
a 1967 1966 587
a 1965 1874 2913
a 1874 1965 2913
a 1968 1969 1611
a 1969 1968 1611
a 1923 1964 1138
a 1964 1923 1138
a 1970 1964 1138
a 1964 1970 1138
a 1948 1970 3620
a 1970 1948 3620
a 1971 1965 2170
a 1965 1971 2170
a 1955 1972 4076
a 1972 1955 4076
a 1970 1971 1298
a 1971 1970 1298
a 1971 1973 1084
a 1973 1971 1084
a 1974 1966 24
a 1966 1974 24
a 1967 1975 1339
a 1975 1967 1339
a 1976 1968 713
a 1968 1976 713
a 1968 1977 473
a 1977 1968 473
a 1967 1976 746
a 1976 1967 746
a 1976 1978 671
a 1978 1976 671
a 1975 1979 825
a 1979 1975 825
a 1980 1981 1030
a 1981 1980 1030
a 1982 1983 2278
a 1983 1982 2278
a 1984 1892 1408
a 1892 1984 1408
a 1892 1985 1139
a 1985 1892 1139
a 1986 1982 238
a 1982 1986 238
a 1987 1986 587
a 1986 1987 587
a 1988 1986 889
a 1986 1988 889
a 1988 1987 1065
a 1987 1988 1065
a 1989 1988 782
a 1988 1989 782
a 1984 1989 926
a 1989 1984 926
a 445 1990 2242
a 1990 445 2242
a 1987 1991 2642
a 1991 1987 2642
a 1982 445 1576
a 445 1982 1576
a 1989 1992 2213
a 1992 1989 2213
a 1992 485 222
a 485 1992 222
a 1993 1992 275
a 1992 1993 275
a 1994 1995 269
a 1995 1994 269
a 1996 1994 1320
a 1994 1996 1320
a 1997 1993 503
a 1993 1997 503
a 1998 1997 580
a 1997 1998 580
a 1996 1997 587
a 1997 1996 587
a 1999 1998 3042
a 1998 1999 3042
a 1998 1996 937
a 1996 1998 937
a 2000 1996 680
a 1996 2000 680
a 2001 2002 1083
a 2002 2001 1083
a 1900 2001 2278
a 2001 1900 2278
a 2001 1984 1611
a 1984 2001 1611
a 1875 1900 1031
a 1900 1875 1031
a 2003 2004 1753
a 2004 2003 1753
a 2005 2006 1951
a 2006 2005 1951
a 1999 2005 787
a 2005 1999 787
a 2005 2007 2007
a 2007 2005 2007
a 2008 1999 2007
a 1999 2008 2007
a 2009 2007 680
a 2007 2009 680
a 2007 2003 556
a 2003 2007 556
a 2009 2010 222
a 2010 2009 222
a 2011 2009 2446
a 2009 2011 2446
a 2003 2012 2375
a 2012 2003 2375
a 2010 2008 562
a 2008 2010 562
a 2013 2014 1021
a 2014 2013 1021
a 2015 2013 1669
a 2013 2015 1669
a 478 2016 947
a 2016 478 947
a 2017 478 1371
a 478 2017 1371
a 488 2017 474
a 2017 488 474
a 2017 2018 1670
a 2018 2017 1670
a 2019 488 2578
a 488 2019 2578
a 1994 2020 308
a 2020 1994 308