1
0
1
1
1000000
0
0
0
0
1
21 63 252
60 67 283
50 72 369
67 72 513
2 89 620
6 97 289
26 99 537
74 99 109
20 103 309
70 120 988
88 120 140
83 123 324
126 132 144
78 134 485
14 141 510
151 153 885
26 156 108
133 166 275
67 191 446
151 193 638
75 196 261
163 205 102
186 207 240
199 207 147
182 209 130
23 214 114
216 217 272
161 219 408
70 220 170
130 220 135
82 222 641
46 230 342
6 236 322
31 239 170
124 239 431
49 243 253
40 246 716
38 249 162
239 249 273
168 250 505
116 252 151
93 254 375
35 256 103
254 271 410
157 273 130
187 274 348
267 275 239
139 276 273
125 277 258
227 282 106
48 283 518
144 283 419
165 284 144
65 288 213
76 289 190
204 294 681
212 294 229
187 296 317
191 297 295
233 298 340
51 299 147
150 304 147
240 304 139
100 305 493
209 305 335
150 308 738
186 309 230
107 310 344
52 312 245
212 313 122
267 317 239
303 317 532
104 327 794
122 330 313
324 332 693
138 339 861
176 339 855
187 344 315
287 344 110
36 345 227
170 350 275
291 350 131
117 351 358
118 351 977
343 355 135
224 356 176
290 356 902
261 357 413
87 359 286
320 359 113
249 366 496
344 366 185
106 368 250
76 370 191
153 372 729
232 375 689
2 377 619
19 378 606
259 383 314
160 384 164
96 386 806
388 390 523
340 394 133
380 394 188
82 396 246
34 398 115
109 402 255
382 402 289
286 410 141
139 411 273
198 414 112
399 418 349
234 420 120
283 420 107
148 424 240
8 427 333
293 427 250
396 429 283
154 432 887
184 432 376
235 433 108
6 436 317
151 436 122
433 437 396
45 438 127
165 443 978
100 446 352
159 447 225
284 449 122
43 454 493
192 454 406
402 455 235
23 456 749
168 458 929
383 463 312
135 464 216
47 469 522
232 469 595
121 470 157
180 472 107
291 475 168
350 481 124
263 484 316
119 485 779
186 485 251
1 487 149
386 487 951
199 488 663
195 490 118
376 494 366
397 494 541
78 496 421
378 497 385
406 499 224
441 499 851
113 500 218
233 500 363
374 501 743
143 504 473
482 504 469
418 505 524
110 506 145
328 507 288
321 509 212
344 509 127
91 512 345
1 513 217
10 514 275
146 514 276
257 516 460
364 520 309
224 521 147
384 522 182
384 528 191
215 529 846
319 529 743
404 530 772
415 530 167
227 531 473
366 531 103
481 532 158
485 532 202
368 534 197
362 535 490
505 535 624
273 536 204
316 536 176
162 537 265
450 537 236
367 544 137
285 546 443
145 550 116
14 557 169
178 559 118
154 561 284
149 562 992
175 563 171
94 565 103
27 573 236
420 577 150
200 578 249
198 579 854
292 579 274
224 583 180
374 585 744
32 586 408
500 586 437
576 586 317
271 587 441
11 588 296
260 588 600
363 588 103
479 588 144
512 588 105
481 590 149
556 591 668
56 592 114
106 592 146
75 593 361
62 597 218
91 598 573
237 599 359
542 599 215
548 601 188
357 603 570
11 604 292
142 605 349
580 605 133
477 607 291
435 613 128
480 620 371
494 626 527
474 628 125
250 629 880
218 634 384
124 636 279
426 637 211
554 638 106
549 639 585
583 639 597
44 642 237
366 642 240
352 643 130
260 646 160
141 648 688
625 648 213
573 651 199
624 654 651
426 655 132
1 656 147
457 657 192
530 658 118
350 659 280
430 659 288
202 661 468
136 662 370
596 663 169
107 664 343
271 666 442
95 668 924
140 668 482
412 669 164
78 670 411
409 670 751
305 671 388
18 675 211
88 675 103
160 675 469
262 675 913
307 675 255
321 675 108
404 676 434
537 676 129
46 677 376
659 680 265
329 682 237
210 683 135
79 685 673
657 686 216
32 688 285
75 689 262
210 690 152
322 693 967
164 694 492
173 694 320
396 695 602
428 696 275
593 697 367
355 698 816
268 699 221
308 699 386
218 700 354
20 703 345
120 703 754
206 704 429
180 705 903
348 705 556
652 705 163
142 706 352
368 706 322
187 710 271
188 712 105
427 713 298
502 713 122
110 715 185
68 718 100
347 719 153
228 720 166
646 721 135
459 722 120
457 723 870
141 725 579
599 725 222
145 726 140
453 726 226
281 727 287
90 730 191
156 731 302
525 732 125
525 734 166
152 736 151
594 737 154
227 738 718
303 738 126
462 739 289
623 741 292
132 742 224
431 742 171
716 743 266
658 744 138
4 745 361
413 745 297
190 746 487
226 746 629
80 750 288
413 750 942
724 752 369
631 754 205
751 754 325
341 756 687
728 756 127
8 757 182
87 759 135
597 759 238
546 761 132
12 762 146
598 762 568
63 765 204
392 767 422
393 769 195
156 770 302
260 771 255
528 772 105
427 775 207
592 775 800
376 776 133
443 778 170
762 779 113
645 780 433
180 781 170
479 781 863
472 782 128
19 783 588
416 783 287
467 783 287
590 784 202
368 785 250
652 786 198
566 788 448
170 790 105
187 792 270
425 792 483
164 793 591
570 793 460
773 793 459
375 794 168
382 794 220
43 795 146
207 795 210
791 797 953
450 798 285
408 799 722
691 799 718
223 801 150
39 802 453
158 802 235
730 804 259
73 806 217
632 806 175
115 808 198
51 809 143
348 810 258
663 810 809
368 811 533
618 811 559
36 812 227
221 813 182
9 814 122
333 814 284
477 815 261
33 816 927
764 816 862
172 818 114
265 819 361
684 820 857
497 821 225
539 821 197
105 822 504
427 822 230
9 824 315
645 824 487
248 826 204
737 826 422
53 827 395
340 830 702
487 831 140
803 832 237
448 833 834
763 833 105
687 834 516
412 835 135
835 839 222
82 840 637
69 841 731
139 842 396
378 842 433
445 842 328
518 843 278
410 844 276
707 844 416
713 844 361
459 846 343
463 846 766
265 847 399
357 848 473
124 849 355
172 851 272
315 854 239
663 854 140
762 854 889
86 858 224
553 858 152
93 860 389
779 863 974
858 863 108
577 864 507
707 866 351
184 867 552
218 869 646
717 869 493
640 870 256
674 871 256
795 871 256
72 873 368
668 874 107
121 875 158
225 876 864
162 878 397
347 879 101
432 879 499
767 879 740
856 879 886
160 880 665
31 881 278
342 881 287
804 881 373
430 882 139
444 882 104
98 885 170
877 885 939
202 886 468
64 887 273
286 888 413
203 889 288
818 890 368
654 892 595
647 893 119
684 893 197
832 893 245
883 893 116
181 894 116
646 894 213
427 895 264
552 895 118
343 896 280
507 896 387
364 897 452
490 897 400
119 900 586
240 902 791
864 902 782
123 903 176
540 903 315
418 904 349
188 905 809
837 906 259
42 907 112
253 907 817
273 907 139
861 909 217
39 910 416
433 910 184
509 911 138
615 911 195
600 917 660
711 917 445
90 919 325
134 920 281
799 921 809
582 922 550
73 925 480
641 925 471
235 926 990
354 927 929
460 927 295
339 929 162
846 929 103
459 930 146
797 930 430
668 931 607
463 932 130
76 933 144
600 936 691
627 936 488
928 936 488
315 937 211
73 938 703
80 939 383
544 940 137
327 941 214
698 941 222
722 941 189
719 942 127
161 943 228
468 943 779
615 943 150
838 945 231
165 946 654
405 947 611
98 948 206
239 948 344
709 948 140
635 949 347
34 950 113
61 951 131
577 953 137
466 954 291
492 954 237
519 954 291
805 955 867
837 955 846
26 956 171
165 956 539
761 958 381
331 959 208
516 959 286
879 959 218
644 960 304
326 962 575
521 962 574
248 964 794
772 964 318
694 966 320
643 967 552
725 967 104
807 967 953
360 968 784
179 969 219
477 970 376
720 970 325
79 971 474
834 972 514
740 973 345
821 973 186
229 975 227
68 976 127
835 976 233
867 976 170
900 976 143
697 977 271
456 980 162
859 980 126
116 981 184
179 981 192
351 982 655
762 984 707
104 986 866
497 986 207
187 987 263
386 987 520
257 989 841
405 989 887
569 989 617
311 991 139
879 991 288
559 992 709
703 992 113
65 993 378
925 993 603
649 994 141
251 995 206
760 996 704
734 997 230
763 997 219
534 998 529
306 999 796
434 999 408
739 1000 289
698 1004 325
985 1005 173
967 1007 137
594 1008 175
758 1008 184
804 1008 284
51 1009 200
521 1010 190
835 1013 121
837 1014 406
94 1015 131
632 1015 150
862 1016 420
257 1018 347
723 1018 144
791 1019 857
806 1022 162
266 1023 645
583 1023 227
961 1023 633
667 1024 378
15 1026 123
68 1026 276
967 1026 947
109 1027 843
357 1028 513
604 1029 105
476 1030 229
922 1031 690
422 1032 174
314 1033 624
134 1035 203
83 1038 360
332 1038 763
286 1039 188
579 1039 428
486 1040 530
206 1041 449
293 1042 142
340 1042 866
622 1042 161
703 1042 135
127 1044 147
595 1044 148
996 1044 150
535 1045 490
262 1047 110
762 1047 954
856 1050 849
963 1050 111
334 1053 252
1049 1053 167
907 1054 853
560 1055 172
720 1056 265
199 1057 630
335 1058 178
817 1058 240
869 1058 559
740 1060 392
43 1061 448
236 1061 878
826 1061 760
899 1061 113
18 1064 876
28 1065 353
984 1066 206
1043 1066 246
81 1067 128
547 1067 930
1067 1068 515
244 1069 100
457 1069 166
612 1072 482
723 1074 358
20 1075 662
483 1075 857
69 1076 559
547 1076 134
221 1077 320
270 1077 294
337 1077 304
330 1078 198
696 1078 304
118 1080 150
179 1080 226
678 1080 195
480 1081 371
338 1083 399
599 1083 203
183 1084 359
621 1085 205
1033 1085 207
1070 1086 241
178 1088 620
1055 1088 255
1051 1089 443
279 1090 412
360 1091 109
883 1091 161
926 1091 166
618 1092 348
117 1093 872
215 1095 586
265 1096 384
5 1097 159
122 1098 458
510 1098 231
934 1098 717
866 1099 381
72 1100 425
472 1100 178
313 1101 140
498 1102 177
908 1102 135
1047 1102 253
425 1103 562
30 1106 282
969 1106 208
318 1107 141
836 1107 157
1006 1107 142
571 1108 335
1040 1110 804
964 1111 308
1018 1111 211
274 1112 334
870 1112 364
624 1113 725
409 1114 867
778 1114 206
919 1115 353
898 1116 640
264 1117 227
567 1117 225
973 1117 503
385 1119 181
931 1119 177
878 1120 420
959 1121 242
556 1122 662
203 1123 331
619 1123 205
332 1124 631
288 1126 859
238 1127 264
363 1127 261
429 1129 160
887 1129 265
1030 1130 230
407 1131 355
381 1133 927
948 1133 185
957 1133 105
589 1134 701
278 1137 749
258 1138 343
1128 1138 300
1010 1140 362
1034 1141 973
1134 1141 757
561 1142 581
823 1142 472
1041 1142 602
161 1143 812
1079 1143 789
1105 1144 327
77 1145 617
361 1146 264
433 1147 846
565 1147 788
681 1147 389
79 1148 647
877 1148 439
515 1149 473
925 1149 746
98 1152 218
976 1152 247
1028 1152 351
1102 1152 271
122 1153 109
970 1153 273
479 1154 731
439 1155 229
768 1156 228
845 1156 223
307 1157 271
1090 1159 399
272 1160 184
38 1161 170
51 1161 637
111 1161 676
190 1161 552
453 1162 171
550 1163 749
523 1164 154
559 1165 252
569 1165 856
802 1165 201
268 1166 220
211 1167 151
523 1167 353
1082 1169 860
116 1170 196
256 1170 161
746 1171 617
565 1172 598
231 1173 498
1046 1173 234
485 1174 191
737 1174 106
950 1174 139
302 1175 350
55 1176 114
714 1176 121
1083 1176 498
1059 1177 348
5 1178 206
1125 1178 319
397 1179 435
225 1181 124
835 1181 178
1029 1181 409
1056 1181 203
834 1182 699
930 1182 721
1032 1182 157
847 1183 298
998 1183 311
1149 1183 643
993 1186 363
1047 1186 233
543 1187 949
719 1187 169
911 1187 333
1058 1187 216
863 1188 150
889 1188 707
3 1189 211
465 1189 211
746 1189 224
180 1190 886
881 1191 382
270 1192 122
288 1193 730
668 1193 128
1076 1193 105
607 1195 276
674 1195 270
719 1195 263
292 1196 637
639 1197 585
1113 1198 334
1188 1199 128
922 1200 550
749 1202 891
278 1203 144
562 1203 162
448 1204 764
489 1205 378
254 1206 416
1034 1206 108
437 1207 118
42 1208 136
47 1208 143
777 1209 562
1002 1209 997
164 1211 378
520 1211 283
715 1211 496
518 1212 341
560 1212 181
602 1212 286
464 1213 299
844 1213 367
315 1215 220
151 1216 394
35 1217 701
154 1217 115
270 1221 276
919 1221 307
508 1222 167
938 1223 116
1085 1223 229
109 1224 735
545 1224 203
997 1225 189
457 1226 138
631 1227 137
203 1228 385
635 1228 296
994 1228 276
283 1229 194
387 1229 279
1158 1229 187
210 1230 148
1057 1232 141
800 1233 187
774 1234 458
152 1235 112
349 1236 128
169 1238 222
736 1238 155
1165 1240 780
933 1241 228
400 1243 282
646 1243 258
30 1245 333
86 1245 284
1115 1245 278
13 1246 108
473 1246 108
539 1246 199
932 1247 580
891 1249 599
1089 1249 765
1110 1249 932
1183 1250 305
1014 1254 671
1193 1254 495
1096 1255 524
359 1257 135
935 1257 111
167 1258 506
530 1258 486
168 1259 674
352 1259 107
1226 1259 415
581 1260 476
608 1260 286
130 1262 650
756 1262 223
616 1264 250
201 1266 516
503 1267 158
1052 1269 322
1177 1270 348
1110 1271 610
43 1272 448
392 1272 106
49 1273 486
194 1273 559
442 1273 559
613 1273 138
77 1274 524
105 1274 335
332 1274 988
692 1274 552
981 1274 112
1009 1275 899
151 1276 313
926 1276 414
1091 1276 124
340 1277 108
1073 1277 130
192 1278 417
730 1279 170
991 1279 141
1022 1279 125
1039 1279 385
554 1280 947
736 1280 567
1096 1281 530
323 1283 171
1088 1283 733
1150 1283 228
38 1284 147
594 1284 732
1169 1286 854
257 1287 542
727 1287 405
963 1287 265
817 1288 114
1025 1288 927
1077 1289 290
373 1290 207
120 1293 148
180 1293 503
911 1295 219
779 1296 259
1219 1298 855
718 1299 224
839 1299 239
800 1300 318
303 1301 291
479 1301 902
551 1301 702
66 1302 139
527 1302 138
1048 1302 120
526 1303 268
72 1304 464
174 1304 201
1102 1304 299
708 1305 233
1201 1305 357
679 1306 110
733 1306 522
1094 1306 190
1135 1306 610
1153 1306 785
80 1307 267
1034 1307 169
263 1308 363
434 1308 114
440 1309 117
533 1309 695
1062 1309 117
524 1312 166
659 1312 331
210 1313 143
932 1314 572
970 1316 354
1095 1316 446
560 1317 467
611 1317 282
169 1318 306
394 1318 314
625 1318 337
191 1320 290
1262 1320 217
606 1322 366
327 1323 198
832 1324 347
889 1324 268
1294 1324 230
885 1325 112
811 1326 422
1065 1327 354
798 1328 236
596 1329 134
1244 1330 187
672 1331 920
129 1333 352
168 1333 365
445 1334 178
894 1335 136
1052 1336 321
137 1337 133
485 1337 169
767 1337 815
137 1338 735
178 1338 342
796 1339 536
91 1340 202
882 1341 139
425 1342 228
511 1344 167
923 1344 218
1091 1344 252
600 1345 598
1004 1345 487
616 1348 240
1016 1348 150
260 1349 173
1114 1349 232
1142 1349 532
1333 1349 443
137 1350 109
1046 1350 904
451 1351 308
1171 1352 137
251 1353 370
817 1353 338
1018 1353 242
166 1354 340
1002 1354 168
1037 1354 158
571 1355 144
31 1356 126
65 1356 207
630 1356 579
523 1357 851
914 1357 110
1017 1358 276
974 1359 275
967 1360 588
1147 1360 322
20 1361 143
112 1361 100
495 1361 343
716 1363 266
856 1364 749
1302 1364 147
865 1365 188
263 1366 533
302 1366 507
128 1368 449
1220 1368 449
917 1369 445
30 1370 291
272 1370 133
393 1371 196
14 1372 858
827 1373 395
898 1374 640
1090 1375 399
11 1376 269
180 1378 151
668 1378 956
1054 1378 145
1020 1379 821
1287 1379 270
255 1380 485
884 1380 485
933 1380 503
580 1381 310
1094 1381 323
192 1382 515
1296 1382 357
152 1383 164
516 1383 188
1022 1383 134
623 1384 178
478 1385 396
556 1386 337
1330 1386 268
1291 1387 870
85 1389 330
321 1389 217
401 1389 330
22 1390 413
304 1391 319
673 1391 388
242 1392 333
25 1393 103
288 1393 122
572 1393 366
923 1393 136
557 1394 201
1012 1394 119
1025 1394 108
188 1395 310
1150 1395 291
808 1396 180
1141 1396 763
592 1398 179
638 1398 150
547 1399 247
1295 1399 239
181 1400 718
280 1400 707
598 1400 770
835 1402 128
1274 1402 605
241 1403 752
1053 1403 180
250 1405 258
1280 1405 248
596 1406 117
1071 1406 811
562 1407 971
315 1408 211
868 1410 411
979 1410 483
626 1411 583
502 1412 343
700 1412 170
722 1413 142
958 1413 291
1069 1414 349
1078 1414 165
1276 1414 344
253 1416 105
980 1416 166
1291 1416 136
445 1417 178
1277 1418 138
1415 1418 411
625 1419 324
659 1419 391
292 1420 401
149 1421 115
359 1421 822
762 1421 304
204 1422 130
503 1423 267
637 1424 180
41 1426 403
751 1426 458
1209 1427 557
208 1428 104
214 1428 113
163 1429 785
391 1429 487
1321 1429 186
172 1430 147
238 1430 197
274 1431 108
571 1431 145
640 1431 118
388 1432 512
729 1432 385
623 1433 293
1032 1434 174
852 1435 366
152 1436 142
946 1436 661
1251 1436 104
1405 1437 250
256 1438 309
919 1438 467
1189 1438 399
1422 1438 300
341 1439 146
756 1439 781
337 1441 287
573 1441 327
905 1441 210
1118 1441 232
887 1443 273
477 1444 220
944 1446 237
17 1447 208
1201 1448 279
127 1449 377
1394 1449 101
1430 1449 443
827 1450 414
125 1451 320
234 1451 188
830 1452 138
965 1452 118
1137 1452 473
1393 1452 216
774 1453 195
321 1454 297
831 1455 190
1136 1455 165
1451 1455 261
19 1457 970
395 1457 825
186 1458 239
301 1459 363
1277 1459 128
220 1460 195
878 1460 329
610 1461 527
1456 1461 527
239 1462 321
309 1462 185
611 1463 463
684 1463 104
735 1463 565
358 1464 187
1266 1465 434
197 1466 167
325 1466 224
1085 1466 288
471 1467 111
8 1468 226
850 1470 265
1464 1470 761
375 1471 634
607 1471 166
785 1471 104
1469 1472 771
1017 1473 422
1177 1473 474
284 1474 122
992 1475 185
1242 1475 170
114 1476 744
909 1476 458
939 1476 516
1403 1477 610
189 1478 205
213 1478 206
1450 1478 280
185 1479 336
308 1479 333
312 1479 441
447 1479 371
727 1479 494
908 1479 295
1087 1479 332
1231 1480 126
1349 1480 484
95 1481 209
662 1481 334
178 1483 235
1285 1483 337
305 1484 308
1084 1485 360
1007 1486 113
1368 1488 508
1425 1488 154
217 1489 275
469 1489 138
165 1490 829
916 1490 370
1021 1490 184
1028 1490 257
984 1491 912
1265 1491 390
1029 1492 450
1063 1492 662
166 1493 275
379 1494 261
855 1494 261
1488 1494 374
581 1496 562
748 1496 408
384 1497 153
7 1498 498
201 1499 354
989 1500 802
1237 1500 466
311 1501 956
532 1502 144
560 1502 374
862 1502 583
902 1502 942
148 1503 343
920 1503 317
1298 1504 166
1367 1504 488
24 1505 751
389 1505 592
633 1505 680
209 1506 140
665 1508 409
305 1509 309
890 1509 114
1169 1511 857
107 1512 426
983 1512 237
1425 1512 197
688 1513 328
784 1513 299
1097 1513 303
888 1514 149
258 1515 299
1277 1515 235
11 1516 461
753 1516 342
1168 1516 424
602 1518 417
656 1518 375
778 1518 417
1438 1518 521
301 1519 118
402 1519 254
373 1522 198
509 1522 539
584 1522 577
1070 1523 313
1282 1523 208
1319 1524 119
23 1525 149
270 1525 184
719 1525 114
1263 1525 203
1191 1526 228
975 1527 271
1109 1528 970
1424 1528 130
461 1529 242
614 1529 369
1510 1529 242
1011 1530 266
1518 1530 467
807 1531 971
702 1532 688
450 1534 201
756 1534 609
451 1535 304
298 1536 300
1385 1536 342
912 1537 777
202 1538 593
1131 1538 513
15 1539 195
198 1539 175
924 1539 139
1403 1539 172
246 1540 271
358 1540 174
1035 1540 662
1038 1540 384
208 1542 839
782 1542 103
671 1543 194
614 1544 480
1104 1544 400
150 1545 256
373 1545 247
918 1545 299
1109 1545 739
1398 1545 106
962 1546 575
59 1547 421
397 1548 371
429 1549 124
934 1550 113
784 1551 156
1317 1552 813
1414 1552 849
723 1553 546
996 1553 529
29 1554 227
147 1554 227
908 1554 174
1527 1554 285
539 1555 269
1377 1555 206
1445 1555 206
58 1556 350
574 1556 403
727 1557 324
1036 1558 118
1129 1558 127
490 1559 118
944 1560 299
1419 1560 286
568 1561 116
996 1562 550
456 1563 871
529 1565 744
388 1566 360
712 1566 100
1483 1566 116
282 1567 183
965 1567 183
1057 1568 252
1142 1568 528
1388 1568 173
157 1569 476
1492 1569 120
1566 1570 902
1 1571 831
15 1572 207
435 1572 229
901 1572 208
346 1573 348
772 1574 113
1170 1574 100
334 1575 216
1149 1576 494
179 1577 207
920 1577 211
69 1578 143
192 1578 415
471 1578 184
721 1578 975
1184 1578 117
1469 1579 771
601 1580 252
697 1581 271
1442 1582 249
284 1583 258
301 1583 218
609 1583 195
1240 1583 208
1570 1583 169
781 1584 532
1496 1585 408
863 1586 927
149 1587 580
1124 1587 192
1169 1587 991
1204 1587 578
522 1588 140
551 1588 115
951 1589 544
204 1590 439
101 1591 284
18 1592 218
74 1592 214
954 1592 370
976 1592 266
695 1593 565
112 1595 242
865 1595 275
452 1596 163
1088 1597 914
1119 1598 196
845 1599 226
1003 1599 204
119 1600 114
684 1600 824
1576 1601 172
1168 1602 312
1514 1602 253
1381 1603 133
1517 1603 153
1535 1603 128
1557 1604 245
171 1605 130
568 1605 190
915 1605 130
20 1606 133
398 1606 180
1097 1606 243
421 1607 293
561 1607 412
1567 1608 167
43 1609 944
1084 1610 613
1469 1610 905
290 1611 210
1307 1611 241
1323 1611 225
1594 1612 830
1071 1613 800
1135 1613 123
1290 1613 822
507 1614 289
23 1615 812
1210 1615 276
414 1616 109
1520 1616 809
1609 1617 927
584 1618 999
1324 1618 240
498 1619 809
763 1619 118
1601 1619 109
36 1620 354
322 1621 860
1229 1621 230
1261 1622 184
1262 1622 100
308 1623 170
1190 1623 166
1439 1623 197
185 1625 743
526 1625 479
612 1625 546
1340 1625 305
1390 1625 114
1139 1626 227
1507 1626 227
849 1627 229
125 1628 259
54 1629 195
321 1629 150
1623 1629 258
369 1630 305
677 1630 349
872 1630 305
432 1631 756
532 1631 166
566 1631 107
1007 1631 154
1300 1633 281
452 1634 174
1162 1634 515
1297 1634 965
1420 1636 130
1582 1636 274
235 1637 181
393 1637 267
491 1637 147
1210 1637 119
1236 1637 206
1039 1638 478
1452 1638 921
673 1639 322
1395 1639 355
568 1641 253
1473 1641 376
166 1642 342
392 1642 135
971 1642 117
979 1642 341
985 1642 112
68 1643 144
564 1643 218
1503 1643 340
155 1644 522
1205 1645 378
444 1646 555
1234 1646 155
359 1647 822
1402 1647 232
92 1648 148
975 1648 269
35 1649 463
1234 1649 369
908 1650 915
1194 1650 117
203 1651 238
563 1652 226
991 1652 179
1283 1652 240
633 1653 396
693 1653 258
27 1654 137
225 1654 105
333 1655 881
721 1655 437
660 1656 171
1401 1656 215
1531 1656 187
615 1657 194
630 1657 111
944 1657 280
637 1658 280
1095 1658 446
1293 1658 195
558 1659 101
1404 1659 432
1616 1659 305
1603 1660 150
509 1661 117
714 1661 707
876 1661 511
1178 1661 110
71 1662 842
1264 1662 210
1524 1662 108
1056 1663 274
1121 1663 207
1347 1663 168
61 1664 129
815 1664 193
1395 1664 311
1283 1665 171
155 1667 765
662 1667 639
1591 1667 625
238 1668 117
1227 1668 158
27 1669 118
693 1670 169
1287 1670 266
603 1671 426
1263 1671 259
33 1672 484
584 1672 301
715 1673 319
1001 1673 334
841 1674 460
960 1674 411
1260 1675 286
70 1676 146
365 1676 111
456 1676 139
86 1677 151
1210 1677 385
1226 1677 726
290 1678 138
1549 1678 256
1391 1679 300
136 1680 223
453 1681 238
702 1681 154
1100 1682 155
114 1683 619
1357 1684 673
365 1685 609
1058 1685 125
1421 1685 386
1624 1685 322
844 1686 363
340 1687 511
867 1687 498
1195 1687 212
439 1689 229
544 1690 228
739 1690 336
1206 1690 174
851 1691 262
1413 1692 802
1610 1692 484
159 1693 205
1021 1693 802
1226 1693 105
653 1694 109
17 1695 438
152 1695 146
683 1695 281
1582 1695 239
269 1697 242
747 1697 241
1031 1697 471
1308 1698 148
211 1699 903
279 1699 189
810 1699 558
980 1699 167
1424 1699 155
1378 1700 241
438 1701 177
1058 1701 521
1292 1701 193
1616 1701 160
7 1702 545
1199 1702 338
514 1703 442
939 1703 462
1065 1703 498
406 1704 483
1120 1704 519
1632 1704 456
541 1705 365
848 1706 283
742 1707 217
901 1707 176
300 1708 930
533 1708 800
1268 1708 933
838 1709 271
1353 1709 371
1532 1709 122
166 1710 365
857 1710 181
1076 1710 133
1666 1710 181
979 1711 319
1337 1711 153
191 1712 329
952 1713 204
1688 1713 249
356 1714 565
593 1714 231
1386 1714 783
1102 1715 170
1048 1716 296
1604 1716 164
951 1717 272
987 1717 446
1002 1717 465
1190 1717 485
1693 1717 700
116 1718 239
605 1718 240
1484 1718 192
1534 1718 185
767 1719 271
801 1719 108
1082 1719 149
1699 1719 733
136 1720 339
528 1720 247
914 1720 231
1388 1720 145
1458 1720 275
1481 1720 303
474 1721 766
1241 1721 666
1359 1721 207
131 1722 180
419 1722 180
871 1722 286
988 1722 106
867 1723 229
1112 1723 389
1149 1723 562
84 1724 128
1475 1724 208
150 1725 274
667 1725 271
723 1725 237
869 1725 638
1221 1725 293
491 1726 263
1598 1726 321
869 1727 494
371 1728 128
403 1728 115
1457 1729 825
257 1730 432
159 1731 345
545 1731 234
563 1731 330
1222 1731 311
1303 1731 207
1346 1731 242
108 1732 825
897 1732 902
1533 1732 825
39 1733 485
852 1733 441
818 1734 234
1 1735 831
413 1736 227
517 1736 332
1151 1736 334
1248 1736 723
647 1737 832
1302 1737 155
243 1738 274
390 1739 443
464 1739 372
845 1739 283
808 1740 198
1185 1741 319
1696 1741 163
799 1742 137
1128 1742 206
589 1743 448
292 1744 638
261 1745 222
1688 1745 177
1606 1746 154
237 1747 296
104 1748 146
520 1748 279
309 1749 168
669 1749 812
1514 1749 190
1646 1749 103
1459 1750 298
763 1751 838
1452 1752 833
1291 1753 880
121 1754 161
364 1754 105
439 1754 212
239 1755 322
598 1755 137
1523 1755 253
841 1756 232
492 1757 122
574 1757 312
586 1757 409
603 1758 358
1303 1758 748
122 1759 522
1464 1759 388
286 1761 316
1074 1761 333
1350 1761 921
1067 1762 431
811 1763 498
242 1764 535
513 1764 389
724 1764 556
353 1765 245
919 1765 413
988 1765 204
1254 1766 183
142 1767 321
247 1768 181
1063 1768 154
526 1769 154
1468 1769 211
441 1770 549
964 1770 996
1093 1771 128
303 1772 537
1730 1772 139
826 1773 858
787 1774 150
1146 1774 273
1696 1774 128
992 1775 548
1230 1775 472
1298 1775 171
695 1776 565
1234 1777 116
18 1778 209
592 1778 233
1552 1778 189
1764 1778 458
140 1779 268
417 1779 269
782 1779 297
1068 1779 259
1249 1779 707
856 1780 441
957 1780 804
1684 1780 304
1458 1781 145
1662 1782 122
906 1783 425
1477 1783 407
57 1784 503
336 1784 512
1134 1784 743
590 1785 108
1335 1786 159
1429 1786 120
1567 1786 235
1663 1786 237
944 1787 178
1350 1787 674
1506 1787 425
191 1788 322
560 1788 972
819 1788 118
1695 1790 621
343 1791 247
504 1791 180
1205 1791 415
320 1792 735
547 1793 232
1465 1793 255
1067 1794 517
896 1795 369
1253 1795 264
1256 1795 263
555 1796 211
1480 1796 229
1330 1797 188
38 1798 243
1763 1798 290
898 1799 101
1779 1799 283
162 1800 282
227 1800 172
420 1800 554
493 1800 136
572 1800 127
913 1800 137
1042 1800 309
1440 1800 136
296 1801 140
245 1802 682
584 1802 961
1331 1802 112
1773 1802 610
69 1803 835
292 1803 818
1285 1803 502
678 1804 322
1202 1804 299
1261 1804 336
1580 1804 352
540 1805 333
1700 1805 308
1659 1806 433
72 1807 330
199 1807 241
398 1807 834
637 1807 104
580 1808 766
1201 1808 293
355 1809 130
1384 1809 131
1538 1809 350
1333 1810 568
1370 1810 395
1668 1810 371
59 1812 139
749 1812 933
772 1812 143
1462 1812 203
1582 1812 295
347 1813 704
768 1814 245
725 1815 486
948 1815 119
1640 1815 529
526 1816 315
1504 1816 951
102 1817 632
144 1817 571
469 1817 899
690 1817 962
721 1817 522
1322 1817 342
1584 1817 783
830 1818 942
1526 1818 924
1567 1818 108
1634 1818 487
71 1819 134
354 1819 146
794 1819 244
853 1819 161
1810 1820 522
1811 1820 398
1017 1821 275
938 1822 202
1208 1822 256
330 1823 152
558 1823 154
1189 1823 259
578 1824 217
1207 1825 131
1251 1825 123
402 1826 234
650 1826 484
437 1827 115
959 1827 228
390 1828 416
1405 1828 352
251 1829 206
1604 1829 209
93 1830 397
110 1831 145
909 1832 217
119 1833 374
16 1834 124
167 1834 137
193 1834 132
1504 1834 108
1588 1834 178
1359 1835 275
1594 1836 830
1673 1837 334
671 1838 208
892 1838 514
1039 1839 420
1794 1839 366
453 1840 218
830 1840 137
225 1841 713
469 1841 260
921 1841 305
1642 1841 107
704 1842 408
1362 1842 277
1769 1842 334
1561 1843 263
1365 1844 122
586 1845 551
634 1845 427
949 1845 512
968 1845 342
1183 1845 537
383 1846 314
8 1847 174
156 1847 570
1144 1847 164
1169 1847 102
1343 1847 172
603 1848 359
403 1849 268
410 1850 851
1043 1850 229
1341 1850 168
1030 1851 335
1626 1851 333
1692 1851 308
119 1852 170
541 1852 367
1397 1853 446
1495 1853 447
1620 1853 509
578 1854 195
693 1854 602
1766 1854 569
1379 1855 817
122 1856 293
260 1856 201
1577 1856 869
801 1857 424
1252 1857 480
740 1858 393
1010 1859 360
1773 1861 620
800 1862 148
1685 1862 155
1758 1862 709
487 1863 172
1289 1863 180
1379 1863 161
1164 1864 586
1455 1864 174
1131 1865 354
6 1866 399
1487 1866 268
1641 1867 311
1748 1867 273
415 1868 366
575 1868 358
1366 1868 541
829 1869 234
929 1869 267
1409 1869 234
903 1870 212
114 1871 619
105 1872 160
908 1872 554
21 1873 206
341 1873 162
646 1874 164
188 1875 212
1635 1875 246
24 1876 468
280 1877 438
481 1878 772
1147 1878 230
233 1879 267
179 1880 141
1061 1880 215
1239 1880 150
1684 1880 138
1561 1881 266
1667 1882 535
1480 1883 134
1590 1883 468
78 1884 620
1218 1884 451
596 1885 134
533 1886 773
614 1886 250
103 1887 124
162 1887 243
1342 1888 441
1028 1889 371
1228 1889 331
1686 1889 254
2 1890 728
716 1890 477
750 1890 406
1411 1891 496
986 1892 748
1886 1892 529
1055 1893 249
1241 1894 145
1425 1894 921
1678 1894 124
1210 1895 815
474 1896 124
1590 1897 191
617 1898 367
558 1899 936
1103 1900 147
288 1901 109
1047 1901 143
538 1902 277
978 1902 277
1384 1902 226
177 1903 101
1180 1903 100
1396 1903 327
480 1904 625
1594 1904 951
25 1905 127
135 1905 426
878 1905 302
211 1906 441
448 1906 738
478 1907 324
95 1908 179
236 1908 192
1650 1908 181
100 1909 526
1248 1909 357
1482 1909 375
733 1910 165
1607 1910 325
995 1911 159
1275 1911 135
1401 1912 155
1780 1912 110
789 1913 404
864 1913 310
1573 1913 493
1595 1913 443
910 1914 177
1483 1915 182
25 1916 103
1343 1916 639
1649 1916 730
650 1917 317
912 1917 860
1818 1917 614
1209 1918 941
1344 1918 175
46 1919 343
1558 1920 118
1463 1921 561
314 1922 169
348 1922 122
638 1923 132
1183 1923 326
1355 1923 814
280 1924 834
1203 1924 138
505 1925 373
677 1925 136
1867 1925 262
745 1926 361
350 1927 473
828 1927 171
1298 1927 174
81 1928 253
1099 1928 347
1173 1929 514
1450 1930 422
1549 1930 116
1904 1930 427
1215 1931 101
1694 1931 910
1028 1932 272
581 1933 513
1004 1933 470
1031 1933 538
263 1934 316
281 1935 160
432 1935 787
436 1935 169
1061 1935 862
923 1936 125
990 1937 111
1063 1937 310
1713 1937 245
762 1938 145
1544 1939 400
22 1940 752
1508 1940 756
1577 1940 128
200 1941 154
1464 1941 810
1013 1942 337
557 1943 151
400 1944 378
1635 1944 362
1822 1944 374
117 1945 168
1311 1945 373
1317 1945 580
1453 1945 412
239 1946 347
1179 1946 280
1423 1947 242
1284 1948 268
1310 1948 501
1808 1948 123
1829 1948 496
1856 1949 760
1219 1950 104
949 1951 493
1339 1951 605
1056 1952 229
1333 1952 386
188 1953 139
760 1953 537
37 1954 163
1333 1954 405
1160 1955 813
1234 1955 645
1554 1955 236
1716 1955 161
387 1956 300
1266 1956 455
604 1957 111
1193 1957 314
589 1958 449
123 1959 990
682 1959 267
1024 1959 126
1621 1959 201
471 1960 211
825 1960 189
934 1960 216
797 1961 551
1132 1961 291
1521 1961 291
161 1962 711
699 1962 123
1049 1963 774
1756 1963 278
203 1964 237
39 1965 485
686 1965 322
1315 1965 267
755 1966 470
1332 1966 470
1353 1966 588
325 1967 147
622 1968 121
836 1969 135
1620 1969 222
1892 1969 506
654 1970 111
1135 1970 122
435 1971 369
789 1971 392
1191 1971 421
1640 1971 316
1789 1971 315
1265 1972 781
997 1973 221
1583 1973 236
464 1974 298
653 1974 173
1091 1974 233
1898 1975 367
836 1976 118
1541 1976 877
1760 1976 876
427 1977 196
1564 1977 801
391 1978 172
1292 1978 202
295 1979 885
1290 1979 267
1057 1980 155
1783 1980 844
117 1981 124
586 1981 273
1156 1981 757
1091 1982 142
546 1983 438
423 1984 143
701 1984 142
1712 1984 196
744 1985 130
257 1986 567
1055 1986 412
1860 1986 311
1713 1987 203
1052 1988 505
1345 1988 534
1898 1988 537
1931 1989 545
159 1990 298
475 1990 250
705 1990 113
1528 1990 232
1728 1990 249
552 1991 823
599 1991 215
1058 1991 109
1394 1991 133
1822 1991 193
1838 1992 762
523 1993 842
659 1993 277
787 1993 942
1713 1994 204
1267 1995 263
1304 1995 176
761 1996 408
766 1996 344
1214 1996 344
791 1997 856
374 1998 959
958 1998 635
1461 1998 805
368 1999 199
1781 1999 446
671 2000 217
1398 2000 150
