1
0
1
1
1000000
0
0
0
0
1
10 17 1000
11 19 1000
17 24 1000
21 31 1000
15 33 1000
2 35 1000
10 37 1000
25 38 1000
19 43 1000
33 46 1000
29 47 1000
31 49 1000
46 55 1000
40 56 1000
9 57 1000
49 59 1000
6 61 1000
3 64 1000
51 65 1000
27 67 1000
59 69 1000
51 70 1000
65 70 1000
65 73 1000
40 74 1000
12 76 1000
12 77 1000
30 77 1000
27 78 1000
67 78 1000
6 79 1000
52 82 1000
68 83 1000
3 84 1000
64 84 1000
13 87 1000
74 87 1000
40 89 1000
42 90 1000
31 92 1000
76 92 1000
37 96 1000
39 96 1000
70 100 1000
39 101 1000
41 101 1000
32 104 1000
104 105 1000
30 106 1000
67 106 1000
78 106 1000
55 107 1000
18 109 1000
91 109 1000
76 111 1000
45 113 1000
60 114 1000
54 115 1000
36 116 1000
72 117 1000
13 118 1000
112 120 1000
86 122 1000
12 123 1000
77 123 1000
82 123 1000
55 124 1000
7 125 1000
35 125 1000
13 127 1000
123 127 1000
81 128 1000
26 129 1000
109 129 1000
95 131 1000
96 131 1000
80 132 1000
59 133 1000
69 133 1000
2 134 1000
125 134 1000
85 135 1000
63 137 1000
89 138 1000
33 139 1000
46 139 1000
21 140 1000
31 140 1000
92 140 1000
26 141 1000
95 141 1000
51 150 1000
70 150 1000
56 152 1000
86 152 1000
127 152 1000
75 153 1000
4 154 1000
60 155 1000
114 155 1000
32 156 1000
104 156 1000
28 159 1000
34 161 1000
112 162 1000
23 163 1000
30 164 1000
133 164 1000
40 169 1000
56 169 1000
74 169 1000
89 169 1000
122 169 1000
152 169 1000
86 170 1000
89 170 1000
138 170 1000
45 171 1000
52 173 1000
95 173 1000
148 173 1000
25 174 1000
38 174 1000
69 175 1000
108 175 1000
133 175 1000
112 177 1000
162 177 1000
94 179 1000
165 179 1000
102 180 1000
107 181 1000
167 181 1000
111 182 1000
139 182 1000
8 183 1000
151 183 1000
85 185 1000
174 185 1000
22 186 1000
173 187 1000
18 188 1000
58 188 1000
13 190 1000
107 190 1000
167 190 1000
90 191 1000
49 192 1000
59 192 1000
140 192 1000
30 194 1000
59 194 1000
67 194 1000
18 195 1000
170 195 1000
188 195 1000
42 196 1000
90 196 1000
191 196 1000
88 197 1000
136 198 1000
24 199 1000
148 199 1000
36 200 1000
121 201 1000
159 201 1000
117 202 1000
50 203 1000
175 205 1000
184 206 1000
45 207 1000
113 207 1000
171 207 1000
7 208 1000
9 209 1000
32 209 1000
88 209 1000
156 209 1000
82 210 1000
123 210 1000
71 211 1000
147 211 1000
10 212 1000
37 212 1000
9 213 1000
32 213 1000
104 213 1000
156 213 1000
11 214 1000
19 214 1000
48 214 1000
29 215 1000
26 217 1000
109 217 1000
23 218 1000
58 218 1000
163 218 1000
178 219 1000
14 220 1000
48 220 1000
47 221 1000
54 223 1000
216 223 1000
200 224 1000
23 225 1000
163 225 1000
45 227 1000
142 227 1000
171 227 1000
4 228 1000
189 228 1000
19 229 1000
43 229 1000
176 230 1000
48 231 1000
214 231 1000
104 232 1000
213 232 1000
10 233 1000
17 233 1000
27 233 1000
78 233 1000
106 233 1000
141 233 1000
212 233 1000
20 234 1000
222 234 1000
93 235 1000
44 236 1000
85 236 1000
202 236 1000
18 237 1000
188 237 1000
205 237 1000
217 237 1000
21 238 1000
77 238 1000
111 238 1000
140 238 1000
182 238 1000
167 239 1000
190 239 1000
12 240 1000
139 240 1000
149 240 1000
182 240 1000
36 241 1000
54 242 1000
115 242 1000
17 243 1000
95 243 1000
131 243 1000
141 243 1000
138 245 1000
5 246 1000
93 246 1000
12 247 1000
103 247 1000
189 248 1000
228 248 1000
108 250 1000
148 250 1000
199 250 1000
17 251 1000
78 251 1000
106 251 1000
141 251 1000
212 251 1000
233 251 1000
50 252 1000
157 253 1000
87 254 1000
190 254 1000
239 254 1000
136 255 1000
234 255 1000
85 256 1000
135 256 1000
208 256 1000
49 257 1000
138 257 1000
192 257 1000
62 258 1000
84 258 1000
157 258 1000
94 259 1000
179 259 1000
102 260 1000
180 260 1000
206 260 1000
143 261 1000
62 262 1000
118 263 1000
54 264 1000
113 264 1000
41 265 1000
101 265 1000
202 266 1000
227 266 1000
36 267 1000
200 267 1000
224 267 1000
241 267 1000
116 268 1000
74 269 1000
107 269 1000
124 269 1000
239 269 1000
16 270 1000
97 270 1000
158 270 1000
253 270 1000
17 271 1000
52 271 1000
95 271 1000
173 271 1000
187 271 1000
12 272 1000
21 272 1000
31 272 1000
77 272 1000
103 272 1000
22 274 1000
145 274 1000
230 274 1000
71 275 1000
211 275 1000
181 276 1000
239 276 1000
254 276 1000
200 277 1000
224 277 1000
267 277 1000
109 278 1000
164 278 1000
268 279 1000
223 280 1000
188 281 1000
195 281 1000
245 281 1000
17 282 1000
24 282 1000
251 282 1000
263 282 1000
168 283 1000
11 284 1000
48 284 1000
214 284 1000
5 285 1000
12 286 1000
15 286 1000
92 286 1000
247 286 1000
8 287 1000
7 288 1000
79 288 1000
144 288 1000
23 289 1000
58 289 1000
164 289 1000
175 289 1000
205 289 1000
187 290 1000
212 290 1000
217 290 1000
271 290 1000
28 291 1000
114 292 1000
9 293 1000
88 293 1000
156 293 1000
223 294 1000
260 294 1000
264 294 1000
146 295 1000
27 296 1000
40 297 1000
87 297 1000
152 297 1000
169 297 1000
108 298 1000
133 298 1000
175 298 1000
250 298 1000
6 299 1000
61 299 1000
115 300 1000
146 301 1000
149 301 1000
240 301 1000
295 301 1000
183 303 1000
135 304 1000
256 304 1000
18 305 1000
91 305 1000
109 305 1000
129 305 1000
217 305 1000
290 305 1000
296 305 1000
86 306 1000
170 306 1000
79 307 1000
168 307 1000
244 307 1000
241 308 1000
267 308 1000
6 309 1000
79 309 1000
307 309 1000
8 310 1000
302 310 1000
2 311 1000
121 311 1000
132 311 1000
134 311 1000
201 311 1000
270 311 1000
24 312 1000
108 312 1000
199 312 1000
225 312 1000
250 312 1000
21 313 1000
31 313 1000
77 313 1000
140 313 1000
238 313 1000
162 314 1000
177 314 1000
129 315 1000
34 316 1000
48 316 1000
231 316 1000
284 316 1000
14 317 1000
220 317 1000
231 317 1000
307 317 1000
316 317 1000
126 318 1000
189 320 1000
14 321 1000
220 321 1000
95 322 1000
141 322 1000
187 322 1000
233 322 1000
243 322 1000
271 322 1000
296 322 1000
305 322 1000
59 323 1000
67 323 1000
103 323 1000
106 323 1000
194 323 1000
267 324 1000
320 324 1000
99 325 1000
113 325 1000
197 326 1000
280 327 1000
300 327 1000
92 328 1000
138 328 1000
286 328 1000
185 329 1000
309 329 1000
42 330 1000
161 330 1000
191 330 1000
158 331 1000
10 333 1000
37 333 1000
52 333 1000
82 333 1000
173 333 1000
183 334 1000
303 334 1000
161 335 1000
330 335 1000
193 336 1000
200 337 1000
263 337 1000
277 337 1000
296 339 1000
244 340 1000
307 340 1000
317 340 1000
89 341 1000
138 341 1000
152 341 1000
170 341 1000
257 341 1000
59 342 1000
192 342 1000
257 342 1000
145 343 1000
176 343 1000
230 343 1000
274 343 1000
285 344 1000
291 345 1000
137 347 1000
166 347 1000
197 348 1000
224 348 1000
326 348 1000
132 349 1000
287 349 1000
72 350 1000
117 350 1000
143 350 1000
261 350 1000
194 351 1000
308 352 1000
2 353 1000
35 353 1000
121 353 1000
132 353 1000
270 353 1000
311 353 1000
16 354 1000
331 354 1000
215 355 1000
350 355 1000
5 356 1000
93 356 1000
235 356 1000
246 356 1000
97 357 1000
270 357 1000
136 358 1000
198 358 1000
255 358 1000
273 358 1000
28 359 1000
291 359 1000
148 360 1000
199 360 1000
250 360 1000
298 360 1000
312 360 1000
33 361 1000
46 361 1000
139 361 1000
210 361 1000
240 361 1000
301 361 1000
27 362 1000
67 362 1000
106 362 1000
194 362 1000
323 362 1000
351 362 1000
232 363 1000
319 363 1000
43 364 1000
48 364 1000
220 364 1000
231 364 1000
321 364 1000
24 365 1000
30 365 1000
108 365 1000
251 365 1000
282 365 1000
312 365 1000
49 366 1000
59 366 1000
140 366 1000
192 366 1000
18 367 1000
195 367 1000
82 368 1000
95 368 1000
333 368 1000
76 369 1000
92 369 1000
306 369 1000
224 370 1000
1 371 1000
85 372 1000
280 372 1000
329 372 1000
62 373 1000
64 373 1000
157 373 1000
258 373 1000
15 374 1000
152 374 1000
170 374 1000
306 374 1000
328 374 1000
341 374 1000
369 374 1000
226 375 1000
34 376 1000
98 376 1000
62 377 1000
262 377 1000
76 378 1000
86 378 1000
111 378 1000
127 378 1000
140 378 1000
182 378 1000
306 378 1000
369 378 1000
52 379 1000
263 379 1000
12 380 1000
82 380 1000
146 380 1000
210 380 1000
240 380 1000
247 380 1000
272 380 1000
286 380 1000
301 380 1000
361 380 1000
130 381 1000
44 382 1000
199 383 1000
225 383 1000
360 383 1000
13 384 1000
82 384 1000
127 384 1000
190 384 1000
263 384 1000
333 384 1000
25 385 1000
38 385 1000
174 385 1000
23 386 1000
58 386 1000
218 386 1000
62 387 1000
64 387 1000
262 387 1000
377 387 1000
8 389 1000
151 389 1000
183 389 1000
303 389 1000
334 389 1000
11 390 1000
214 390 1000
284 390 1000
316 390 1000
63 391 1000
94 391 1000
41 392 1000
131 392 1000
217 392 1000
218 392 1000
237 392 1000
259 392 1000
40 393 1000
74 393 1000
87 393 1000
91 393 1000
122 393 1000
315 393 1000
204 394 1000
234 394 1000
8 395 1000
183 395 1000
287 395 1000
303 395 1000
310 395 1000
334 395 1000
389 395 1000
94 396 1000
163 396 1000
179 396 1000
55 397 1000
124 397 1000
139 397 1000
149 397 1000
301 397 1000
41 398 1000
58 398 1000
218 398 1000
392 398 1000
13 399 1000
118 399 1000
190 399 1000
263 399 1000
342 399 1000
31 400 1000
118 400 1000
138 400 1000
257 400 1000
272 400 1000
328 400 1000
366 400 1000
252 401 1000
42 402 1000
90 402 1000
191 402 1000
330 402 1000
391 402 1000
13 403 1000
56 403 1000
74 403 1000
167 403 1000
181 403 1000
190 403 1000
342 403 1000
268 404 1000
279 404 1000
5 405 1000
216 405 1000
223 405 1000
329 405 1000
125 406 1000
134 406 1000
119 407 1000
244 407 1000
340 407 1000
12 408 1000
21 408 1000
31 408 1000
76 408 1000
92 408 1000
111 408 1000
123 408 1000
272 408 1000
313 408 1000
369 408 1000
111 409 1000
182 409 1000
378 409 1000
125 410 1000
172 410 1000
406 410 1000
53 411 1000
81 411 1000
128 411 1000
201 412 1000
345 412 1000
9 413 1000
57 413 1000
293 413 1000
29 414 1000
215 414 1000
148 415 1000
245 415 1000
247 415 1000
281 415 1000
4 416 1000
118 416 1000
254 416 1000
276 416 1000
295 416 1000
268 417 1000
404 417 1000
66 418 1000
162 418 1000
314 418 1000
21 419 1000
31 419 1000
77 419 1000
140 419 1000
263 419 1000
272 419 1000
286 419 1000
328 419 1000
400 419 1000
13 420 1000
55 420 1000
107 420 1000
149 420 1000
181 420 1000
190 420 1000
61 421 1000
144 421 1000
288 421 1000
299 421 1000
16 422 1000
158 422 1000
331 422 1000
51 423 1000
65 423 1000
73 423 1000
370 423 1000
114 424 1000
155 424 1000
418 424 1000
26 425 1000
129 425 1000
182 425 1000
278 425 1000
351 425 1000
102 426 1000
180 426 1000
184 426 1000
260 426 1000
41 427 1000
94 427 1000
165 427 1000
179 427 1000
34 428 1000
98 428 1000
59 429 1000
167 429 1000
190 429 1000
239 429 1000
276 429 1000
342 429 1000
167 430 1000
181 430 1000
276 430 1000
420 430 1000
134 431 1000
249 431 1000
304 431 1000
349 431 1000
65 432 1000
73 432 1000
370 432 1000
423 432 1000
219 433 1000
244 433 1000
307 433 1000
340 433 1000
264 434 1000
327 434 1000
329 434 1000
405 434 1000
67 435 1000
78 435 1000
106 435 1000
129 435 1000
182 435 1000
187 435 1000
339 435 1000
351 435 1000
425 435 1000
158 436 1000
270 436 1000
331 436 1000
353 436 1000
422 436 1000
394 437 1000
73 438 1000
150 438 1000
197 438 1000
326 438 1000
348 438 1000
36 439 1000
116 439 1000
200 439 1000
241 439 1000
277 439 1000
337 439 1000
417 439 1000
159 440 1000
291 440 1000
394 441 1000
437 441 1000
26 442 1000
101 442 1000
131 442 1000
217 442 1000
218 442 1000
243 442 1000
265 442 1000
386 442 1000
398 442 1000
155 443 1000
292 443 1000
42 444 1000
90 444 1000
376 444 1000
402 444 1000
40 445 1000
56 445 1000
89 445 1000
138 445 1000
30 446 1000
78 446 1000
123 446 1000
210 446 1000
212 446 1000
247 446 1000
75 447 1000
153 447 1000
184 447 1000
206 447 1000
28 448 1000
291 448 1000
345 448 1000
359 448 1000
440 448 1000
5 449 1000
75 449 1000
184 449 1000
206 449 1000
329 449 1000
405 449 1000
426 449 1000
133 450 1000
250 450 1000
281 450 1000
298 450 1000
148 451 1000
165 451 1000
259 451 1000
295 451 1000
360 451 1000
116 452 1000
268 452 1000
74 453 1000
167 453 1000
239 453 1000
254 453 1000
403 453 1000
445 453 1000
241 454 1000
452 454 1000
134 455 1000
249 455 1000
349 455 1000
431 455 1000
103 456 1000
173 456 1000
282 456 1000
379 456 1000
128 457 1000
411 457 1000
335 458 1000
391 458 1000
25 459 1000
110 459 1000
174 459 1000
185 459 1000
249 459 1000
455 459 1000
72 460 1000
147 460 1000
1 461 1000
148 462 1000
199 462 1000
250 462 1000
415 462 1000
137 463 1000
145 463 1000
166 463 1000
176 463 1000
230 463 1000
274 463 1000
347 463 1000
204 464 1000
394 464 1000
437 464 1000
441 464 1000
74 465 1000
107 465 1000
181 465 1000
269 465 1000
430 465 1000
24 466 1000
225 466 1000
379 466 1000
256 467 1000
329 467 1000
372 467 1000
385 467 1000
15 468 1000
40 468 1000
86 468 1000
87 468 1000
152 468 1000
169 468 1000
297 468 1000
94 469 1000
101 469 1000
163 469 1000
218 469 1000
225 469 1000
386 469 1000
396 469 1000
398 469 1000
19 470 1000
214 470 1000
231 470 1000
316 470 1000
317 470 1000
252 471 1000
401 471 1000
193 472 1000
230 472 1000
336 472 1000
343 472 1000
17 473 1000
24 473 1000
37 473 1000
39 473 1000
466 473 1000
12 474 1000
15 474 1000
76 474 1000
111 474 1000
182 474 1000
240 474 1000
184 475 1000
206 475 1000
260 475 1000
426 475 1000
96 476 1000
101 476 1000
148 476 1000
265 476 1000
396 476 1000
469 476 1000
91 477 1000
109 477 1000
164 477 1000
247 477 1000
393 477 1000
415 477 1000
446 477 1000
462 477 1000
10 478 1000
17 478 1000
23 478 1000
312 478 1000
386 478 1000
112 479 1000
177 479 1000
314 479 1000
316 479 1000
96 480 1000
101 480 1000
265 480 1000
476 480 1000
10 481 1000
17 481 1000
82 481 1000
173 481 1000
233 481 1000
333 481 1000
368 481 1000
24 482 1000
173 482 1000
199 482 1000
250 482 1000
282 482 1000
379 482 1000
383 482 1000
456 482 1000
466 482 1000
88 483 1000
197 483 1000
293 483 1000
348 483 1000
1 484 1000
344 484 1000
371 484 1000
142 485 1000
266 485 1000
15 486 1000
46 486 1000
129 486 1000
152 486 1000
468 486 1000
70 487 1000
73 487 1000
150 487 1000
348 487 1000
423 487 1000
438 487 1000
10 488 1000
17 488 1000
23 488 1000
24 488 1000
37 488 1000
39 488 1000
251 488 1000
365 488 1000
466 488 1000
473 488 1000
478 488 1000
41 490 1000
179 490 1000
392 490 1000
396 490 1000
476 490 1000
480 490 1000
81 491 1000
126 491 1000
318 491 1000
426 491 1000
142 492 1000
266 492 1000
91 493 1000
129 493 1000
212 493 1000
305 493 1000
315 493 1000
446 493 1000
204 494 1000
234 494 1000
255 494 1000
358 494 1000
394 494 1000
464 494 1000
39 495 1000
95 495 1000
131 495 1000
173 495 1000
271 495 1000
290 495 1000
488 495 1000
29 496 1000
47 496 1000
355 496 1000
124 497 1000
179 497 1000
259 497 1000
392 497 1000
398 497 1000
22 498 1000
99 498 1000
171 498 1000
186 498 1000
227 498 1000
280 498 1000
24 499 1000
52 499 1000
173 499 1000
282 499 1000
379 499 1000
456 499 1000
482 499 1000
57 500 1000
126 500 1000
74 501 1000
89 501 1000
107 501 1000
181 501 1000
269 501 1000
430 501 1000
465 501 1000
17 502 1000
24 502 1000
30 502 1000
106 502 1000
212 502 1000
251 502 1000
365 502 1000
425 502 1000
446 502 1000
478 502 1000
488 502 1000
40 504 1000
74 504 1000
122 504 1000
169 504 1000
170 504 1000
393 504 1000
53 505 1000
126 505 1000
153 505 1000
180 505 1000
426 505 1000
491 505 1000
219 506 1000
23 507 1000
41 507 1000
148 507 1000
163 507 1000
205 507 1000
218 507 1000
478 507 1000
99 508 1000
171 508 1000
186 508 1000
207 508 1000
227 508 1000
44 509 1000
85 509 1000
236 509 1000
113 510 1000
132 510 1000
264 510 1000
405 510 1000
434 510 1000
20 511 1000
234 511 1000
145 512 1000
176 512 1000
193 512 1000
230 512 1000
347 512 1000
463 512 1000
15 513 1000
76 513 1000
369 513 1000
378 513 1000
409 513 1000
167 514 1000
190 514 1000
254 514 1000
263 514 1000
399 514 1000
429 514 1000
151 515 1000
302 515 1000
389 515 1000
44 516 1000
236 516 1000
382 516 1000
509 516 1000
93 517 1000
235 517 1000
15 518 1000
40 518 1000
87 518 1000
89 518 1000
169 518 1000
297 518 1000
374 518 1000
468 518 1000
428 519 1000
60 520 1000
137 520 1000
155 520 1000
292 520 1000
158 521 1000
331 521 1000
42 522 1000
191 522 1000
196 522 1000
330 522 1000
402 522 1000
4 523 1000
154 523 1000
416 523 1000
94 524 1000
179 524 1000
469 524 1000
23 525 1000
41 525 1000
163 525 1000
165 525 1000
265 525 1000
427 525 1000
507 525 1000
110 526 1000
431 526 1000
113 527 1000
325 527 1000
510 527 1000
99 528 1000
207 528 1000
227 528 1000
508 528 1000
63 529 1000
90 529 1000
191 529 1000
391 529 1000
402 529 1000
458 529 1000
142 530 1000
266 530 1000
485 530 1000
492 530 1000
63 531 1000
66 531 1000
114 531 1000
191 531 1000
196 531 1000
418 531 1000
424 531 1000
444 531 1000
522 531 1000
41 532 1000
427 532 1000
497 532 1000
524 532 1000
128 533 1000
411 533 1000
505 533 1000
81 534 1000
303 534 1000
334 534 1000
491 534 1000
510 534 1000
174 535 1000
256 535 1000
372 535 1000
467 535 1000
17 536 1000
37 536 1000
39 536 1000
52 536 1000
82 536 1000
333 536 1000
368 536 1000
379 536 1000
384 536 1000
473 536 1000
481 536 1000
99 537 1000
325 537 1000
527 537 1000
528 537 1000
51 538 1000
70 538 1000
100 538 1000
150 538 1000
326 538 1000
438 538 1000
89 539 1000
109 539 1000
122 539 1000
169 539 1000
170 539 1000
306 539 1000
504 539 1000
513 539 1000
200 540 1000
224 540 1000
367 541 1000
393 541 1000
76 542 1000
409 542 1000
474 542 1000
513 542 1000
80 543 1000
132 543 1000
267 543 1000
308 543 1000
352 543 1000
417 543 1000
439 543 1000
49 544 1000
56 544 1000
59 544 1000
86 544 1000
192 544 1000
366 544 1000
445 544 1000
98 545 1000
208 545 1000
275 545 1000
376 545 1000
67 546 1000
106 546 1000
339 546 1000
351 546 1000
425 546 1000
435 546 1000
158 547 1000
354 547 1000
70 548 1000
197 548 1000
326 548 1000
348 548 1000
438 548 1000
538 548 1000
34 549 1000
161 549 1000
335 549 1000
376 549 1000
146 550 1000
295 550 1000
337 550 1000
360 550 1000
416 550 1000
16 551 1000
270 551 1000
354 551 1000
436 551 1000
547 551 1000
59 552 1000
69 552 1000
164 552 1000
245 552 1000
342 552 1000
362 552 1000
403 552 1000
544 552 1000
7 553 1000
79 553 1000
144 553 1000
288 553 1000
309 553 1000
421 553 1000
34 554 1000
147 554 1000
211 554 1000
519 554 1000
81 555 1000
128 555 1000
334 555 1000
411 555 1000
491 555 1000
505 555 1000
533 555 1000
534 555 1000
20 556 1000
234 556 1000
511 556 1000
66 557 1000
177 557 1000
314 557 1000
46 558 1000
55 558 1000
94 558 1000
149 558 1000
190 558 1000
218 558 1000
259 558 1000
301 558 1000
397 558 1000
420 558 1000
216 559 1000
223 559 1000
372 559 1000
405 559 1000
121 560 1000
172 560 1000
201 560 1000
410 560 1000
6 561 1000
309 561 1000
154 562 1000
226 562 1000
63 563 1000
94 563 1000
391 563 1000
469 563 1000
529 563 1000
85 564 1000
174 564 1000
185 564 1000
329 564 1000
91 565 1000
217 565 1000
255 565 1000
442 565 1000
222 566 1000
234 566 1000
19 567 1000
48 567 1000
214 567 1000
284 567 1000
316 567 1000
470 567 1000
68 568 1000
83 568 1000
134 568 1000
188 569 1000
195 569 1000
278 569 1000
281 569 1000
367 569 1000
541 569 1000
72 570 1000
350 570 1000
485 570 1000
530 570 1000
69 571 1000
133 571 1000
281 571 1000
450 571 1000
91 572 1000
133 572 1000
164 572 1000
205 572 1000
477 572 1000
375 573 1000
132 574 1000
174 574 1000
249 574 1000
459 574 1000
33 575 1000
55 575 1000
124 575 1000
149 575 1000
240 575 1000
301 575 1000
361 575 1000
397 575 1000
29 576 1000
47 576 1000
125 576 1000
221 576 1000
406 576 1000
414 576 1000
496 576 1000
99 577 1000
171 577 1000
227 577 1000
280 577 1000
498 577 1000
537 577 1000
23 578 1000
108 578 1000
164 578 1000
212 578 1000
289 578 1000
312 578 1000
386 578 1000
462 578 1000
478 578 1000
488 578 1000
502 578 1000
55 579 1000
218 579 1000
398 579 1000
442 579 1000
497 579 1000
524 579 1000
532 579 1000
558 579 1000
11 580 1000
19 580 1000
284 580 1000
471 581 1000
503 581 1000
27 582 1000
78 582 1000
245 582 1000
247 582 1000
315 582 1000
362 582 1000
446 582 1000
453 582 1000
477 582 1000
493 582 1000
22 583 1000
186 583 1000
274 583 1000
325 583 1000
54 584 1000
115 584 1000
242 584 1000
300 584 1000
327 584 1000
4 585 1000
228 585 1000
248 585 1000
416 585 1000
523 585 1000
86 586 1000
164 586 1000
192 586 1000
366 586 1000
378 586 1000
544 586 1000
552 586 1000
18 587 1000
74 587 1000
109 587 1000
122 587 1000
296 587 1000
367 587 1000
393 587 1000
504 587 1000
539 587 1000
109 588 1000
188 588 1000
217 588 1000
247 588 1000
278 588 1000
415 588 1000
425 588 1000
587 588 1000
49 589 1000
59 589 1000
69 589 1000
194 589 1000
245 589 1000
257 589 1000
281 589 1000
342 589 1000
415 589 1000
450 589 1000
571 589 1000
123 590 1000
182 590 1000
210 590 1000
384 590 1000
161 591 1000
191 591 1000
330 591 1000
335 591 1000
458 591 1000
529 591 1000
200 592 1000
404 592 1000
417 592 1000
149 593 1000
200 593 1000
301 593 1000
337 593 1000
590 593 1000
3 594 1000
64 594 1000
84 594 1000
387 594 1000
44 595 1000
98 595 1000
382 595 1000
428 595 1000
230 596 1000
343 596 1000
347 596 1000
463 596 1000
6 597 1000
61 597 1000
299 597 1000
309 597 1000
561 597 1000
148 598 1000
165 598 1000
199 598 1000
383 598 1000
476 598 1000
525 598 1000
22 599 1000
145 599 1000
274 599 1000
343 599 1000
489 599 1000
52 600 1000
82 600 1000
146 600 1000
173 600 1000
210 600 1000
286 600 1000
295 600 1000
380 600 1000
416 600 1000
550 600 1000
127 601 1000
152 601 1000
182 601 1000
369 601 1000
374 601 1000
378 601 1000
486 601 1000
28 602 1000
291 602 1000
359 602 1000
448 602 1000
151 603 1000
302 603 1000
310 603 1000
515 603 1000
129 604 1000
187 604 1000
247 604 1000
290 604 1000
305 604 1000
425 604 1000
474 604 1000
588 604 1000
27 605 1000
67 605 1000
103 605 1000
194 605 1000
323 605 1000
3 606 1000
84 606 1000
258 606 1000
51 607 1000
264 607 1000
349 607 1000
195 608 1000
367 608 1000
393 608 1000
541 608 1000
569 608 1000
220 609 1000
316 609 1000
317 609 1000
321 609 1000
364 609 1000
470 609 1000
60 610 1000
114 610 1000
155 610 1000
292 610 1000
381 610 1000
443 610 1000
15 611 1000
33 611 1000
152 611 1000
286 611 1000
328 611 1000
369 611 1000
374 611 1000
419 611 1000
474 611 1000
486 611 1000
601 611 1000
604 611 1000
39 612 1000
96 612 1000
101 612 1000
265 612 1000
368 612 1000
473 612 1000
480 612 1000
102 613 1000
180 613 1000
184 613 1000
426 613 1000
475 613 1000
505 613 1000
59 614 1000
69 614 1000
133 614 1000
552 614 1000
569 614 1000
571 614 1000
572 614 1000
22 615 1000
325 615 1000
527 615 1000
583 615 1000
90 616 1000
418 616 1000
444 616 1000
531 616 1000
549 616 1000
320 617 1000
324 617 1000
102 618 1000
260 618 1000
388 618 1000
401 619 1000
471 619 1000
503 619 1000
581 619 1000
81 620 1000
319 620 1000
363 620 1000
98 621 1000
211 621 1000
275 621 1000
376 621 1000
545 621 1000
49 622 1000
59 622 1000
118 622 1000
257 622 1000
276 622 1000
342 622 1000
399 622 1000
571 622 1000
589 622 1000
219 623 1000
283 623 1000
506 623 1000
85 624 1000
254 624 1000
259 624 1000
427 624 1000
451 624 1000
497 624 1000
507 624 1000
532 624 1000
75 625 1000
153 625 1000
447 625 1000
60 626 1000
155 626 1000
292 626 1000
443 626 1000
520 626 1000
610 626 1000
156 627 1000
232 627 1000
8 628 1000
151 628 1000
183 628 1000
302 628 1000
310 628 1000
114 629 1000
292 629 1000
424 629 1000
443 629 1000
102 630 1000
153 630 1000
184 630 1000
447 630 1000
505 630 1000
533 630 1000
613 630 1000
625 630 1000
116 631 1000
268 631 1000
279 631 1000
404 631 1000
452 631 1000
256 632 1000
288 632 1000
299 632 1000
421 632 1000
15 633 1000
129 633 1000
139 633 1000
182 633 1000
361 633 1000
397 633 1000
409 633 1000
486 633 1000
542 633 1000
332 634 1000
406 634 1000
410 634 1000
79 635 1000
144 635 1000
275 635 1000
288 635 1000
332 635 1000
621 635 1000
148 636 1000
386 636 1000
476 636 1000
478 636 1000
495 636 1000
588 636 1000
598 636 1000
338 637 1000
102 638 1000
153 638 1000
180 638 1000
426 638 1000
613 638 1000
630 638 1000
170 639 1000
290 639 1000
296 639 1000
306 639 1000
351 639 1000
425 639 1000
546 639 1000
588 639 1000
604 639 1000
165 640 1000
179 640 1000
259 640 1000
396 640 1000
480 640 1000
490 640 1000
497 640 1000
524 640 1000
532 640 1000
150 641 1000
349 641 1000
607 641 1000
352 642 1000
459 642 1000
574 642 1000
28 643 1000
159 643 1000
440 643 1000
594 643 1000
324 644 1000
461 644 1000
617 644 1000
130 645 1000
137 645 1000
381 645 1000
443 645 1000
520 645 1000
626 645 1000
18 646 1000
91 646 1000
237 646 1000
565 646 1000
572 646 1000
608 646 1000
62 647 1000
157 647 1000
270 647 1000
373 647 1000
377 647 1000
15 648 1000
297 648 1000
393 648 1000
409 648 1000
486 648 1000
513 648 1000
41 649 1000
94 649 1000
101 649 1000
392 649 1000
396 649 1000
398 649 1000
469 649 1000
490 649 1000
524 649 1000
532 649 1000
640 649 1000
176 650 1000
336 650 1000
472 650 1000
119 651 1000
178 651 1000
178 652 1000
219 652 1000
506 652 1000
80 653 1000
132 653 1000
311 653 1000
543 653 1000
81 654 1000
319 654 1000
411 654 1000
555 654 1000
620 654 1000
53 655 1000
81 655 1000
128 655 1000
411 655 1000
505 655 1000
8 656 1000
126 656 1000
151 656 1000
310 656 1000
515 656 1000
603 656 1000
628 656 1000
45 657 1000
113 657 1000
207 657 1000
528 657 1000
537 657 1000
119 658 1000
168 658 1000
283 658 1000
316 658 1000
407 658 1000
470 658 1000
521 658 1000
547 658 1000
53 659 1000
128 659 1000
411 659 1000
457 659 1000
654 659 1000
655 659 1000
16 660 1000
136 661 1000
149 661 1000
255 661 1000
273 661 1000
358 661 1000
17 662 1000
24 662 1000
30 662 1000
251 662 1000
282 662 1000
323 662 1000
365 662 1000
456 662 1000
6 663 1000
119 663 1000
332 663 1000
561 663 1000
634 663 1000
651 663 1000
85 664 1000
256 664 1000
372 664 1000
69 665 1000
133 665 1000
164 665 1000
175 665 1000
205 665 1000
289 665 1000
552 665 1000
572 665 1000
614 665 1000
33 666 1000
46 666 1000
95 666 1000
243 666 1000
368 666 1000
612 666 1000
91 667 1000
205 667 1000
212 667 1000
217 667 1000
446 667 1000
462 667 1000
477 667 1000
478 667 1000
507 667 1000
565 667 1000
578 667 1000
62 668 1000
258 668 1000
373 668 1000
377 668 1000
606 668 1000
7 669 1000
208 669 1000
256 669 1000
421 669 1000
632 669 1000
74 670 1000
87 670 1000
169 670 1000
181 670 1000
465 670 1000
33 671 1000
95 671 1000
96 671 1000
131 671 1000
243 671 1000
271 671 1000
368 671 1000
480 671 1000
666 671 1000
223 672 1000
280 672 1000
300 672 1000
327 672 1000
498 672 1000
57 673 1000
126 673 1000
318 673 1000
363 673 1000
500 673 1000
628 673 1000
656 673 1000
352 674 1000
642 674 1000
158 675 1000
331 675 1000
354 675 1000
422 675 1000
436 675 1000
547 675 1000
551 675 1000
39 676 1000
243 676 1000
290 676 1000
386 676 1000
488 676 1000
495 676 1000
502 676 1000
612 676 1000
276 677 1000
416 677 1000
420 677 1000
430 677 1000
501 677 1000
558 677 1000
77 678 1000
118 678 1000
146 678 1000
272 678 1000
337 678 1000
380 678 1000
419 678 1000
590 678 1000
29 679 1000
72 679 1000
143 679 1000
261 679 1000
350 679 1000
10 680 1000
26 680 1000
95 680 1000
131 680 1000
141 680 1000
243 680 1000
265 680 1000
495 680 1000
203 681 1000
338 681 1000
637 681 1000
316 682 1000
346 682 1000
479 682 1000
506 683 1000
623 683 1000
652 683 1000
658 683 1000
1 684 1000
371 684 1000
461 684 1000
134 685 1000
304 685 1000
431 685 1000
455 685 1000
526 685 1000
543 685 1000
653 685 1000
224 686 1000
370 686 1000
423 686 1000
432 686 1000
483 686 1000
125 687 1000
406 687 1000
576 687 1000
634 687 1000
461 688 1000
617 688 1000
644 688 1000
684 688 1000
159 689 1000
345 689 1000
412 689 1000
417 689 1000
568 689 1000
3 690 1000
68 690 1000
83 690 1000
359 690 1000
594 690 1000
643 690 1000
13 691 1000
33 691 1000
46 691 1000
55 691 1000
82 691 1000
139 691 1000
149 691 1000
152 691 1000
384 691 1000
486 691 1000
558 691 1000
601 691 1000
28 692 1000
159 692 1000
291 692 1000
643 692 1000
690 692 1000
110 693 1000
249 693 1000
526 693 1000
685 693 1000
55 694 1000
82 694 1000
124 694 1000
146 694 1000
190 694 1000
210 694 1000
254 694 1000
295 694 1000
416 694 1000
451 694 1000
550 694 1000
624 694 1000
27 695 1000
245 695 1000
247 695 1000
315 695 1000
351 695 1000
362 695 1000
582 695 1000
604 695 1000
639 695 1000
62 696 1000
262 696 1000
373 696 1000
377 696 1000
387 696 1000
647 696 1000
34 697 1000
231 697 1000
316 697 1000
376 697 1000
428 697 1000
519 697 1000
554 697 1000
158 698 1000
178 698 1000
283 698 1000
331 698 1000
521 698 1000
660 698 1000
121 699 1000
134 699 1000
311 699 1000
166 700 1000
347 700 1000
424 700 1000
531 700 1000
200 701 1000
267 701 1000
308 701 1000
404 701 1000
417 701 1000
439 701 1000
454 701 1000
543 701 1000
592 701 1000
653 701 1000
685 701 1000
689 701 1000
219 702 1000
244 702 1000
307 702 1000
433 702 1000
506 702 1000
623 702 1000
652 702 1000
222 703 1000
234 703 1000
494 703 1000
511 703 1000
566 703 1000
63 704 1000
137 704 1000
347 704 1000
391 704 1000
424 704 1000
522 704 1000
531 704 1000
549 704 1000
563 704 1000
616 704 1000
51 705 1000
70 705 1000
88 705 1000
100 705 1000
197 705 1000
293 705 1000
326 705 1000
216 706 1000
264 706 1000
294 706 1000
329 706 1000
405 706 1000
607 706 1000
641 706 1000
30 707 1000
59 707 1000
103 707 1000
194 707 1000
245 707 1000
323 707 1000
571 707 1000
589 707 1000
605 707 1000
695 707 1000
148 708 1000
199 708 1000
205 708 1000
259 708 1000
360 708 1000
451 708 1000
462 708 1000
507 708 1000
525 708 1000
598 708 1000
21 709 1000
31 709 1000
49 709 1000
257 709 1000
328 709 1000
366 709 1000
400 709 1000
419 709 1000
586 709 1000
589 709 1000
26 710 1000
101 710 1000
217 710 1000
237 710 1000
398 710 1000
442 710 1000
565 710 1000
104 711 1000
232 711 1000
363 711 1000
500 711 1000
627 711 1000
215 712 1000
355 712 1000
414 712 1000
496 712 1000
576 712 1000
27 713 1000
67 713 1000
296 713 1000
315 713 1000
339 713 1000
493 713 1000
546 713 1000
86 714 1000
122 714 1000
169 714 1000
306 714 1000
393 714 1000
409 714 1000
468 714 1000
539 714 1000
56 715 1000
297 715 1000
328 715 1000
445 715 1000
453 715 1000
106 716 1000
187 716 1000
296 716 1000
435 716 1000
604 716 1000
345 717 1000
412 717 1000
448 717 1000
568 717 1000
689 717 1000
112 718 1000
177 718 1000
316 718 1000
479 718 1000
682 718 1000
44 719 1000
382 719 1000
485 719 1000
492 719 1000
516 719 1000
570 719 1000
58 720 1000
278 720 1000
289 720 1000
386 720 1000
425 720 1000
578 720 1000
636 720 1000
667 720 1000
710 720 1000
33 721 1000
87 721 1000
107 721 1000
297 721 1000
468 721 1000
518 721 1000
587 721 1000
671 721 1000
197 722 1000
224 722 1000
241 722 1000
277 722 1000
348 722 1000
438 722 1000
452 722 1000
540 722 1000
631 722 1000
53 723 1000
319 723 1000
620 723 1000
654 723 1000
659 723 1000
99 724 1000
113 724 1000
186 724 1000
207 724 1000
325 724 1000
508 724 1000
537 724 1000
657 724 1000
193 725 1000
336 725 1000
650 725 1000
24 726 1000
103 726 1000
108 726 1000
250 726 1000
365 726 1000
456 726 1000
462 726 1000
482 726 1000
662 726 1000
16 727 1000
422 727 1000
521 727 1000
660 727 1000
698 727 1000
121 728 1000
201 728 1000
311 728 1000
74 729 1000
89 729 1000
169 729 1000
269 729 1000
341 729 1000
430 729 1000
453 729 1000
501 729 1000
518 729 1000
587 729 1000
670 729 1000
721 729 1000
119 730 1000
340 730 1000
407 730 1000
651 730 1000
658 730 1000
6 731 1000
144 731 1000
309 731 1000
332 731 1000
561 731 1000
171 732 1000
193 732 1000
489 732 1000
498 732 1000
599 732 1000
725 732 1000
9 733 1000
32 733 1000
156 733 1000
209 733 1000
293 733 1000
627 733 1000
711 733 1000
44 734 1000
72 734 1000
142 734 1000
492 734 1000
530 734 1000
570 734 1000
719 734 1000
78 735 1000
106 735 1000
141 735 1000
296 735 1000
305 735 1000
493 735 1000
713 735 1000
45 736 1000
113 736 1000
171 736 1000
207 736 1000
510 736 1000
527 736 1000
657 736 1000
10 737 1000
37 737 1000
41 737 1000
101 737 1000
265 737 1000
383 737 1000
473 737 1000
476 737 1000
478 737 1000
525 737 1000
598 737 1000
109 738 1000
170 738 1000
195 738 1000
245 738 1000
281 738 1000
306 738 1000
341 738 1000
569 738 1000
587 738 1000
588 738 1000
604 738 1000
639 738 1000
22 739 1000
171 739 1000
186 739 1000
193 739 1000
227 739 1000
280 739 1000
489 739 1000
498 739 1000
577 739 1000
583 739 1000
732 739 1000
77 740 1000
263 740 1000
272 740 1000
337 740 1000
380 740 1000
384 740 1000
590 740 1000
678 740 1000
23 741 1000
108 741 1000
133 741 1000
175 741 1000
199 741 1000
225 741 1000
289 741 1000
298 741 1000
312 741 1000
360 741 1000
708 741 1000
184 742 1000
447 742 1000
475 742 1000
625 742 1000
630 742 1000
638 742 1000
11 743 1000
14 743 1000
284 743 1000
317 743 1000
321 743 1000
376 743 1000
390 743 1000
545 743 1000
519 744 1000
697 744 1000
168 745 1000
231 745 1000
244 745 1000
307 745 1000
317 745 1000
340 745 1000
407 745 1000
609 745 1000
658 745 1000
87 746 1000
107 746 1000
124 746 1000
269 746 1000
420 746 1000
465 746 1000
501 746 1000
677 746 1000
721 746 1000
146 747 1000
240 747 1000
259 747 1000
295 747 1000
301 747 1000
451 747 1000
497 747 1000
558 747 1000
611 747 1000
677 747 1000
746 747 1000
110 748 1000
249 748 1000
349 748 1000
455 748 1000
459 748 1000
526 748 1000
574 748 1000
642 748 1000
693 748 1000
118 749 1000
295 749 1000
416 749 1000
429 749 1000
514 749 1000
550 749 1000
3 750 1000
62 750 1000
64 750 1000
201 750 1000
262 750 1000
387 750 1000
594 750 1000
16 751 1000
410 751 1000
551 751 1000
660 751 1000
727 751 1000
235 752 1000
338 752 1000
517 752 1000
82 753 1000
124 753 1000
190 753 1000
337 753 1000
384 753 1000
536 753 1000
558 753 1000
590 753 1000
593 753 1000
694 753 1000
56 754 1000
86 754 1000
89 754 1000
122 754 1000
152 754 1000
169 754 1000
341 754 1000
468 754 1000
544 754 1000
193 755 1000
274 755 1000
489 755 1000
599 755 1000
732 755 1000
104 756 1000
213 756 1000
232 756 1000
627 756 1000
711 756 1000
41 757 1000
255 757 1000
392 757 1000
398 757 1000
490 757 1000
507 757 1000
525 757 1000
97 758 1000
157 758 1000
168 758 1000
316 758 1000
354 758 1000
521 758 1000
547 758 1000
658 758 1000
75 759 1000
388 759 1000
449 759 1000
618 759 1000
178 760 1000
219 760 1000
283 760 1000
331 760 1000
506 760 1000
521 760 1000
651 760 1000
652 760 1000
698 760 1000
163 761 1000
165 761 1000
225 761 1000
741 761 1000
82 762 1000
139 762 1000
210 762 1000
361 762 1000
368 762 1000
397 762 1000
633 762 1000
16 763 1000
97 763 1000
357 763 1000
410 763 1000
660 763 1000
751 763 1000
56 764 1000
192 764 1000
257 764 1000
342 764 1000
400 764 1000
429 764 1000
34 765 1000
42 765 1000
90 765 1000
98 765 1000
112 765 1000
161 765 1000
196 765 1000
376 765 1000
444 765 1000
522 765 1000
549 765 1000
616 765 1000
682 765 1000
743 765 1000
92 766 1000
127 766 1000
286 766 1000
586 766 1000
648 766 1000
715 766 1000
26 767 1000
129 767 1000
131 767 1000
187 767 1000
217 767 1000
290 767 1000
305 767 1000
322 767 1000
495 767 1000
565 767 1000
710 767 1000
72 768 1000
350 768 1000
460 768 1000
485 768 1000
570 768 1000
595 768 1000
2 769 1000
83 769 1000
125 769 1000
134 769 1000
353 769 1000
568 769 1000
689 769 1000
18 770 1000
41 770 1000
91 770 1000
205 770 1000
217 770 1000
237 770 1000
392 770 1000
565 770 1000
646 770 1000
710 770 1000
757 770 1000
174 771 1000
185 771 1000
329 771 1000
459 771 1000
535 771 1000
114 772 1000
130 772 1000
610 772 1000
629 772 1000
66 773 1000
120 773 1000
177 773 1000
314 773 1000
51 774 1000
151 774 1000
302 774 1000
310 774 1000
515 774 1000
603 774 1000
607 774 1000
641 774 1000
705 774 1000
706 774 1000
124 775 1000
427 775 1000
451 775 1000
497 775 1000
524 775 1000
532 775 1000
579 775 1000
624 775 1000
640 775 1000
694 775 1000
757 775 1000
770 775 1000
167 776 1000
239 776 1000
276 776 1000
416 776 1000
429 776 1000
514 776 1000
550 776 1000
589 776 1000
622 776 1000
749 776 1000
283 777 1000
307 777 1000
623 777 1000
683 777 1000
702 777 1000
760 777 1000
145 778 1000
274 778 1000
463 778 1000
596 778 1000
599 778 1000
755 778 1000
30 779 1000
77 779 1000
103 779 1000
106 779 1000
323 779 1000
456 779 1000
605 779 1000
662 779 1000
172 780 1000
201 780 1000
410 780 1000
560 780 1000
336 781 1000
520 781 1000
596 781 1000
650 781 1000
778 781 1000
53 782 1000
319 782 1000
457 782 1000
505 782 1000
723 782 1000
158 783 1000
331 783 1000
354 783 1000
521 783 1000
547 783 1000
698 783 1000
758 783 1000
57 784 1000
88 784 1000
105 784 1000
413 784 1000
123 785 1000
139 785 1000
361 785 1000
493 785 1000
633 785 1000
762 785 1000
18 786 1000
58 786 1000
91 786 1000
109 786 1000
129 786 1000
237 786 1000
398 786 1000
541 786 1000
569 786 1000
572 786 1000
608 786 1000
646 786 1000
770 786 1000
39 787 1000
96 787 1000
396 787 1000
476 787 1000
495 787 1000
671 787 1000
24 788 1000
108 788 1000
163 788 1000
225 788 1000
312 788 1000
383 788 1000
466 788 1000
598 788 1000
741 788 1000
15 789 1000
33 789 1000
55 789 1000
107 789 1000
124 789 1000
259 789 1000
295 789 1000
392 789 1000
397 789 1000
497 789 1000
575 789 1000
579 789 1000
694 789 1000
746 789 1000
747 789 1000
775 789 1000
204 790 1000
394 790 1000
22 791 1000
583 791 1000
615 791 1000
72 792 1000
117 792 1000
381 792 1000
595 792 1000
79 793 1000
332 793 1000
621 793 1000
635 793 1000
663 793 1000
31 794 1000
49 794 1000
92 794 1000
138 794 1000
170 794 1000
245 794 1000
306 794 1000
328 794 1000
709 794 1000
766 794 1000
88 795 1000
104 795 1000
105 795 1000
156 795 1000
209 795 1000
3 796 1000
84 796 1000
258 796 1000
606 796 1000
30 797 1000
106 797 1000
123 797 1000
164 797 1000
194 797 1000
247 797 1000
351 797 1000
362 797 1000
425 797 1000
435 797 1000
446 797 1000
477 797 1000
493 797 1000
502 797 1000
582 797 1000
779 797 1000
86 798 1000
164 798 1000
170 798 1000
278 798 1000
306 798 1000
351 798 1000
425 798 1000
541 798 1000
544 798 1000
546 798 1000
552 798 1000
569 798 1000
586 798 1000
614 798 1000
670 798 1000
738 798 1000
86 799 1000
92 799 1000
111 799 1000
127 799 1000
140 799 1000
238 799 1000
378 799 1000
384 799 1000
552 799 1000
586 799 1000
601 799 1000
766 799 1000
110 800 1000
352 800 1000
431 800 1000
459 800 1000
526 800 1000
642 800 1000
674 800 1000
232 801 1000
319 801 1000
363 801 1000
457 801 1000
500 801 1000
673 801 1000
782 801 1000
130 802 1000
381 802 1000
424 802 1000
629 802 1000
772 802 1000
55 803 1000
94 803 1000
149 803 1000
218 803 1000
259 803 1000
398 803 1000
558 803 1000
563 803 1000
579 803 1000
753 803 1000
308 804 1000
352 804 1000
526 804 1000
642 804 1000
674 804 1000
685 804 1000
693 804 1000
800 804 1000
162 805 1000
418 805 1000
531 805 1000
580 805 1000
23 806 1000
85 806 1000
135 806 1000
218 806 1000
427 806 1000
451 806 1000
558 806 1000
564 806 1000
624 806 1000
741 806 1000
753 806 1000
775 806 1000
803 806 1000
60 807 1000
137 807 1000
381 807 1000
520 807 1000
626 807 1000
645 807 1000
86 808 1000
111 808 1000
378 808 1000
409 808 1000
486 808 1000
513 808 1000
633 808 1000
648 808 1000
714 808 1000
766 808 1000
16 809 1000
422 809 1000
660 809 1000
675 809 1000
698 809 1000
727 809 1000
751 809 1000
85 810 1000
135 810 1000
256 810 1000
304 810 1000
685 810 1000
206 811 1000
447 811 1000
449 811 1000
475 811 1000
742 811 1000
112 812 1000
120 812 1000
162 812 1000
418 812 1000
479 812 1000
773 812 1000
132 813 1000
249 813 1000
459 813 1000
574 813 1000
653 813 1000
693 813 1000
37 814 1000
41 814 1000
96 814 1000
101 814 1000
131 814 1000
265 814 1000
368 814 1000
612 814 1000
666 814 1000
680 814 1000
79 815 1000
85 815 1000
185 815 1000
309 815 1000
329 815 1000
372 815 1000
535 815 1000
564 815 1000
129 816 1000
296 816 1000
305 816 1000
315 816 1000
393 816 1000
587 816 1000
639 816 1000
695 816 1000
713 816 1000
10 817 1000
26 817 1000
91 817 1000
131 817 1000
141 817 1000
212 817 1000
233 817 1000
315 817 1000
322 817 1000
493 817 1000
565 817 1000
680 817 1000
767 817 1000
785 817 1000
58 818 1000
205 818 1000
217 818 1000
237 818 1000
398 818 1000
442 818 1000
541 818 1000
646 818 1000
710 818 1000
720 818 1000
757 818 1000
770 818 1000
786 818 1000
226 819 1000
375 819 1000
562 819 1000
573 819 1000
180 820 1000
206 820 1000
216 820 1000
260 820 1000
294 820 1000
300 820 1000
559 820 1000
672 820 1000
706 820 1000
157 821 1000
253 821 1000
258 821 1000
606 821 1000
658 821 1000
758 821 1000
33 822 1000
240 822 1000
286 822 1000
295 822 1000
361 822 1000
474 822 1000
600 822 1000
601 822 1000
611 822 1000
691 822 1000
747 822 1000
375 823 1000
503 823 1000
573 823 1000
22 824 1000
186 824 1000
227 824 1000
498 824 1000
508 824 1000
528 824 1000
537 824 1000
657 824 1000
724 824 1000
163 825 1000
165 825 1000
199 825 1000
225 825 1000
360 825 1000
383 825 1000
396 825 1000
598 825 1000
761 825 1000
183 826 1000
287 826 1000
302 826 1000
310 826 1000
395 826 1000
628 826 1000
25 827 1000
38 827 1000
202 827 1000
227 827 1000
304 827 1000
385 827 1000
467 827 1000
685 827 1000
140 828 1000
192 828 1000
257 828 1000
263 828 1000
328 828 1000
342 828 1000
366 828 1000
399 828 1000
400 828 1000
586 828 1000
764 828 1000
81 829 1000
319 829 1000
457 829 1000
620 829 1000
654 829 1000
655 829 1000
659 829 1000
723 829 1000
782 829 1000
100 830 1000
293 830 1000
326 830 1000
483 830 1000
538 830 1000
705 830 1000
134 831 1000
172 831 1000
406 831 1000
431 831 1000
560 831 1000
634 831 1000
699 831 1000
159 832 1000
201 832 1000
387 832 1000
412 832 1000
560 832 1000
568 832 1000
689 832 1000
692 832 1000
717 832 1000
750 832 1000
9 833 1000
32 833 1000
209 833 1000
213 833 1000
293 833 1000
413 833 1000
756 833 1000
795 833 1000
88 834 1000
105 834 1000
293 834 1000
413 834 1000
483 834 1000
784 834 1000
795 834 1000
33 835 1000
46 835 1000
74 835 1000
82 835 1000
87 835 1000
124 835 1000
368 835 1000
384 835 1000
762 835 1000
785 835 1000
172 836 1000
332 836 1000
406 836 1000
410 836 1000
634 836 1000
687 836 1000
699 836 1000
780 836 1000
19 837 1000
120 837 1000
418 837 1000
580 837 1000
773 837 1000
805 837 1000
118 838 1000
254 838 1000
295 838 1000
328 838 1000
374 838 1000
380 838 1000
399 838 1000
400 838 1000
416 838 1000
600 838 1000
622 838 1000
677 838 1000
749 838 1000
794 838 1000
280 839 1000
300 839 1000
327 839 1000
405 839 1000
434 839 1000
510 839 1000
559 839 1000
672 839 1000
154 840 1000
226 840 1000
523 840 1000
562 840 1000
11 841 1000
14 841 1000
284 841 1000
376 841 1000
390 841 1000
580 841 1000
743 841 1000
352 842 1000
431 842 1000
685 842 1000
693 842 1000
800 842 1000
804 842 1000
129 843 1000
339 843 1000
425 843 1000
435 843 1000
713 843 1000
735 843 1000
95 844 1000
141 844 1000
243 844 1000
322 844 1000
368 844 1000
481 844 1000
680 844 1000
814 844 1000
137 845 1000
444 845 1000
531 845 1000
549 845 1000
616 845 1000
704 845 1000
765 845 1000
98 846 1000
376 846 1000
428 846 1000
519 846 1000
554 846 1000
595 846 1000
621 846 1000
768 846 1000
792 846 1000
66 847 1000
120 847 1000
314 847 1000
418 847 1000
557 847 1000
773 847 1000
291 848 1000
412 848 1000
440 848 1000
643 848 1000
690 848 1000
692 848 1000
50 849 1000
203 849 1000
637 849 1000
681 849 1000
159 850 1000
291 850 1000
345 850 1000
440 850 1000
692 850 1000
848 850 1000
55 851 1000
124 851 1000
361 851 1000
397 851 1000
575 851 1000
694 851 1000
762 851 1000
49 852 1000
138 852 1000
170 852 1000
245 852 1000
257 852 1000
306 852 1000
445 852 1000
589 852 1000
794 852 1000
8 853 1000
183 853 1000
287 853 1000
603 853 1000
656 853 1000
39 854 1000
163 854 1000
225 854 1000
312 854 1000
386 854 1000
473 854 1000
478 854 1000
488 854 1000
598 854 1000
737 854 1000
788 854 1000
56 855 1000
122 855 1000
445 855 1000
453 855 1000
504 855 1000
539 855 1000
544 855 1000
552 855 1000
794 855 1000
852 855 1000
91 856 1000
109 856 1000
122 856 1000
129 856 1000
278 856 1000
305 856 1000
425 856 1000
565 856 1000
710 856 1000
786 856 1000
798 856 1000
843 856 1000
176 857 1000
230 857 1000
336 857 1000
472 857 1000
512 857 1000
650 857 1000
781 857 1000
216 858 1000
223 858 1000
280 858 1000
372 858 1000
434 858 1000
559 858 1000
664 858 1000
839 858 1000
86 859 1000
91 859 1000
122 859 1000
351 859 1000
393 859 1000
541 859 1000
569 859 1000
587 859 1000
670 859 1000
710 859 1000
714 859 1000
729 859 1000
798 859 1000
856 859 1000
296 860 1000
305 860 1000
322 860 1000
435 860 1000
713 860 1000
716 860 1000
735 860 1000
767 860 1000
816 860 1000
843 860 1000
149 861 1000
358 861 1000
661 861 1000
160 862 1000
346 862 1000
580 862 1000
682 862 1000
805 862 1000
837 862 1000
42 863 1000
90 863 1000
161 863 1000
196 863 1000
330 863 1000
335 863 1000
591 863 1000
131 864 1000
217 864 1000
392 864 1000
398 864 1000
442 864 1000
480 864 1000
636 864 1000
680 864 1000
757 864 1000
138 865 1000
245 865 1000
257 865 1000
276 865 1000
403 865 1000
430 865 1000
445 865 1000
453 865 1000
622 865 1000
738 865 1000
838 865 1000
142 866 1000
202 866 1000
227 866 1000
266 866 1000
485 866 1000
492 866 1000
508 866 1000
577 866 1000
7 867 1000
125 867 1000
144 867 1000
208 867 1000
553 867 1000
621 867 1000
635 867 1000
663 867 1000
669 867 1000
687 867 1000
769 867 1000
793 867 1000
17 868 1000
243 868 1000
271 868 1000
282 868 1000
386 868 1000
488 868 1000
676 868 1000
691 868 1000
130 869 1000
424 869 1000
700 869 1000
802 869 1000
17 870 1000
39 870 1000
46 870 1000
52 870 1000
243 870 1000
368 870 1000
536 870 1000
666 870 1000
691 870 1000
822 870 1000
868 870 1000
101 871 1000
217 871 1000
255 871 1000
265 871 1000
358 871 1000
442 871 1000
494 871 1000
565 871 1000
680 871 1000
757 871 1000
770 871 1000
817 871 1000
864 871 1000
58 872 1000
188 872 1000
278 872 1000
289 872 1000
541 872 1000
569 872 1000
665 872 1000
786 872 1000
798 872 1000
856 872 1000
113 873 1000
132 873 1000
287 873 1000
311 873 1000
349 873 1000
455 873 1000
510 873 1000
534 873 1000
555 873 1000
607 873 1000
813 873 1000
826 873 1000
853 873 1000
144 874 1000
288 874 1000
309 874 1000
332 874 1000
561 874 1000
634 874 1000
635 874 1000
663 874 1000
731 874 1000
460 875 1000
519 875 1000
554 875 1000
744 875 1000
329 876 1000
372 876 1000
405 876 1000
467 876 1000
827 876 1000
858 876 1000
65 877 1000
70 877 1000
73 877 1000
100 877 1000
150 877 1000
349 877 1000
487 877 1000
538 877 1000
607 877 1000
641 877 1000
165 878 1000
179 878 1000
360 878 1000
550 878 1000
761 878 1000
825 878 1000
306 879 1000
369 879 1000
393 879 1000
468 879 1000
513 879 1000
518 879 1000
539 879 1000
587 879 1000
648 879 1000
714 879 1000
738 879 1000
808 879 1000
26 880 1000
95 880 1000
129 880 1000
141 880 1000
243 880 1000
322 880 1000
339 880 1000
666 880 1000
843 880 1000
844 880 1000
29 881 1000
215 881 1000
221 881 1000
261 881 1000
355 881 1000
414 881 1000
712 881 1000
119 882 1000
178 882 1000
651 882 1000
663 882 1000
47 883 1000
143 883 1000
221 883 1000
261 883 1000
355 883 1000
414 883 1000
881 883 1000
174 884 1000
185 884 1000
329 884 1000
405 884 1000
771 884 1000
815 884 1000
65 885 1000
73 885 1000
150 885 1000
423 885 1000
641 885 1000
877 885 1000
58 886 1000
188 886 1000
205 886 1000
281 886 1000
298 886 1000
450 886 1000
451 886 1000
462 886 1000
507 886 1000
572 886 1000
708 886 1000
770 886 1000
53 887 1000
128 887 1000
363 887 1000
457 887 1000
659 887 1000
673 887 1000
723 887 1000
782 887 1000
801 887 1000
39 888 1000
101 888 1000
386 888 1000
396 888 1000
469 888 1000
473 888 1000
476 888 1000
478 888 1000
636 888 1000
649 888 1000
676 888 1000
787 888 1000
854 888 1000
123 889 1000
409 889 1000
493 889 1000
513 889 1000
542 889 1000
633 889 1000
648 889 1000
785 889 1000
74 890 1000
87 890 1000
107 890 1000
124 890 1000
254 890 1000
269 890 1000
416 890 1000
501 890 1000
694 890 1000
721 890 1000
746 890 1000
835 890 1000
102 891 1000
180 891 1000
206 891 1000
260 891 1000
388 891 1000
618 891 1000
638 891 1000
759 891 1000
36 892 1000
241 892 1000
267 892 1000
452 892 1000
454 892 1000
722 892 1000
82 893 1000
123 893 1000
127 893 1000
286 893 1000
297 893 1000
446 893 1000
486 893 1000
600 893 1000
715 893 1000
766 893 1000
785 893 1000
835 893 1000
503 894 1000
573 894 1000
581 894 1000
823 894 1000
27 895 1000
296 895 1000
546 895 1000
639 895 1000
695 895 1000
713 895 1000
716 895 1000
738 895 1000
52 896 1000
173 896 1000
271 896 1000
600 896 1000
666 896 1000
671 896 1000
691 896 1000
787 896 1000
822 896 1000
870 896 1000
118 897 1000
263 897 1000
379 897 1000
400 897 1000
419 897 1000
499 897 1000
550 897 1000
600 897 1000
678 897 1000
740 897 1000
838 897 1000
54 898 1000
216 898 1000
223 898 1000
242 898 1000
280 898 1000
294 898 1000
706 898 1000
820 898 1000
5 899 1000
246 899 1000
285 899 1000
344 899 1000
449 899 1000
3 900 1000
262 900 1000
594 900 1000
647 900 1000
690 900 1000
696 900 1000
176 901 1000
193 901 1000
343 901 1000
463 901 1000
472 901 1000
512 901 1000
650 901 1000
725 901 1000
732 901 1000
54 902 1000
242 902 1000
264 902 1000
510 902 1000
706 902 1000
898 902 1000
157 903 1000
253 903 1000
262 903 1000
270 903 1000
353 903 1000
377 903 1000
594 903 1000
647 903 1000
900 903 1000
110 904 1000
132 904 1000
249 904 1000
455 904 1000
574 904 1000
693 904 1000
813 904 1000
842 904 1000
56 905 1000
86 905 1000
122 905 1000
170 905 1000
278 905 1000
504 905 1000
539 905 1000
544 905 1000
552 905 1000
586 905 1000
738 905 1000
754 905 1000
798 905 1000
281 906 1000
393 906 1000
541 906 1000
572 906 1000
608 906 1000
614 906 1000
646 906 1000
665 906 1000
554 907 1000
595 907 1000
697 907 1000
744 907 1000
846 907 1000
875 907 1000
189 908 1000
248 908 1000
320 908 1000
324 908 1000
52 909 1000
379 909 1000
383 909 1000
466 909 1000
482 909 1000
499 909 1000
184 910 1000
426 910 1000
449 910 1000
475 910 1000
742 910 1000
97 911 1000
357 911 1000
758 911 1000
134 912 1000
172 912 1000
201 912 1000
406 912 1000
560 912 1000
780 912 1000
831 912 1000
78 913 1000
173 913 1000
187 913 1000
233 913 1000
247 913 1000
251 913 1000
271 913 1000
322 913 1000
456 913 1000
481 913 1000
662 913 1000
726 913 1000
34 914 1000
428 914 1000
460 914 1000
545 914 1000
744 914 1000
117 915 1000
130 915 1000
381 915 1000
443 915 1000
595 915 1000
610 915 1000
629 915 1000
645 915 1000
772 915 1000
792 915 1000
802 915 1000
263 916 1000
337 916 1000
399 916 1000
514 916 1000
550 916 1000
558 916 1000
593 916 1000
740 916 1000
749 916 1000
753 916 1000
806 916 1000
897 916 1000
5 917 1000
75 917 1000
449 917 1000
618 917 1000
625 917 1000
759 917 1000
92 918 1000
245 918 1000
328 918 1000
445 918 1000
504 918 1000
544 918 1000
586 918 1000
648 918 1000
715 918 1000
766 918 1000
794 918 1000
855 918 1000
66 919 1000
160 919 1000
10 920 1000
148 920 1000
199 920 1000
462 920 1000
477 920 1000
478 920 1000
507 920 1000
525 920 1000
598 920 1000
667 920 1000
708 920 1000
737 920 1000
871 920 1000
97 921 1000
357 921 1000
911 921 1000
148 922 1000
187 922 1000
212 922 1000
247 922 1000
290 922 1000
446 922 1000
462 922 1000
482 922 1000
495 922 1000
667 922 1000
695 922 1000
726 922 1000
913 922 1000
27 923 1000
103 923 1000
296 923 1000
323 923 1000
605 923 1000
639 923 1000
695 923 1000
707 923 1000
713 923 1000
895 923 1000
44 924 1000
460 924 1000
485 924 1000
595 924 1000
719 924 1000
734 924 1000
768 924 1000
146 925 1000
295 925 1000
301 925 1000
337 925 1000
550 925 1000
678 925 1000
740 925 1000
897 925 1000
136 926 1000
198 926 1000
358 926 1000
2 927 1000
35 927 1000
125 927 1000
410 927 1000
634 927 1000
687 927 1000
763 927 1000
780 927 1000
13 928 1000
56 928 1000
127 928 1000
152 928 1000
366 928 1000
445 928 1000
586 928 1000
601 928 1000
715 928 1000
828 928 1000
918 928 1000
460 929 1000
519 929 1000
545 929 1000
744 929 1000
768 929 1000
875 929 1000
914 929 1000
59 930 1000
133 930 1000
250 930 1000
298 930 1000
415 930 1000
450 930 1000
477 930 1000
571 930 1000
589 930 1000
707 930 1000
14 931 1000
43 931 1000
48 931 1000
220 931 1000
229 931 1000
321 931 1000
364 931 1000
360 932 1000
451 932 1000
550 932 1000
624 932 1000
708 932 1000
761 932 1000
878 932 1000
916 932 1000
925 932 1000
88 933 1000
224 933 1000
370 933 1000
483 933 1000
686 933 1000
705 933 1000
830 933 1000
31 934 1000
77 934 1000
127 934 1000
140 934 1000
263 934 1000
272 934 1000
384 934 1000
399 934 1000
400 934 1000
419 934 1000
799 934 1000
828 934 1000
897 934 1000
412 935 1000
440 935 1000
717 935 1000
832 935 1000
848 935 1000
850 935 1000
10 936 1000
52 936 1000
148 936 1000
173 936 1000
212 936 1000
462 936 1000
482 936 1000
495 936 1000
499 936 1000
787 936 1000
909 936 1000
922 936 1000
145 937 1000
463 937 1000
596 937 1000
778 937 1000
781 937 1000
857 937 1000
15 938 1000
33 938 1000
82 938 1000
297 938 1000
368 938 1000
468 938 1000
486 938 1000
601 938 1000
648 938 1000
766 938 1000
785 938 1000
835 938 1000
889 938 1000
893 938 1000
3 939 1000
64 939 1000
373 939 1000
377 939 1000
696 939 1000
750 939 1000
160 940 1000
346 940 1000
837 940 1000
862 940 1000
919 940 1000
86 941 1000
167 941 1000
181 941 1000
342 941 1000
403 941 1000
420 941 1000
430 941 1000
552 941 1000
670 941 1000
729 941 1000
754 941 1000
798 941 1000
263 942 1000
312 942 1000
624 942 1000
741 942 1000
761 942 1000
806 942 1000
878 942 1000
916 942 1000
932 942 1000
91 943 1000
245 943 1000
393 943 1000
445 943 1000
453 943 1000
477 943 1000
544 943 1000
552 943 1000
582 943 1000
608 943 1000
715 943 1000
794 943 1000
855 943 1000
906 943 1000
918 943 1000
165 944 1000
225 944 1000
383 944 1000
396 944 1000
427 944 1000
451 944 1000
476 944 1000
525 944 1000
598 944 1000
708 944 1000
825 944 1000
878 944 1000
256 945 1000
467 945 1000
535 945 1000
669 945 1000
810 945 1000
827 945 1000
876 945 1000
241 946 1000
267 946 1000
277 946 1000
320 946 1000
324 946 1000
454 946 1000
701 946 1000
892 946 1000
336 947 1000
650 947 1000
725 947 1000
781 947 1000
937 947 1000
147 948 1000
460 948 1000
875 948 1000
907 948 1000
929 948 1000
123 949 1000
146 949 1000
210 949 1000
295 949 1000
337 949 1000
380 949 1000
593 949 1000
694 949 1000
753 949 1000
762 949 1000
851 949 1000
925 949 1000
172 950 1000
634 950 1000
687 950 1000
699 950 1000
836 950 1000
7 951 1000
125 951 1000
208 951 1000
332 951 1000
376 951 1000
545 951 1000
561 951 1000
651 951 1000
663 951 1000
669 951 1000
867 951 1000
914 951 1000
36 952 1000
116 952 1000
448 952 1000
452 952 1000
454 952 1000
602 952 1000
631 952 1000
722 952 1000
892 952 1000
946 952 1000
57 953 1000
232 953 1000
413 953 1000
500 953 1000
711 953 1000
139 954 1000
149 954 1000
182 954 1000
240 954 1000
384 954 1000
474 954 1000
558 954 1000
590 954 1000
633 954 1000
691 954 1000
822 954 1000
17 955 1000
24 955 1000
52 955 1000
263 955 1000
282 955 1000
379 955 1000
466 955 1000
473 955 1000
536 955 1000
662 955 1000
26 956 1000
187 956 1000
251 956 1000
322 956 1000
425 956 1000
435 956 1000
662 956 1000
676 956 1000
868 956 1000
880 956 1000
913 956 1000
15 957 1000
182 957 1000
305 957 1000
361 957 1000
409 957 1000
474 957 1000
513 957 1000
542 957 1000
575 957 1000
633 957 1000
767 957 1000
785 957 1000
889 957 1000
938 957 1000
109 958 1000
148 958 1000
217 958 1000
278 958 1000
290 958 1000
386 958 1000
462 958 1000
588 958 1000
636 958 1000
720 958 1000
767 958 1000
886 958 1000
922 958 1000
204 959 1000
790 959 1000
28 960 1000
359 960 1000
594 960 1000
690 960 1000
30 961 1000
59 961 1000
108 961 1000
133 961 1000
164 961 1000
175 961 1000
192 961 1000
477 961 1000
552 961 1000
578 961 1000
589 961 1000
930 961 1000
8 962 1000
151 962 1000
287 962 1000
302 962 1000
515 962 1000
603 962 1000
656 962 1000
673 962 1000
853 962 1000
13 963 1000
82 963 1000
87 963 1000
118 963 1000
210 963 1000
254 963 1000
399 963 1000
416 963 1000
445 963 1000
453 963 1000
715 963 1000
835 963 1000
838 963 1000
865 963 1000
893 963 1000
29 964 1000
143 964 1000
350 964 1000
414 964 1000
576 964 1000
679 964 1000
118 965 1000
152 965 1000
374 965 1000
416 965 1000
677 965 1000
691 965 1000
721 965 1000
746 965 1000
747 965 1000
822 965 1000
838 965 1000
159 966 1000
345 966 1000
412 966 1000
448 966 1000
717 966 1000
850 966 1000
935 966 1000
60 967 1000
137 967 1000
292 967 1000
443 967 1000
520 967 1000
629 967 1000
781 967 1000
807 967 1000
857 967 1000
937 967 1000
280 968 1000
300 968 1000
327 968 1000
559 968 1000
584 968 1000
672 968 1000
820 968 1000
18 969 1000
188 969 1000
245 969 1000
247 969 1000
281 969 1000
415 969 1000
450 969 1000
571 969 1000
572 969 1000
665 969 1000
708 969 1000
872 969 1000
886 969 1000
906 969 1000
930 969 1000
338 970 1000
517 970 1000
637 970 1000
752 970 1000
72 971 1000
350 971 1000
355 971 1000
496 971 1000
712 971 1000
881 971 1000
285 972 1000
344 972 1000
371 972 1000
484 972 1000
19 973 1000
43 973 1000
229 973 1000
567 973 1000
580 973 1000
931 973 1000
10 974 1000
37 974 1000
52 974 1000
96 974 1000
476 974 1000
482 974 1000
598 974 1000
600 974 1000
787 974 1000
909 974 1000
936 974 1000
50 975 1000
203 975 1000
252 975 1000
401 975 1000
12 976 1000
78 976 1000
103 976 1000
187 976 1000
233 976 1000
247 976 1000
456 976 1000
605 976 1000
716 976 1000
895 976 1000
913 976 1000
923 976 1000
10 977 1000
26 977 1000
101 977 1000
131 977 1000
243 977 1000
442 977 1000
612 977 1000
676 977 1000
680 977 1000
710 977 1000
767 977 1000
864 977 1000
871 977 1000
880 977 1000
329 978 1000
372 978 1000
535 978 1000
771 978 1000
815 978 1000
858 978 1000
945 978 1000
46 979 1000
87 979 1000
107 979 1000
420 979 1000
465 979 1000
468 979 1000
670 979 1000
721 979 1000
746 979 1000
941 979 1000
117 980 1000
142 980 1000
202 980 1000
227 980 1000
385 980 1000
467 980 1000
492 980 1000
530 980 1000
792 980 1000
827 980 1000
866 980 1000
34 981 1000
428 981 1000
545 981 1000
846 981 1000
914 981 1000
112 982 1000
346 982 1000
376 982 1000
418 982 1000
444 982 1000
682 982 1000
718 982 1000
765 982 1000
805 982 1000
812 982 1000
837 982 1000
66 983 1000
177 983 1000
557 983 1000
847 983 1000
919 983 1000
940 983 1000
26 984 1000
129 984 1000
305 984 1000
315 984 1000
339 984 1000
351 984 1000
393 984 1000
546 984 1000
587 984 1000
816 984 1000
859 984 1000
18 985 1000
58 985 1000
188 985 1000
237 985 1000
259 985 1000
289 985 1000
462 985 1000
818 985 1000
872 985 1000
886 985 1000
958 985 1000
969 985 1000
157 986 1000
253 986 1000
373 986 1000
377 986 1000
647 986 1000
668 986 1000
821 986 1000
939 986 1000
200 987 1000
224 987 1000
417 987 1000
540 987 1000
592 987 1000
181 988 1000
341 988 1000
374 988 1000
430 988 1000
501 988 1000
587 988 1000
729 988 1000
738 988 1000
838 988 1000
865 988 1000
941 988 1000
965 988 1000
147 989 1000
211 989 1000
275 989 1000
554 989 1000
948 989 1000
202 990 1000
236 990 1000
266 990 1000
509 990 1000
516 990 1000
520 990 1000
807 990 1000
866 990 1000
967 990 1000
980 990 1000
32 991 1000
88 991 1000
104 991 1000
105 991 1000
209 991 1000
232 991 1000
795 991 1000
834 991 1000
297 992 1000
393 992 1000
504 992 1000
648 992 1000
714 992 1000
715 992 1000
859 992 1000
879 992 1000
889 992 1000
918 992 1000
26 993 1000
187 993 1000
278 993 1000
290 993 1000
425 993 1000
502 993 1000
676 993 1000
720 993 1000
880 993 1000
956 993 1000
958 993 1000
12 994 1000
21 994 1000
92 994 1000
111 994 1000
123 994 1000
238 994 1000
313 994 1000
408 994 1000
409 994 1000
766 994 1000
785 994 1000
889 994 1000
94 995 1000
163 995 1000
165 995 1000
225 995 1000
427 995 1000
469 995 1000
525 995 1000
624 995 1000
753 995 1000
761 995 1000
806 995 1000
878 995 1000
942 995 1000
58 996 1000
218 996 1000
259 996 1000
360 996 1000
392 996 1000
396 996 1000
469 996 1000
476 996 1000
490 996 1000
497 996 1000
636 996 1000
708 996 1000
958 996 1000
985 996 1000
13 997 1000
46 997 1000
87 997 1000
152 997 1000
181 997 1000
374 997 1000
403 997 1000
420 997 1000
558 997 1000
677 997 1000
691 997 1000
822 997 1000
941 997 1000
965 997 1000
979 997 1000
988 997 1000
77 998 1000
123 998 1000
127 998 1000
182 998 1000
238 998 1000
272 998 1000
362 998 1000
590 998 1000
593 998 1000
633 998 1000
740 998 1000
797 998 1000
799 998 1000
12 999 1000
30 999 1000
77 999 1000
103 999 1000
247 999 1000
250 999 1000
272 999 1000
482 999 1000
589 999 1000
605 999 1000
695 999 1000
707 999 1000
726 999 1000
930 999 1000
961 999 1000
976 999 1000
79 1000 1000
283 1000 1000
307 1000 1000
433 1000 1000
506 1000 1000
658 1000 1000
683 1000 1000
745 1000 1000
777 1000 1000
