1
0
1
1
1000000
0
0
0
0
1
7 58 349
19 64 814
31 70 677
63 71 189
19 89 308
51 90 114
27 106 219
78 114 330
26 120 310
87 121 153
71 132 512
49 159 196
83 162 154
74 174 335
27 176 364
82 176 484
135 194 322
12 201 212
13 204 188
15 204 894
180 205 152
94 211 145
98 212 158
62 213 662
77 215 122
143 221 447
182 222 619
43 225 511
130 229 108
219 232 550
198 238 578
201 240 221
126 249 143
142 250 319
64 255 273
170 258 328
50 262 216
7 263 183
118 267 682
162 268 594
260 269 722
184 273 671
82 277 830
99 280 997
9 285 533
183 285 147
261 286 820
239 287 411
90 288 752
8 292 109
24 293 455
93 297 387
97 297 917
147 298 643
210 298 136
237 298 151
69 301 420
209 302 221
159 304 660
214 305 199
212 312 133
220 315 202
197 318 297
199 318 324
183 319 342
186 320 302
183 322 164
81 334 831
95 336 240
124 337 268
324 337 280
56 343 201
177 348 413
252 350 183
269 350 931
275 356 404
134 357 283
287 357 205
59 360 365
108 372 443
217 374 225
48 378 202
178 378 783
43 380 282
314 381 290
330 384 414
380 394 896
370 395 282
359 396 344
191 397 432
151 398 680
285 399 104
309 404 341
20 407 740
9 408 218
61 414 214
398 415 620
325 419 392
84 420 307
102 422 731
359 422 142
419 423 563
3 426 150
335 428 282
412 428 144
88 431 284
38 432 846
275 432 485
331 432 256
128 433 625
245 434 718
364 437 564
96 440 198
383 445 226
280 446 337
253 447 508
51 455 517
35 461 220
144 463 889
386 463 419
408 463 120
449 465 188
464 467 469
162 470 673
158 475 478
388 475 339
376 476 386
343 478 372
441 479 213
243 480 527
284 480 358
324 480 407
104 483 140
52 485 182
147 485 281
79 488 406
298 490 327
95 494 110
135 494 246
435 498 174
362 499 365
68 502 111
118 503 174
308 504 195
411 505 270
359 506 437
341 507 822
404 507 634
415 509 657
168 510 818
134 511 193
497 511 384
185 514 143
293 517 456
394 517 368
392 520 250
147 522 321
196 522 610
253 522 232
204 523 374
229 523 497
160 524 145
360 524 303
277 525 490
340 529 835
496 530 181
104 533 345
317 533 193
50 535 302
234 536 677
395 536 347
331 539 721
116 542 220
296 544 299
92 545 207
527 545 743
41 547 245
56 548 355
126 548 349
461 550 117
281 551 364
489 553 143
177 555 864
51 557 346
212 559 291
157 565 878
200 565 149
347 566 136
521 567 201
408 571 883
27 572 246
182 572 375
525 572 469
228 574 163
262 576 266
272 576 374
146 577 778
516 577 231
190 578 553
111 581 267
147 584 741
286 584 348
445 584 149
477 584 397
276 585 161
400 587 838
340 588 163
294 593 135
364 595 274
539 595 274
383 600 289
61 602 171
577 602 906
301 604 182
33 605 253
367 607 637
461 608 142
487 609 493
472 610 737
501 610 183
83 613 261
590 613 206
136 614 382
227 615 259
504 616 231
236 619 410
373 619 170
350 620 566
471 620 681
495 620 147
340 621 329
17 622 220
258 622 142
56 625 154
276 628 106
14 633 951
242 634 235
539 634 364
176 635 111
307 635 246
614 637 114
175 640 275
190 641 374
289 642 448
613 645 518
198 648 397
423 648 352
383 650 336
95 651 248
632 651 194
524 653 509
455 654 227
122 657 308
280 657 117
206 659 346
184 661 273
578 662 821
501 665 112
594 665 184
507 670 318
293 671 107
148 674 182
534 675 393
379 676 211
328 679 108
547 679 477
364 680 598
399 680 526
502 680 644
628 680 360
75 681 236
619 681 243
647 681 224
463 682 308
440 686 202
260 687 160
667 689 293
618 691 672
464 694 301
73 697 625
490 697 154
290 699 378
154 700 118
659 703 425
616 706 783
318 707 988
433 708 259
675 710 202
600 711 362
405 713 130
486 715 340
569 715 915
254 716 649
100 718 286
611 721 328
389 722 486
115 723 118
494 723 131
709 727 203
306 728 821
525 728 535
583 729 331
274 731 174
493 732 515
231 733 301
522 734 327
125 735 803
175 736 232
630 736 269
725 737 504
62 738 570
137 738 133
253 739 141
456 739 169
735 740 199
46 741 300
214 741 329
465 742 214
569 742 996
166 745 948
328 747 733
334 747 908
351 747 333
281 749 726
698 753 118
201 754 218
474 754 417
611 754 260
230 755 277
337 757 347
526 759 146
115 760 425
669 761 230
698 761 861
51 764 101
265 765 503
507 765 193
639 767 940
234 768 144
59 769 471
405 769 554
449 769 387
715 770 403
56 773 258
445 773 759
28 774 398
256 774 355
72 776 230
440 776 820
561 776 118
188 777 150
11 778 266
137 779 692
140 779 967
453 779 576
626 780 451
334 781 325
732 784 217
246 785 295
611 785 178
679 786 228
21 787 366
353 788 160
558 790 175
274 791 375
102 792 153
652 792 413
275 793 208
387 794 524
352 797 355
530 797 372
286 798 993
772 801 802
664 803 778
304 804 816
558 806 149
689 806 789
174 807 202
362 809 186
120 810 337
513 810 238
329 811 353
701 811 402
494 812 158
454 813 633
737 813 399
47 814 285
616 815 206
284 817 196
61 818 215
443 818 274
65 819 474
123 819 144
208 821 277
659 821 127
44 822 613
32 823 296
461 823 101
536 823 377
596 823 340
528 824 112
378 825 769
220 826 169
322 826 209
448 826 126
760 826 133
682 828 219
118 830 453
72 831 164
236 833 741
408 833 328
440 834 302
499 834 668
738 835 880
57 837 488
317 839 764
558 839 193
452 840 219
24 841 473
297 841 159
408 841 757
476 843 832
831 843 254
267 845 450
534 845 201
153 846 323
582 846 140
119 849 370
183 849 107
389 849 273
781 849 835
385 850 404
816 850 214
538 851 143
186 852 726
662 852 349
746 853 435
375 856 172
730 857 218
693 858 544
645 861 398
185 862 602
585 863 445
695 865 824
349 867 105
388 867 403
14 869 130
736 870 308
385 871 514
657 871 227
21 872 453
561 872 926
484 873 347
267 874 860
599 874 725
546 875 525
299 876 714
82 877 349
832 878 290
304 879 187
101 880 186
133 880 331
179 880 257
425 880 120
196 882 200
540 882 178
776 882 824
4 883 328
233 884 297
624 886 173
433 887 294
559 887 439
296 888 216
311 888 911
36 889 183
135 889 258
445 889 198
397 890 240
467 890 125
467 891 328
86 892 477
674 892 398
68 893 477
451 894 114
240 895 210
216 900 136
481 900 127
56 901 151
876 902 419
167 903 328
14 905 229
775 906 687
615 907 501
782 909 785
809 909 239
505 910 191
18 911 319
234 913 448
384 913 237
511 913 330
624 913 300
533 914 409
214 916 315
672 916 302
517 917 212
344 918 600
240 920 717
713 922 308
229 923 376
295 923 542
827 923 124
429 924 829
132 925 221
875 925 436
126 926 159
618 926 783
102 927 838
419 927 223
647 927 267
760 927 120
1 928 680
669 928 159
753 931 179
396 933 702
843 933 890
601 935 574
914 935 795
746 936 210
627 938 536
25 942 503
101 944 496
389 944 311
701 946 699
778 946 155
112 947 199
931 947 134
152 948 283
372 948 151
885 948 195
348 949 127
783 950 153
645 951 163
726 951 473
821 953 230
189 954 265
857 954 288
43 956 127
93 956 451
808 957 773
919 957 307
457 959 788
644 959 309
751 959 415
708 960 695
895 961 181
434 962 123
567 962 263
443 964 350
494 965 155
870 965 176
193 966 275
521 966 220
234 968 321
285 968 341
412 969 356
125 970 651
6 971 172
942 971 526
190 972 145
922 975 131
93 977 804
234 977 484
498 977 317
733 977 254
937 978 375
246 980 342
273 981 498
360 982 734
552 982 425
130 983 516
623 983 388
55 984 143
58 984 244
137 985 881
369 985 713
203 986 298
380 987 337
710 987 176
23 988 558
71 988 306
118 991 247
261 991 795
409 991 216
338 992 317
802 992 282
210 994 461
756 994 866
876 996 490
49 997 190
593 998 151
894 999 181
172 1002 337
64 1003 429
235 1003 190
28 1004 472
468 1005 508
671 1006 734
559 1007 201
964 1007 178
820 1008 276
620 1009 594
834 1009 207
848 1013 705
233 1014 596
433 1016 490
424 1017 236
893 1019 107
912 1019 247
234 1020 173
240 1020 464
687 1020 149
179 1021 647
547 1021 275
389 1022 357
355 1023 216
459 1023 944
4 1024 171
737 1024 175
55 1025 380
891 1025 225
973 1025 583
417 1026 823
375 1027 126
949 1027 298
462 1028 443
551 1028 450
908 1028 316
610 1030 101
90 1031 331
334 1031 653
764 1031 489
927 1031 328
167 1033 138
220 1033 226
408 1033 191
1003 1033 294
55 1034 234
391 1034 467
978 1035 484
576 1036 110
797 1036 689
56 1037 186
606 1037 315
430 1038 603
444 1038 693
847 1038 376
947 1039 398
791 1040 869
797 1042 135
104 1043 307
47 1044 217
187 1047 139
1041 1047 382
369 1048 451
1033 1048 171
25 1049 234
488 1049 203
695 1049 401
179 1050 688
1048 1050 688
650 1051 126
574 1053 494
619 1053 229
188 1056 298
486 1056 793
42 1057 412
719 1057 208
873 1058 378
218 1059 279
315 1059 143
835 1060 395
772 1061 501
143 1063 201
206 1063 385
220 1063 471
729 1063 226
362 1065 253
967 1065 191
68 1066 532
252 1066 190
289 1066 305
171 1067 496
931 1067 322
241 1068 358
677 1068 673
278 1070 402
350 1070 603
916 1070 217
233 1073 124
805 1074 398
160 1075 984
921 1075 281
951 1076 525
1023 1077 388
239 1078 605
358 1079 232
768 1080 363
187 1082 164
529 1083 326
305 1085 746
596 1086 167
138 1087 139
837 1087 775
200 1088 426
321 1088 389
995 1088 760
518 1089 285
1082 1089 245
998 1090 460
434 1092 262
406 1093 156
566 1093 124
568 1093 633
699 1093 377
232 1094 193
295 1094 217
894 1094 324
34 1095 154
155 1095 799
37 1096 528
732 1097 208
195 1098 219
505 1098 193
515 1099 110
663 1099 225
739 1099 863
748 1099 236
3 1100 195
741 1102 427
130 1103 270
694 1104 186
741 1105 102
713 1106 288
282 1107 250
419 1108 958
892 1108 101
359 1109 582
72 1110 220
118 1112 514
700 1113 453
714 1114 173
840 1114 284
522 1115 816
155 1117 210
19 1118 450
478 1118 377
42 1119 318
929 1120 274
1072 1120 754
616 1123 226
446 1124 272
1120 1125 958
225 1127 920
415 1127 213
122 1128 770
368 1128 618
622 1128 316
698 1129 326
717 1129 414
792 1129 349
391 1130 168
1069 1131 158
34 1132 193
887 1133 216
945 1134 840
989 1135 692
213 1136 830
111 1137 234
187 1139 360
580 1140 268
534 1141 237
571 1141 286
101 1145 101
546 1145 690
650 1145 800
123 1147 810
810 1147 160
144 1148 106
324 1149 171
37 1150 673
727 1151 755
53 1152 247
80 1153 210
644 1154 273
354 1155 215
903 1156 304
1034 1156 184
581 1157 356
915 1157 723
666 1159 597
720 1159 393
850 1159 784
318 1160 180
712 1160 131
1159 1160 232
1019 1161 310
683 1162 284
975 1162 661
1011 1162 136
165 1163 691
186 1163 471
368 1164 870
702 1164 283
336 1165 159
41 1166 279
74 1166 438
525 1166 750
404 1167 135
470 1167 445
49 1168 215
99 1168 539
399 1169 561
866 1171 268
838 1173 745
173 1174 187
223 1174 629
1154 1176 196
266 1178 300
497 1178 185
433 1179 561
751 1179 510
780 1179 439
636 1180 211
1157 1182 150
117 1183 361
998 1183 538
733 1184 172
893 1184 661
459 1185 427
657 1185 324
435 1186 171
1071 1187 405
149 1188 529
237 1188 120
423 1188 355
617 1189 118
924 1189 139
982 1190 542
401 1193 273
859 1193 631
860 1194 227
1056 1194 221
257 1195 209
58 1196 567
642 1196 398
250 1197 959
671 1197 326
282 1200 361
573 1200 378
289 1201 130
716 1202 393
369 1203 669
877 1203 250
276 1204 953
437 1205 586
501 1206 127
581 1206 327
770 1206 181
606 1207 373
532 1208 408
1164 1209 494
345 1210 306
996 1210 272
1053 1212 150
158 1215 299
667 1215 271
1008 1215 341
205 1216 220
1009 1217 232
276 1218 357
1105 1218 113
609 1220 706
277 1221 578
1033 1221 265
231 1222 414
394 1222 568
543 1223 449
986 1223 100
1084 1223 572
538 1224 226
971 1225 158
832 1226 144
1081 1226 325
38 1227 361
243 1228 137
1059 1228 113
246 1229 541
327 1229 192
685 1230 287
892 1230 244
446 1231 490
512 1232 198
859 1232 525
341 1233 795
1154 1234 101
950 1235 311
161 1236 248
460 1237 235
209 1238 127
477 1238 176
1142 1238 193
8 1239 589
133 1239 479
721 1241 921
947 1241 484
164 1242 242
678 1242 261
832 1242 175
104 1243 339
680 1245 278
1230 1245 260
23 1246 162
169 1246 259
503 1246 148
1001 1247 261
25 1248 308
569 1248 558
949 1248 129
759 1249 276
34 1250 185
558 1251 208
598 1252 255
531 1255 398
653 1255 328
416 1256 697
184 1257 629
799 1258 548
938 1258 200
22 1259 405
241 1260 923
817 1260 280
192 1261 137
383 1262 241
1227 1262 514
473 1264 368
945 1264 720
441 1265 146
455 1265 246
847 1265 175
220 1266 417
372 1267 326
1010 1267 359
1156 1269 392
98 1270 295
637 1270 189
943 1271 454
214 1273 535
1187 1273 262
961 1275 189
845 1276 102
1059 1276 802
272 1277 112
342 1277 218
553 1277 448
818 1277 568
1200 1277 485
18 1278 251
119 1279 230
105 1280 200
1167 1283 932
14 1284 488
305 1284 561
973 1284 877
151 1286 340
26 1287 460
422 1287 902
1247 1288 156
1210 1289 179
40 1290 464
540 1290 130
750 1292 685
840 1292 237
1103 1293 961
1213 1294 242
709 1295 299
1255 1296 351
254 1297 192
875 1297 149
2 1299 349
520 1299 219
1194 1300 592
1075 1301 127
103 1302 349
264 1302 641
885 1302 289
1139 1303 102
549 1304 220
338 1305 512
622 1305 426
828 1305 768
135 1306 926
324 1306 257
477 1306 107
699 1307 425
475 1308 129
1244 1309 628
4 1310 285
343 1310 287
202 1311 343
976 1311 286
167 1312 110
1231 1312 118
291 1313 428
378 1313 169
1146 1313 123
1174 1314 372
192 1315 245
709 1315 274
175 1317 164
421 1317 209
1263 1317 508
3 1318 143
772 1318 145
417 1319 887
150 1320 854
278 1320 645
1155 1321 221
11 1322 147
101 1322 138
674 1322 131
227 1323 321
251 1323 194
655 1323 184
181 1324 250
541 1324 146
1190 1324 144
651 1326 255
903 1327 214
815 1328 163
1084 1328 305
836 1329 757
24 1330 441
1058 1330 447
1247 1331 443
124 1332 160
1058 1332 154
4 1333 304
94 1333 471
1264 1333 981
301 1336 188
1019 1336 148
989 1337 101
1325 1337 610
522 1338 539
864 1338 504
959 1338 222
180 1339 220
346 1339 461
897 1339 185
869 1340 338
575 1341 852
611 1341 779
934 1341 170
85 1342 313
752 1343 430
763 1343 517
1337 1343 235
881 1345 632
1330 1345 664
27 1346 275
320 1346 244
1060 1346 466
487 1347 184
796 1347 183
203 1348 591
909 1348 211
80 1349 452
303 1349 157
573 1349 216
268 1351 607
953 1351 262
1005 1351 121
252 1352 223
1203 1353 162
615 1354 575
402 1355 518
1117 1355 807
364 1357 525
475 1358 396
812 1360 308
1267 1361 323
41 1362 204
1029 1362 536
1230 1364 380
1327 1364 629
471 1365 690
839 1365 696
943 1365 441
1197 1365 421
473 1366 157
1211 1367 150
333 1368 270
419 1368 229
980 1368 235
1199 1368 469
508 1369 231
1140 1369 251
1240 1369 139
899 1370 294
44 1371 351
479 1372 159
526 1373 107
1121 1373 392
18 1374 493
931 1374 161
43 1375 482
82 1375 294
626 1376 681
710 1376 644
1359 1376 437
85 1377 144
303 1378 246
748 1379 383
613 1380 319
901 1380 330
568 1381 315
880 1381 367
1332 1381 234
253 1382 223
583 1382 216
381 1383 452
1220 1383 168
793 1384 265
1032 1384 111
1121 1384 142
1074 1385 145
444 1386 392
332 1388 430
370 1389 766
968 1389 232
1057 1389 410
189 1390 729
1373 1390 279
1373 1391 319
849 1392 153
242 1393 135
810 1393 119
58 1394 697
271 1394 416
869 1394 288
154 1395 135
758 1395 159
491 1396 396
793 1396 304
1141 1396 252
1395 1396 184
695 1397 676
131 1398 159
904 1398 484
709 1400 181
983 1401 550
129 1402 115
319 1402 311
867 1402 105
1399 1402 868
137 1403 388
1360 1403 658
1314 1404 278
1350 1404 281
2 1406 196
16 1407 240
935 1407 463
510 1409 348
869 1409 419
857 1410 134
386 1412 197
1170 1412 454
158 1413 342
890 1414 417
1131 1415 127
4 1416 676
209 1416 344
31 1417 868
317 1417 471
548 1417 499
667 1417 704
250 1418 132
547 1418 107
720 1418 182
864 1418 257
969 1418 213
211 1419 483
453 1420 455
654 1420 244
138 1421 339
144 1421 352
1172 1421 284
175 1422 280
885 1423 121
139 1424 367
394 1424 658
1083 1425 430
987 1426 401
379 1427 642
871 1427 469
1098 1428 369
1344 1428 272
504 1430 786
1057 1431 685
639 1432 396
1417 1432 308
380 1433 427
403 1433 283
334 1434 234
797 1435 386
1408 1435 464
108 1436 189
67 1437 527
794 1437 181
452 1438 119
134 1439 178
1424 1439 352
96 1440 809
330 1440 261
739 1440 857
429 1441 112
1127 1441 911
455 1442 132
1101 1442 361
223 1444 361
853 1444 362
952 1444 135
1212 1444 218
343 1445 166
1152 1445 194
1250 1445 125
10 1446 449
1027 1446 383
1085 1447 274
1394 1447 652
1304 1448 334
135 1449 132
169 1449 490
484 1449 295
937 1450 443
1216 1450 454
411 1451 208
586 1451 695
643 1451 163
144 1452 652
266 1452 559
654 1452 806
668 1453 107
774 1453 216
1311 1453 305
305 1454 208
964 1454 164
1023 1454 225
309 1455 524
407 1456 524
658 1456 121
759 1456 803
1180 1456 104
857 1457 278
1130 1457 358
364 1458 141
95 1460 279
516 1461 105
899 1461 247
939 1461 342
1186 1461 980
61 1462 262
121 1463 494
784 1464 267
1354 1464 916
1256 1465 138
782 1466 277
1383 1466 213
1433 1466 321
138 1467 314
458 1467 353
118 1469 363
436 1470 134
1123 1470 335
77 1471 885
209 1471 852
235 1471 280
456 1471 301
824 1471 509
44 1472 696
1082 1472 548
428 1474 337
979 1474 479
246 1475 874
1297 1475 271
829 1476 448
975 1476 868
1268 1476 601
1171 1477 104
1464 1477 286
31 1478 243
261 1478 802
778 1478 132
1253 1478 381
387 1479 182
1109 1480 276
1274 1480 320
235 1481 100
59 1482 472
267 1483 149
941 1484 115
232 1485 111
338 1486 221
430 1487 232
456 1487 435
247 1488 395
1222 1489 165
145 1490 121
409 1490 312
933 1490 149
614 1491 227
498 1492 527
1445 1492 119
532 1495 987
657 1495 293
114 1496 128
467 1497 234
882 1497 488
1149 1497 164
1077 1498 136
765 1499 107
479 1500 297
1163 1500 217
1245 1500 410
1392 1500 314
617 1501 205
220 1502 559
665 1503 567
537 1504 246
491 1505 557
500 1505 256
1180 1507 259
519 1508 405
157 1509 270
474 1509 454
254 1510 207
242 1511 311
587 1511 504
1064 1511 474
405 1513 460
878 1513 298
1221 1514 119
1356 1514 472
1193 1515 296
490 1516 222
54 1519 312
302 1519 317
1155 1520 309
766 1522 329
1309 1522 264
912 1523 641
1320 1523 714
1327 1523 510
523 1524 212
587 1525 604
761 1525 617
953 1525 276
1259 1525 549
1077 1526 115
1108 1526 324
1383 1527 204
782 1528 652
1050 1528 320
936 1529 480
631 1530 236
1005 1530 186
1102 1530 266
390 1531 114
495 1531 709
1469 1531 485
50 1532 946
43 1533 100
1222 1533 446
1518 1533 992
1005 1535 378
1335 1535 864
854 1536 420
929 1536 744
1294 1536 708
98 1537 959
1214 1537 362
767 1538 600
1015 1538 214
511 1539 278
944 1539 557
49 1540 511
157 1540 753
1490 1540 137
421 1541 580
690 1541 725
1259 1541 388
1305 1541 294
1408 1542 151
773 1543 879
570 1544 222
80 1545 253
1285 1546 516
787 1549 494
26 1550 253
1055 1551 247
1403 1552 136
371 1553 149
486 1553 196
929 1553 312
458 1554 144
614 1555 232
1471 1555 168
426 1556 428
1212 1556 398
29 1557 171
1282 1558 261
1517 1558 126
473 1559 175
710 1559 108
763 1559 385
817 1559 246
39 1560 990
64 1560 269
1319 1560 573
1341 1561 581
286 1562 339
697 1562 238
863 1562 280
375 1563 271
244 1564 207
907 1564 140
499 1565 108
838 1565 991
55 1566 120
721 1566 298
1156 1566 240
1360 1566 152
1396 1566 209
60 1567 670
172 1567 113
538 1567 145
1178 1568 260
371 1569 213
554 1569 451
645 1570 556
738 1570 378
1340 1572 467
1514 1572 689
310 1573 400
635 1573 425
925 1573 649
223 1574 103
744 1574 702
1101 1574 385
1013 1575 923
1299 1575 351
1482 1575 618
91 1576 219
414 1576 443
700 1576 112
1516 1576 321
144 1577 233
731 1577 735
927 1577 256
891 1578 688
745 1579 323
764 1579 459
1004 1580 219
260 1581 298
487 1581 302
926 1581 159
1272 1581 260
1284 1581 179
1393 1581 149
1412 1581 235
33 1582 180
1106 1582 243
207 1583 137
382 1583 299
564 1583 209
230 1585 109
881 1585 765
30 1586 147
459 1586 168
439 1587 205
1234 1587 232
1220 1588 146
1362 1588 355
1126 1589 208
1308 1589 260
456 1590 551
365 1591 321
1043 1591 154
1432 1591 269
433 1592 367
43 1593 310
1181 1593 155
1298 1593 106
263 1594 161
697 1594 890
1025 1594 259
1345 1594 316
116 1595 393
317 1595 314
355 1597 335
940 1597 789
1065 1597 235
652 1598 915
1572 1598 594
107 1599 118
552 1599 642
843 1600 443
977 1601 375
1444 1601 251
718 1602 715
775 1602 130
1409 1602 525
21 1603 356
1208 1605 185
1497 1605 175
413 1606 132
985 1606 942
1311 1606 389
1232 1607 305
716 1608 221
759 1608 359
259 1609 209
972 1609 347
1139 1610 250
1032 1611 894
468 1613 699
566 1613 173
1541 1613 319
897 1614 165
270 1615 289
418 1615 558
74 1616 919
332 1617 445
931 1617 341
560 1618 523
1514 1618 267
694 1619 358
1104 1619 387
1163 1620 527
281 1621 484
261 1622 494
724 1622 170
1519 1622 221
544 1623 139
110 1624 142
499 1624 214
579 1625 201
597 1625 492
935 1625 479
941 1625 268
1474 1626 192
123 1627 224
344 1627 127
609 1627 487
38 1628 255
1400 1628 261
705 1629 545
759 1629 185
31 1630 173
893 1630 149
1136 1631 218
1599 1632 578
230 1633 412
1400 1633 116
195 1634 868
1584 1635 656
469 1636 189
930 1636 123
1013 1636 193
265 1637 237
553 1637 487
85 1638 115
1329 1638 476
1504 1639 164
1231 1640 203
289 1641 517
958 1641 425
1091 1641 730
880 1642 227
90 1643 507
316 1643 184
976 1643 210
1177 1643 247
154 1644 128
784 1645 412
1591 1646 456
490 1648 294
498 1648 543
788 1648 153
1531 1648 467
195 1649 308
928 1650 343
627 1651 174
1033 1651 103
18 1652 345
1645 1654 683
852 1655 265
1460 1656 171
1602 1656 164
518 1657 622
846 1657 314
957 1657 529
896 1658 810
1018 1658 250
1172 1658 386
172 1659 210
868 1660 875
1477 1660 431
1031 1661 255
625 1662 204
1192 1662 178
1411 1662 181
410 1663 200
1559 1663 977
1020 1664 286
1109 1664 269
535 1665 869
903 1665 317
1455 1665 471
1427 1666 218
904 1667 308
101 1668 214
279 1668 458
138 1669 335
1640 1669 101
268 1670 338
625 1670 302
1029 1670 227
283 1671 353
1191 1671 482
1577 1671 111
109 1672 353
963 1672 528
488 1674 596
651 1675 863
768 1675 624
664 1676 455
306 1677 556
466 1678 390
1524 1681 468
656 1682 446
748 1682 425
1387 1682 287
257 1683 137
1171 1684 275
779 1685 240
883 1685 145
1074 1685 387
205 1686 549
735 1686 201
1679 1686 215
227 1687 633
955 1687 724
1405 1687 657
393 1688 498
1105 1688 100
947 1689 351
616 1690 175
657 1690 193
696 1690 275
869 1690 202
906 1690 349
1114 1690 154
295 1691 223
1131 1691 214
1236 1691 503
296 1692 295
974 1692 101
745 1693 174
332 1694 244
803 1694 325
1546 1695 398
1626 1695 313
222 1696 257
98 1697 468
912 1697 894
1368 1698 271
1594 1698 105
1271 1699 505
660 1700 673
129 1701 471
924 1701 324
1215 1701 352
293 1704 236
553 1704 263
628 1705 281
1667 1705 292
872 1706 328
1085 1706 510
1584 1707 204
1052 1708 105
1417 1709 761
32 1710 339
1409 1710 485
1557 1710 192
91 1711 292
789 1711 179
119 1712 468
429 1712 198
565 1712 739
1017 1712 767
1414 1712 184
69 1713 264
1005 1713 135
150 1715 423
332 1715 713
917 1715 314
680 1716 205
348 1717 824
743 1717 145
1185 1718 659
1287 1718 520
1660 1719 246
279 1720 528
673 1720 324
180 1721 141
1143 1721 179
468 1722 779
248 1723 168
514 1723 538
1158 1723 863
62 1724 244
55 1725 189
1140 1725 483
703 1726 226
650 1727 530
1175 1727 178
186 1728 336
840 1728 160
900 1729 283
1678 1729 116
438 1730 321
1061 1730 108
1290 1730 638
1585 1730 609
539 1731 885
1327 1731 375
1418 1731 162
1633 1731 265
355 1732 299
468 1732 296
1661 1732 157
874 1733 419
1678 1734 465
521 1735 141
612 1735 229
1429 1735 225
707 1736 317
1243 1737 272
270 1738 280
974 1738 262
26 1739 276
275 1739 338
990 1739 107
285 1741 305
1493 1742 348
1624 1742 166
366 1743 692
800 1743 392
1190 1743 108
446 1744 135
574 1744 195
1443 1744 875
1604 1744 988
646 1745 129
1286 1745 634
1326 1745 504
300 1746 382
979 1746 110
282 1747 322
1572 1747 172
841 1748 313
487 1749 142
622 1749 119
934 1749 555
327 1750 156
1463 1750 178
166 1751 299
502 1751 252
786 1751 132
58 1752 191
471 1752 133
1155 1753 304
895 1754 160
1032 1754 124
1168 1754 298
709 1755 376
1163 1756 182
113 1757 424
214 1757 399
1647 1757 681
1689 1757 817
309 1758 780
428 1759 312
393 1760 418
520 1761 394
307 1762 566
169 1763 178
1054 1763 263
309 1764 552
328 1764 964
818 1765 345
651 1766 171
78 1767 158
196 1767 434
337 1767 940
553 1767 465
1370 1767 130
644 1768 887
719 1768 447
1111 1768 502
1312 1768 170
1473 1768 387
167 1769 240
36 1770 177
361 1770 239
269 1771 252
296 1772 740
1000 1772 150
551 1773 258
770 1773 154
1707 1773 115
825 1774 184
1033 1774 174
1254 1774 171
591 1775 207
1325 1775 306
163 1776 241
789 1776 280
1071 1776 457
1455 1776 441
344 1777 260
449 1778 547
827 1778 701
1212 1779 976
907 1780 444
1334 1780 173
1680 1780 459
127 1781 853
1588 1782 790
1067 1783 292
439 1784 127
1587 1784 333
823 1785 394
892 1785 453
1259 1785 126
1337 1785 206
222 1786 406
724 1786 196
152 1787 779
910 1787 320
1778 1787 907
1070 1788 295
1653 1788 263
1730 1788 596
1668 1789 182
842 1790 110
927 1790 208
363 1791 323
1510 1791 229
1641 1791 896
1237 1792 287
1228 1793 129
1676 1793 237
1698 1793 289
1717 1794 128
200 1795 217
688 1795 154
886 1795 726
1258 1795 343
1493 1795 203
230 1796 766
1201 1796 101
1212 1796 589
309 1797 268
776 1797 762
844 1797 280
1211 1797 170
1448 1797 222
1234 1798 352
331 1799 180
114 1800 102
817 1801 828
964 1802 277
603 1803 167
1008 1803 259
720 1804 447
986 1804 845
1467 1804 155
685 1805 213
1329 1806 652
397 1807 152
834 1807 158
1136 1807 150
771 1808 346
1265 1808 346
1310 1808 121
1143 1809 875
383 1810 240
635 1810 137
838 1810 377
673 1811 664
977 1811 179
883 1812 223
310 1813 315
847 1813 192
1284 1814 110
210 1815 216
1099 1815 436
1651 1815 316
1776 1815 445
343 1816 459
504 1816 315
830 1816 404
961 1817 229
589 1818 904
1412 1818 314
108 1819 860
1275 1820 718
1708 1820 703
367 1821 320
526 1822 320
988 1822 110
205 1823 294
224 1823 352
863 1823 300
1427 1823 647
217 1824 485
450 1824 258
1469 1824 485
230 1825 185
259 1825 365
801 1825 456
1039 1825 115
1046 1825 873
178 1826 300
1488 1827 535
368 1828 351
1078 1828 698
705 1829 294
184 1830 366
759 1830 441
1116 1830 369
1330 1830 321
1446 1831 603
82 1833 357
834 1833 222
1055 1833 197
598 1834 996
810 1834 727
1489 1834 277
1577 1834 285
1813 1834 893
859 1835 469
910 1835 252
996 1835 566
729 1836 114
1124 1836 474
60 1837 116
367 1837 637
1256 1837 388
1661 1838 294
28 1839 138
188 1840 286
322 1841 349
442 1841 223
1627 1841 246
742 1842 627
1089 1842 377
1354 1842 257
60 1843 305
567 1843 172
827 1843 293
1590 1844 396
84 1845 416
506 1845 524
626 1845 210
1363 1845 416
1466 1845 375
1624 1845 170
1047 1846 361
1259 1847 128
1169 1848 147
1506 1848 551
1091 1849 189
636 1850 576
1830 1850 195
1848 1850 271
294 1851 282
1658 1851 524
1730 1851 125
552 1852 346
562 1852 235
704 1852 238
1236 1853 184
177 1854 231
717 1855 131
1512 1855 232
807 1856 246
1692 1856 275
1720 1856 851
1791 1856 326
514 1858 196
1482 1858 242
1729 1858 271
878 1859 197
1237 1859 732
1672 1859 248
1564 1860 979
438 1861 136
794 1861 167
1306 1861 235
843 1862 284
712 1863 228
987 1865 858
1177 1865 422
12 1866 170
761 1866 406
1741 1866 432
897 1867 909
1668 1867 785
1569 1868 117
475 1869 637
1619 1869 111
1045 1870 431
1847 1870 635
160 1871 259
1012 1871 728
1596 1871 675
773 1872 213
802 1872 393
941 1873 111
1066 1873 103
1102 1873 141
5 1874 327
1703 1874 417
1714 1874 416
141 1875 438
321 1875 776
518 1876 169
858 1876 269
1504 1876 294
280 1877 193
1578 1877 189
752 1878 380
1677 1878 310
1645 1879 789
640 1880 599
339 1881 894
1316 1881 292
1707 1881 236
152 1882 189
529 1882 226
1638 1882 695
570 1883 283
427 1884 145
1472 1884 116
1857 1884 133
511 1885 870
1459 1885 234
545 1886 102
922 1886 503
1488 1886 112
1788 1887 481
186 1888 497
1673 1888 319
1700 1888 538
176 1889 715
1123 1889 389
1423 1890 279
1281 1891 464
1883 1891 112
185 1892 651
431 1893 622
781 1893 243
276 1894 966
454 1894 212
692 1895 190
1181 1895 214
1544 1895 362
120 1896 244
905 1896 101
226 1898 249
884 1898 105
1547 1898 543
192 1899 573
1037 1899 231
1508 1899 317
37 1900 871
950 1900 118
1106 1900 236
1119 1901 662
848 1902 308
931 1903 678
504 1904 565
587 1904 463
1767 1904 939
47 1905 239
112 1905 350
19 1906 707
78 1907 436
1468 1907 227
649 1908 446
1855 1908 181
977 1909 112
1138 1909 236
377 1910 740
482 1910 443
962 1910 124
1325 1911 121
105 1912 185
156 1912 145
442 1912 216
1282 1912 141
1864 1912 212
66 1913 129
579 1913 119
1217 1913 236
126 1914 260
1808 1914 410
747 1915 258
1219 1915 817
1714 1915 271
549 1916 320
1520 1916 323
1522 1916 166
638 1917 138
1582 1917 341
1740 1917 271
1428 1918 591
1226 1919 389
966 1920 829
1062 1921 311
1528 1921 127
707 1922 282
1782 1922 848
288 1923 341
939 1924 444
1500 1924 445
80 1926 912
352 1926 214
696 1926 271
922 1926 243
330 1927 137
790 1927 182
1685 1927 276
77 1928 421
932 1928 259
909 1929 473
28 1930 356
162 1931 437
263 1931 267
1059 1931 216
376 1932 334
479 1932 129
1576 1932 170
848 1933 555
1901 1934 178
795 1935 165
1277 1935 569
1383 1935 328
207 1936 224
884 1936 457
1513 1936 768
1151 1937 274
1288 1937 275
802 1938 144
989 1939 241
1736 1940 179
511 1941 212
563 1941 341
1591 1941 388
1379 1942 823
1591 1942 251
745 1943 102
1571 1943 139
1844 1943 168
1925 1943 164
487 1944 114
1867 1944 232
898 1945 955
1349 1945 105
1584 1946 175
1524 1947 215
166 1948 182
378 1948 255
1254 1948 763
1550 1948 668
1083 1949 155
1423 1950 286
61 1951 821
918 1952 210
45 1953 886
515 1953 971
677 1953 428
995 1953 104
1724 1953 549
22 1954 289
500 1954 384
1704 1954 495
618 1955 448
1822 1956 531
992 1958 154
1036 1958 139
1521 1958 382
1109 1959 127
1077 1960 529
1100 1960 104
1309 1960 290
1702 1960 499
411 1961 242
762 1961 352
855 1961 357
492 1962 286
1490 1962 117
1435 1963 466
111 1964 503
1396 1965 117
556 1966 107
629 1966 288
653 1966 635
413 1967 619
609 1967 264
1497 1967 194
1934 1967 210
64 1968 172
431 1969 457
592 1969 211
1144 1969 328
1534 1969 875
1692 1969 337
1756 1969 198
358 1970 118
1214 1970 614
1326 1970 182
326 1971 553
1403 1971 347
1410 1971 268
548 1972 282
1637 1972 142
988 1973 434
1548 1973 329
338 1974 246
1044 1974 271
1424 1975 368
319 1976 409
684 1976 107
1832 1976 286
1119 1977 619
313 1978 428
1333 1978 304
1565 1979 534
1814 1979 108
207 1980 210
323 1980 745
1291 1980 364
1470 1981 480
1724 1981 457
662 1982 273
788 1982 554
1144 1982 161
1103 1983 259
49 1984 271
801 1984 792
1683 1984 181
1891 1984 140
384 1985 333
738 1985 294
1122 1985 286
858 1986 392
33 1987 419
635 1988 162
925 1988 114
371 1989 376
993 1989 519
1612 1989 162
546 1990 138
750 1990 440
127 1991 716
543 1991 779
733 1991 205
263 1992 711
702 1992 462
906 1992 867
969 1992 801
1161 1992 198
942 1993 691
1198 1993 429
1897 1993 910
1644 1994 287
1670 1994 175
1820 1994 119
1965 1994 456
1313 1995 122
1350 1995 280
936 1996 277
76 1997 208
882 1997 358
1494 1997 131
1745 1997 790
1957 1997 394
1522 1998 237
2 1999 304
825 2000 488
901 2000 177
