1
0
1
1
1000000
0
0
0
0
1
28 33 550
5 43 287
49 58 409
51 59 744
24 61 636
47 65 474
29 72 788
72 77 686
56 80 369
55 81 231
57 83 621
47 90 431
21 91 542
94 95 373
86 96 608
61 105 311
57 109 288
21 113 104
30 113 593
60 113 871
99 121 424
118 124 218
68 127 269
21 131 648
34 131 403
113 131 197
24 133 172
17 134 997
119 134 285
42 138 398
109 140 509
26 142 137
49 150 701
67 150 697
93 153 107
124 153 577
128 153 194
116 154 356
10 158 448
125 159 667
20 161 268
40 161 266
24 164 905
61 164 646
133 164 330
93 168 311
35 169 167
2 170 467
57 175 576
19 181 142
171 182 397
92 183 267
83 184 756
109 184 501
49 185 300
24 187 121
82 187 408
145 187 909
111 191 334
123 193 265
22 194 407
88 194 472
10 195 344
42 196 223
138 196 268
64 197 282
92 197 121
183 197 272
28 199 348
14 202 340
168 202 225
82 204 698
21 207 266
61 207 461
91 207 407
8 208 384
11 209 271
144 210 282
2 213 122
78 213 165
78 215 258
24 216 950
61 216 942
145 216 306
187 216 552
127 217 729
129 217 871
114 219 536
162 219 434
215 220 283
156 222 444
203 225 259
184 226 584
11 228 966
98 228 539
50 229 250
12 230 130
103 230 574
64 234 618
35 235 602
169 235 222
146 236 303
122 237 121
152 238 148
217 240 235
3 241 800
55 241 312
134 241 230
68 242 572
114 244 287
228 245 175
95 247 278
135 247 353
132 248 259
25 250 300
203 250 343
99 251 350
111 251 607
191 251 241
6 253 227
160 253 877
200 253 239
90 254 261
232 254 717
10 255 664
79 255 510
54 256 538
98 256 254
223 256 261
247 260 670
152 263 390
173 263 464
219 263 294
118 264 350
121 265 418
137 265 334
97 267 469
14 269 106
10 271 459
79 271 356
186 271 938
255 271 196
70 272 315
39 273 549
62 273 706
224 273 830
61 274 251
75 274 865
216 274 471
127 277 101
69 278 986
150 279 392
27 281 270
234 282 163
11 285 105
46 285 259
58 287 528
67 287 854
172 288 126
62 289 213
97 289 735
282 289 523
28 290 913
40 290 358
284 290 251
44 293 121
3 294 106
102 296 440
204 297 216
287 297 380
291 297 704
98 298 107
132 299 466
92 300 968
224 300 217
57 301 531
83 301 419
243 302 241
82 303 299
204 303 244
279 303 222
10 304 214
137 304 476
190 305 484
265 307 441
53 308 124
255 310 128
271 310 273
259 311 555
22 312 519
279 313 583
283 314 176
96 315 139
143 316 524
220 316 436
308 316 177
117 319 293
48 320 103
196 320 782
246 320 383
6 321 468
60 326 285
75 326 316
91 326 580
146 327 226
175 327 237
288 328 507
144 329 331
97 330 229
121 330 233
9 331 707
279 332 660
69 333 873
136 334 260
321 334 328
244 336 201
89 337 430
210 337 220
37 338 431
45 338 559
190 338 112
181 342 382
320 345 245
327 346 986
144 349 201
188 349 449
271 350 485
263 351 296
24 353 279
31 353 154
66 353 213
246 353 316
113 354 236
164 354 841
3 355 327
16 355 786
39 356 270
64 356 257
234 356 332
93 357 797
118 357 956
202 357 174
33 358 117
154 358 211
206 358 269
15 359 126
169 360 506
235 360 593
268 360 510
308 360 336
228 362 304
147 363 293
208 363 339
246 365 277
189 367 359
223 367 104
266 367 304
132 370 230
200 370 265
299 370 311
149 371 415
325 371 425
273 372 536
282 372 245
229 375 336
6 376 298
321 376 357
213 377 543
230 377 296
351 377 220
195 379 258
267 379 256
21 380 472
113 380 238
164 380 333
207 380 848
205 381 921
378 381 196
226 382 597
301 382 391
221 383 289
248 385 316
254 387 284
81 389 868
39 391 481
273 391 144
334 392 698
74 393 279
17 395 513
55 395 189
94 395 336
57 396 102
33 397 501
206 397 454
244 398 467
263 398 278
288 398 155
327 399 819
46 400 255
372 401 473
217 402 517
272 402 581
336 402 265
39 404 575
234 404 360
257 404 276
327 404 259
356 404 659
36 405 139
403 405 349
63 408 455
238 408 332
390 408 307
260 409 553
222 410 235
278 410 253
223 413 240
11 416 232
229 417 483
412 417 101
12 419 884
82 420 317
105 420 636
216 420 550
328 422 566
15 423 249
397 423 316
150 424 500
385 424 302
392 424 101
349 425 247
80 426 198
70 427 275
129 427 173
402 427 667
76 428 218
203 428 766
76 429 132
428 429 453
6 430 385
248 430 517
376 430 723
31 431 387
76 433 756
124 433 232
92 434 538
299 434 243
300 434 597
67 435 282
279 435 321
332 435 843
407 435 237
359 436 298
373 437 478
90 439 382
239 439 131
247 439 534
313 440 492
111 441 285
251 441 904
105 442 371
164 442 348
440 443 134
375 444 619
269 445 128
371 446 755
256 448 322
351 450 308
102 452 633
322 452 116
7 453 104
363 453 748
313 454 539
419 454 900
14 455 117
388 455 935
7 456 611
146 456 310
400 458 705
210 459 338
454 460 417
401 461 542
404 461 286
133 462 482
164 462 241
354 462 568
252 463 431
72 464 574
90 464 331
254 464 789
334 464 254
384 464 901
147 465 726
208 465 267
140 466 644
265 466 365
303 469 108
452 469 351
420 470 489
105 471 251
133 471 333
122 474 386
237 474 526
195 476 188
265 476 589
379 476 272
106 479 404
133 480 390
442 480 226
368 481 375
226 482 362
379 482 287
183 483 552
200 483 443
253 483 560
248 484 436
281 485 219
362 485 918
60 486 280
75 486 738
151 486 563
274 486 323
354 486 413
462 486 250
409 487 104
286 488 111
88 489 365
312 489 140
458 490 224
465 490 228
261 492 449
44 493 873
293 493 581
141 495 331
309 495 577
93 496 187
24 497 857
133 497 399
187 497 887
471 497 316
247 498 255
260 498 235
322 499 404
95 500 324
227 500 623
285 500 315
62 501 417
97 501 196
372 501 158
93 502 347
168 502 242
378 503 342
90 504 637
146 505 115
174 505 690
236 505 246
57 506 438
396 506 520
40 507 977
310 508 445
212 509 352
296 509 498
145 511 249
442 511 554
471 511 421
177 512 300
283 513 178
383 513 582
457 514 382
293 516 228
137 517 377
265 517 379
330 517 106
466 517 116
30 518 614
96 518 311
70 519 210
240 519 645
272 519 372
336 519 826
402 519 425
70 520 209
240 520 871
374 520 647
130 521 522
176 521 606
327 521 525
257 523 512
356 523 980
401 523 147
129 524 124
48 526 573
246 526 480
353 526 875
20 528 650
161 528 724
290 528 438
436 528 614
148 529 219
59 530 611
22 531 418
123 531 392
445 531 281
248 532 843
305 532 422
376 532 188
385 532 111
424 532 487
430 532 400
123 533 312
193 533 383
245 533 221
315 534 325
518 534 520
151 536 444
292 536 619
370 536 213
144 537 754
210 537 597
127 538 469
217 538 366
240 538 553
272 538 799
277 538 371
524 538 712
111 540 203
492 541 311
267 542 268
399 542 396
428 543 872
287 544 227
435 544 233
339 545 408
202 546 215
203 546 734
225 546 448
332 546 302
428 546 322
433 546 174
185 547 634
56 548 329
89 548 406
185 549 277
23 550 212
114 550 384
398 550 277
137 551 386
257 551 693
461 551 462
117 552 493
319 552 241
340 552 628
508 552 178
132 553 704
141 553 501
434 553 113
282 554 469
330 554 287
501 554 585
488 555 160
399 556 154
4 557 361
320 558 375
339 558 516
510 559 578
182 560 573
71 561 379
107 561 195
221 562 493
203 563 151
367 563 203
433 563 588
546 563 259
112 564 254
448 566 506
406 567 903
280 568 116
559 568 643
66 569 469
473 569 742
32 570 970
126 571 258
261 571 416
484 571 709
492 571 606
418 572 114
555 572 524
10 573 391
186 573 427
418 573 481
103 574 248
477 574 501
203 575 338
413 577 319
494 577 215
41 579 630
412 579 678
467 580 303
23 581 245
382 581 996
466 581 406
38 583 240
140 584 407
382 584 862
463 584 541
466 584 594
558 585 285
8 586 762
138 587 162
252 588 143
212 589 161
271 590 281
418 590 974
268 591 263
74 592 682
582 592 478
338 593 277
387 593 830
127 594 914
129 594 856
272 594 532
374 594 232
402 594 623
347 595 289
270 596 340
5 597 417
256 598 472
577 598 375
20 599 798
161 599 760
135 600 506
169 601 153
220 601 199
415 601 286
302 602 260
180 603 346
488 603 312
34 604 788
73 604 276
262 604 596
398 605 953
331 606 130
386 606 291
72 607 667
387 608 807
282 609 234
289 609 258
372 609 106
401 609 444
117 610 708
141 611 563
183 611 388
200 611 209
142 613 292
276 613 269
267 615 375
333 615 393
352 615 172
178 616 404
74 617 172
125 617 434
46 618 309
239 618 879
96 619 116
155 619 211
315 619 311
386 620 332
572 620 245
111 621 121
251 621 286
95 622 136
152 622 236
247 622 292
115 623 455
340 623 105
508 623 336
53 624 472
176 624 140
235 624 288
214 625 412
525 626 824
9 627 884
555 627 615
620 627 156
6 628 416
200 628 741
242 628 643
430 628 714
553 628 828
233 629 254
508 630 503
595 631 347
394 632 946
591 633 371
41 634 365
65 634 640
90 634 361
226 635 319
301 635 303
382 635 459
463 635 317
170 636 207
213 636 108
545 637 274
230 638 343
450 638 289
322 639 498
479 641 578
515 641 208
579 642 166
158 644 127
116 645 580
146 645 300
169 645 452
415 645 232
624 645 118
99 646 138
433 646 309
540 646 477
598 646 108
527 647 110
565 647 260
162 648 867
559 648 281
567 648 983
605 648 217
60 649 493
504 649 263
44 650 381
293 650 408
140 651 538
482 651 127
371 652 223
155 653 627
474 653 220
122 654 836
355 654 360
149 655 310
239 655 642
371 655 311
652 655 429
268 656 214
537 656 328
177 657 367
276 657 950
653 657 119
214 658 287
184 659 221
635 659 674
446 660 106
363 661 506
295 662 646
85 663 281
160 663 110
369 663 587
478 663 234
279 664 273
332 664 835
46 665 362
119 665 141
317 666 397
348 666 468
140 667 276
265 667 312
466 667 886
476 667 755
145 668 247
354 668 533
442 668 219
649 668 155
305 669 341
291 670 294
392 670 254
435 670 213
544 670 228
239 671 385
323 671 282
371 671 475
562 672 351
242 673 354
277 673 272
402 673 538
538 673 608
594 673 284
548 674 742
610 675 345
39 676 292
62 676 632
257 676 347
469 676 915
523 676 165
609 676 676
202 678 160
264 678 851
357 678 542
417 678 447
109 679 110
140 679 257
184 679 603
301 679 575
463 679 775
482 679 455
584 679 158
414 680 112
458 680 226
71 681 223
134 681 424
137 681 238
395 681 831
561 681 235
95 682 630
227 682 248
408 682 270
475 682 455
268 683 664
360 683 237
633 683 161
31 684 298
36 685 446
25 686 341
250 686 231
546 686 289
575 686 115
49 687 363
136 687 259
150 687 562
385 687 288
664 687 181
165 688 478
632 688 493
616 689 745
23 690 314
110 690 449
510 690 706
67 691 300
334 691 557
376 691 845
253 692 405
299 692 222
483 692 529
55 693 285
389 693 409
123 694 386
533 694 284
77 695 314
198 695 216
607 695 761
344 696 412
430 696 264
691 696 902
318 698 293
375 699 219
669 699 166
121 700 124
137 700 274
330 700 127
401 700 350
461 700 121
566 701 620
265 702 406
542 702 578
581 702 905
297 703 262
527 703 316
669 704 194
37 705 613
338 705 238
593 705 159
57 706 235
572 706 386
588 706 893
606 706 169
439 707 431
75 708 318
129 708 487
354 708 348
414 708 260
486 708 285
631 708 331
278 709 258
328 709 262
536 710 222
46 712 302
233 712 915
406 712 272
122 713 159
469 713 167
474 713 439
612 713 244
619 713 490
653 713 460
91 714 697
130 714 374
146 714 485
166 715 509
249 715 135
303 715 283
464 715 222
11 716 383
163 716 842
447 716 318
512 717 386
101 718 298
58 719 133
67 719 107
287 719 359
334 719 258
538 719 801
670 719 335
691 719 332
269 720 194
304 721 376
717 722 412
332 723 843
392 723 458
424 723 514
435 723 571
670 723 686
691 723 400
219 724 135
605 724 171
481 725 502
105 726 728
133 726 306
380 726 481
146 727 910
174 727 867
718 727 623
111 728 355
180 729 912
369 729 596
572 729 437
426 730 475
548 730 684
674 730 247
361 731 293
421 732 558
692 732 437
155 733 281
315 733 618
619 733 247
727 733 395
239 734 198
311 735 625
473 736 978
539 736 370
318 737 293
29 738 465
720 738 271
49 739 116
58 739 616
303 739 612
332 739 492
335 739 303
425 739 379
3 740 708
643 740 139
140 741 283
529 741 245
709 741 464
555 742 450
572 742 388
355 743 514
654 743 978
640 744 252
24 745 706
75 745 430
207 745 270
380 745 293
726 745 552
379 746 269
476 746 441
667 746 124
688 747 431
152 748 235
173 748 718
238 748 732
245 749 394
64 750 386
327 750 741
514 750 460
611 750 204
64 751 749
197 751 211
273 751 817
391 751 610
237 753 275
474 753 262
518 753 362
534 753 205
85 754 465
160 754 344
369 754 228
338 755 636
248 756 217
299 756 556
309 756 399
495 756 113
279 757 124
435 757 395
544 757 230
215 758 600
407 758 257
741 760 423
422 761 145
1 762 882
104 762 474
72 763 285
90 763 488
198 763 313
412 763 117
607 763 319
335 764 980
420 764 795
471 764 408
497 764 284
252 765 425
506 765 414
581 765 129
667 765 623
702 765 345
474 766 878
119 767 158
153 767 187
55 768 698
439 768 336
575 768 289
693 768 550
85 769 775
160 769 404
478 769 676
754 769 466
228 770 537
655 770 135
42 771 621
270 771 237
536 771 355
543 772 283
686 772 886
120 773 593
213 773 421
315 773 285
350 773 302
713 773 387
91 774 204
237 774 225
326 774 391
511 775 300
83 776 655
180 776 572
331 776 834
659 776 301
742 776 272
379 777 113
466 777 805
517 777 578
584 777 401
68 778 459
258 778 614
733 779 270
59 780 132
297 781 114
480 781 240
511 781 262
544 781 316
757 781 318
408 782 849
475 782 209
500 782 112
530 782 150
682 782 358
258 783 564
527 783 267
399 784 317
569 784 373
46 785 111
94 785 246
285 785 451
618 785 221
138 786 365
66 787 270
512 787 319
558 787 711
142 788 293
276 788 453
522 788 316
234 789 693
282 789 477
289 789 322
404 789 357
461 789 409
39 790 361
273 790 120
372 790 252
401 790 287
404 790 294
461 790 263
233 791 131
712 791 108
785 791 247
153 792 419
444 792 529
145 793 279
187 793 484
204 793 399
511 793 257
781 793 203
335 794 264
544 794 307
781 794 265
793 794 379
513 795 452
675 796 288
190 797 402
338 797 436
444 797 632
671 797 799
156 800 535
352 800 317
199 801 308
358 801 401
181 802 878
212 803 278
296 803 395
262 804 108
586 804 587
90 805 278
229 805 355
138 806 428
191 807 113
436 808 325
132 809 218
141 809 117
200 809 540
253 809 225
370 809 662
430 809 308
277 810 566
427 810 406
519 810 377
520 810 548
362 811 140
749 811 662
226 812 232
379 812 471
463 812 108
542 812 224
584 812 800
746 812 152
777 812 333
194 813 615
141 814 650
197 814 135
483 814 699
514 814 298
750 814 145
479 815 199
641 815 613
120 817 454
653 817 387
713 817 528
718 817 146
733 817 432
773 817 249
116 818 280
144 818 230
238 818 253
360 818 308
633 818 244
198 819 248
221 819 351
281 819 277
456 821 789
597 821 743
782 822 697
122 823 117
155 823 195
237 823 519
42 824 301
112 824 931
20 825 266
40 825 793
157 825 485
507 825 663
9 826 281
286 826 407
653 826 474
766 826 133
230 827 114
343 827 567
535 827 452
593 827 191
120 828 407
612 828 533
620 828 330
627 828 442
779 828 835
817 828 302
132 829 789
532 829 313
809 829 905
120 830 860
286 830 874
315 830 202
733 830 859
779 830 434
819 830 145
432 831 366
652 831 233
671 831 341
137 832 867
517 832 205
551 832 545
3 834 447
373 834 607
669 834 316
743 834 303
397 835 414
705 836 222
755 836 178
202 837 794
264 837 751
90 838 593
179 838 311
405 838 232
685 838 252
50 839 446
229 839 364
375 839 489
163 840 798
716 840 523
224 842 392
523 842 290
790 842 966
192 843 327
639 843 384
152 844 795
173 844 330
263 844 288
165 845 192
400 845 347
130 846 383
176 846 452
327 846 359
205 847 469
491 848 420
536 848 719
45 849 157
160 850 325
369 850 215
478 850 209
409 851 305
439 851 605
653 851 376
204 852 677
291 852 709
297 852 281
511 852 216
173 853 313
238 853 257
263 853 306
605 853 793
844 853 876
109 854 391
184 854 253
382 854 533
588 854 252
659 854 822
252 857 555
396 857 299
635 857 290
129 858 876
217 858 362
240 858 217
272 858 123
336 858 387
427 858 624
520 858 442
810 858 265
86 860 570
96 860 240
131 860 319
49 861 316
150 861 213
291 861 242
723 861 450
739 861 113
108 862 212
259 862 166
176 863 695
187 863 807
727 863 378
106 864 153
641 864 583
771 865 386
138 866 959
587 866 747
771 866 278
183 867 865
197 867 104
391 867 669
611 867 382
751 867 505
560 868 475
155 869 554
474 869 503
619 869 576
774 869 579
432 870 184
856 870 311
214 871 591
363 871 388
422 871 614
189 872 222
256 872 396
136 873 247
334 873 640
829 873 936
38 874 747
151 874 244
464 874 110
675 874 385
848 874 417
121 875 477
257 875 651
551 875 292
554 875 481
789 875 603
832 875 235
60 876 436
91 876 278
207 876 285
274 876 114
326 876 250
414 876 285
649 876 312
321 877 127
376 877 858
719 877 633
369 879 504
769 879 224
850 879 325
314 880 604
672 880 339
760 880 210
874 880 265
122 882 107
534 882 505
733 882 237
823 882 242
860 882 204
10 883 292
172 883 564
304 883 152
262 884 333
306 884 981
622 884 403
537 886 406
566 886 706
744 886 405
872 886 469
234 887 466
257 887 449
523 887 296
554 887 259
700 887 255
875 887 150
855 888 236
83 889 249
148 889 802
301 889 120
635 889 575
857 889 241
136 890 305
248 890 233
344 890 234
687 890 227
696 890 453
92 891 241
299 891 434
483 891 611
495 891 141
514 891 448
692 891 458
814 891 752
245 892 351
716 892 471
614 893 233
802 893 113
225 894 209
409 894 102
595 894 225
13 895 628
171 895 615
182 895 739
161 896 882
571 896 238
309 897 561
434 897 745
553 897 602
628 897 127
386 899 123
396 899 198
572 899 134
588 899 116
742 899 164
857 899 270
309 900 380
425 900 392
730 900 786
127 901 537
336 901 586
374 901 468
524 901 516
810 901 229
261 902 441
291 902 937
471 902 779
511 902 179
757 902 282
764 902 142
781 902 242
806 903 735
148 905 351
163 905 419
383 905 481
819 905 115
395 906 130
538 906 294
768 906 104
192 907 226
841 907 330
80 908 355
96 908 460
426 908 444
548 908 361
900 908 267
152 909 619
173 909 243
238 909 331
748 909 336
844 909 211
167 910 800
547 910 357
201 911 354
451 911 789
126 912 221
317 912 820
499 912 453
666 912 181
796 912 429
121 913 311
365 913 323
545 913 229
558 913 575
260 914 303
78 915 494
213 915 540
215 915 634
220 915 117
377 915 407
820 915 307
173 916 317
238 916 623
263 916 393
748 916 408
794 916 547
823 916 440
853 916 564
224 917 314
750 917 442
805 917 346
399 918 263
784 918 594
859 918 316
647 919 342
361 920 257
438 920 541
19 921 809
166 921 257
181 921 300
342 921 109
74 922 225
159 922 235
881 922 325
85 923 422
160 923 334
369 923 142
478 923 255
769 923 900
879 923 245
30 924 374
96 924 305
122 924 447
619 924 674
774 924 264
860 924 345
869 924 393
97 925 103
289 925 492
330 925 384
461 925 276
700 925 116
789 925 259
832 925 100
341 926 108
760 926 623
256 927 243
367 927 853
413 927 253
101 928 121
161 928 947
347 929 287
547 929 389
732 929 575
801 930 310
126 931 491
317 931 343
108 932 582
894 932 385
582 933 318
665 934 216
681 935 803
802 935 923
849 935 321
893 935 388
921 935 117
115 936 178
86 937 765
155 937 498
869 937 530
9 938 102
120 938 949
603 938 733
710 938 453
773 938 572
211 939 150
249 939 311
342 939 776
384 939 478
540 939 453
646 939 369
921 939 466
935 939 295
57 940 408
83 940 206
396 940 704
606 940 558
742 940 544
776 940 726
854 940 317
899 940 361
4 941 207
276 941 102
324 941 219
484 941 101
512 941 608
582 942 435
881 942 221
922 942 287
167 945 176
179 945 669
875 945 585
95 946 298
227 946 766
390 946 627
109 947 394
252 947 302
396 947 333
581 947 425
588 947 255
854 947 743
211 948 233
417 948 447
593 948 844
655 948 334
90 949 168
211 949 644
593 949 263
797 949 661
684 950 358
697 950 327
86 951 615
534 951 925
830 951 219
882 951 358
132 952 292
344 952 262
385 952 611
628 952 284
696 952 352
829 952 129
250 953 469
529 953 114
575 953 334
286 954 497
315 954 878
766 954 285
826 954 415
830 954 395
938 954 429
3 955 726
99 955 670
437 955 578
578 955 124
546 956 120
888 956 357
139 957 275
919 957 400
185 958 400
421 958 808
547 958 552
110 959 343
193 959 372
269 959 370
531 959 478
631 959 622
929 959 383
251 960 997
540 960 247
646 960 277
728 960 437
90 961 247
198 961 422
464 961 480
933 961 375
185 962 221
260 962 458
409 962 489
439 962 270
487 962 307
567 962 736
642 962 265
707 962 742
851 962 287
932 962 416
194 963 126
629 963 366
757 963 628
956 963 472
627 964 269
713 964 237
766 964 592
779 964 489
826 964 277
42 965 256
138 965 364
564 965 603
786 965 639
84 966 404
88 966 833
194 966 302
813 966 961
888 966 124
956 966 482
963 966 230
699 968 130
855 968 269
921 968 514
93 969 274
128 969 503
357 969 113
496 969 269
502 969 567
767 969 395
97 970 257
195 970 313
267 970 876
289 970 403
609 970 298
195 971 235
501 971 379
554 971 379
609 971 131
387 972 243
836 972 128
74 973 287
186 973 117
393 973 297
582 973 439
592 973 602
664 973 187
922 973 757
933 973 258
6 974 623
7 974 153
314 974 882
334 974 144
424 974 692
691 974 427
696 974 115
829 974 159
873 974 114
952 974 842
549 975 700
400 976 604
82 977 443
145 977 625
204 977 289
335 977 604
420 977 791
470 977 245
608 977 769
852 977 467
609 978 578
884 978 760
160 979 458
369 979 193
663 979 144
754 979 313
879 979 105
31 980 320
341 980 437
410 980 417
950 981 647
33 982 268
359 982 375
397 982 562
808 982 697
835 982 959
88 983 248
229 983 625
738 983 299
956 983 736
129 984 205
381 984 403
568 984 365
724 984 834
603 985 309
620 985 443
773 985 527
779 985 119
964 985 306
327 986 148
25 987 532
413 987 323
904 987 485
927 987 404
428 988 626
693 988 515
953 988 385
226 989 136
482 989 315
506 989 688
746 989 387
765 989 235
659 990 767
889 990 211
110 991 815
191 991 324
623 991 333
834 991 199
870 991 325
406 992 252
817 992 402
826 992 255
964 992 238
985 992 528
141 993 347
183 993 231
253 993 729
309 993 121
495 993 307
514 993 111
611 993 602
18 994 281
411 994 113
450 994 410
252 995 366
506 995 830
588 995 236
706 995 625
8 996 209
238 996 810
244 996 623
840 996 664
192 997 220
509 997 236
512 997 153
522 997 279
726 997 584
41 998 678
90 998 429
254 998 433
504 998 509
763 998 786
133 999 340
145 999 501
462 999 454
471 999 110
511 999 121
86 1000 298
131 1000 322
414 1000 966
534 1000 307
860 1000 481
937 1000 440
191 1001 220
799 1001 122
870 1001 305
14 1002 311
47 1002 914
323 1002 369
780 1002 221
337 1003 617
908 1003 151
151 1004 383
796 1004 400
399 1005 414
569 1005 809
734 1006 620
831 1006 265
27 1007 406
314 1007 172
697 1007 169
869 1007 316
121 1008 103
257 1008 148
401 1008 114
609 1008 289
700 1008 346
970 1008 431
426 1009 304
456 1009 496
900 1009 111
343 1010 171
548 1011 417
730 1011 530
535 1012 299
399 1013 591
473 1013 556
539 1013 675
569 1013 750
736 1013 128
859 1013 254
19 1014 661
51 1014 483
98 1014 308
614 1014 294
935 1014 568
747 1016 736
121 1017 348
651 1017 990
667 1017 258
832 1017 297
508 1018 364
84 1019 133
640 1020 289
643 1020 245
701 1020 246
872 1020 480
386 1021 220
498 1021 153
603 1021 176
620 1021 377
990 1021 132
9 1022 252
120 1022 434
180 1022 220
286 1022 228
331 1022 319
938 1022 264
500 1023 731
165 1024 239
400 1024 504
747 1024 986
132 1025 179
146 1026 335
175 1026 297
176 1026 631
327 1026 162
718 1026 304
986 1026 508
81 1027 331
97 1027 268
267 1027 423
330 1027 256
542 1027 203
777 1027 159
971 1027 877
106 1028 638
589 1028 216
815 1028 744
212 1029 374
509 1029 307
1015 1029 771
1002 1030 250
76 1031 473
914 1031 336
19 1032 334
547 1032 856
29 1033 103
88 1033 526
100 1033 782
888 1033 328
485 1034 602
529 1034 202
615 1034 353
777 1034 558
157 1035 256
176 1035 324
846 1035 359
195 1036 806
482 1036 494
542 1036 111
584 1036 670
651 1036 715
697 1036 410
1027 1036 269
43 1037 321
560 1037 103
597 1037 884
821 1037 399
892 1037 443
59 1038 180
468 1038 647
580 1038 738
2 1039 560
143 1039 113
636 1039 589
915 1039 316
28 1040 506
309 1040 337
316 1041 513
407 1041 212
286 1042 446
488 1042 587
603 1042 944
779 1042 504
830 1042 198
985 1042 102
758 1043 533
1041 1043 394
449 1044 746
593 1044 414
718 1044 606
967 1044 902
97 1046 291
195 1046 262
379 1046 102
517 1046 719
651 1046 295
777 1046 248
832 1046 359
190 1047 114
338 1047 338
480 1047 257
705 1047 117
152 1048 280
173 1048 446
263 1048 559
748 1048 495
844 1048 598
909 1048 457
916 1048 701
984 1048 362
121 1049 845
330 1049 124
466 1049 258
651 1049 624
1017 1049 392
1027 1049 234
1036 1049 621
46 1050 552
380 1050 225
717 1051 592
890 1051 430
341 1052 260
709 1052 106
248 1053 150
309 1053 291
344 1053 476
370 1053 422
430 1053 308
628 1053 793
756 1053 125
897 1053 337
196 1054 223
320 1054 860
324 1054 109
444 1055 210
682 1055 403
782 1055 213
614 1056 771
802 1056 796
343 1057 292
608 1057 716
827 1057 362
170 1058 426
103 1059 598
1016 1059 313
45 1060 137
755 1060 659
836 1060 423
755 1061 105
949 1061 235
927 1062 241
137 1063 239
267 1063 394
401 1063 510
501 1063 321
551 1063 145
971 1063 107
230 1064 289
535 1064 554
1057 1064 295
139 1065 353
847 1065 440
943 1066 842
46 1067 432
531 1068 435
138 1069 528
587 1069 353
965 1069 123
931 1070 323
33 1071 880
436 1071 443
319 1072 296
804 1072 196
871 1072 201
3 1073 514
275 1073 806
355 1073 814
654 1073 218
443 1074 505
472 1074 679
839 1075 494
286 1076 515
653 1076 289
951 1076 583
30 1077 211
131 1077 525
518 1077 296
534 1077 120
563 1077 487
619 1077 582
823 1077 543
882 1077 388
42 1078 119
560 1078 232
587 1078 372
596 1078 297
6 1079 151
141 1079 147
483 1079 220
495 1079 659
553 1079 414
628 1079 252
829 1079 414
60 1080 263
113 1080 325
380 1080 940
462 1080 108
649 1080 519
726 1080 339
44 1081 242
825 1081 331
98 1082 642
306 1082 698
24 1083 690
82 1083 219
105 1083 178
420 1083 502
442 1083 464
480 1083 297
591 1083 634
902 1083 361
576 1084 264
576 1085 240
782 1085 263
822 1085 262
1055 1085 271
881 1086 484
207 1088 112
216 1088 151
649 1088 965
668 1088 213
708 1088 429
745 1088 376
876 1088 426
525 1089 382
677 1089 648
775 1089 251
828 1089 525
194 1090 230
312 1090 342
1019 1090 309
69 1091 553
775 1091 361
571 1092 186
366 1093 111
703 1093 619
397 1094 327
423 1094 288
942 1094 373
1086 1094 463
944 1095 264
1044 1095 535
1082 1095 331
160 1096 257
663 1096 492
754 1096 347
850 1096 475
879 1096 299
923 1096 736
83 1097 276
180 1097 688
729 1097 271
776 1097 310
889 1097 221
357 1098 410
367 1098 141
228 1099 260
362 1099 368
749 1099 495
21 1100 105
30 1100 267
823 1100 544
869 1100 327
1077 1100 942
275 1101 559
280 1101 337
984 1101 324
285 1102 804
629 1102 476
712 1102 484
184 1103 756
252 1103 324
463 1103 294
679 1103 110
889 1103 125
989 1103 349
995 1103 106
232 1104 734
780 1104 347
82 1105 994
279 1105 342
335 1105 257
757 1105 752
764 1105 331
861 1105 285
902 1105 949
3 1106 362
323 1106 371
567 1106 584
555 1107 584
572 1107 362
606 1107 355
729 1107 560
828 1107 790
992 1107 477
245 1108 337
239 1109 478
671 1109 675
1006 1109 154
442 1110 458
686 1110 982
705 1110 391
755 1110 303
972 1110 116
87 1111 471
126 1111 546
231 1111 622
317 1111 286
110 1112 567
123 1112 377
153 1112 286
643 1112 408
740 1112 196
752 1112 477
311 1113 301
422 1114 308
458 1114 287
885 1114 110
930 1114 737
629 1115 236
791 1115 459
266 1116 907
305 1116 487
699 1116 699
944 1116 135
174 1117 643
236 1117 213
1044 1117 119
562 1118 157
795 1118 159
1052 1118 419
331 1119 112
488 1119 241
990 1119 936
1021 1119 473
1022 1119 405
1097 1119 246
389 1120 431
681 1120 219
951 1120 544
191 1121 225
856 1121 197
991 1121 640
200 1122 301
483 1122 947
553 1122 819
814 1122 205
867 1122 173
151 1123 456
848 1123 144
494 1124 267
577 1124 606
1030 1124 163
1099 1124 437
44 1125 326
104 1125 510
293 1125 370
364 1125 678
762 1125 321
853 1125 619
943 1125 112
580 1126 356
1038 1126 861
11 1127 236
439 1127 220
840 1127 441
1115 1127 207
157 1128 285
290 1128 955
507 1128 212
300 1129 516
21 1130 232
61 1130 626
164 1130 115
354 1130 861
468 1131 734
494 1131 244
969 1131 390
79 1133 619
136 1133 397
248 1133 216
321 1133 444
385 1133 945
756 1133 365
898 1134 242
163 1135 424
447 1135 220
770 1135 494
351 1136 160
608 1136 232
22 1137 256
72 1137 233
100 1137 107
966 1137 447
1019 1137 286
1062 1137 325
1090 1137 533
71 1138 275
107 1138 586
134 1138 457
715 1138 334
1130 1138 289
805 1139 444
266 1140 484
855 1140 573
944 1140 698
1082 1140 731
1095 1140 254
1116 1140 523
256 1141 334
413 1141 229
448 1141 227
566 1141 280
598 1141 246
701 1141 108
709 1141 285
872 1141 257
904 1141 608
569 1142 568
1013 1142 100
60 1143 411
113 1143 454
131 1143 453
326 1143 229
518 1143 272
708 1143 721
1000 1143 308
484 1144 204
616 1144 325
722 1144 650
261 1145 481
307 1145 728
1092 1145 272
225 1146 350
251 1146 530
441 1146 240
604 1146 460
1121 1146 300
4 1147 210
276 1147 375
324 1147 413
557 1147 330
612 1147 103
941 1147 655
997 1147 235
292 1148 186
583 1148 154
796 1148 622
870 1148 509
340 1149 125
552 1149 756
70 1150 827
127 1150 469
519 1150 295
171 1151 490
560 1151 455
229 1152 267
386 1152 494
396 1152 356
559 1152 654
606 1152 265
706 1152 466
729 1152 371
995 1152 208
95 1153 385
500 1153 619
530 1153 337
618 1153 102
770 1153 311
457 1154 456
539 1154 162
556 1154 296
451 1155 902
1113 1155 541
244 1156 603
280 1156 314
463 1157 698
476 1157 336
482 1157 717
542 1157 842
702 1157 160
765 1157 369
989 1157 368
1036 1157 624
45 1158 239
347 1158 325
712 1158 405
910 1158 223
929 1158 292
627 1159 798
653 1159 629
817 1159 363
828 1159 932
1076 1159 153
710 1160 720
874 1160 621
52 1161 361
286 1162 149
331 1162 393
488 1162 205
555 1162 507
826 1162 264
992 1162 561
1107 1162 217
1159 1162 345
14 1163 285
576 1163 327
102 1164 401
207 1164 978
391 1164 183
469 1164 266
145 1166 349
216 1166 280
274 1166 587
462 1166 143
470 1166 457
486 1166 275
649 1166 336
999 1166 451
566 1167 307
798 1167 370
960 1167 106
1001 1167 146
217 1168 450
272 1168 663
277 1168 215
374 1168 307
524 1168 341
594 1168 285
901 1168 245
297 1169 280
392 1169 639
664 1169 236
670 1169 588
29 1170 889
88 1170 105
225 1170 563
983 1170 328
1134 1171 222
192 1172 223
503 1172 492
13 1173 675
171 1173 264
560 1173 123
868 1173 120
1037 1173 143
159 1175 349
198 1175 231
634 1175 419
128 1176 638
153 1176 417
1050 1176 113
63 1177 784
1062 1177 278
1170 1177 662
779 1179 443
491 1180 366
675 1180 219
577 1181 360
958 1181 576
53 1182 480
235 1182 175
415 1182 299
645 1182 266
167 1183 108
403 1183 312
685 1183 518
460 1184 477
509 1184 369
1074 1184 106
85 1185 561
369 1185 334
478 1185 233
595 1185 310
760 1185 158
850 1185 476
979 1185 497
1096 1185 447
39 1186 192
92 1186 336
224 1186 667
457 1186 267
842 1186 849
347 1187 141
547 1187 434
872 1187 573
1032 1187 322
226 1188 328
396 1188 801
506 1188 328
635 1188 426
857 1188 322
989 1188 991
878 1189 229
277 1190 130
374 1190 419
520 1190 298
524 1190 355
594 1190 729
673 1190 588
724 1190 177
810 1190 686
1150 1190 149
112 1191 958
871 1191 273
903 1191 220
965 1191 321
30 1192 681
60 1192 436
414 1192 635
518 1192 131
860 1192 460
224 1193 200
450 1193 412
750 1193 564
751 1193 236
814 1193 329
917 1193 111
1122 1193 584
54 1194 459
188 1194 729
210 1194 556
349 1194 854
425 1194 769
656 1194 428
11 1195 214
43 1195 332
163 1195 228
209 1195 116
228 1195 329
416 1195 215
447 1195 407
560 1196 279
1173 1196 671
40 1197 437
662 1197 300
626 1198 859
64 1199 185
92 1199 236
197 1199 247
300 1199 825
356 1199 355
514 1199 626
842 1199 446
1045 1200 284
39 1201 195
300 1201 772
356 1201 236
391 1201 491
457 1201 508
1199 1201 106
632 1202 235
747 1202 739
93 1203 789
118 1203 279
168 1203 308
65 1204 329
579 1204 444
634 1204 337
998 1204 304
196 1205 534
320 1205 641
345 1205 995
353 1205 408
558 1205 369
1 1206 312
20 1206 199
104 1206 302
943 1206 197
255 1207 373
590 1207 193
617 1207 103
644 1207 154
101 1208 258
161 1208 406
284 1208 135
295 1208 200
386 1208 329
394 1209 365
477 1209 341
1202 1209 249
210 1210 263
329 1210 432
349 1210 587
1178 1211 432
512 1212 353
612 1212 122
997 1212 211
277 1213 143
336 1213 271
519 1213 250
520 1213 795
524 1213 100
901 1213 548
1150 1213 966
105 1214 132
274 1214 368
420 1214 277
470 1214 434
497 1214 868
726 1214 160
745 1214 231
249 1215 286
312 1215 741
384 1215 419
715 1215 277
921 1215 428
14 1216 245
51 1216 482
59 1216 988
153 1216 291
388 1216 329
576 1216 155
1084 1216 114
173 1217 268
238 1217 111
724 1217 293
748 1217 332
844 1217 314
853 1217 378
909 1217 461
916 1217 641
321 1218 117
344 1218 475
385 1218 305
877 1218 624
1133 1218 322
224 1219 447
372 1219 353
523 1219 496
676 1219 282
842 1219 481
917 1219 401
1201 1219 286
136 1220 287
287 1220 254
392 1220 459
664 1220 153
877 1220 110
1169 1220 723
1026 1221 104
1035 1221 272
293 1222 211
943 1222 103
64 1224 238
234 1224 267
273 1224 428
282 1224 342
372 1224 280
751 1224 348
917 1224 385
421 1225 516
547 1225 100
549 1225 215
631 1225 222
975 1225 423
1187 1225 872
30 1226 343
1080 1226 872
1130 1226 493
1192 1226 302
318 1227 352
804 1227 105
911 1227 287
70 1228 544
129 1228 205
240 1228 540
272 1228 313
427 1228 102
524 1228 315
673 1228 102
1168 1228 341
1180 1228 569
326 1229 452
753 1229 530
774 1229 314
869 1229 457
937 1229 373
1000 1229 170
1143 1229 313
154 1230 743
169 1230 208
235 1230 152
648 1230 283
180 1231 771
386 1231 579
659 1231 468
857 1231 110
990 1231 205
1021 1231 345
1152 1231 535
19 1232 312
82 1233 264
303 1233 100
480 1233 335
497 1233 339
757 1233 419
1083 1233 410
127 1234 833
129 1234 411
214 1234 279
217 1234 643
374 1234 745
524 1234 322
598 1234 183
673 1234 356
1150 1234 245
1213 1234 254
58 1235 177
204 1235 431
287 1235 897
297 1235 159
303 1235 662
664 1235 791
739 1235 126
794 1235 116
14 1236 791
455 1236 589
576 1236 430
72 1237 805
336 1237 976
577 1237 455
681 1237 118
765 1237 159
1030 1237 328
1038 1237 264
1108 1237 581
1110 1237 445
1129 1237 486
1165 1237 480
41 1238 707
494 1238 579
836 1238 413
1038 1238 405
1108 1238 312
1165 1238 255
1237 1238 273
178 1239 652
689 1239 649
717 1239 207
897 1240 172
1037 1240 908
123 1241 414
643 1241 679
333 1242 320
795 1242 136
1198 1242 217
395 1243 971
1238 1243 417
75 1244 192
207 1244 650
414 1244 446
708 1244 251
1100 1244 683
1229 1244 453
86 1245 490
96 1245 923
315 1245 701
753 1245 102
766 1245 254
954 1245 388
87 1246 270
283 1247 188
431 1247 140
626 1247 397
364 1248 266
1081 1248 952
255 1249 707
590 1249 215
644 1249 780
85 1250 299
160 1250 805
369 1250 288
478 1250 399
754 1250 252
879 1250 418
6 1251 876
321 1251 558
495 1251 608
692 1251 211
756 1251 158
873 1251 378
1079 1251 628
1133 1251 285
17 1252 676
94 1252 332
333 1252 324
395 1252 114
561 1252 809
743 1252 956
831 1252 114
90 1253 649
275 1253 208
355 1253 216
578 1253 264
87 1254 289
1211 1254 262
7 1255 566
1179 1255 126
1227 1255 475
409 1256 570
416 1256 816
932 1256 524
208 1257 255
255 1257 254
259 1257 325
306 1257 329
598 1257 419
680 1257 175
28 1258 656
206 1258 252
397 1258 547
781 1258 611
835 1258 445
12 1259 436
230 1259 404
351 1259 430
450 1259 336
638 1259 360
1010 1259 106
1057 1259 499
346 1260 992
569 1260 405
585 1260 865
1013 1260 183
1154 1260 498
178 1261 257
307 1261 264
918 1261 491
1144 1261 223
1239 1261 466
121 1262 247
267 1262 311
476 1262 285
551 1262 346
970 1262 619
1008 1262 155
1017 1262 741
1198 1262 305
93 1263 150
845 1263 115
1176 1263 517
515 1264 312
1028 1264 212
49 1265 270
332 1265 407
385 1265 321
424 1265 277
696 1265 182
723 1265 330
1218 1265 256
408 1266 360
566 1266 330
822 1266 100
1023 1266 162
1120 1266 243
1177 1266 306
197 1267 673
467 1267 532
1086 1267 311
1126 1267 676
85 1268 264
218 1268 283
478 1268 278
663 1268 134
769 1268 191
850 1268 240
979 1268 629
1096 1268 382
429 1269 250
543 1269 398
628 1269 160
1031 1269 345
109 1270 242
226 1270 423
382 1270 261
482 1270 365
581 1270 617
651 1270 424
777 1270 715
149 1271 698
325 1271 614
371 1271 232
567 1271 443
671 1271 302
249 1272 124
384 1272 500
849 1272 236
442 1273 862
462 1273 300
470 1273 330
480 1273 787
668 1273 413
793 1273 128
878 1274 647
1171 1274 228
92 1275 192
183 1275 630
309 1275 486
434 1275 522
457 1275 582
692 1275 316
897 1275 232
993 1275 673
478 1276 516
754 1276 344
879 1276 571
923 1276 510
1185 1276 378
1250 1276 383
1268 1276 320
113 1277 339
600 1277 445
1189 1277 943
242 1278 144
366 1278 118
183 1279 342
356 1279 264
457 1279 236
514 1279 890
750 1279 424
1186 1279 437
472 1280 423
1089 1280 534
1184 1280 416
64 1281 215
461 1281 315
523 1281 359
842 1281 299
887 1281 113
168 1282 246
355 1282 610
743 1282 869
955 1282 281
1068 1282 905
213 1283 338
316 1283 262
758 1283 232
915 1283 222
1043 1283 411
1058 1283 266
371 1284 300
432 1284 675
567 1284 614
660 1284 922
1282 1284 573
319 1285 221
1018 1285 343
182 1286 176
1151 1286 501
1240 1286 309
89 1287 303
481 1287 371
548 1287 374
674 1287 277
11 1288 605
245 1288 358
1139 1288 522
86 1289 293
155 1289 230
237 1289 211
766 1289 363
937 1289 424
1076 1289 333
1245 1289 253
130 1290 362
337 1290 314
456 1290 130
481 1290 546
548 1290 128
725 1290 677
730 1290 582
87 1291 565
495 1291 494
639 1291 100
1164 1291 148
51 1292 147
576 1292 628
631 1292 578
715 1292 772
1216 1292 383
1219 1292 468
894 1293 608
914 1293 459
1256 1293 330
236 1294 429
718 1294 136
986 1294 311
1026 1294 308
513 1295 485
515 1295 583
5 1296 397
821 1296 141
549 1297 795
797 1297 140
33 1298 633
115 1298 126
340 1298 565
363 1298 975
508 1298 660
630 1298 379
98 1299 319
449 1299 249
967 1299 476
25 1300 462
546 1300 262
117 1301 262
798 1301 300
921 1301 345
1040 1301 821
642 1302 234
894 1302 320
932 1302 361
137 1303 894
267 1303 118
542 1303 259
702 1303 293
746 1303 276
1017 1303 255
1262 1303 308
234 1304 726
750 1304 205
867 1304 503
917 1304 438
1090 1304 639
1279 1304 607
172 1305 207
585 1305 344
868 1305 738
1154 1305 124
1200 1305 832
85 1306 430
663 1306 455
769 1306 409
850 1306 662
979 1306 286
1185 1306 678
1250 1306 792
1276 1306 298
976 1307 355
1016 1307 321
1024 1307 722
166 1308 275
340 1308 113
552 1308 350
798 1308 309
936 1308 272
1285 1308 115
1301 1308 266
565 1309 440
1223 1309 123
291 1310 212
303 1310 363
435 1310 363
739 1310 413
764 1310 554
861 1310 295
1233 1310 103
40 1311 322
541 1311 221
571 1311 639
717 1311 301
722 1311 313
1045 1311 151
1051 1311 362
1261 1311 334
585 1312 250
736 1312 511
1200 1312 673
1260 1312 428
30 1313 678
355 1313 357
1073 1313 391
1098 1313 298
1204 1313 375
1300 1313 453
169 1314 268
268 1314 469
1230 1314 290
88 1315 279
1014 1315 149
1215 1315 528
470 1316 504
480 1316 319
794 1316 522
852 1316 677
977 1316 488
999 1316 457
1273 1316 839
610 1317 317
848 1317 825
1148 1317 938
397 1318 250
982 1318 985
200 1319 324
370 1319 789
457 1319 174
897 1319 478
1122 1319 383
101 1320 237
183 1320 560
662 1320 624
1208 1320 725
66 1321 133
246 1321 445
1205 1321 240
402 1322 948
460 1322 494
570 1323 838
1223 1323 460
445 1324 154
531 1324 294
533 1324 262
720 1324 663
298 1325 689
305 1325 177
699 1325 237
770 1325 270
968 1325 309
1140 1325 533
102 1326 670
322 1326 295
762 1326 686
1070 1326 167
1111 1326 215
1164 1326 272
218 1327 110
440 1327 845
1132 1327 858
188 1328 265
329 1328 241
11 1329 706
63 1329 705
325 1329 245
362 1329 425
416 1329 116
1288 1329 405
395 1330 241
660 1330 734
1106 1330 263
1271 1330 435
1284 1330 132
509 1331 396
803 1331 207
815 1331 260
843 1331 344
1295 1331 577
91 1332 294
237 1332 323
414 1332 319
564 1332 852
816 1332 361
823 1332 128
937 1332 257
1100 1332 108
1244 1332 290
346 1333 310
784 1333 172
1005 1333 851
253 1334 243
309 1334 112
321 1334 247
344 1334 342
692 1334 692
153 1335 282
1126 1335 269
1129 1335 515
1165 1335 490
1237 1335 648
177 1336 291
941 1336 280
997 1336 279
169 1337 290
818 1337 123
1314 1337 368
123 1338 270
531 1338 394
678 1338 367
694 1338 213
740 1338 404
752 1338 565
870 1338 321
54 1339 212
349 1339 416
1057 1339 385
1194 1339 245
62 1340 173
282 1340 258
391 1340 369
676 1340 469
917 1340 307
1219 1340 872
1304 1340 807
119 1341 447
406 1341 117
934 1341 471
1116 1341 111
26 1342 372
276 1342 421
557 1342 182
613 1342 483
1107 1342 111
240 1343 146
336 1343 621
374 1343 887
427 1343 115
520 1343 256
901 1343 612
1150 1343 602
239 1344 655
251 1344 145
463 1344 110
1001 1344 727
1146 1344 112
43 1345 358
564 1345 413
1173 1345 759
1232 1346 870
816 1347 362
973 1347 230
1129 1347 301
301 1348 305
588 1348 888
659 1348 103
706 1348 401
742 1348 141
854 1348 248
990 1348 208
1104 1349 352
921 1350 215
939 1350 124
740 1351 413
752 1351 274
1068 1351 259
211 1352 115
433 1352 390
543 1352 253
546 1352 286
1088 1352 974
229 1353 116
444 1353 235
799 1353 272
1044 1353 211
1075 1353 643
759 1354 509
898 1354 328
49 1355 343
58 1355 111
136 1355 357
334 1355 243
687 1355 261
719 1355 538
1169 1355 651
1218 1355 136
40 1356 892
161 1356 353
295 1356 835
599 1356 688
896 1356 435
1320 1356 494
467 1357 284
1038 1357 807
1129 1357 288
1181 1357 169
58 1358 650
332 1358 562
664 1358 463
877 1358 360
890 1358 227
1218 1358 143
1220 1358 799
1265 1358 191
148 1359 301
684 1359 227
981 1359 439
1120 1359 669
212 1360 787
515 1360 590
815 1360 690
843 1360 477
1015 1360 214
1264 1360 246
1295 1360 277
1331 1360 493
136 1361 261
344 1361 435
756 1361 395
873 1361 237
877 1361 280
890 1361 824
1012 1361 359
1334 1361 147
123 1362 228
209 1362 258
886 1362 105
1084 1362 648
1338 1362 101
86 1363 214
237 1363 355
326 1363 347
414 1363 561
518 1363 897
753 1363 107
1192 1363 255
1332 1363 359
54 1364 680
1194 1364 275
1301 1365 440
44 1366 104
1248 1366 431
299 1367 130
300 1367 798
309 1367 293
370 1367 258
457 1367 363
514 1367 331
891 1367 562
1319 1367 535
576 1368 210
711 1368 311
780 1368 165
1216 1368 259
1330 1368 194
1349 1368 313
261 1369 293
1045 1369 494
1051 1369 321
1092 1369 221
1261 1369 626
1311 1369 263
30 1370 365
75 1370 688
380 1370 581
774 1370 280
1100 1370 277
1226 1370 441
1244 1370 282
70 1371 245
129 1371 165
240 1371 549
336 1371 157
402 1371 392
538 1371 387
673 1371 619
1194 1371 785
1343 1371 104
672 1372 381
677 1372 494
187 1373 428
470 1373 292
486 1373 218
668 1373 387
745 1373 353
1088 1373 112
1214 1373 333
1273 1373 476
731 1374 421
1178 1374 138
300 1375 347
391 1375 272
611 1375 239
867 1375 418
917 1375 268
1201 1375 498
1319 1375 239
131 1376 336
354 1376 142
414 1376 160
649 1376 434
708 1376 234
1130 1376 124
1192 1376 627
1226 1376 719
52 1377 795
188 1377 156
867 1377 237
339 1378 454
558 1378 284
637 1378 674
1054 1378 121
65 1379 130
773 1379 472
938 1379 211
951 1379 565
1042 1379 604
1076 1379 674
1245 1379 284
70 1380 462
352 1380 766
485 1380 203
981 1380 766
18 1381 120
210 1381 331
411 1381 389
659 1381 153
1074 1381 305
1136 1381 388
350 1382 308
590 1382 525
1207 1382 161
9 1383 366
488 1383 625
627 1383 340
766 1383 559
938 1383 169
1076 1383 520
1159 1383 293
1379 1383 636
252 1384 514
463 1384 323
702 1384 378
746 1384 335
812 1384 882
947 1384 221
1188 1384 105
70 1385 288
127 1385 118
277 1385 216
336 1385 349
374 1385 112
427 1385 150
769 1385 243
810 1385 468
865 1385 426
1150 1385 108
67 1386 115
376 1386 505
392 1386 207
424 1386 369
532 1386 312
873 1386 233
877 1386 600
1220 1386 276
100 1387 247
458 1387 297
1087 1387 515
1174 1387 511
132 1388 376
299 1388 250
344 1388 732
692 1388 229
897 1388 408
952 1388 237
1133 1388 277
1334 1388 871
617 1389 293
816 1389 147
833 1389 946
915 1389 384
973 1389 329
517 1390 769
581 1390 463
651 1390 727
702 1390 385
1017 1390 689
1270 1390 394
1303 1390 282
120 1391 173
620 1391 234
729 1391 448
828 1391 229
1021 1391 279
1022 1391 674
1042 1391 485
1119 1391 446
43 1392 301
171 1392 155
573 1393 279
721 1393 196
883 1393 406
557 1394 655
788 1394 526
1147 1394 818
201 1395 375
490 1395 255
275 1396 453
294 1396 148
704 1396 278
197 1397 100
404 1397 418
842 1397 517
1186 1397 403
1279 1397 423
1281 1397 576
1304 1397 395
443 1398 221
1280 1398 515
1322 1398 334
87 1399 661
231 1399 344
348 1399 201
639 1399 393
912 1399 836
1111 1399 828
1291 1399 422
1311 1399 289
1326 1399 242
677 1400 178
697 1400 543
783 1400 273
800 1400 789
152 1401 282
238 1401 498
263 1401 557
559 1401 204
844 1401 393
853 1401 803
909 1401 901
1217 1401 175
61 1402 121
75 1402 309
91 1402 467
274 1402 653
726 1402 770
1130 1402 166
1226 1402 147
1370 1402 695
384 1403 737
438 1403 577
602 1403 444
1132 1404 776
1365 1404 237
421 1405 583
975 1405 229
978 1405 968
1297 1405 717
83 1406 537
331 1406 421
555 1406 332
606 1406 136
706 1406 497
990 1406 361
1119 1406 313
1348 1406 129
413 1407 373
547 1407 350
1020 1407 809
9 1408 257
331 1408 443
386 1408 371
606 1408 215
620 1408 407
627 1408 883
742 1408 406
992 1408 583
104 1409 934
304 1409 577
798 1409 270
1040 1409 375
1285 1409 108
147 1410 724
735 1410 203
222 1411 362
431 1411 619
1327 1411 283
62 1412 608
751 1412 251
789 1412 239
1281 1412 295
1304 1412 996
1340 1412 484
1397 1412 302
16 1413 506
1253 1413 236
1363 1413 302
320 1414 280
913 1414 410
1054 1414 106
25 1415 508
1073 1415 184
1253 1415 187
1396 1415 710
1413 1415 193
805 1416 190
9 1417 742
180 1417 350
488 1417 523
555 1417 396
603 1417 853
742 1417 336
776 1417 307
990 1417 913
572 1418 394
729 1418 417
857 1418 295
889 1418 380
899 1418 215
995 1418 187
1021 1418 125
1097 1418 371
128 1419 514
767 1419 269
1098 1419 807
138 1420 335
564 1420 237
865 1420 303
903 1420 386
1191 1420 346
42 1421 549
270 1421 595
1078 1421 148
224 1422 392
391 1422 602
434 1422 282
457 1422 224
1122 1422 460
1186 1422 259
1193 1422 500
1319 1422 426
665 1423 540
934 1423 219
1067 1423 735
833 1424 106
922 1424 855
933 1424 962
1086 1424 277
241 1425 307
498 1425 514
622 1425 266
57 1426 216
140 1426 405
301 1426 670
382 1426 363
506 1426 334
581 1426 442
588 1426 395
765 1426 300
321 1427 599
552 1427 240
630 1427 340
183 1428 529
229 1428 675
54 1429 603
188 1429 144
1161 1429 616
1377 1429 363
81 1430 286
94 1430 167
395 1430 110
681 1430 398
693 1430 103
1243 1430 945
799 1431 279
1139 1431 795
1416 1431 375
103 1432 330
477 1432 270
1016 1432 259
1202 1432 575
184 1433 301
659 1433 499
995 1433 235
1097 1433 376
1103 1433 329
1152 1433 628
1188 1433 374
1231 1433 510
1399 1433 227
510 1434 259
1101 1434 105
1156 1434 265
187 1435 104
303 1435 269
335 1435 190
470 1435 598
497 1435 298
764 1435 328
793 1435 207
794 1435 262
141 1436 259
300 1436 406
370 1436 728
434 1436 287
553 1436 706
611 1436 549
1193 1436 233
1375 1436 181
67 1437 419
150 1437 263
332 1437 594
532 1437 179
687 1437 265
691 1437 503
696 1437 818
890 1437 347
62 1438 871
257 1438 429
501 1438 524
551 1438 308
676 1438 453
790 1438 550
970 1438 482
1063 1438 208
337 1439 248
368 1439 226
725 1439 316
1037 1439 507
3 1440 351
437 1440 394
834 1440 413
291 1441 549
471 1441 271
480 1441 317
544 1441 829
675 1441 216
852 1441 301
1233 1441 297
1310 1441 548
1316 1441 611
49 1442 288
204 1442 849
279 1442 504
335 1442 276
664 1442 251
1105 1442 519
1169 1442 775
117 1443 406
340 1443 216
552 1443 434
293 1444 251
1066 1444 793
1081 1444 105
1366 1444 541
525 1445 451
926 1445 253
1198 1445 648
1268 1445 131
166 1446 511
759 1446 496
1254 1446 472
792 1447 242
1075 1447 240
21 1448 573
91 1448 279
131 1448 151
774 1448 320
823 1448 113
860 1448 291
924 1448 327
1226 1448 344
259 1449 517
288 1449 828
1171 1449 102
1246 1449 581
50 1450 395
229 1450 360
251 1450 253
1139 1450 369
1353 1450 311
1416 1450 241
1428 1450 356
96 1451 232
122 1451 195
713 1451 362
773 1451 390
779 1451 116
882 1451 666
951 1451 212
1379 1451 602
108 1452 339
260 1452 336
707 1452 472
1425 1452 293
58 1453 301
335 1453 558
544 1453 303
670 1453 300
794 1453 542
852 1453 352
1015 1453 297
1169 1453 306
1442 1453 318
322 1454 842
516 1454 216
1366 1454 811
1444 1454 181
62 1455 268
501 1455 140
554 1455 428
887 1455 556
925 1455 429
1224 1455 361
1281 1455 100
1412 1455 399
313 1456 533
472 1456 547
1322 1456 313
230 1457 108
411 1457 903
994 1457 397
1012 1457 588
1136 1457 258
1259 1457 539
38 1458 540
292 1458 293
63 1459 322
408 1459 371
1062 1459 896
1085 1459 356
137 1460 278
195 1460 341
265 1460 346
476 1460 237
542 1460 398
971 1460 444
1008 1460 123
1063 1460 366
15 1461 128
154 1461 263
359 1461 861
397 1461 326
808 1461 100
577 1462 338
1131 1462 300
1238 1462 475
51 1463 455
232 1463 213
1349 1463 271
1368 1463 253
796 1464 162
874 1464 287
109 1465 394
140 1465 238
506 1465 324
667 1465 165
746 1465 510
947 1465 300
1384 1465 352
1390 1465 970
27 1466 315
775 1466 439
1411 1466 292
186 1467 487
271 1467 311
304 1467 234
310 1467 198
46 1468 426
119 1468 619
135 1468 394
347 1468 163
618 1468 499
712 1468 494
888 1468 446
934 1468 615
1050 1468 153
105 1469 298
442 1469 229
649 1469 260
668 1469 392
726 1469 199
999 1469 135
1080 1469 234
1130 1469 113
247 1470 237
487 1470 261
540 1470 857
728 1470 260
807 1470 670
1442 1470 269
417 1471 914
594 1471 800
805 1471 268
813 1471 371
1416 1471 211
467 1472 196
595 1472 875
929 1472 203
1187 1472 280
1216 1472 507
248 1473 318
296 1473 164
815 1473 607
1212 1473 619
84 1474 417
98 1474 533
449 1474 208
618 1474 736
704 1474 529
1044 1474 463
1116 1474 494
1140 1474 555
474 1475 481
534 1475 618
653 1475 416
753 1475 191
937 1475 370
951 1475 738
954 1475 220
1076 1475 481
74 1476 590
125 1476 518
143 1476 594
816 1476 688
1389 1476 216
32 1477 320
841 1477 660
1010 1477 479
253 1478 317
376 1478 680
495 1478 244
809 1478 543
829 1478 231
873 1478 164
1334 1478 436
1361 1478 261
243 1479 248
1025 1479 526
218 1480 295
1365 1480 569
636 1481 546
820 1481 110
916 1481 381
1039 1481 393
211 1482 423
244 1482 225
120 1483 395
180 1483 273
386 1483 156
603 1483 970
729 1483 464
985 1483 747
992 1483 459
1096 1483 715
1107 1483 331
67 1484 205
150 1484 171
287 1484 506
291 1484 953
297 1484 556
392 1484 709
757 1484 174
861 1484 342
52 1485 524
188 1485 649
459 1485 438
1364 1485 361
821 1486 386
868 1486 419
1173 1486 379
1333 1486 622
1345 1486 470
408 1487 297
770 1487 261
792 1487 245
1075 1487 592
1353 1487 501
292 1488 458
675 1488 553
796 1488 248
1148 1488 109
1180 1488 951
1317 1488 312
1464 1488 111
444 1489 332
805 1489 728
122 1490 141
155 1490 135
733 1490 677
766 1490 318
779 1490 314
964 1490 485
1159 1490 517
1289 1490 270
152 1491 363
238 1491 204
263 1491 696
748 1491 105
853 1491 292
916 1491 110
1048 1491 295
1114 1491 337
1401 1491 368
195 1492 487
289 1492 433
554 1492 924
832 1492 587
875 1492 120
971 1492 284
1046 1492 743
1049 1492 171
711 1493 513
1163 1493 453
1236 1493 379
190 1494 238
593 1494 174
948 1494 614
1482 1494 404
640 1495 513
872 1495 130
886 1495 527
293 1496 212
493 1496 412
762 1496 609
798 1496 610
1222 1496 142
665 1497 224
1102 1497 202
185 1498 110
342 1498 337
547 1498 986
1187 1498 738
85 1499 562
419 1499 539
1132 1499 358
28 1500 242
33 1500 478
801 1500 128
