1
0
1
1
1000000
0
0
0
0
1
9 10 216
12 27 594
16 30 594
19 45 543
42 51 344
8 55 676
37 59 109
22 62 215
49 66 252
58 69 427
5 70 480
16 71 205
50 73 421
19 76 238
41 80 192
25 82 809
18 83 283
48 85 125
22 92 320
52 92 546
61 92 154
64 93 366
48 94 218
12 99 465
9 113 137
58 118 191
100 119 223
79 120 169
109 121 117
78 124 132
98 124 180
67 134 149
22 136 648
86 137 116
90 141 655
135 142 871
43 149 707
103 150 246
60 151 238
73 152 170
18 154 416
72 155 153
147 156 580
82 157 164
145 158 308
78 162 134
96 163 261
112 163 371
143 165 238
7 166 230
53 166 555
128 169 165
79 170 139
133 171 118
80 173 122
65 175 109
173 176 326
24 178 974
106 178 461
56 180 235
165 180 131
38 181 184
179 186 881
66 188 721
58 189 344
38 190 180
91 192 133
77 193 348
116 193 178
174 193 344
39 194 287
158 195 221
42 197 142
112 197 161
115 199 145
194 199 773
145 200 228
71 202 122
24 203 362
97 203 491
174 204 278
52 206 433
136 206 174
64 209 965
9 211 279
86 212 118
177 212 916
169 213 145
36 214 982
7 217 636
58 217 815
13 219 209
91 219 209
20 220 524
147 221 259
87 222 202
124 224 410
124 225 210
50 226 545
152 226 155
185 229 129
95 230 308
129 232 215
11 234 133
153 236 500
188 236 366
32 240 205
95 241 946
194 242 481
81 244 578
88 245 444
146 245 626
222 245 157
235 248 510
114 249 349
96 250 415
125 251 195
37 253 535
168 253 215
151 254 133
123 255 788
17 256 153
219 257 506
32 262 554
108 262 815
233 262 996
24 264 860
97 264 275
256 266 289
227 267 149
83 269 347
191 270 155
218 270 159
108 272 229
115 273 268
97 274 140
3 275 462
115 275 234
116 276 313
175 278 208
5 279 601
143 279 126
96 281 386
131 281 293
235 281 883
116 282 223
161 283 265
34 285 996
177 286 423
269 286 213
144 288 246
56 289 689
200 289 156
288 290 311
17 292 111
290 293 370
199 294 492
210 294 261
94 295 305
199 296 491
15 297 368
281 297 449
112 298 196
99 299 302
146 299 408
6 300 254
117 304 604
246 304 108
238 306 135
268 307 335
185 309 240
109 310 690
174 310 835
282 310 463
35 311 113
238 311 457
28 312 633
211 312 832
291 314 403
54 315 931
95 316 755
105 316 137
233 316 318
182 317 349
2 318 140
138 319 218
300 319 154
275 320 501
139 321 313
239 323 903
200 324 233
227 326 864
88 327 143
271 327 169
1 329 299
16 330 176
114 334 205
123 334 476
37 335 116
168 335 275
34 338 292
36 339 265
251 339 284
74 341 380
289 341 358
162 342 206
225 342 241
343 344 485
7 345 498
181 348 171
1 349 576
26 349 238
48 350 858
254 351 219
333 352 312
45 353 231
182 353 264
216 354 404
315 354 133
183 355 183
334 357 465
40 358 108
155 359 222
255 359 191
234 360 250
318 360 117
333 360 146
319 361 585
19 362 180
182 362 315
252 363 285
171 365 965
184 365 273
196 366 475
274 367 185
232 368 292
368 369 511
131 370 198
235 370 136
26 371 298
94 371 148
265 373 717
323 374 337
120 375 151
238 375 260
243 375 126
76 376 201
321 376 210
135 377 107
148 377 408
131 378 149
134 378 204
43 379 832
44 379 408
61 380 193
26 383 345
127 383 267
208 384 829
357 384 123
31 385 322
6 386 319
140 387 743
273 388 120
47 389 976
256 389 184
14 390 506
202 390 138
360 393 371
361 393 180
373 394 875
147 395 167
91 396 243
4 397 133
347 398 301
389 398 390
101 400 282
90 401 167
296 401 169
257 402 162
33 403 405
61 404 124
244 404 576
284 407 503
34 410 249
105 410 334
165 411 140
341 411 413
150 412 176
153 412 249
285 413 183
338 413 858
240 414 223
255 414 354
272 414 439
302 415 114
93 416 289
352 417 667
360 417 201
183 418 225
101 420 257
5 421 937
411 421 162
195 422 444
399 423 124
113 424 237
119 425 243
178 426 149
198 428 112
268 428 606
387 429 137
35 430 102
187 431 509
280 431 157
111 432 426
246 432 344
406 434 451
160 435 304
202 435 151
35 437 107
256 440 304
66 441 319
336 441 221
372 441 235
148 442 544
358 442 599
18 443 405
75 443 894
59 444 216
419 444 534
120 445 122
170 445 106
182 445 262
107 447 914
381 447 982
51 448 381
6 449 915
237 449 567
433 450 731
422 452 167
390 453 139
409 453 154
1 454 250
364 455 119
416 455 993
11 456 235
429 456 152
445 456 135
149 457 312
53 458 202
160 458 447
69 460 255
189 460 755
73 461 170
132 461 132
265 462 323
330 462 303
390 462 329
68 463 189
340 463 334
402 463 161
65 464 146
291 464 206
426 464 263
193 465 767
4 466 213
359 466 163
106 467 477
426 467 411
232 468 965
50 469 273
152 469 217
436 470 102
202 472 538
265 472 133
373 472 466
306 473 190
437 473 678
182 474 152
136 475 275
172 475 286
206 475 479
427 475 489
96 476 143
19 477 158
368 477 154
197 478 237
201 478 277
111 479 247
117 479 177
419 480 223
141 481 432
439 481 371
130 482 346
200 482 136
337 483 253
160 484 200
217 484 501
344 485 213
423 485 580
186 487 574
363 487 300
369 489 170
477 489 118
206 490 160
271 490 132
85 491 173
350 491 989
140 493 265
375 493 371
456 493 239
448 494 320
50 496 115
70 496 137
132 496 125
25 497 580
494 497 271
73 498 669
194 498 178
233 499 880
12 500 918
222 500 440
3 501 104
320 501 312
159 502 513
126 503 143
195 503 279
421 503 163
113 504 182
157 505 134
25 506 498
258 506 257
189 507 350
218 507 139
298 507 221
403 507 303
14 508 318
211 508 157
504 508 946
122 509 986
154 509 935
332 509 913
395 509 986
166 510 324
425 510 241
458 510 180
261 512 178
420 512 456
52 513 187
222 513 575
317 513 206
23 515 399
303 515 371
12 516 414
146 516 860
11 517 211
180 518 986
46 519 166
334 519 470
406 519 115
258 520 741
207 521 127
176 523 351
10 524 425
424 524 253
312 525 517
289 527 283
421 527 434
116 528 170
435 528 131
295 529 187
60 530 182
201 530 445
20 531 127
274 531 480
522 531 532
242 532 202
483 532 106
345 533 514
377 533 159
290 534 439
363 535 562
125 536 200
443 536 210
108 537 318
241 537 331
499 537 889
107 538 139
207 538 941
408 538 167
412 538 316
136 539 843
391 539 136
64 540 213
364 541 261
141 543 601
410 543 277
308 544 115
459 544 190
58 545 212
142 545 321
218 545 877
345 545 282
460 545 904
427 546 801
250 547 101
385 547 668
155 548 131
123 549 826
466 549 164
463 550 161
218 551 285
298 551 114
403 551 108
261 552 104
420 552 125
340 553 1142
382 554 103
410 554 152
247 555 780
101 556 268
356 557 787
465 557 549
208 558 607
355 558 187
406 558 984
411 559 811
197 560 146
476 560 193
63 561 105
173 561 123
502 561 592
523 561 196
533 562 358
471 564 161
328 565 263
470 566 600
497 567 216
400 568 242
498 569 530
363 570 358
372 570 295
391 571 220
48 572 381
371 572 209
223 573 384
29 575 150
160 575 206
425 575 408
320 577 293
495 577 269
172 578 127
408 579 390
521 579 159
542 579 297
87 580 143
245 580 119
500 580 233
461 581 657
496 581 928
181 582 116
331 582 108
475 583 330
138 584 265
237 584 377
54 585 844
184 585 100
216 585 124
559 585 109
340 586 170
454 586 270
376 587 380
453 587 218
135 588 985
358 588 400
578 588 210
57 589 171
254 589 194
292 589 241
451 589 207
10 590 221
58 590 316
239 590 180
195 591 468
324 591 105
482 591 475
419 592 152
161 593 193
96 594 262
191 594 201
484 594 160
551 594 774
126 595 109
130 595 260
341 595 337
471 595 121
576 595 548
89 596 226
229 596 209
68 597 648
229 598 373
353 599 252
526 599 179
260 600 130
369 601 341
382 602 106
133 603 364
155 603 271
466 603 144
204 604 880
310 604 422
484 604 639
286 605 657
324 605 277
482 605 371
56 606 314
137 607 448
269 607 606
305 607 412
131 608 442
147 608 201
163 608 145
235 608 220
21 609 296
240 609 170
374 609 214
28 610 310
55 610 167
315 610 922
365 610 295
394 611 106
208 612 562
418 612 238
169 613 315
328 613 289
423 614 384
452 615 148
307 616 104
564 616 625
123 617 253
506 618 102
520 618 138
192 619 779
396 619 215
421 620 249
606 620 356
446 621 215
267 623 164
566 623 173
385 624 382
422 624 239
392 625 612
515 625 639
208 626 132
96 627 346
112 627 568
2 628 195
11 628 101
380 628 875
90 629 438
413 629 183
439 629 265
385 630 170
296 631 336
439 631 998
577 631 139
47 632 119
154 632 183
220 633 193
428 634 171
564 634 115
595 634 221
89 635 233
504 636 296
573 636 473
590 636 211
27 637 113
89 637 103
149 637 180
326 637 162
470 637 147
93 639 294
209 639 277
576 640 213
385 641 167
476 641 826
478 641 233
339 642 239
443 642 125
100 643 912
227 643 632
263 643 101
253 644 370
335 644 591
419 644 186
479 644 637
239 645 536
326 645 112
514 645 203
47 646 105
308 646 420
575 647 904
637 647 299
415 648 399
80 649 140
373 649 728
109 650 173
186 650 321
321 651 261
453 651 239
167 652 355
399 652 339
485 652 146
614 652 401
126 653 303
325 653 137
563 653 112
15 654 782
155 654 101
301 654 283
378 654 654
250 655 510
284 655 269
635 655 947
83 656 285
221 656 403
332 656 216
331 657 122
278 658 151
464 658 551
27 659 635
43 659 598
44 659 505
58 660 181
323 660 340
636 660 989
199 661 157
331 661 970
348 661 100
3 662 359
481 662 197
577 662 283
447 663 418
521 663 241
326 664 810
170 665 200
238 665 100
430 665 472
51 666 297
483 666 109
567 666 895
244 667 211
40 668 236
142 668 185
148 668 123
490 668 195
29 669 107
52 670 735
391 670 350
405 671 342
283 672 264
518 673 227
41 674 927
502 674 178
271 676 976
366 676 220
571 676 958
105 677 156
186 678 974
557 678 795
435 679 259
145 680 251
13 681 350
192 681 893
529 681 126
13 682 184
85 682 150
572 682 755
257 683 202
586 683 257
2 684 585
243 684 122
517 684 129
215 685 531
622 685 525
65 686 503
467 686 161
133 687 916
353 688 309
386 688 363
571 688 217
86 689 215
286 689 393
680 689 238
75 690 114
195 690 878
459 690 346
680 690 355
110 691 300
343 691 708
399 691 288
229 692 163
309 692 301
204 693 320
310 693 229
627 694 322
641 694 202
200 695 203
536 695 166
605 695 392
608 695 362
514 696 230
609 696 533
144 697 269
21 698 497
32 698 260
443 698 304
645 698 229
63 699 121
409 699 694
222 700 302
299 700 206
457 700 417
685 700 444
574 701 779
589 701 655
260 702 101
673 702 176
226 703 492
569 703 544
606 703 436
243 704 227
367 704 163
522 704 172
8 705 228
216 705 172
673 705 195
162 706 470
105 708 563
171 708 868
339 708 127
432 709 493
450 710 162
486 710 207
671 710 138
407 711 232
422 711 268
655 711 717
691 711 177
146 712 137
358 712 223
366 712 171
436 713 288
566 713 551
669 713 120
547 714 500
638 714 382
33 715 737
472 715 854
649 715 213
674 715 169
679 715 312
7 716 205
239 716 161
562 716 468
268 717 152
634 717 422
377 718 790
588 718 218
435 719 200
510 719 201
679 719 883
339 720 151
414 720 141
645 720 226
696 720 177
64 721 413
364 721 144
639 721 574
398 722 179
254 723 803
398 723 163
574 723 132
166 724 779
462 724 800
484 724 844
528 724 889
234 725 296
380 725 947
628 725 801
91 726 212
295 726 861
619 726 996
141 727 182
401 727 496
611 728 968
376 729 343
523 729 346
699 729 428
428 730 705
717 730 120
118 731 159
213 731 102
565 731 228
215 732 245
664 732 154
105 733 357
382 733 177
495 733 375
42 734 345
201 734 281
487 734 502
621 734 800
292 735 180
574 735 613
675 735 270
231 736 546
388 736 234
130 737 103
325 737 317
640 737 512
324 738 239
690 738 364
249 739 162
357 739 268
434 739 364
30 740 135
71 740 407
330 740 539
400 741 357
552 741 110
265 742 199
649 742 441
651 742 274
740 742 195
513 743 445
526 743 219
54 744 661
184 744 263
559 744 812
44 745 329
232 745 192
322 745 653
732 745 311
220 746 482
555 746 464
203 747 292
522 747 532
259 748 493
346 748 139
223 749 196
590 749 762
191 750 221
114 751 223
357 751 394
137 752 425
269 752 210
305 752 332
19 753 414
477 753 256
729 753 262
29 754 795
49 756 388
372 756 387
540 756 139
94 757 161
707 757 250
41 758 308
159 758 258
176 758 737
282 758 406
611 758 112
483 759 737
553 759 603
317 760 602
526 760 113
68 761 407
553 761 621
96 762 881
187 762 833
280 762 235
189 763 389
533 763 685
590 763 353
716 763 288
556 764 296
568 764 431
259 765 785
511 765 209
755 765 570
134 766 428
122 767 250
286 767 638
332 767 208
395 767 250
512 768 624
552 768 116
764 768 178
702 769 247
163 770 416
627 770 681
126 771 140
325 771 305
563 771 204
446 772 306
530 772 697
390 773 474
508 773 138
524 773 397
224 774 163
706 774 122
120 775 621
170 775 351
387 775 135
20 776 391
247 776 180
156 777 292
281 777 417
438 778 171
732 778 428
63 779 576
139 779 277
409 779 425
729 779 702
178 780 206
278 780 226
467 780 171
747 780 153
104 781 426
350 781 207
415 782 749
762 782 143
405 783 960
151 784 219
283 784 188
25 785 128
454 785 144
483 785 826
494 785 171
567 785 707
26 786 370
127 786 282
302 787 863
479 787 491
638 788 424
678 788 280
31 789 206
465 789 331
788 789 631
151 790 237
351 790 799
593 790 124
621 790 183
250 791 654
385 791 693
714 791 513
128 792 187
328 792 119
263 793 697
267 793 145
81 794 294
404 794 294
252 795 418
259 795 251
511 795 256
755 795 114
223 796 168
323 796 135
392 797 161
562 797 185
569 797 204
728 797 135
103 798 245
236 798 124
236 799 299
287 799 476
407 799 113
408 799 241
32 800 258
123 800 519
397 800 347
39 801 140
199 801 422
242 801 633
418 802 100
626 802 385
697 802 707
349 803 895
505 803 195
682 803 141
284 804 411
615 804 217
624 804 297
62 805 429
539 805 467
571 805 168
670 805 691
275 806 134
501 806 161
736 806 291
39 807 244
210 807 403
74 808 498
221 808 278
248 808 468
777 808 694
291 809 852
352 809 127
360 809 460
464 809 272
555 810 581
190 811 252
657 811 295
661 811 180
656 812 120
430 813 136
437 813 144
612 813 231
203 814 538
234 814 346
243 814 330
318 814 378
28 815 235
525 815 217
695 815 522
88 816 113
23 817 158
562 817 123
505 818 516
239 819 405
374 819 305
796 819 262
303 820 253
797 820 192
817 820 459
403 821 132
750 821 107
102 822 119
433 822 528
486 822 218
650 822 173
56 823 286
165 823 299
216 823 306
503 823 580
518 823 306
119 824 173
793 824 259
13 825 115
295 825 307
506 825 209
103 826 369
322 827 208
416 828 852
541 828 161
132 829 230
143 829 210
530 830 113
104 831 444
491 831 269
707 831 285
76 832 571
362 832 257
445 832 253
753 832 284
57 833 133
451 833 162
701 833 350
469 834 136
569 834 139
620 834 489
35 835 792
612 835 169
813 835 979
90 836 126
577 836 230
727 836 248
46 837 141
255 837 320
617 837 172
800 837 264
230 838 234
241 838 481
272 838 158
316 838 328
214 839 439
548 839 260
654 839 641
687 839 255
708 839 188
14 840 111
211 840 173
773 840 205
23 841 105
373 841 202
392 841 284
1 842 745
82 842 231
315 843 427
708 843 295
474 844 785
599 844 167
753 844 161
114 845 303
357 845 149
164 846 254
252 846 289
748 846 177
326 847 167
778 847 405
64 848 153
541 848 170
246 849 424
280 849 156
476 849 272
648 849 383
342 850 202
774 850 143
31 851 159
511 851 489
638 851 291
179 852 328
313 852 193
772 852 181
514 853 473
720 853 358
151 854 314
351 854 162
672 854 222
215 855 167
622 855 167
760 855 219
296 856 270
618 856 563
677 856 782
85 857 124
350 857 787
757 857 667
319 858 192
427 858 376
583 858 129
215 859 479
622 859 474
743 859 163
778 859 290
288 860 129
293 860 269
534 860 159
630 860 344
110 861 268
145 861 268
407 861 189
615 861 183
807 862 478
492 863 460
618 863 179
368 864 178
473 864 987
665 864 783
657 865 286
661 865 176
84 866 789
550 866 195
597 866 373
759 866 372
132 867 252
279 867 357
581 867 195
28 868 463
74 868 183
414 868 410
488 868 464
572 869 560
786 869 194
402 870 134
506 870 132
586 870 991
102 871 483
179 871 361
671 871 290
783 871 246
61 872 138
688 872 264
119 873 263
144 873 429
72 874 429
548 874 805
603 874 194
843 874 147
39 875 198
337 875 211
355 876 441
802 876 381
45 877 327
244 877 221
688 877 135
794 877 103
483 878 755
869 878 566
875 878 177
632 879 204
646 879 741
596 880 289
598 880 736
635 880 299
104 881 102
757 881 234
513 882 380
539 882 351
622 882 670
172 883 263
228 883 186
358 883 104
454 884 821
666 884 194
158 885 358
241 885 253
262 885 239
640 885 737
771 885 171
118 886 207
160 886 148
213 886 210
724 886 949
5 887 678
17 887 202
47 887 355
249 887 231
544 887 226
695 887 550
293 888 172
788 888 130
873 888 178
129 889 238
489 889 205
534 889 709
835 889 749
302 890 121
849 890 164
18 891 105
47 891 206
395 891 131
812 891 297
33 892 437
394 892 281
728 892 225
379 893 216
659 893 240
82 894 530
349 894 352
173 895 792
523 895 139
185 896 377
598 896 219
275 897 120
294 897 367
348 897 119
498 897 345
862 897 507
884 897 214
407 898 245
655 898 614
55 899 658
634 899 747
705 899 726
55 900 210
56 900 194
260 900 164
705 900 130
717 900 390
44 901 863
457 901 330
647 901 248
402 902 153
492 902 387
532 902 143
884 902 346
77 903 419
276 903 120
604 903 512
674 903 175
562 904 146
703 904 163
820 904 111
270 905 130
728 905 342
821 905 281
277 906 101
313 906 881
372 906 273
487 906 329
18 907 190
36 907 136
125 907 404
868 907 145
373 908 154
679 908 199
59 909 310
480 909 306
138 910 441
228 910 327
427 910 206
583 910 462
164 911 109
346 911 189
511 911 273
109 912 262
179 912 433
465 912 362
322 913 269
326 913 126
489 913 229
623 913 327
111 914 540
117 914 294
592 914 200
787 914 233
383 915 167
786 915 172
875 915 412
425 916 378
566 916 691
754 916 579
314 917 381
361 917 144
417 917 140
199 918 103
448 918 122
884 918 749
150 919 549
287 919 137
422 919 181
798 919 377
826 919 214
380 920 246
667 920 236
688 920 420
291 921 161
361 921 177
257 922 993
258 922 295
618 922 400
438 923 138
645 923 812
745 923 133
827 923 930
913 923 443
135 924 841
718 924 781
143 925 730
632 925 239
646 925 781
451 926 213
675 926 458
723 926 134
252 927 282
363 927 142
852 927 298
6 928 304
138 928 303
872 928 200
110 929 143
167 929 576
344 929 415
11 930 326
725 930 175
304 931 524
592 931 149
709 931 253
100 932 325
623 932 865
824 932 567
189 933 192
731 933 299
792 933 277
886 933 530
101 934 104
150 934 199
768 934 862
196 935 337
676 935 271
712 935 362
816 935 924
34 936 239
90 936 279
348 936 463
413 936 243
856 936 138
483 937 877
492 937 140
550 937 192
875 937 141
84 938 997
550 938 206
759 938 244
42 939 173
60 939 141
446 939 159
918 939 213
107 940 953
381 940 353
542 940 158
663 940 133
17 941 151
347 941 159
205 942 166
495 942 290
543 942 321
602 942 334
53 943 180
510 943 150
203 944 240
264 944 497
704 944 132
140 945 115
247 945 566
264 945 383
339 945 101
387 945 738
746 945 112
810 945 754
98 946 226
224 946 102
225 946 191
354 947 429
365 947 358
266 948 824
342 948 509
722 948 278
941 948 104
88 949 215
196 949 533
490 949 172
258 950 852
586 950 189
633 951 393
776 951 706
157 952 164
329 952 278
803 952 154
818 952 304
177 953 146
752 953 283
50 954 954
620 954 247
127 955 111
383 955 189
902 955 880
94 956 359
127 956 253
682 956 332
277 957 229
535 957 240
852 957 165
300 958 542
386 958 961
449 958 100
470 959 139
575 959 234
713 959 270
8 960 179
600 960 500
769 960 440
231 961 819
273 961 198
320 961 202
188 962 409
336 962 411
540 962 196
934 962 614
56 963 188
312 963 220
443 963 179
642 963 135
815 963 138
195 964 463
249 964 243
459 964 157
925 964 157
198 965 179
307 965 214
471 965 350
67 966 227
378 966 231
766 966 468
359 967 330
397 967 116
70 968 259
143 968 222
412 969 566
799 969 322
237 970 306
319 970 470
809 970 463
302 971 894
431 971 413
762 971 222
384 972 428
558 972 528
612 972 568
630 972 202
15 973 682
134 973 159
405 974 610
433 974 626
871 974 211
488 975 356
744 975 232
840 975 293
963 975 294
74 976 100
308 976 828
414 976 123
695 976 166
975 976 126
34 977 849
194 977 206
258 977 222
677 977 596
46 978 252
434 978 216
845 978 398
677 979 241
547 980 205
789 980 111
846 980 163
181 981 481
296 981 331
338 981 796
979 981 775
201 982 139
772 982 286
830 982 255
593 983 266
672 983 714
288 984 380
468 984 137
601 984 362
889 984 149
119 985 386
290 985 591
932 985 202
176 986 429
611 986 191
679 986 867
892 986 149
228 987 101
546 987 858
578 987 180
633 988 189
945 988 249
121 989 161
356 989 539
465 989 809
678 989 148
863 990 341
878 990 157
918 990 930
955 990 104
487 991 815
570 991 654
927 991 173
20 992 232
75 992 108
145 992 353
214 992 170
536 992 362
642 992 834
369 993 170
477 993 313
17 994 314
389 994 479
440 994 151
946 994 101
72 995 645
205 995 140
241 995 853
543 995 509
602 995 347
630 996 333
697 996 208
888 996 458
335 997 180
480 997 211
190 998 397
582 998 258
188 999 341
540 999 521
848 999 264
934 999 645
67 1000 227
297 1000 197
301 1000 217
