1
0
1
1
1000000
0
0
0
0
1
9 18 147
1 21 201
22 24 163
17 32 121
26 41 328
28 44 200
14 45 318
8 49 138
47 53 178
55 58 247
15 60 248
41 62 173
21 66 236
44 67 294
52 69 289
29 72 801
38 72 742
7 73 301
51 74 293
61 74 208
23 79 174
50 83 181
76 87 155
79 96 183
34 97 276
42 97 270
82 98 196
49 101 184
47 104 128
40 108 327
102 109 311
44 112 205
21 114 199
75 114 709
20 116 390
67 118 288
91 118 287
81 120 130
58 124 286
70 127 624
30 128 104
37 128 227
20 129 134
60 129 212
85 129 100
22 130 355
86 130 135
125 131 247
88 132 216
78 136 243
100 137 203
127 137 877
85 139 139
13 140 100
18 140 114
21 140 173
103 141 523
4 142 567
51 143 186
73 143 152
45 144 169
62 144 520
24 148 204
66 150 240
5 154 159
41 156 269
146 156 238
50 157 156
81 157 142
110 158 270
58 159 213
84 159 141
35 160 366
46 164 241
122 165 196
45 166 215
28 169 167
112 169 253
72 170 278
62 171 115
11 172 175
85 172 861
56 174 230
168 176 314
131 180 200
5 182 108
133 183 214
138 183 764
145 183 183
61 184 204
130 185 255
115 186 311
67 188 272
91 188 288
66 191 321
6 192 294
98 192 226
10 193 171
159 193 276
177 194 831
35 199 773
74 199 158
93 199 340
23 201 264
31 201 153
44 201 161
95 201 162
153 203 271
185 204 368
104 207 285
103 208 194
43 209 180
126 209 147
41 211 367
119 211 263
69 213 149
133 213 559
145 213 153
97 216 119
7 218 134
87 218 908
178 218 135
78 220 218
11 221 279
85 221 108
105 221 289
29 223 154
170 223 352
21 224 331
83 224 134
66 225 295
114 225 146
39 226 155
185 226 160
203 226 257
164 227 291
216 228 164
213 229 186
82 230 260
116 230 188
113 231 250
173 232 269
53 233 281
229 233 423
84 234 256
177 234 149
113 235 174
11 237 168
64 237 269
86 239 291
168 239 259
73 240 296
127 241 222
225 242 203
50 243 379
34 244 214
130 244 118
204 244 244
216 245 968
18 247 120
214 247 196
57 249 184
173 249 176
189 249 265
1 250 149
66 250 323
242 250 349
87 251 150
232 251 144
64 252 271
105 254 292
45 255 206
153 255 102
226 255 357
29 256 221
38 256 258
165 256 141
3 259 235
110 260 110
95 261 200
2 262 234
145 262 123
229 262 288
91 264 816
134 264 270
51 266 257
106 266 369
20 267 157
27 267 110
101 267 114
137 268 148
265 268 596
170 269 337
8 270 265
162 270 167
251 270 132
132 271 182
237 273 858
147 274 877
176 274 185
164 275 372
26 277 157
211 277 197
30 278 221
271 278 107
162 279 238
173 279 740
64 280 213
227 280 342
273 280 210
256 281 122
12 282 254
215 282 197
93 283 156
86 285 186
57 286 266
193 286 612
167 287 303
43 288 129
274 288 261
33 289 155
225 289 283
211 291 187
72 292 176
106 292 284
269 292 183
246 293 223
265 293 221
73 294 218
3 296 167
55 296 357
268 296 262
31 298 326
175 298 111
14 299 367
255 299 257
190 300 325
15 301 162
24 301 239
129 301 235
107 302 158
32 303 122
16 304 187
52 304 386
176 305 145
208 305 863
152 306 269
89 307 380
196 307 227
19 308 351
293 308 233
63 310 311
196 310 329
177 311 165
70 312 179
282 312 178
308 312 200
204 313 225
173 314 141
260 314 205
158 315 768
195 315 829
103 317 197
298 317 325
68 318 287
146 318 908
87 319 225
232 319 234
154 320 296
160 321 255
152 323 207
188 324 324
88 325 191
237 325 504
167 327 327
295 327 677
155 328 112
48 329 109
72 330 215
106 330 247
37 331 101
14 332 818
41 332 108
144 332 243
273 333 102
297 333 306
325 333 326
225 334 296
77 335 182
231 335 193
235 335 337
135 336 132
276 336 308
236 337 201
266 337 128
307 338 189
40 339 158
150 340 228
191 340 219
253 340 206
47 341 183
185 341 226
203 341 908
214 341 247
203 342 924
214 342 115
328 342 221
37 343 229
184 343 974
212 343 109
326 344 527
113 345 215
271 345 173
219 346 242
261 347 176
10 348 212
50 348 144
294 348 207
9 349 168
247 349 585
317 349 173
69 350 129
56 353 238
65 354 266
261 354 268
348 355 177
342 356 235
63 357 163
124 357 250
176 357 239
309 357 170
138 358 189
139 358 315
264 358 114
265 359 764
353 359 183
35 360 221
93 360 185
321 360 768
90 361 258
128 361 310
259 361 196
106 362 127
269 362 244
287 362 272
19 363 161
236 363 970
140 364 287
224 364 252
94 365 114
321 365 245
47 366 924
214 366 178
356 366 301
89 367 162
208 367 152
117 368 266
206 368 215
133 369 122
138 369 815
48 371 212
45 372 280
81 372 137
236 372 102
20 373 262
27 373 149
105 373 261
262 373 186
83 374 631
180 374 167
146 375 146
195 375 200
222 375 199
25 376 224
101 376 229
185 376 169
301 376 192
37 378 260
190 379 234
256 379 162
366 380 786
57 381 302
76 381 252
173 381 208
319 381 346
54 382 179
27 383 313
160 384 273
82 385 543
106 386 292
157 386 501
348 386 198
341 387 291
376 387 201
29 388 662
266 388 558
330 388 649
38 389 776
147 389 234
197 389 169
260 390 947
344 390 153
212 391 309
215 391 131
330 391 213
6 392 221
39 393 896
47 393 282
203 393 346
356 393 208
13 394 262
25 395 146
86 395 129
185 395 266
313 395 149
282 396 225
382 396 105
391 396 179
124 397 151
12 398 171
35 398 165
54 398 102
396 398 149
215 399 370
58 400 133
168 400 149
357 400 210
64 401 247
4 402 156
164 402 154
64 403 137
227 403 141
235 403 252
324 403 254
117 404 372
371 404 218
401 404 819
4 405 167
340 405 390
343 406 243
391 406 829
398 406 323
295 407 199
329 407 263
371 407 327
112 408 187
40 409 220
46 409 308
191 410 203
15 411 305
24 411 586
154 411 314
267 412 198
2 413 182
121 413 137
224 413 124
17 414 195
134 414 179
177 414 344
402 414 844
6 415 217
122 415 427
230 415 293
351 415 773
22 416 236
39 416 124
47 416 133
185 416 134
301 416 237
206 417 113
312 417 200
396 417 175
17 418 196
46 418 334
360 418 245
80 419 254
214 419 311
7 420 140
87 420 245
270 420 190
7 421 160
156 421 320
211 421 204
240 421 292
189 422 194
44 423 964
102 423 183
182 423 116
290 423 996
149 424 282
328 424 213
24 425 338
34 425 797
116 425 167
129 425 287
70 426 910
308 426 759
356 427 593
65 429 670
278 429 253
251 430 223
370 430 491
34 431 173
116 431 205
267 431 218
318 431 228
133 433 268
98 434 412
297 434 273
349 434 176
385 434 233
108 435 176
280 435 196
371 435 298
401 435 153
409 435 334
9 436 187
114 436 338
289 436 131
347 437 223
134 438 111
177 438 166
324 438 968
136 439 313
191 439 256
29 440 140
281 440 221
276 441 218
314 441 203
379 441 218
12 442 811
178 442 192
293 442 137
312 442 700
39 443 292
171 443 205
217 443 250
219 443 248
18 444 161
80 444 268
214 444 233
364 444 170
387 444 155
413 444 430
75 445 320
107 446 215
278 446 123
270 447 247
377 447 808
430 447 183
109 449 164
93 450 120
151 450 217
355 450 162
304 451 158
339 451 231
409 451 164
98 452 307
297 452 206
350 452 154
23 453 197
95 453 328
354 453 339
107 454 224
142 454 176
253 454 215
303 454 275
405 454 163
53 456 129
366 456 245
143 457 244
294 457 259
329 457 316
386 457 236
227 458 271
275 458 358
345 458 210
163 459 283
200 459 240
412 459 519
51 460 193
61 460 286
287 460 217
306 461 565
353 461 265
189 462 236
274 462 276
370 462 237
19 464 208
87 464 208
426 464 376
430 464 131
146 465 334
431 465 204
254 466 950
445 466 272
140 467 158
187 467 291
38 468 951
170 468 224
249 468 348
138 469 191
139 469 242
184 470 171
206 470 211
222 471 233
110 473 235
422 473 232
124 475 188
152 475 133
309 475 142
339 476 115
25 477 146
336 477 133
149 478 342
163 478 134
272 478 195
328 478 240
356 478 178
456 478 152
152 479 183
355 479 244
99 480 153
72 481 251
391 481 222
88 482 214
271 482 338
302 482 635
446 482 287
4 484 345
340 484 764
461 484 213
333 485 121
394 485 259
429 485 208
446 485 322
168 486 375
305 486 709
336 486 210
77 487 312
202 487 168
235 487 123
382 487 212
208 488 216
239 488 995
317 488 267
395 488 771
477 488 109
486 488 758
80 489 318
202 489 313
243 489 144
364 489 748
449 490 367
210 491 188
322 491 228
160 492 257
233 493 238
282 494 252
380 494 269
299 495 860
332 495 511
346 496 208
424 496 382
149 497 163
220 497 209
369 497 249
456 497 166
14 498 262
41 498 165
119 498 211
299 499 126
66 500 228
121 500 158
289 500 277
410 500 228
432 500 216
13 501 206
325 501 213
482 501 121
485 501 273
449 502 144
68 503 267
122 503 214
148 503 189
30 504 289
187 504 275
394 504 172
429 504 105
8 505 960
25 505 673
162 505 143
141 506 301
247 506 262
410 506 118
12 508 365
340 508 350
439 508 285
298 509 308
313 509 250
367 509 269
488 509 168
315 510 177
326 510 301
258 511 104
405 511 217
466 511 135
485 511 182
45 512 235
130 512 186
226 512 154
236 512 324
90 513 499
125 513 180
345 513 355
14 514 320
166 514 318
246 514 244
263 514 119
448 514 197
499 514 235
220 515 117
502 515 295
291 516 176
495 516 232
48 517 260
457 517 313
189 518 172
173 519 223
260 519 139
263 519 205
269 519 997
13 521 131
467 521 538
504 521 240
228 522 130
463 522 299
499 522 630
109 523 136
149 523 174
412 523 160
58 524 283
193 524 174
448 524 297
475 524 211
5 525 856
491 525 325
393 526 164
3 527 229
33 528 206
75 528 261
225 528 291
258 528 203
466 528 929
368 529 251
256 530 158
389 530 106
119 531 118
198 531 238
306 531 151
475 531 323
206 532 273
209 532 901
241 533 213
44 534 249
102 534 256
175 534 206
408 534 291
449 534 260
51 535 199
106 535 165
287 535 289
327 535 870
457 535 187
151 536 225
371 536 185
409 536 196
517 536 147
1 537 216
114 537 191
242 537 205
248 537 228
264 537 237
322 538 240
480 538 990
130 539 295
236 539 215
285 539 197
314 540 105
505 540 287
216 541 211
465 541 246
523 541 262
94 542 232
321 542 216
401 542 211
418 542 254
492 542 312
206 543 155
212 543 716
396 543 257
76 544 179
162 544 270
166 544 137
173 544 151
251 544 248
263 544 275
540 544 223
26 545 255
117 545 134
384 545 372
33 546 139
103 546 288
258 546 226
349 546 210
506 546 217
266 547 210
362 547 198
390 547 170
460 547 318
94 548 104
151 548 223
43 549 885
310 549 283
357 549 457
532 549 100
16 550 259
220 550 173
113 551 209
271 551 291
445 551 225
291 552 115
447 552 234
68 553 145
148 553 272
539 553 303
4 554 191
234 554 276
461 554 263
59 555 347
281 555 370
379 555 128
472 555 156
298 556 171
313 556 290
34 557 308
42 557 172
318 557 313
472 557 253
553 557 308
127 558 224
394 558 373
494 558 481
92 560 337
127 560 360
268 560 322
426 560 207
533 560 138
31 561 279
486 561 263
509 561 246
124 562 290
159 562 605
302 562 218
65 563 305
207 563 321
213 563 209
233 563 308
53 564 170
393 564 185
443 564 174
478 564 132
32 565 290
88 565 579
94 565 136
417 566 193
545 566 205
322 567 143
525 567 637
23 568 260
290 568 240
338 568 143
82 569 179
172 569 185
300 569 297
165 570 242
122 571 160
190 571 172
256 571 179
239 572 112
509 572 222
522 572 338
199 573 109
398 573 178
417 573 226
442 573 266
470 573 117
291 574 292
420 574 716
447 574 283
464 574 663
170 575 191
212 575 990
481 575 189
518 575 204
363 576 244
388 576 118
440 576 174
351 577 125
385 577 189
128 578 227
177 578 102
378 578 136
35 579 328
311 579 242
418 579 364
492 579 195
440 580 314
93 581 209
321 581 252
19 582 239
346 582 236
430 582 143
135 583 299
326 583 312
98 584 242
123 584 334
437 584 306
569 584 132
150 586 156
250 586 331
484 586 222
285 588 189
516 588 256
265 589 215
308 589 291
353 589 569
560 589 233
433 590 109
568 590 133
22 591 252
204 592 297
341 592 356
419 592 367
556 592 230
150 593 130
225 593 297
303 593 199
405 593 222
466 593 219
70 594 909
137 594 192
218 594 306
253 594 155
442 594 849
508 594 298
34 595 136
216 595 333
465 595 309
14 596 146
263 596 377
167 597 194
311 597 176
335 597 212
578 597 213
280 598 246
458 598 311
98 599 325
437 599 266
182 600 859
316 600 229
352 600 127
346 601 135
375 601 243
432 602 250
40 603 145
46 603 209
360 603 634
398 603 259
62 604 104
443 604 384
591 604 107
279 605 208
381 605 447
216 606 365
408 606 217
522 606 180
363 607 299
370 607 145
464 607 284
62 608 337
529 608 169
33 609 270
75 609 312
123 609 212
436 609 649
134 610 264
325 610 200
565 610 244
21 611 179
28 611 808
75 611 302
467 611 294
99 612 228
608 612 279
71 613 227
223 613 800
260 613 228
269 613 134
441 613 653
547 613 236
92 614 211
315 614 192
375 614 239
196 615 157
322 615 107
480 615 185
455 616 251
170 617 120
212 617 193
330 617 284
362 617 790
591 618 242
132 619 324
551 619 209
565 619 220
16 620 232
157 620 305
457 620 391
37 621 159
184 621 297
30 622 191
194 622 197
513 622 142
125 623 363
554 623 195
622 623 363
162 624 149
166 624 333
512 624 327
257 625 122
490 625 236
348 626 112
450 626 126
171 627 230
255 627 299
601 627 225
205 628 137
252 628 166
384 628 307
403 628 892
487 628 184
202 629 271
399 629 284
548 629 185
11 630 296
233 630 311
273 630 224
50 631 362
81 631 675
286 631 138
94 632 223
221 632 210
619 632 264
629 632 142
419 633 173
625 633 275
7 634 206
461 634 621
531 634 325
78 635 173
224 635 178
374 635 204
515 635 192
611 635 165
62 636 111
156 636 327
612 636 166
194 637 224
311 637 169
28 638 243
502 638 254
534 638 297
635 638 212
283 639 161
450 639 429
392 640 394
585 640 208
267 641 310
383 641 173
459 641 134
520 641 215
70 642 244
107 642 227
198 642 193
253 642 137
59 643 896
472 643 771
517 643 198
9 644 244
175 644 727
317 644 106
477 644 237
587 644 175
187 645 161
354 645 275
429 645 290
452 645 215
5 646 325
473 646 208
491 646 721
640 646 205
64 647 140
91 647 234
134 647 259
324 647 308
325 647 344
34 648 313
129 648 228
204 648 192
267 648 222
376 648 125
42 649 334
300 649 169
55 650 186
100 650 323
234 650 100
268 650 201
359 650 153
578 650 192
310 651 808
532 651 326
615 651 180
621 651 727
12 652 182
494 652 146
603 652 258
491 653 173
2 654 962
224 654 120
515 654 277
550 654 220
208 655 224
462 655 181
45 656 203
249 656 865
544 656 282
596 656 956
183 657 290
358 657 230
433 657 130
600 657 648
496 658 282
640 658 201
404 659 189
88 660 258
295 660 268
333 660 199
446 660 305
113 661 222
445 661 188
115 662 242
293 662 194
573 662 211
284 663 233
453 663 238
567 663 203
38 664 231
59 664 939
197 664 304
281 664 259
38 665 417
659 665 210
30 666 153
56 666 256
100 666 883
127 666 220
623 666 165
11 667 188
47 667 306
207 667 348
233 667 159
592 667 151
284 668 354
344 668 213
507 668 344
561 668 142
339 669 271
383 669 114
459 669 307
90 670 708
331 670 179
397 670 209
532 670 363
543 670 213
221 671 860
449 671 354
249 672 179
314 672 170
653 672 375
19 674 202
87 674 182
115 674 293
178 674 250
293 674 199
385 675 249
559 675 187
569 675 769
117 676 318
147 676 206
209 676 190
659 676 150
280 677 318
333 677 528
647 677 279
57 678 975
193 678 349
605 678 225
172 679 153
452 679 683
584 679 121
97 680 165
183 680 230
245 680 220
469 680 321
559 680 284
284 681 274
305 681 185
307 681 132
367 681 135
561 681 352
16 682 159
77 682 192
157 682 144
202 682 317
654 682 167
102 683 268
248 683 155
58 684 123
378 684 181
397 684 209
357 685 245
368 685 184
397 685 181
532 685 187
676 685 137
510 686 383
614 686 956
673 686 227
383 687 131
520 687 206
630 687 470
12 688 158
54 688 171
439 688 233
550 688 186
108 689 181
339 689 331
49 690 294
310 691 146
614 691 275
236 692 107
285 692 192
607 692 304
678 692 332
153 693 253
299 693 189
522 693 187
40 694 267
272 694 136
476 694 242
652 694 248
137 695 294
253 695 235
527 695 199
17 696 269
84 696 223
142 696 244
303 696 259
267 697 204
465 697 879
523 697 724
171 698 209
200 698 190
541 698 230
564 698 718
94 699 120
139 699 196
221 699 120
237 699 252
610 699 325
84 700 176
483 700 331
605 700 262
50 701 314
294 701 360
586 701 125
620 701 149
92 702 281
268 702 123
315 702 257
295 703 721
329 703 260
406 703 148
481 703 328
535 703 126
240 704 235
285 704 252
355 704 234
524 704 175
163 705 229
275 705 264
455 705 679
598 705 151
257 706 196
399 706 197
428 706 203
633 706 784
139 707 300
172 707 755
237 707 200
675 707 102
470 708 160
643 708 138
662 708 221
135 709 243
68 710 163
101 710 361
431 710 890
144 711 265
337 711 190
372 711 261
5 712 189
112 712 170
423 712 122
673 712 294
189 713 287
370 713 191
656 713 125
110 714 181
315 714 106
326 714 288
390 714 263
460 714 828
88 715 215
302 715 121
401 715 226
647 715 224
659 715 307
200 716 123
385 716 196
559 716 282
250 717 743
476 717 338
500 717 370
111 718 276
196 718 439
471 718 278
686 718 272
169 719 181
347 719 214
585 719 324
609 719 173
120 720 259
174 720 211
180 720 110
283 720 117
323 720 332
581 720 206
59 721 300
197 721 173
708 721 162
244 722 228
35 723 197
54 723 180
311 723 536
550 723 211
158 724 172
195 724 207
499 724 754
601 724 296
606 724 100
137 725 241
265 725 237
283 725 289
442 725 995
652 725 301
83 726 339
150 726 343
508 726 191
701 726 705
42 727 312
300 727 155
316 727 327
305 728 188
307 728 331
179 729 454
191 729 202
257 729 775
180 730 248
259 730 171
296 730 138
323 730 371
165 731 198
181 731 228
503 731 222
29 732 377
165 732 190
481 732 156
580 732 910
63 733 360
299 733 102
596 733 286
691 733 103
302 734 155
659 734 308
245 735 338
496 735 185
606 735 192
86 736 203
228 736 244
244 736 128
313 736 597
572 736 265
588 736 348
595 736 154
68 737 252
146 737 355
222 737 137
291 737 715
420 737 145
421 737 293
169 738 118
347 738 217
474 738 248
4 739 365
96 739 227
242 739 270
623 739 161
6 740 282
274 740 193
305 740 301
570 740 249
655 740 265
119 741 198
222 741 152
353 741 126
421 741 257
634 741 232
727 742 221
24 743 351
34 743 145
130 743 118
376 743 369
553 743 547
624 743 109
710 743 179
110 744 212
326 744 146
585 744 210
646 744 148
146 745 109
195 745 204
557 745 144
588 745 926
595 745 241
47 746 239
262 746 279
301 746 164
387 746 284
526 746 129
49 747 814
226 747 147
376 747 120
505 747 217
624 747 179
136 748 224
137 748 179
508 748 145
558 748 233
652 748 266
117 749 127
206 749 126
209 749 279
371 749 125
566 749 255
153 750 123
393 750 199
427 750 191
698 750 175
716 750 266
96 751 833
289 751 200
410 751 229
546 751 240
616 751 361
389 752 137
483 752 161
665 752 274
676 752 307
99 753 242
186 753 175
320 753 154
709 753 374
347 754 204
354 754 195
525 754 111
599 754 220
653 754 282
663 754 206
269 755 229
303 755 156
194 756 200
242 756 205
264 756 155
334 756 243
414 756 273
590 756 131
90 757 299
235 757 974
259 757 243
324 757 138
397 757 177
17 758 291
84 758 170
177 758 256
331 758 241
378 758 645
483 758 200
579 758 172
57 759 942
189 759 200
734 759 265
254 760 229
334 760 120
528 760 266
399 761 308
404 761 193
407 761 185
428 761 187
548 761 203
111 762 156
708 762 315
742 762 178
213 763 650
350 763 197
125 764 126
174 764 536
180 764 326
241 764 179
666 764 348
11 765 123
132 765 838
207 765 220
325 765 274
679 765 123
68 766 920
122 766 860
291 766 165
65 767 317
275 767 121
433 767 230
453 767 234
455 767 461
3 768 312
362 768 329
390 768 170
519 768 185
684 768 303
427 769 106
520 769 233
197 770 196
529 770 223
711 770 200
473 771 103
570 771 294
731 771 244
212 772 240
271 772 255
361 772 868
58 773 513
263 773 246
296 773 329
448 773 381
702 773 108
768 773 112
159 774 229
400 774 167
678 774 247
700 774 136
752 774 185
473 775 866
640 775 126
655 775 168
89 776 149
432 776 236
552 776 136
188 777 119
458 777 187
513 777 535
318 778 257
415 778 381
766 778 168
63 779 278
299 779 307
309 779 178
516 779 119
139 780 209
316 780 191
657 780 238
675 780 232
680 780 178
228 781 384
238 781 397
245 781 213
526 781 322
559 781 374
750 781 177
275 782 232
358 782 199
369 782 129
433 782 325
637 782 918
756 782 175
125 783 183
43 784 257
107 784 176
142 784 799
198 784 218
562 784 798
287 785 217
378 785 103
702 785 339
714 785 350
768 785 274
591 786 236
599 786 285
663 786 346
340 787 203
394 787 281
511 787 127
695 787 194
748 787 227
322 788 115
518 788 311
651 788 712
691 788 779
555 789 220
649 789 116
709 789 160
721 789 165
142 790 260
198 790 193
218 790 291
253 790 126
319 790 195
484 790 195
634 790 239
179 791 349
258 791 918
297 791 174
349 791 211
485 791 152
645 791 164
90 792 318
227 792 530
235 792 168
345 792 246
382 792 124
543 792 186
772 792 138
36 793 349
67 793 348
423 793 173
683 793 337
123 794 901
727 794 161
31 795 219
95 795 252
352 795 263
577 795 194
668 795 207
77 796 195
106 796 204
157 796 328
160 796 244
2 797 102
138 797 106
497 797 261
515 797 620
346 798 205
430 798 221
658 798 918
775 798 188
43 799 249
126 799 407
142 799 200
319 799 194
203 800 172
387 800 213
526 800 267
747 800 468
2 801 236
205 801 106
366 801 746
444 801 190
746 801 237
27 802 548
105 802 128
109 802 255
161 802 511
412 802 318
669 802 202
671 802 297
179 803 678
191 803 318
225 803 219
258 803 332
405 803 212
739 803 131
751 803 357
3 804 157
167 804 284
268 804 227
578 804 100
695 804 257
785 804 208
88 805 663
295 805 312
481 805 217
659 805 118
761 805 374
54 806 150
295 806 280
406 806 787
109 807 257
272 807 138
476 807 154
669 807 267
190 808 311
244 808 167
539 808 167
555 808 273
557 808 620
588 808 262
649 808 178
166 809 750
186 809 256
251 809 174
582 809 344
674 809 106
26 810 118
498 810 191
533 810 188
589 810 221
184 811 200
460 811 139
771 811 208
434 812 208
546 812 170
616 812 174
60 813 127
207 813 148
661 813 278
8 814 280
158 814 192
251 814 235
540 814 345
798 814 221
111 815 441
276 815 302
728 815 118
742 815 266
794 815 257
136 816 128
272 816 299
328 816 128
182 817 103
528 817 329
82 818 169
192 818 205
300 818 212
415 818 229
530 818 210
571 818 184
577 818 139
104 819 244
205 819 219
366 819 255
458 819 264
110 820 193
460 820 323
613 820 132
771 820 343
441 821 271
815 821 280
820 821 150
513 822 215
521 822 349
783 822 216
97 823 355
228 823 148
244 823 604
559 823 280
569 823 244
649 823 131
482 824 183
575 824 272
734 824 228
772 824 278
805 824 231
15 825 844
104 825 230
145 825 347
205 825 104
746 825 262
813 825 232
270 826 226
465 826 599
471 826 889
552 826 258
710 826 333
737 826 222
413 827 128
635 827 368
797 827 103
39 828 190
144 828 261
171 828 324
238 828 298
255 828 205
495 828 322
750 828 176
447 829 350
582 829 917
618 829 267
203 830 235
65 831 123
207 831 790
261 831 978
345 831 192
661 831 198
822 831 197
146 832 225
171 832 109
219 832 187
541 832 132
601 832 296
636 832 207
195 833 197
222 833 237
605 833 280
32 834 838
254 834 307
619 834 211
41 835 249
608 835 179
778 835 202
27 836 875
80 836 195
387 836 341
592 836 220
648 836 191
671 836 137
223 837 139
256 837 151
441 837 163
468 837 507
570 837 143
672 837 194
26 838 240
156 838 127
566 838 221
589 838 110
42 839 318
472 839 151
612 839 129
708 839 309
742 839 236
753 839 865
789 839 213
119 840 209
310 840 281
210 841 191
646 841 221
658 841 300
686 841 149
712 841 215
38 842 263
59 842 113
292 842 250
379 842 879
111 843 967
276 843 233
279 843 188
700 843 161
49 844 912
346 844 197
724 844 194
735 844 213
809 844 320
814 844 219
8 845 229
815 845 334
239 846 320
279 846 323
471 846 154
477 846 180
833 846 126
192 847 228
571 847 148
599 847 440
653 847 172
837 847 168
61 848 213
583 848 237
709 848 311
721 848 115
770 848 243
240 849 161
294 849 139
355 849 699
359 849 261
517 849 165
10 850 291
55 850 228
152 850 252
355 850 321
359 850 184
524 850 188
639 850 145
594 851 261
726 851 140
170 852 168
755 852 303
824 852 295
169 853 118
609 853 337
611 853 195
827 853 116
1 854 209
717 854 116
272 855 387
356 855 127
380 855 156
309 856 325
462 856 188
607 856 135
678 856 825
759 856 351
76 857 143
166 857 776
246 857 143
372 857 113
674 857 272
367 858 303
572 858 205
693 858 156
779 858 278
141 859 700
247 859 212
317 859 135
341 859 103
395 859 299
556 859 140
830 859 270
16 860 848
327 860 306
407 860 159
451 860 292
457 860 147
536 860 227
147 861 219
165 861 210
181 861 276
415 861 216
530 861 143
740 861 209
835 861 211
1 862 276
140 862 294
489 862 627
729 862 237
119 863 223
222 863 205
291 863 214
310 863 274
779 863 948
76 864 149
246 864 314
263 864 100
296 864 730
851 864 264
153 865 124
210 865 256
653 865 177
830 865 293
128 866 254
278 866 181
343 866 185
597 866 259
772 866 276
806 866 234
141 867 251
432 867 251
658 867 245
110 868 299
232 868 154
314 868 331
585 868 182
775 868 278
814 868 282
821 868 212
845 868 207
61 869 271
378 869 109
483 869 251
583 869 759
621 869 294
714 869 366
165 870 148
211 870 210
281 870 123
580 870 138
766 870 115
835 870 257
105 871 194
161 871 207
699 871 255
89 872 253
289 872 177
338 872 761
432 872 370
286 873 328
302 873 220
642 873 298
759 873 164
351 874 344
727 874 527
53 875 947
104 875 193
133 875 250
563 875 185
767 875 231
226 876 177
346 876 252
443 876 138
627 876 137
192 877 222
317 877 160
587 877 454
653 877 212
830 877 159
80 878 253
202 878 255
632 878 776
801 878 249
121 879 817
304 879 110
339 879 249
383 879 561
717 879 322
436 880 243
602 880 331
644 880 876
872 880 230
252 881 283
515 881 263
855 881 186
533 882 262
596 882 217
730 882 658
864 882 114
91 883 148
179 883 207
537 883 250
862 883 171
136 884 172
214 884 209
328 884 221
456 884 191
506 884 293
156 885 141
181 885 213
318 885 223
472 885 624
612 885 260
835 885 960
172 886 326
204 886 223
520 886 222
823 886 214
71 887 882
337 887 133
344 887 208
507 887 177
547 887 181
770 887 174
188 888 312
194 888 243
248 888 268
264 888 259
438 888 200
793 888 161
57 889 338
76 889 255
372 889 258
631 889 717
656 889 131
692 889 144
882 889 199
69 890 159
333 890 265
429 890 335
452 890 133
563 890 285
630 890 118
765 890 272
51 891 154
703 891 171
731 891 162
732 891 405
811 891 252
36 892 127
150 892 183
466 892 206
527 892 233
787 892 226
336 893 264
644 893 231
222 894 533
319 894 133
420 894 260
605 894 204
634 894 837
79 895 308
201 895 167
298 895 327
534 895 109
250 896 258
476 896 233
273 897 233
669 897 284
687 897 133
689 897 220
61 898 302
368 898 132
547 898 225
770 898 861
52 899 814
213 899 136
369 899 220
637 899 229
723 899 254
374 900 196
521 900 161
764 900 166
783 900 933
40 901 278
450 901 341
536 901 192
849 901 700
29 902 266
266 902 244
292 902 157
379 902 307
613 902 209
193 903 139
198 903 361
475 903 240
562 903 281
856 903 856
873 903 230
17 904 268
126 904 190
483 904 156
665 904 111
842 904 145
198 905 262
257 905 216
306 905 105
484 905 118
71 906 273
190 906 260
437 906 154
441 906 172
847 906 204
186 907 597
636 907 142
662 907 111
839 907 197
79 908 237
687 908 292
769 908 143
8 909 160
447 909 218
776 909 217
798 909 211
867 909 168
195 910 325
510 910 336
572 910 274
595 910 221
606 910 203
846 910 333
288 911 265
422 911 223
771 911 315
495 912 166
649 912 156
778 912 204
818 912 210
195 913 133
265 913 224
448 913 257
702 913 285
116 914 285
181 914 284
318 914 177
392 914 167
415 914 728
503 914 244
874 914 200
35 915 181
74 915 144
406 915 142
535 915 224
620 915 195
796 915 269
390 916 296
400 916 435
684 916 218
685 916 183
752 916 234
869 916 127
898 916 191
31 917 244
118 917 223
434 917 267
616 917 158
55 918 190
124 918 126
131 918 113
152 918 227
730 918 139
757 918 297
210 919 294
627 919 143
691 919 231
713 919 203
73 920 297
76 920 769
218 920 258
631 920 274
701 920 161
851 920 779
91 921 246
179 921 260
297 921 249
598 921 241
677 921 288
777 921 132
917 921 177
238 922 183
559 922 698
649 922 174
709 922 222
257 923 656
490 923 200
862 923 118
175 924 232
408 924 173
477 924 283
509 924 112
910 924 211
143 925 253
236 925 206
553 925 165
624 925 156
857 925 222
639 926 367
694 926 314
95 927 203
347 927 265
663 927 608
668 927 276
110 928 194
232 928 322
422 928 701
519 928 215
785 928 684
286 929 120
340 930 197
394 930 214
642 930 317
729 930 127
905 930 256
78 931 110
121 931 293
424 931 298
497 931 163
827 931 362
884 931 171
187 932 100
290 932 160
816 932 881
324 933 207
397 933 258
562 933 198
676 933 304
715 933 105
73 934 312
76 934 262
162 934 280
420 934 179
605 934 166
692 934 237
925 934 180
370 935 223
655 935 301
798 935 133
876 935 191
919 935 323
70 936 312
243 936 141
282 936 283
508 936 174
558 936 133
930 936 525
20 937 329
60 937 917
350 937 113
760 937 331
817 937 189
113 938 180
205 938 336
487 938 274
619 938 395
813 938 318
878 938 201
195 939 271
448 939 102
499 939 242
572 939 574
588 939 108
779 939 188
42 940 192
316 940 294
680 940 137
753 940 708
922 940 137
82 941 233
520 941 298
716 941 195
722 941 150
823 941 180
912 941 217
66 942 250
78 942 530
121 942 234
224 942 132
439 942 256
550 942 955
726 942 197
738 943 704
754 943 217
865 943 300
476 944 191
689 944 833
6 945 832
122 945 264
491 945 248
538 945 253
570 945 284
847 945 249
111 946 212
549 946 220
700 946 237
799 946 318
894 946 374
86 947 212
162 947 243
370 947 151
512 947 206
656 947 303
692 947 292
342 948 203
444 948 114
474 948 282
800 948 256
827 948 845
102 949 107
155 949 180
408 949 209
424 949 486
523 949 240
712 949 180
147 950 136
176 950 210
529 950 209
685 950 112
12 951 274
178 951 317
215 951 353
329 951 153
406 951 317
620 951 285
440 952 196
475 952 734
479 952 248
704 952 119
149 953 223
161 953 237
163 953 714
369 953 262
412 953 143
469 953 268
64 954 273
134 954 159
358 954 196
542 954 518
699 954 637
79 955 287
568 955 143
872 955 324
73 956 355
193 956 290
348 956 388
631 956 556
692 956 244
704 956 128
209 957 121
670 957 100
784 957 136
933 957 143
95 958 149
104 958 200
458 958 214
767 958 698
831 958 292
7 959 713
211 959 908
531 959 218
574 959 178
580 959 337
952 959 252
320 960 174
538 960 153
811 960 633
239 961 317
249 961 246
279 961 361
462 961 346
678 961 275
947 961 201
203 962 277
328 962 202
496 962 295
564 962 194
876 962 150
9 963 208
114 963 153
140 963 190
501 963 214
791 963 181
883 963 250
48 964 155
68 964 134
421 964 280
731 964 155
870 964 227
885 964 256
232 965 600
288 965 171
377 965 275
422 965 137
430 965 253
462 965 175
775 965 103
576 966 183
607 966 215
903 966 983
952 966 173
956 966 234
114 967 196
445 967 228
501 967 330
593 967 279
610 967 636
71 968 200
148 968 165
411 968 102
744 968 208
820 968 214
271 969 285
429 969 229
445 969 295
501 969 144
521 969 218
765 969 339
831 969 245
60 970 194
207 970 164
261 970 163
437 970 397
679 970 261
321 971 881
374 971 153
515 971 116
720 971 190
23 972 105
31 972 128
338 972 176
616 972 216
681 972 156
83 973 283
120 973 189
180 973 159
241 973 913
631 973 185
851 973 331
882 973 228
929 973 272
427 974 238
474 974 262
781 974 187
22 975 101
39 975 114
144 975 195
337 975 373
507 975 287
512 975 231
604 975 131
223 976 150
260 976 239
672 976 360
733 976 280
788 976 205
136 977 249
214 977 957
364 977 962
380 977 139
558 977 228
40 978 230
161 978 217
360 978 117
365 978 162
450 978 184
926 978 391
153 979 177
474 979 149
522 979 215
735 979 205
781 979 275
800 979 583
121 980 346
410 980 182
419 980 113
439 980 125
884 980 811
28 981 208
201 981 129
261 981 175
467 981 734
738 981 257
822 981 168
525 982 279
546 982 199
112 983 249
201 983 165
463 983 140
561 983 297
738 983 841
927 983 147
7 984 333
294 984 230
329 984 158
461 984 137
168 985 136
336 985 170
510 985 249
583 985 185
718 985 141
843 985 257
846 985 228
157 986 168
202 986 325
243 986 227
282 986 290
206 987 234
480 987 122
529 987 244
612 987 259
708 987 204
287 988 119
343 988 905
575 988 222
703 988 142
811 988 102
911 988 323
126 989 224
331 989 562
470 989 148
483 989 164
532 989 224
621 989 216
762 989 266
946 989 258
356 990 226
526 990 274
797 990 948
801 990 220
881 990 236
948 990 217
974 990 235
2 991 217
138 991 239
145 991 194
205 991 124
899 991 303
408 992 234
474 992 218
509 992 117
522 992 177
895 992 131
983 992 249
57 993 162
259 993 376
852 993 602
882 993 132
929 993 326
233 994 170
456 994 156
688 994 169
980 994 347
235 995 101
259 995 254
551 995 237
617 995 232
772 995 100
852 995 572
292 996 125
517 996 228
535 996 265
693 997 156
74 998 903
81 998 122
143 998 197
178 998 243
620 998 278
857 998 316
920 998 936
465 999 173
552 999 119
698 999 912
997 999 270
175 1000 264
449 1000 239
556 1000 535
836 1000 268
164 1001 346
280 1001 188
409 1001 183
705 1001 244
871 1001 150
54 1002 336
563 1002 201
899 1002 168
994 1002 311
229 1003 229
493 1003 146
763 1003 379
111 1004 782
232 1004 252
270 1004 257
279 1004 292
377 1004 130
471 1004 152
845 1004 153
894 1004 178
625 1005 357
783 1005 926
944 1005 202
365 1006 149
428 1006 211
450 1006 621
479 1006 215
548 1006 299
581 1006 218
32 1007 222
254 1007 283
334 1007 377
414 1007 243
593 1007 266
610 1007 182
871 1007 265
24 1008 212
624 1008 306
975 1008 279
39 1009 985
238 1009 183
301 1009 133
526 1009 603
690 1009 377
747 1009 853
1008 1009 190
276 1010 578
279 1010 294
314 1010 200
477 1010 294
505 1010 178
587 1010 331
845 1010 177
167 1011 887
454 1011 103
755 1011 971
799 1011 278
243 1012 214
348 1012 147
479 1012 243
966 1012 288
422 1013 202
426 1013 127
642 1013 929
759 1013 238
488 1014 215
655 1014 208
672 1014 107
877 1014 322
961 1014 293
1010 1014 271
269 1015 410
287 1015 128
820 1015 216
911 1015 335
928 1015 203
996 1015 308
1011 1015 364
109 1016 516
476 1016 252
490 1016 350
683 1016 208
854 1016 237
926 1016 169
1 1017 303
10 1017 229
248 1017 123
626 1017 222
639 1017 181
896 1017 222
923 1017 150
1016 1017 239
1 1018 125
50 1018 518
224 1018 142
489 1018 383
626 1018 149
682 1018 265
202 1019 122
282 1019 226
380 1019 259
382 1019 252
399 1019 283
688 1019 305
392 1020 161
585 1020 670
794 1020 214
821 1020 113
906 1020 239
968 1020 172
73 1021 196
84 1021 151
193 1021 220
605 1021 154
634 1021 224
308 1022 363
417 1022 227
636 1022 231
662 1022 209
838 1022 171
987 1022 236
46 1023 221
227 1023 149
435 1023 215
543 1023 301
749 1023 204
957 1023 301
56 1024 331
127 1024 185
312 1024 137
494 1024 297
566 1024 244
589 1024 114
725 1024 270
5 1025 372
112 1025 219
411 1025 309
719 1025 238
744 1025 209
927 1025 997
2 1026 224
121 1026 181
229 1026 165
304 1026 233
497 1026 290
550 1026 117
899 1026 292
994 1026 249
92 1027 168
498 1027 157
518 1027 301
533 1027 300
596 1027 242
691 1027 352
713 1027 181
840 1027 265
275 1028 130
402 1028 147
622 1028 227
739 1028 286
756 1028 274
777 1028 379
120 1029 227
160 1029 196
199 1029 572
545 1029 128
581 1029 238
111 1030 381
176 1030 966
196 1030 309
288 1030 303
377 1030 225
549 1030 332
728 1030 100
166 1031 237
238 1031 135
255 1031 284
499 1031 252
540 1031 496
747 1031 727
844 1031 261
979 1031 123
84 1032 170
142 1032 671
331 1032 224
554 1032 437
634 1032 223
946 1032 279
141 1033 188
410 1033 876
432 1033 215
556 1033 189
908 1033 104
51 1034 180
148 1034 166
731 1034 201
820 1034 151
902 1034 188
996 1034 220
54 1035 272
164 1035 265
603 1035 213
71 1036 211
223 1036 285
538 1036 233
786 1036 166
847 1036 224
70 1037 240
241 1037 168
243 1037 131
631 1037 295
873 1037 636
966 1037 193
8 1038 246
25 1038 233
101 1038 193
602 1038 954
697 1038 237
776 1038 191
826 1038 967
42 1039 196
216 1039 359
724 1039 128
745 1039 131
832 1039 244
907 1039 121
220 1040 316
283 1040 822
360 1040 224
652 1040 134
926 1040 146
971 1040 234
148 1041 148
190 1041 245
425 1041 312
557 1041 495
727 1041 345
914 1041 270
1020 1041 252
191 1042 107
250 1042 201
257 1042 595
484 1042 241
739 1042 117
11 1043 172
132 1043 279
399 1043 222
632 1043 208
633 1043 327
273 1044 323
297 1044 263
385 1044 251
598 1044 307
707 1044 154
117 1045 182
197 1045 358
492 1045 158
752 1045 109
898 1045 156
1029 1045 328
82 1046 254
172 1046 581
452 1046 262
493 1046 168
520 1046 187
630 1046 302
1044 1046 943
135 1047 277
486 1047 311
530 1047 781
577 1047 141
668 1047 333
69 1048 959
254 1048 236
333 1048 224
511 1048 199
15 1049 266
95 1049 283
104 1049 158
416 1049 260
970 1049 172
186 1050 245
219 1050 901
238 1050 261
245 1050 156
690 1050 169
844 1050 269
940 1050 928
1039 1050 492
22 1051 253
190 1051 229
244 1051 188
425 1051 268
437 1051 221
569 1051 234
59 1052 188
93 1052 121
355 1052 210
43 1053 236
274 1053 266
357 1053 186
562 1053 131
676 1053 109
734 1053 638
774 1053 240
856 1053 163
82 1054 207
493 1054 302
571 1054 202
591 1054 220
599 1054 196
722 1054 154
1051 1054 210
375 1055 201
465 1055 309
471 1055 301
686 1055 193
910 1055 271
997 1055 158
57 1056 113
468 1056 224
665 1056 200
734 1056 300
774 1056 160
852 1056 183
99 1057 210
284 1057 134
307 1057 130
567 1057 116
615 1057 235
138 1058 167
205 1058 305
252 1058 214
990 1058 328
16 1059 107
399 1059 224
407 1059 195
688 1059 142
806 1059 132
951 1059 107
92 1060 128
156 1060 181
375 1060 314
498 1060 263
589 1060 364
741 1060 246
913 1060 981
52 1061 290
327 1061 271
451 1061 218
660 1061 320
834 1061 234
1048 1061 198
496 1062 277
541 1062 308
601 1062 204
606 1062 208
841 1062 289
949 1062 181
1055 1062 344
187 1063 251
342 1063 288
816 1063 196
855 1063 212
977 1063 191
200 1064 120
230 1064 173
431 1064 305
641 1064 270
778 1064 808
941 1064 101
999 1064 165
111 1065 270
232 1065 228
288 1065 148
799 1065 164
821 1065 329
1015 1065 136
99 1066 131
217 1066 383
219 1066 100
940 1066 100
532 1067 213
615 1067 241
762 1067 298
950 1067 204
987 1067 140
1030 1067 208
123 1068 139
436 1068 219
780 1068 976
23 1069 210
96 1069 341
590 1069 157
616 1069 206
767 1069 215
1028 1069 285
45 1070 298
62 1070 121
498 1070 226
627 1070 368
713 1070 178
215 1071 134
330 1071 191
386 1071 145
576 1071 154
629 1071 167
986 1071 850
1012 1071 173
28 1072 686
36 1072 283
67 1072 790
661 1072 185
822 1072 120
36 1073 624
683 1073 311
926 1073 962
239 1074 105
285 1074 215
309 1074 275
400 1074 240
524 1074 131
678 1074 292
833 1074 220
939 1074 296
109 1075 153
149 1075 211
161 1075 192
220 1075 196
272 1075 117
502 1075 177
926 1075 109
43 1076 193
198 1076 173
319 1076 232
464 1076 202
856 1076 135
965 1076 156
1013 1076 120
99 1077 174
186 1077 236
219 1077 166
582 1077 130
604 1077 417
618 1077 328
636 1077 229
338 1078 282
392 1078 211
728 1078 253
794 1078 229
874 1078 246
314 1079 247
347 1079 645
585 1079 961
587 1079 295
653 1079 298
906 1079 271
36 1080 595
231 1080 938
466 1080 263
661 1080 338
817 1080 167
96 1081 447
623 1081 183
783 1081 214
944 1081 266
181 1082 149
379 1082 185
472 1082 155
742 1082 134
821 1082 178
1034 1082 658
1041 1082 204
4 1083 320
234 1083 168
242 1083 343
414 1083 956
586 1083 434
593 1083 163
696 1083 212
154 1084 131
525 1084 257
599 1084 223
763 1084 276
945 1084 132
115 1085 207
503 1085 122
891 1085 855
960 1085 253
27 1086 200
80 1086 235
413 1086 760
854 1086 136
879 1086 274
1018 1086 123
320 1087 302
411 1087 284
507 1087 238
709 1087 182
1008 1087 173
366 1088 166
419 1088 277
667 1088 263
878 1088 270
994 1088 220
1019 1088 124
1043 1088 235
311 1089 293
335 1089 184
403 1089 316
438 1089 313
492 1089 223
954 1089 381
231 1090 160
303 1090 196
466 1090 382
527 1090 127
551 1090 196
834 1090 168
505 1091 263
587 1091 552
800 1091 250
830 1091 568
13 1092 129
241 1092 200
482 1092 181
873 1092 306
929 1092 167
135 1093 230
316 1093 269
742 1093 135
753 1093 188
1057 1093 242
385 1094 254
455 1094 109
598 1094 103
795 1094 109
917 1094 195
958 1094 355
427 1095 216
459 1095 260
520 1095 129
716 1095 268
897 1095 172
1044 1095 239
33 1096 164
103 1096 211
640 1096 107
867 1096 293
872 1096 205
1078 1096 252
6 1097 129
103 1097 154
491 1097 235
640 1097 187
655 1097 312
877 1097 160
982 1097 306
5 1098 299
320 1098 248
567 1098 155
600 1098 222
673 1098 194
1093 1098 194
25 1099 140
313 1099 147
595 1099 875
648 1099 128
697 1099 202
924 1099 202
1000 1099 193
284 1100 233
305 1100 155
351 1100 130
608 1100 205
861 1100 164
950 1100 221
1047 1100 197
91 1101 191
297 1101 259
325 1101 172
679 1101 141
707 1101 636
963 1101 244
99 1102 274
217 1102 127
284 1102 199
507 1102 209
604 1102 300
608 1102 224
786 1102 100
516 1103 200
552 1103 264
722 1103 174
736 1103 261
858 1103 247
18 1104 386
467 1104 209
738 1104 185
853 1104 320
948 1104 760
1091 1104 117
211 1105 139
281 1105 209
332 1105 306
516 1105 176
952 1105 129
13 1106 296
21 1106 344
83 1106 208
150 1106 158
929 1106 185
967 1106 139
363 1107 660
370 1107 309
512 1107 168
582 1107 282
604 1107 275
876 1107 131
1070 1107 571
307 1108 259
567 1108 201
568 1108 219
673 1108 134
381 1109 187
696 1109 184
700 1109 117
755 1109 178
799 1109 326
904 1109 280
1056 1109 284
583 1110 254
615 1110 248
621 1110 178
718 1110 178
762 1110 123
1093 1110 318
315 1111 479
400 1111 176
700 1111 155
833 1111 937
869 1111 106
985 1111 793
169 1112 321
408 1112 153
424 1112 203
474 1112 223
638 1112 189
735 1112 111
827 1112 215
56 1113 214
108 1113 255
371 1113 334
566 1113 975
901 1113 172
139 1114 991
334 1114 178
705 1114 265
782 1114 157
871 1114 138
953 1114 304
56 1115 276
108 1115 114
494 1115 282
694 1115 186
855 1115 248
944 1115 114
439 1116 197
706 1116 331
1042 1116 159
1059 1116 161
199 1117 115
246 1117 201
662 1117 152
721 1117 201
1052 1117 366
24 1118 881
116 1118 312
154 1118 116
503 1118 247
710 1118 231
289 1119 151
334 1119 235
338 1119 240
590 1119 154
616 1119 636
1068 1119 196
328 1120 226
506 1120 238
932 1120 164
982 1120 193
183 1121 114
245 1121 108
262 1121 180
526 1121 119
690 1121 259
797 1121 290
85 1122 344
97 1122 183
412 1122 212
469 1122 157
648 1122 264
671 1122 209
886 1122 214
37 1123 164
212 1123 134
361 1123 215
518 1123 118
651 1123 291
670 1123 210
840 1123 303
116 1124 159
874 1124 196
440 1125 232
539 1125 326
555 1125 106
704 1125 186
902 1125 222
112 1126 429
158 1126 173
463 1126 157
510 1126 142
606 1126 310
744 1126 277
841 1126 476
9 1127 477
118 1127 182
175 1127 192
883 1127 262
65 1128 194
275 1128 120
278 1128 162
345 1128 203
622 1128 181
637 1128 729
1002 1128 116
40 1129 280
161 1129 129
163 1129 185
272 1129 231
669 1129 300
1001 1129 153
1035 1129 976
53 1130 307
133 1130 167
229 1130 137
497 1130 235
1121 1130 118
134 1131 208
537 1131 239
967 1131 317
1083 1131 156
10 1132 258
234 1132 240
294 1132 266
359 1132 284
461 1132 203
586 1132 133
896 1132 236
1021 1132 146
577 1133 327
716 1133 213
828 1133 182
912 1133 203
922 1133 178
70 1134 150
198 1134 300
218 1134 150
464 1134 246
959 1134 285
966 1134 647
108 1135 210
384 1135 215
396 1135 208
494 1135 493
566 1135 272
603 1135 348
1023 1135 280
158 1136 298
473 1136 172
601 1136 141
614 1136 306
798 1136 210
841 1136 276
919 1136 233
448 1137 149
555 1137 202
588 1137 251
704 1137 260
1052 1137 330
1105 1137 329
218 1138 850
484 1138 203
508 1138 200
701 1138 302
951 1138 212
984 1138 181
1116 1138 380
116 1139 162
154 1139 205
392 1139 116
937 1139 297
87 1140 851
268 1140 188
293 1140 169
426 1140 139
594 1140 226
864 1140 208
135 1141 150
326 1141 210
352 1141 253
668 1141 279
1025 1141 220
1087 1141 259
1098 1141 149
97 1142 170
200 1142 294
412 1142 249
431 1142 233
541 1142 168
1124 1142 214
14 1143 148
119 1143 211
323 1143 329
448 1143 399
475 1143 233
779 1143 296
1105 1143 146
16 1144 179
250 1144 345
701 1144 953
879 1144 282
942 1144 201
1018 1144 154
1116 1144 148
277 1145 318
323 1145 220
479 1145 157
581 1145 324
664 1145 145
1052 1145 118
1105 1145 104
136 1146 289
191 1146 352
258 1146 456
506 1146 263
787 1146 127
932 1146 173
137 1147 188
180 1147 321
283 1147 202
296 1147 222
527 1147 194
851 1147 385
168 1148 176
274 1148 120
389 1148 223
468 1148 787
774 1148 275
843 1148 296
961 1148 186
69 1149 295
145 1149 177
254 1149 727
373 1149 302
813 1149 233
937 1149 182
1080 1149 143
49 1150 218
346 1150 233
829 1150 269
909 1150 263
22 1151 151
71 1151 277
148 1151 680
190 1151 149
337 1151 187
539 1151 245
902 1151 276
337 1152 546
363 1152 253
388 1152 143
604 1152 944
294 1153 233
339 1153 104
626 1153 295
860 1153 138
896 1153 118
901 1153 376
1144 1153 236
120 1154 173
199 1154 275
246 1154 177
283 1154 180
442 1154 213
851 1154 135
998 1154 521
158 1155 197
260 1155 211
263 1155 165
463 1155 154
499 1155 155
540 1155 303
733 1155 167
102 1156 272
155 1156 181
290 1156 359
807 1156 289
816 1156 232
955 1156 300
384 1157 118
494 1157 332
986 1157 217
122 1158 278
230 1158 140
618 1158 182
1003 1158 142
1054 1158 201
1084 1158 207
1118 1158 210
75 1159 166
261 1159 770
467 1159 241
645 1159 351
679 1159 155
963 1159 284
969 1159 148
194 1160 245
290 1160 186
590 1160 171
793 1160 335
339 1161 218
626 1161 139
802 1161 286
978 1161 262
1016 1161 220
1086 1161 189
79 1162 101
1063 1162 247
1081 1162 109
1156 1162 327
92 1163 177
422 1163 202
426 1163 190
430 1163 269
713 1163 193
1136 1163 141
153 1164 311
155 1164 161
342 1164 352
427 1164 217
474 1164 182
943 1164 164
1162 1164 344
108 1165 181
252 1165 250
321 1165 311
384 1165 161
401 1165 769
37 1166 258
92 1166 242
741 1166 226
840 1166 219
1032 1166 298
131 1167 363
374 1167 260
638 1167 181
783 1167 243
1072 1167 464
1073 1167 320
402 1168 103
405 1168 253
677 1168 271
1001 1168 184
1007 1168 205
1048 1168 720
215 1169 220
329 1169 262
481 1169 135
580 1169 175
761 1169 302
49 1170 207
735 1170 185
800 1170 176
827 1170 174
1121 1170 193
15 1171 168
145 1171 242
154 1171 230
182 1171 141
763 1171 317
937 1171 165
30 1172 387
271 1172 256
361 1172 221
513 1172 177
521 1172 317
764 1172 109
1092 1172 276
63 1173 219
176 1173 202
196 1173 177
681 1173 234
858 1173 289
9 1174 279
347 1174 343
584 1174 186
587 1174 211
609 1174 689
1104 1174 235
1159 1174 255
98 1175 259
349 1175 224
645 1175 109
754 1175 177
877 1175 263
982 1175 288
1174 1175 136
118 1176 259
264 1176 311
590 1176 384
657 1176 307
793 1176 199
1068 1176 166
489 1177 270
626 1177 281
629 1177 186
706 1177 199
923 1177 307
1006 1177 147
1012 1177 360
89 1178 133
471 1178 124
477 1178 119
845 1178 121
880 1178 357
1038 1178 198
105 1179 107
273 1179 297
451 1179 370
669 1179 195
1001 1179 216
1048 1179 219
72 1180 227
440 1180 130
479 1180 309
548 1180 279
664 1180 196
1071 1180 135
1169 1180 143
120 1181 319
174 1181 236
241 1181 266
545 1181 255
810 1181 271
1024 1181 300
1157 1181 198
159 1182 123
286 1182 265
302 1182 138
696 1182 211
1056 1182 346
1131 1182 275
131 1183 139
152 1183 254
639 1183 226
720 1183 310
923 1183 183
1006 1183 254
202 1184 806
364 1184 120
380 1184 645
628 1184 133
654 1184 208
801 1184 306
881 1184 179
1157 1184 220
125 1185 229
179 1185 266
257 1185 224
739 1185 347
777 1185 244
147 1186 184
181 1186 189
209 1186 941
288 1186 321
1067 1186 147
200 1187 164
230 1187 227
351 1187 251
385 1187 162
455 1187 256
812 1187 233
1124 1187 242
20 1188 335
230 1188 204
350 1188 355
641 1188 267
1003 1188 165
1046 1188 301
170 1189 112
249 1189 269
518 1189 836
519 1189 363
596 1189 276
976 1189 899
993 1189 186
281 1190 232
516 1190 124
571 1190 334
722 1190 218
766 1190 163
808 1190 171
912 1190 248
90 1191 151
227 1191 222
324 1191 310
402 1191 139
677 1191 160
777 1191 715
957 1191 201
185 1192 272
876 1192 163
1150 1192 361
149 1193 262
219 1193 995
245 1193 296
496 1193 194
541 1193 670
564 1193 202
1130 1193 213
389 1194 258
483 1194 194
583 1194 253
721 1194 254
762 1194 379
842 1194 109
843 1194 242
114 1195 210
139 1195 319
264 1195 162
334 1195 239
610 1195 172
1068 1195 342
1101 1195 280
72 1196 209
548 1196 275
565 1196 171
665 1196 108
805 1196 168
852 1196 104
135 1197 335
300 1197 180
316 1197 108
352 1197 286
577 1197 238
675 1197 161
893 1197 248
922 1197 362
158 1198 176
251 1198 830
263 1198 295
702 1198 325
928 1198 245
1140 1198 100
1163 1198 249
11 1199 222
592 1199 209
633 1199 279
671 1199 216
687 1199 209
886 1199 265
496 1200 340
867 1200 126
931 1200 283
1130 1200 196
1150 1200 157
1170 1200 269
86 1201 746
370 1201 157
447 1201 260
1103 1201 106
374 1202 217
445 1202 194
521 1202 270
611 1202 162
892 1202 138
1072 1202 689
1106 1202 108
167 1203 155
446 1203 302
454 1203 366
511 1203 113
695 1203 315
1061 1203 302
1090 1203 916
233 1204 290
592 1204 160
687 1204 246
980 1204 139
1033 1204 157
32 1205 275
151 1205 228
292 1205 120
755 1205 251
904 1205 267
1196 1205 350
217 1206 312
453 1206 248
786 1206 282
875 1206 140
1049 1206 164
149 1207 329
245 1207 259
469 1207 301
502 1207 110
797 1207 808
974 1207 160
1112 1207 153
258 1208 350
350 1208 833
645 1208 235
817 1208 273
932 1208 293
982 1208 149
253 1209 231
319 1209 187
804 1209 115
928 1209 104
1011 1209 119
1013 1209 194
1140 1209 287
8 1210 206
602 1210 553
853 1210 240
867 1210 171
1091 1210 205
1170 1210 321
53 1211 309
416 1211 170
443 1211 339
493 1211 182
591 1211 141
1192 1211 167
1206 1211 311
138 1212 260
252 1212 213
321 1212 145
515 1212 143
954 1212 295
228 1213 117
495 1213 343
693 1213 102
750 1213 191
769 1213 208
941 1213 652
999 1213 253
1103 1213 155
307 1214 528
336 1214 269
673 1214 189
718 1214 204
815 1214 671
1093 1214 226
1178 1214 231
215 1215 245
706 1215 262
905 1215 304
936 1215 144
1012 1215 280
1134 1215 172
1138 1215 167
247 1216 292
410 1216 291
419 1216 165
556 1216 218
625 1216 191
729 1216 159
181 1217 180
612 1217 200
728 1217 149
742 1217 316
874 1217 546
1057 1217 239
1067 1217 720
1100 1217 315
228 1218 357
238 1218 310
495 1218 402
499 1218 264
588 1218 342
649 1218 283
1039 1218 167
216 1219 164
408 1219 146
449 1219 173
523 1219 996
1099 1219 208
1122 1219 285
1207 1219 388
27 1220 312
109 1220 276
602 1220 160
697 1220 240
854 1220 238
1000 1220 249
19 1221 742
178 1221 244
215 1221 231
312 1221 956
576 1221 178
580 1221 239
1134 1221 110
155 1222 181
427 1222 181
459 1222 222
478 1222 116
523 1222 174
698 1222 250
807 1222 722
179 1223 239
298 1223 798
349 1223 268
751 1223 223
917 1223 243
1127 1223 149
1216 1223 154
141 1224 231
208 1224 721
395 1224 294
909 1224 961
935 1224 151
1192 1224 338
1201 1224 257
25 1225 169
86 1225 358
162 1225 313
595 1225 200
743 1225 282
826 1225 338
846 1225 294
101 1226 342
641 1226 121
776 1226 217
1003 1226 160
1150 1226 194
226 1227 256
395 1227 143
505 1227 211
830 1227 161
935 1227 161
947 1227 121
1014 1227 985
43 1228 279
107 1228 294
734 1228 330
911 1228 308
1011 1228 137
1013 1228 164
240 1229 208
359 1229 100
524 1229 171
741 1229 251
833 1229 159
913 1229 230
1021 1229 275
129 1230 113
221 1230 134
373 1230 194
667 1230 213
746 1230 145
813 1230 303
836 1230 156
878 1230 195
129 1231 190
172 1231 242
204 1231 332
416 1231 212
493 1231 983
667 1231 571
970 1231 327
1051 1231 896
313 1232 210
367 1232 191
769 1232 245
776 1232 249
1033 1232 831
1103 1232 113
1224 1232 266
90 1233 243
128 1233 105
177 1233 116
331 1233 151
402 1233 169
554 1233 715
622 1233 250
132 1234 212
207 1234 311
345 1234 170
382 1234 186
819 1234 163
938 1234 130
1002 1234 265
1088 1234 400
17 1235 543
46 1235 138
126 1235 248
142 1235 195
331 1235 904
402 1235 235
957 1235 250
77 1236 128
106 1236 137
327 1236 108
834 1236 206
1205 1236 144
18 1237 236
80 1237 194
490 1237 334
854 1237 385
862 1237 726
1000 1237 262
1127 1237 153
1216 1237 268
16 1238 214
52 1238 131
77 1238 115
327 1238 185
597 1238 229
723 1238 247
806 1238 285
915 1238 603
433 1239 201
453 1239 278
567 1239 364
568 1239 223
600 1239 184
189 1240 272
473 1240 137
491 1240 124
570 1240 238
655 1240 197
672 1240 219
788 1240 176
919 1240 192
334 1241 247
616 1241 268
705 1241 198
803 1241 141
921 1241 693
1028 1241 112
1168 1241 209
13 1242 265
83 1242 225
241 1242 248
243 1242 229
364 1242 108
558 1242 134
900 1242 166
1157 1242 188
126 1243 980
643 1243 140
762 1243 125
842 1243 232
996 1243 182
1065 1243 226
1082 1243 232
1186 1243 284
154 1244 250
392 1244 108
503 1244 218
646 1244 160
771 1244 170
945 1244 264
960 1244 226
968 1244 252
259 1245 341
397 1245 154
617 1245 156
768 1245 432
1123 1245 120
1189 1245 194
284 1246 248
344 1246 204
615 1246 317
950 1246 207
1173 1246 191
426 1247 348
533 1247 229
607 1247 252
713 1247 146
759 1247 297
889 1247 176
1037 1247 335
61 1248 182
199 1248 114
470 1248 115
483 1248 258
579 1248 226
721 1248 257
1045 1248 288
117 1249 258
384 1249 177
401 1249 168
403 1249 197
492 1249 137
933 1249 138
1023 1249 130
169 1250 246
424 1250 369
658 1250 175
712 1250 176
1120 1250 283
112 1251 195
336 1251 228
510 1251 274
561 1251 242
673 1251 112
924 1251 153
1141 1251 321
32 1252 275
409 1252 181
454 1252 268
1061 1252 240
1168 1252 185
1235 1252 221
51 1253 144
148 1253 200
337 1253 177
925 1253 239
1008 1253 237
1085 1253 434
180 1254 900
259 1254 955
527 1254 190
551 1254 243
929 1254 267
1172 1254 261
1202 1254 247
39 1255 109
217 1255 633
507 1255 175
795 1255 254
1049 1255 256
1133 1255 295
53 1256 706
141 1256 216
341 1256 197
884 1256 260
962 1256 896
1192 1256 274
1200 1256 169
1204 1256 198
237 1257 345
252 1257 212
897 1257 386
1199 1257 175
9 1258 236
118 1258 180
434 1258 171
584 1258 169
675 1258 270
893 1258 484
1068 1258 188
1101 1258 190
1 1259 131
10 1259 356
50 1259 204
286 1259 242
586 1259 147
1106 1259 878
1131 1259 287
26 1260 260
117 1260 116
147 1260 129
197 1260 157
529 1260 244
835 1260 197
228 1261 193
313 1261 138
769 1261 275
886 1261 367
974 1261 294
992 1261 852
1219 1261 287
20 1262 195
101 1262 185
262 1262 250
301 1262 305
690 1262 163
1003 1262 200
1118 1262 258
1171 1262 163
17 1263 170
134 1263 221
542 1263 176
565 1263 164
665 1263 376
715 1263 845
1182 1263 343
383 1264 344
432 1264 156
717 1264 265
807 1264 317
908 1264 291
955 1264 159
1220 1264 168
107 1265 233
435 1265 306
660 1265 141
677 1265 179
715 1265 230
957 1265 152
1252 1265 276
28 1266 132
60 1266 145
75 1266 239
261 1266 265
661 1266 282
719 1266 873
817 1266 443
322 1267 281
326 1267 121
646 1267 312
686 1267 266
960 1267 952
1098 1267 323
1110 1267 358
121 1268 195
229 1268 178
383 1268 194
432 1268 199
1200 1268 302
1204 1268 166
1226 1268 777
187 1269 267
247 1269 263
342 1269 190
830 1269 227
943 1269 197
1104 1269 263
1120 1269 158
1175 1269 304
31 1270 223
44 1270 378
118 1270 333
175 1270 885
352 1270 266
893 1270 200
1251 1270 136
407 1271 521
428 1271 185
689 1271 254
984 1271 319
1113 1271 151
1116 1271 102
1153 1271 138
330 1272 191
487 1272 318
619 1272 171
629 1272 364
995 1272 321
1196 1272 200
1236 1272 206
88 1273 250
94 1273 139
237 1273 716
401 1273 129
761 1273 221
1043 1273 434
192 1274 349
276 1274 177
486 1274 214
530 1274 324
740 1274 214
837 1274 145
1014 1274 103
1148 1274 179
474 1275 119
638 1275 148
783 1275 225
895 1275 191
981 1275 351
1162 1275 252
63 1276 287
390 1276 119
651 1276 253
685 1276 222
976 1276 150
1245 1276 145
1246 1276 217
65 1277 110
504 1277 109
622 1277 840
822 1277 227
1069 1277 163
1081 1277 173
1160 1277 198
204 1278 235
493 1278 863
520 1278 242
722 1278 120
1192 1278 324
1204 1278 224
1226 1278 107
1232 1278 165
104 1279 303
393 1279 851
716 1279 174
1094 1279 132
1255 1279 445
67 1280 318
490 1280 211
534 1280 237
683 1280 240
1127 1280 202
1167 1280 807
15 1281 329
44 1281 250
95 1281 284
182 1281 290
352 1281 207
1025 1281 142
1266 1281 164
48 1282 281
703 1282 982
731 1282 306
911 1282 458
996 1282 137
1186 1282 175
217 1283 184
284 1283 105
351 1283 209
453 1283 195
455 1283 180
795 1283 248
972 1283 593
585 1284 255
587 1284 391
609 1284 186
794 1284 849
845 1284 698
880 1284 231
1096 1284 322
1210 1284 280
100 1285 234
694 1285 223
748 1285 806
816 1285 346
1073 1285 854
96 1286 795
410 1286 343
625 1286 229
717 1286 184
908 1286 231
944 1286 185
1042 1286 344
168 1287 216
344 1287 175
389 1287 312
583 1287 274
770 1287 840
916 1287 190
950 1287 162
1047 1287 222
633 1288 303
687 1288 159
689 1288 269
879 1288 110
980 1288 192
1116 1288 160
1286 1288 142
302 1289 200
501 1289 827
647 1289 211
883 1289 222
1131 1289 231
100 1290 170
194 1290 481
234 1290 235
242 1290 174
248 1290 227
623 1290 289
896 1290 217
78 1291 734
102 1291 124
424 1291 190
638 1291 279
816 1291 105
1073 1291 262
1075 1291 108
186 1292 114
320 1292 248
618 1292 221
690 1292 187
1008 1292 228
1085 1292 237
1118 1292 199
56 1293 196
461 1293 165
623 1293 472
896 1293 322
944 1293 287
1042 1293 795
1271 1293 237
13 1294 108
243 1294 176
862 1294 294
873 1294 282
930 1294 339
1259 1294 333
1289 1294 194
231 1295 215
358 1295 164
637 1295 438
888 1295 194
991 1295 210
1089 1295 314
223 1296 139
368 1296 269
388 1296 256
547 1296 177
617 1296 377
1276 1296 296
463 1297 139
540 1297 175
738 1297 188
865 1297 217
979 1297 135
1079 1297 105
1091 1297 224
33 1298 318
500 1298 323
506 1298 128
853 1298 189
867 1298 195
931 1298 572
1250 1298 230
361 1299 360
518 1299 189
533 1299 273
759 1299 162
824 1299 626
993 1299 213
1092 1299 151
303 1300 206
482 1300 142
551 1300 186
565 1300 142
852 1300 936
929 1300 207
967 1300 134
1182 1300 234
81 1301 207
143 1301 346
236 1301 310
266 1301 272
386 1301 120
576 1301 175
956 1301 918
1125 1301 197
96 1302 185
242 1302 265
289 1302 119
590 1302 143
717 1302 162
955 1302 202
436 1303 137
537 1303 167
683 1303 176
854 1303 301
1127 1303 220
1176 1303 135
1302 1303 260
184 1304 199
206 1304 170
212 1304 180
480 1304 140
651 1304 260
1296 1304 149
81 1305 324
312 1305 220
576 1305 335
986 1305 118
1037 1305 285
1181 1305 294
326 1306 262
460 1306 267
848 1306 329
887 1306 225
960 1306 864
968 1306 245
1087 1306 154
1253 1306 738
26 1307 206
62 1307 175
529 1307 135
711 1307 985
1022 1307 227
1152 1307 252
183 1308 151
320 1308 289
600 1308 348
690 1308 302
940 1308 228
1171 1308 524
151 1309 234
386 1309 304
626 1309 262
629 1309 277
682 1309 166
860 1309 714
1236 1309 637
469 1310 205
559 1310 354
707 1310 212
886 1310 250
974 1310 236
1058 1310 102
1095 1310 577
1257 1310 109
308 1311 317
582 1311 121
601 1311 180
636 1311 299
1060 1311 196
1070 1311 257
1163 1311 168
37 1312 166
92 1312 195
422 1312 217
518 1312 157
785 1312 267
988 1312 301
433 1313 269
455 1313 277
780 1313 228
1114 1313 111
1119 1313 142
1124 1313 270
219 1314 375
618 1314 379
690 1314 183
1003 1314 140
1130 1314 112
1150 1314 180
1211 1314 201
74 1315 173
115 1315 335
711 1315 256
848 1315 809
857 1315 185
1117 1315 264
1253 1315 134
52 1316 121
77 1316 272
231 1316 299
834 1316 290
938 1316 271
991 1316 230
1149 1316 290
153 1317 167
155 1317 825
210 1317 129
627 1317 253
698 1317 253
962 1317 199
997 1317 320
1062 1317 186
29 1318 207
571 1318 253
591 1318 309
1036 1318 229
1151 1318 112
1152 1318 220
69 1319 218
229 1319 182
304 1319 122
373 1319 291
383 1319 127
630 1319 162
1179 1319 704
1188 1319 290
363 1320 206
440 1320 172
539 1320 335
1190 1320 333
1318 1320 324
89 1321 853
155 1321 234
955 1321 164
997 1321 138
1108 1321 322
354 1322 137
452 1322 316
493 1322 107
563 1322 314
599 1322 209
763 1322 206
970 1322 301
1206 1322 131
99 1323 161
320 1323 216
538 1323 197
567 1323 278
618 1323 307
786 1323 178
1084 1323 240
304 1324 284
630 1324 864
994 1324 234
1043 1324 302
1059 1324 339
1288 1324 182
673 1325 116
697 1325 229
924 1325 283
949 1325 188
1055 1325 347
1178 1325 239
1321 1325 179
69 1326 233
429 1326 316
511 1326 283
1080 1326 144
1208 1326 223
85 1327 184
97 1327 910
123 1327 816
425 1327 233
569 1327 141
727 1327 184
780 1327 191
1124 1327 213
161 1328 262
220 1328 134
360 1328 646
369 1328 875
723 1328 680
1035 1328 197
1212 1328 206
113 1329 340
188 1329 293
205 1329 205
403 1329 117
458 1329 268
1295 1329 169
277 1330 212
306 1330 123
428 1330 127
479 1330 320
959 1330 159
984 1330 139
1169 1330 230
1215 1330 152
258 1331 205
297 1331 240
350 1331 127
760 1331 176
812 1331 325
1048 1331 258
1241 1331 121
126 1332 149
327 1332 200
536 1332 167
996 1332 166
1011 1332 891
1205 1332 222
1252 1332 221
5 1333 271
33 1333 211
640 1333 982
719 1333 936
817 1333 318
982 1333 481
1139 1333 209
1250 1333 246
308 1334 142
363 1334 196
372 1334 316
810 1334 150
1070 1334 178
1247 1334 235
1305 1334 326
1307 1334 292
46 1335 275
126 1335 207
470 1335 783
536 1335 218
643 1335 355
749 1335 298
293 1336 305
514 1336 308
724 1336 196
809 1336 220
907 1336 300
913 1336 304
1198 1336 147
1311 1336 239
64 1337 215
91 1337 835
358 1337 154
598 1337 112
707 1337 861
1058 1337 406
1329 1337 161
71 1338 293
260 1338 250
344 1338 240
463 1338 162
744 1338 386
927 1338 192
1079 1338 346
209 1339 600
295 1339 783
371 1339 261
659 1339 389
1228 1339 197
1265 1339 214
1282 1339 172
1332 1339 222
59 1340 188
93 1340 172
151 1340 141
418 1340 307
904 1340 163
1248 1340 228
1335 1340 254
63 1341 197
124 1341 281
596 1341 281
730 1341 295
773 1341 181
840 1341 219
1143 1341 145
1245 1341 348
388 1342 363
391 1342 228
417 1342 297
732 1342 120
1221 1342 234
1304 1342 295
31 1343 322
192 1343 308
317 1343 165
434 1343 301
486 1343 161
577 1343 254
893 1343 230
309 1344 176
377 1344 179
531 1344 156
549 1344 270
574 1344 217
863 1344 192
894 1344 143
1076 1344 226
273 1345 268
407 1345 176
435 1345 237
451 1345 223
660 1345 181
689 1345 281
1273 1345 336
1324 1345 161
124 1346 575
531 1346 116
549 1346 313
670 1346 221
784 1346 277
840 1346 189
1032 1346 787
77 1347 205
160 1347 228
628 1347 118
654 1347 241
723 1347 221
991 1347 245
1089 1347 270
1212 1347 210
144 1348 203
507 1348 289
608 1348 276
709 1348 358
770 1348 187
1047 1348 184
1133 1348 126
316 1349 188
338 1349 328
794 1349 157
880 1349 169
893 1349 873
1068 1349 229
1214 1349 236
59 1350 286
151 1350 298
292 1350 325
355 1350 543
386 1350 386
517 1350 131
1125 1350 195
1180 1350 346
255 1351 234
540 1351 187
656 1351 254
672 1351 215
733 1351 325
865 1351 811
919 1351 212
1227 1351 161
361 1352 353
533 1352 195
730 1352 156
764 1352 290
840 1352 237
364 1353 208
467 1353 132
635 1353 126
881 1353 248
900 1353 307
948 1353 195
1063 1353 215
1275 1353 115
41 1354 198
146 1354 255
171 1354 225
291 1354 181
495 1354 882
778 1354 287
999 1354 207
156 1355 172
240 1355 276
472 1355 214
745 1355 274
907 1355 144
913 1355 251
1137 1355 118
18 1356 144
21 1356 215
413 1356 273
436 1356 287
500 1356 841
602 1356 193
853 1356 239
854 1356 203
365 1357 186
490 1357 163
502 1357 111
926 1357 173
971 1357 204
1005 1357 232
1167 1357 180
1183 1357 121
143 1358 841
240 1358 760
472 1358 134
517 1358 124
553 1358 243
964 1358 178
1034 1358 207
1125 1358 206
49 1359 174
270 1359 267
624 1359 250
710 1359 236
809 1359 210
829 1359 162
1292 1359 164
30 1360 765
100 1360 201
194 1360 261
578 1360 552
695 1360 257
52 1361 348
231 1361 200
278 1361 193
597 1361 278
637 1361 893
1203 1361 199
1326 1361 334
1360 1361 134
131 1362 392
188 1362 263
248 1362 251
883 1362 316
923 1362 374
1185 1362 232
1280 1362 276
173 1363 253
269 1363 167
441 1363 230
468 1363 228
842 1363 184
843 1363 186
1065 1363 268
1109 1363 823
28 1364 259
36 1364 341
423 1364 241
817 1364 252
932 1364 742
1250 1364 111
1291 1364 113
54 1365 159
164 1365 273
311 1365 111
792 1365 290
866 1365 140
1128 1365 857
1233 1365 180
133 1366 270
763 1366 194
1066 1366 240
1206 1366 133
1239 1366 326
1308 1366 659
1314 1366 122
1323 1366 138
55 1367 169
100 1367 168
131 1367 269
248 1367 152
639 1367 122
1073 1367 179
1147 1367 205
74 1368 239
115 1368 211
178 1368 167
184 1368 263
406 1368 121
573 1368 146
891 1368 247
1342 1368 227
128 1369 188
560 1369 102
804 1369 139
1013 1369 195
1299 1369 168
1312 1369 267
90 1370 253
125 1370 263
306 1370 202
554 1370 169
918 1370 300
1346 1370 338
1352 1370 116
6 1371 249
98 1371 331
230 1371 250
350 1371 195
812 1371 281
982 1371 143
1084 1371 291
1139 1371 258
161 1372 237
365 1372 225
469 1372 143
502 1372 164
671 1372 111
699 1372 303
1212 1372 993
1257 1372 156
107 1373 647
179 1373 262
405 1373 226
485 1373 133
677 1373 374
930 1373 250
1289 1373 265
36 1374 187
231 1374 117
527 1374 297
888 1374 194
1360 1374 260
1367 1374 183
227 1375 238
380 1375 210
382 1375 202
628 1375 283
819 1375 921
1035 1375 145
1135 1375 204
299 1376 170
375 1376 103
498 1376 201
627 1376 232
691 1376 131
863 1376 230
997 1376 323
1354 1376 147
140 1377 217
187 1377 181
247 1377 275
394 1377 208
729 1377 175
791 1377 292
977 1377 177
1146 1377 262
66 1378 824
78 1378 208
528 1378 123
611 1378 172
892 1378 158
1146 1378 248
1298 1378 128
1364 1378 110
108 1379 191
252 1379 216
280 1379 214
855 1379 222
897 1379 750
1129 1379 276
1375 1379 299
30 1380 348
127 1380 256
394 1380 781
446 1380 200
642 1380 230
695 1380 105
1092 1380 325
1369 1380 129
335 1381 144
362 1381 204
492 1381 197
684 1381 334
796 1381 897
898 1381 129
504 1382 810
558 1382 255
666 1382 148
900 1382 201
1063 1382 224
1081 1382 254
1115 1382 152
1285 1382 650
32 1383 844
94 1383 324
151 1383 205
409 1383 145
418 1383 225
871 1383 960
978 1383 253
48 1384 914
277 1384 128
404 1384 191
664 1384 192
870 1384 206
1169 1384 293
1260 1384 265
221 1385 242
254 1385 179
445 1385 247
610 1385 210
619 1385 323
765 1385 281
813 1385 874
463 1386 193
693 1386 290
733 1386 150
865 1386 357
1173 1386 283
26 1387 255
197 1387 100
332 1387 277
711 1387 309
1029 1387 236
1117 1387 125
1145 1387 235
246 1388 294
265 1388 191
283 1388 127
296 1388 859
323 1388 282
448 1388 330
850 1388 141
1052 1388 116
65 1389 208
213 1389 110
433 1389 105
637 1389 273
1160 1389 123
1326 1389 230
56 1390 202
100 1390 202
359 1390 143
639 1390 319
694 1390 273
725 1390 234
896 1390 173
901 1390 208
19 1391 156
574 1391 939
580 1391 177
766 1391 198
829 1391 168
1320 1391 250
181 1392 226
288 1392 213
392 1392 275
728 1392 314
740 1392 197
771 1392 295
775 1392 676
821 1392 176
404 1393 257
542 1393 119
548 1393 133
581 1393 193
664 1393 698
665 1393 921
1045 1393 318
1340 1393 981
19 1394 222
115 1394 189
480 1394 217
1022 1394 196
1077 1394 225
1152 1394 349
1342 1394 189
23 1395 312
663 1395 494
681 1395 136
943 1395 101
983 1395 126
1108 1395 197
1386 1395 176
502 1396 177
881 1396 163
974 1396 147
1005 1396 176
1257 1396 189
1275 1396 197
10 1397 589
152 1397 233
903 1397 331
905 1397 110
923 1397 279
1012 1397 647
1294 1397 210
182 1398 666
290 1398 722
354 1398 128
525 1398 117
763 1398 261
1208 1398 180
1239 1398 386
1389 1398 153
20 1399 277
85 1399 118
105 1399 207
412 1399 280
760 1399 142
1114 1399 280
1124 1399 967
641 1400 133
697 1400 125
769 1400 205
776 1400 173
999 1400 332
1222 1400 158
1264 1400 335
1321 1400 222
118 1401 118
352 1401 244
657 1401 804
675 1401 141
1094 1401 204
1337 1401 178
27 1402 139
101 1402 203
262 1402 122
387 1402 246
413 1402 205
602 1402 343
1170 1402 161
1268 1402 134
222 1403 300
310 1403 242
614 1403 150
621 1403 281
718 1403 267
946 1403 209
1111 1403 184
1166 1403 138
163 1404 206
275 1404 229
369 1404 951
456 1404 246
819 1404 167
875 1404 152
1002 1404 176
1035 1404 105
89 1405 155
208 1405 228
377 1405 131
728 1405 105
775 1405 215
845 1405 133
909 1405 213
1096 1405 227
60 1406 301
75 1406 194
85 1406 491
123 1406 194
679 1406 235
760 1406 316
1195 1406 300
1385 1406 189
23 1407 250
187 1407 230
290 1407 102
354 1407 202
943 1407 149
981 1407 279
1162 1407 218
1277 1407 228
159 1408 181
438 1408 203
492 1408 127
684 1408 173
752 1408 483
758 1408 232
933 1408 543
1263 1408 224
3 1409 192
381 1409 349
519 1409 363
755 1409 140
864 1409 115
993 1409 189
1209 1409 782
67 1410 255
201 1410 229
777 1410 392
822 1410 120
917 1410 177
958 1410 299
1069 1410 135
6 1411 330
103 1411 245
305 1411 235
351 1411 132
812 1411 322
972 1411 186
1078 1411 236
1343 1411 179
3 1412 309
167 1412 297
335 1412 185
362 1412 153
755 1412 136
995 1412 207
1090 1412 234
1236 1412 221
552 1413 233
710 1413 240
722 1413 307
766 1413 200
829 1413 141
1064 1413 297
1158 1413 538
1226 1413 167
168 1414 210
344 1414 175
463 1414 821
510 1414 245
561 1414 214
572 1414 149
1173 1414 541
78 1415 145
374 1415 253
726 1415 315
748 1415 255
892 1415 288
1040 1415 298
1073 1415 154
1147 1415 140
223 1416 293
538 1416 238
570 1416 115
575 1416 161
732 1416 212
788 1416 330
811 1416 280
1304 1416 314
480 1417 279
529 1417 209
887 1417 445
1036 1417 244
1102 1417 303
1152 1417 319
1246 1417 184
1296 1417 167
316 1418 237
338 1418 282
874 1418 191
1057 1418 256
1066 1418 103
1239 1418 231
1283 1418 355
1313 1418 256
473 1419 337
614 1419 106
621 1419 139
714 1419 896
788 1419 110
811 1419 229
1267 1419 111
1312 1419 820
15 1420 224
352 1420 239
922 1420 101
1009 1420 147
1087 1420 149
1255 1420 170
1308 1420 125
330 1421 101
384 1421 268
396 1421 201
487 1421 338
796 1421 170
986 1421 296
2 1422 685
304 1422 261
373 1422 176
682 1422 239
878 1422 371
1086 1422 264
1316 1422 138
169 1423 250
585 1423 174
658 1423 251
735 1423 232
814 1423 275
1126 1423 132
1210 1423 340
1297 1423 123
189 1424 219
274 1424 107
468 1424 146
570 1424 174
575 1424 336
734 1424 257
911 1424 191
36 1425 194
504 1425 234
787 1425 266
932 1425 224
1160 1425 737
1285 1425 258
1326 1425 266
1360 1425 298
63 1426 174
315 1426 273
390 1426 221
400 1426 332
773 1426 175
939 1426 237
1155 1426 195
1414 1426 169
133 1427 213
680 1427 106
953 1427 285
1066 1427 213
1142 1427 275
1193 1427 920
1313 1427 678
171 1428 298
200 1428 216
217 1428 188
351 1428 104
608 1428 207
778 1428 218
1133 1428 247
128 1429 450
353 1429 241
554 1429 226
560 1429 200
650 1429 304
666 1429 195
1166 1429 254
1352 1429 298
119 1430 188
174 1430 289
277 1430 275
306 1430 314
323 1430 134
353 1430 318
810 1430 167
1352 1430 254
174 1431 281
881 1431 153
900 1431 296
971 1431 175
1005 1431 289
1115 1431 246
1157 1431 226
1165 1431 204
235 1432 162
368 1432 262
397 1432 171
543 1432 183
617 1432 134
1249 1432 130
1381 1432 109
1421 1432 888
155 1433 227
210 1433 142
290 1433 252
525 1433 222
712 1433 278
943 1433 212
1108 1433 330
1120 1433 226
192 1434 167
276 1434 199
300 1434 315
584 1434 157
587 1434 331
794 1434 200
893 1434 197
906 1434 118
423 1435 217
568 1435 160
600 1435 163
673 1435 203
1176 1435 214
1270 1435 283
1349 1435 194
196 1436 785
210 1436 240
322 1436 342
686 1436 991
691 1436 180
997 1436 113
1108 1436 120
1386 1436 162
89 1437 255
196 1437 164
377 1437 340
471 1437 132
552 1437 111
858 1437 364
863 1437 273
997 1437 285
240 1438 246
285 1438 164
553 1438 223
737 1438 173
745 1438 273
833 1438 940
934 1438 213
1225 1438 825
79 1439 210
103 1439 323
298 1439 160
367 1439 192
751 1439 211
872 1439 140
972 1439 294
1033 1439 308
368 1440 136
388 1440 209
417 1440 253
545 1440 204
1305 1440 224
1307 1440 206
1421 1440 267
132 1441 300
382 1441 185
391 1441 138
399 1441 233
772 1441 218
805 1441 140
806 1441 343
1272 1441 208
46 1442 221
331 1442 329
343 1442 151
398 1442 263
470 1442 325
543 1442 321
579 1442 281
1365 1442 188
115 1443 190
184 1443 150
480 1443 311
708 1443 202
753 1443 753
848 1443 183
960 1443 226
1110 1443 222
167 1444 205
295 1444 161
446 1444 268
824 1444 203
866 1444 245
988 1444 208
1228 1444 124
1369 1444 332
4 1445 230
784 1445 234
905 1445 137
1185 1445 307
1191 1445 218
1370 1445 333
1373 1445 232
174 1446 171
277 1446 297
404 1446 325
428 1446 104
545 1446 110
581 1446 211
1113 1446 241
1165 1446 248
163 1447 124
200 1447 178
217 1447 214
455 1447 797
564 1447 221
875 1447 303
1279 1447 438
1427 1447 215
144 1448 133
166 1448 215
186 1448 212
238 1448 288
709 1448 283
1008 1448 109
1315 1448 280
22 1449 156
71 1449 146
411 1449 336
437 1449 244
507 1449 129
786 1449 352
927 1449 421
1049 1449 940
74 1450 243
81 1450 128
266 1450 838
711 1450 114
796 1450 249
898 1450 235
1029 1450 131
1440 1450 907
125 1451 146
174 1451 202
257 1451 327
306 1451 151
428 1451 289
1005 1451 253
1183 1451 272
1293 1451 144
79 1452 163
367 1452 189
693 1452 269
769 1452 213
992 1452 100
1164 1452 325
1321 1452 218
1395 1452 172
52 1453 919
132 1453 209
278 1453 215
660 1453 301
806 1453 248
890 1453 190
1002 1453 234
1324 1453 254
286 1454 258
381 1454 243
586 1454 373
696 1454 208
790 1454 245
920 1454 269
1021 1454 233
60 1455 208
123 1455 790
411 1455 240
425 1455 800
437 1455 164
719 1455 153
1020 1455 624
1139 1455 166
183 1456 276
526 1456 345
559 1456 128
825 1456 261
1058 1456 221
1279 1456 145
1401 1456 300
1420 1456 228
61 1457 853
287 1457 279
343 1457 156
378 1457 428
579 1457 196
597 1457 155
915 1457 177
1381 1457 100
96 1458 305
625 1458 231
783 1458 190
895 1458 253
1185 1458 197
1223 1458 198
1280 1458 254
1410 1458 372
130 1459 206
591 1459 135
722 1459 234
829 1459 240
1107 1459 220
1192 1459 101
1201 1459 312
1320 1459 173
122 1460 170
538 1460 201
618 1460 276
732 1460 117
1085 1460 348
1318 1460 229
1391 1460 125
1394 1460 282
14 1461 100
120 1461 764
246 1461 229
323 1461 217
372 1461 190
810 1461 286
882 1461 208
1387 1461 101
176 1462 281
208 1462 634
239 1462 318
309 1462 135
377 1462 278
462 1462 768
858 1462 311
1201 1462 194
7 1463 253
143 1463 255
178 1463 149
329 1463 230
580 1463 227
891 1463 856
964 1463 198
324 1464 184
562 1464 234
918 1464 140
1289 1464 330
1362 1464 199
1397 1464 123
1445 1464 291
113 1465 194
131 1465 248
188 1465 910
513 1465 161
757 1465 643
1072 1465 333
1254 1465 123
1374 1465 132
459 1466 143
705 1466 188
1044 1466 159
1179 1466 176
1187 1466 277
1188 1466 325
1331 1466 374
1399 1466 782
419 1467 248
439 1467 339
489 1467 638
706 1467 277
729 1467 319
936 1467 112
977 1467 208
1019 1467 248
449 1468 325
556 1468 248
625 1468 282
895 1468 299
908 1468 144
1199 1468 155
1261 1468 315
1396 1468 336
105 1469 103
451 1469 178
632 1469 185
834 1469 129
1161 1469 317
1309 1469 167
1383 1469 296
1422 1469 119
164 1470 196
311 1470 200
414 1470 225
418 1470 125
782 1470 267
871 1470 359
954 1470 114
1328 1470 199
68 1471 532
420 1471 124
674 1471 179
925 1471 172
1085 1471 675
1359 1471 661
1391 1471 218
1463 1471 266
427 1472 202
807 1472 218
855 1472 276
897 1472 157
908 1472 879
944 1472 275
1162 1472 120
1396 1472 107
58 1473 246
84 1473 201
378 1473 107
650 1473 161
702 1473 114
1111 1473 238
1166 1473 114
1229 1473 123
3 1474 146
55 1474 218
335 1474 284
438 1474 160
578 1474 212
684 1474 133
757 1474 245
1374 1474 170
18 1475 256
25 1475 128
387 1475 213
602 1475 346
644 1475 231
859 1475 288
1000 1475 349
1091 1475 177
322 1476 229
653 1476 287
663 1476 113
976 1476 140
1036 1476 280
1246 1476 248
1338 1476 181
1386 1476 272
265 1477 574
643 1477 304
662 1477 130
838 1477 681
849 1477 126
1052 1477 203
1355 1477 839
136 1478 272
220 1478 135
272 1478 171
380 1478 324
456 1478 159
652 1478 130
688 1478 214
1035 1478 221
141 1479 159
210 1479 452
658 1479 992
830 1479 117
935 1479 195
962 1479 638
1097 1479 161
1120 1479 152
145 1480 179
182 1480 292
657 1480 134
793 1480 226
1080 1480 191
1295 1480 327
1389 1480 154
365 1481 212
428 1481 120
633 1481 176
689 1481 161
1005 1481 146
1165 1481 283
1257 1481 229
1273 1481 206
102 1482 189
175 1482 839
880 1482 161
955 1482 273
1220 1482 208
1303 1482 122
1325 1482 247
1435 1482 256
67 1483 923
661 1483 318
825 1483 238
958 1483 122
1281 1483 582
1329 1483 184
1401 1483 191
1480 1483 291
38 1484 148
147 1484 127
165 1484 561
481 1484 145
659 1484 957
1282 1484 213
1384 1484 223
1424 1484 200
48 1485 113
643 1485 323
749 1485 177
838 1485 120
885 1485 178
987 1485 907
1186 1485 761
1260 1485 689
12 1486 128
35 1486 100
550 1486 160
620 1486 319
726 1486 547
1040 1486 207
1154 1486 128
42 1487 219
318 1487 102
612 1487 165
832 1487 164
874 1487 174
1066 1487 250
1142 1487 229
1428 1487 228
332 1488 747
514 1488 128
789 1488 668
907 1488 493
1117 1488 162
1137 1488 886
1218 1488 282
1448 1488 142
10 1489 167
55 1489 258
159 1489 308
234 1489 254
248 1489 189
438 1489 619
1131 1489 879
1464 1489 210
285 1490 181
309 1490 140
516 1490 160
574 1490 166
607 1490 169
952 1490 209
1201 1490 291
1320 1490 266
163 1491 231
356 1491 200
598 1491 253
819 1491 165
1058 1491 208
1095 1491 251
1279 1491 120
1379 1491 136
83 1492 135
120 1492 167
157 1492 234
160 1492 239
654 1492 337
971 1492 162
1157 1492 156
1486 1492 202
476 1493 312
683 1493 229
1081 1493 311
1156 1493 136
1160 1493 273
1285 1493 249
1290 1493 150
1302 1493 141
197 1494 104
281 1494 227
332 1494 159
530 1494 279
789 1494 125
835 1494 102
912 1494 964
1348 1494 164
150 1495 131
253 1495 249
303 1495 102
527 1495 700
851 1495 270
929 1495 257
1409 1495 243
1454 1495 243
135 1496 183
276 1496 259
300 1496 196
379 1496 154
530 1496 184
742 1496 171
789 1496 134
1194 1496 104
80 1497 150
365 1497 119
490 1497 218
632 1497 321
633 1497 199
671 1497 262
1161 1497 238
1177 1497 570
48 1498 189
277 1498 177
353 1498 325
421 1498 160
838 1498 122
849 1498 171
984 1498 283
1113 1498 278
33 1499 177
123 1499 281
760 1499 126
812 1499 347
1078 1499 178
1119 1499 353
1124 1499 147
1139 1499 310
93 1500 539
566 1500 527
573 1500 566
603 1500 245
725 1500 196
901 1500 216
1335 1500 261
1477 1500 111
