1
0
1
1
1000000
0
0
0
0
1
6 79 607
58 83 291
18 94 144
27 98 316
7 104 302
10 111 259
15 122 896
22 124 228
102 134 133
2 139 145
68 149 162
131 152 105
122 161 171
125 164 248
142 167 293
55 172 379
18 176 337
22 177 382
43 180 160
123 182 165
107 204 285
47 214 198
59 217 133
74 224 190
80 230 240
158 233 229
82 239 285
98 239 147
230 244 206
181 246 799
202 258 132
76 259 322
72 260 320
141 262 298
173 265 334
208 265 282
72 266 844
235 266 122
259 267 514
241 272 134
245 282 268
10 283 248
86 283 367
246 295 137
265 295 327
245 296 344
183 301 295
248 316 239
220 318 204
211 320 111
78 321 165
228 321 196
246 323 281
240 327 333
218 329 587
42 330 262
48 330 824
4 333 178
147 335 220
29 336 243
97 340 319
218 341 214
179 344 281
267 347 614
295 351 112
139 352 178
322 352 194
271 353 248
23 355 229
353 361 171
67 363 245
93 369 186
270 371 151
69 372 139
205 378 167
344 380 231
353 380 214
136 386 285
161 387 120
218 392 200
154 393 315
277 400 183
54 402 152
346 408 312
43 412 943
391 412 173
170 417 155
306 418 974
323 421 276
267 422 333
52 424 718
197 424 152
265 427 143
42 429 209
130 430 322
319 438 306
342 438 266
125 439 268
91 442 788
116 444 685
403 444 380
329 447 157
197 448 253
328 448 300
93 450 170
156 451 653
122 452 300
203 456 629
257 456 303
126 466 184
390 466 340
210 467 162
188 468 243
437 468 140
458 469 216
129 471 325
164 480 816
467 480 192
300 483 256
166 484 137
133 488 300
376 493 270
119 494 840
471 494 134
177 499 181
126 505 249
239 506 171
138 508 194
14 510 189
176 511 976
87 514 246
457 514 250
205 517 170
256 517 114
312 517 569
407 518 289
26 519 196
170 519 207
438 519 174
474 522 506
382 527 228
365 532 496
481 532 253
482 532 327
426 533 203
137 534 177
208 535 284
95 538 883
194 538 156
244 541 198
159 544 162
333 544 233
24 545 352
304 547 247
409 549 179
38 553 170
218 553 216
306 554 358
317 558 202
193 559 216
508 566 282
36 567 237
348 567 304
539 568 205
369 569 212
204 571 352
195 573 234
61 579 226
172 580 757
460 580 247
178 581 215
350 589 192
523 589 211
23 592 200
169 592 221
188 593 326
414 595 257
227 596 312
252 599 206
523 599 180
511 600 209
32 601 158
47 604 313
132 604 108
598 604 273
92 606 868
350 607 263
166 609 282
234 611 249
507 612 255
337 616 141
131 619 805
4 620 353
563 625 236
431 626 277
65 627 269
290 628 786
68 631 239
540 633 299
506 634 210
425 636 210
522 636 299
376 637 147
160 638 204
555 639 275
253 641 106
468 642 174
140 644 233
465 644 302
486 649 991
571 649 167
172 653 285
216 653 915
404 654 361
453 656 470
459 659 172
641 660 652
149 662 788
227 662 240
60 666 194
151 667 659
181 668 149
640 669 314
34 671 218
130 672 140
541 674 190
163 675 106
36 676 116
62 677 192
525 677 276
665 680 462
411 681 338
293 682 303
226 683 174
599 683 644
650 684 237
661 686 165
395 688 205
655 689 345
246 691 196
285 691 279
686 691 341
516 692 330
65 693 184
59 695 168
186 695 248
641 696 172
244 697 195
498 697 138
11 699 205
333 704 320
661 705 217
238 706 202
384 706 745
461 708 211
254 710 273
419 711 303
284 713 906
690 714 106
171 715 111
204 715 618
701 715 773
137 718 212
330 718 363
465 718 149
280 719 466
222 721 360
566 722 217
667 722 222
361 726 181
380 728 182
175 729 223
645 729 316
247 732 318
101 734 126
105 738 248
13 741 294
109 741 132
423 741 169
348 747 258
393 747 875
394 752 804
360 756 240
646 756 211
645 760 103
717 760 126
700 765 126
35 767 245
231 773 945
576 773 298
341 774 241
24 775 186
71 775 269
330 778 918
350 778 174
379 778 959
395 778 172
209 779 160
344 780 187
149 782 246
736 782 196
62 783 851
12 784 115
21 788 820
723 788 285
307 790 193
113 793 261
394 793 288
20 794 124
579 796 234
111 798 162
437 799 121
423 800 107
712 800 220
684 801 240
726 802 158
603 803 172
497 804 160
646 805 171
275 807 287
370 811 199
180 812 585
545 815 200
338 816 166
67 817 277
695 817 118
284 819 107
186 821 166
331 823 139
450 823 309
29 825 276
128 825 259
735 826 226
350 830 251
74 832 223
810 833 947
563 834 192
235 836 304
383 837 159
171 839 204
693 840 159
526 842 157
274 844 244
475 844 185
160 845 323
99 847 196
421 848 307
645 848 365
461 849 963
96 851 987
737 851 333
783 852 371
715 853 196
476 854 960
126 856 286
653 856 229
488 860 313
382 863 229
767 864 248
343 865 832
462 866 199
649 866 168
553 870 148
110 874 190
399 874 257
646 875 282
253 876 122
684 880 199
708 880 100
238 881 270
529 881 201
243 883 204
314 883 129
757 883 442
842 886 128
797 887 171
713 889 335
700 890 667
245 892 126
215 893 286
779 893 215
123 894 160
473 894 180
778 894 200
589 896 296
814 896 248
562 897 260
73 900 151
558 904 159
420 906 230
773 907 174
170 908 156
871 913 192
603 916 351
463 920 194
224 921 117
214 924 195
288 928 435
568 930 153
623 930 150
113 932 238
118 932 537
169 933 382
463 933 291
1 934 224
180 935 339
2 937 406
582 937 510
66 938 877
694 938 689
2 939 217
521 939 290
443 943 182
632 943 252
848 944 302
747 946 199
128 947 222
290 947 114
485 948 236
269 949 158
213 950 163
609 950 107
23 951 454
356 953 229
913 953 217
100 956 106
582 957 154
820 959 185
576 960 195
931 961 299
634 962 101
288 963 140
590 964 175
951 965 367
940 966 194
411 968 198
962 968 240
802 971 241
124 972 180
694 973 296
163 974 105
707 976 232
754 977 217
384 978 287
413 980 515
20 982 304
508 984 246
148 985 268
417 987 150
836 987 182
349 988 194
720 988 127
894 990 229
983 990 702
848 991 190
155 992 130
991 996 210
467 997 108
106 998 301
279 998 343
565 998 758
359 999 193
981 999 130
365 1000 375
399 1000 260
548 1002 280
305 1003 273
663 1003 349
758 1003 157
133 1004 191
531 1004 248
288 1005 116
780 1005 212
785 1005 129
307 1006 189
526 1006 109
530 1012 244
825 1012 143
864 1012 309
171 1013 155
344 1013 138
84 1014 301
337 1016 125
639 1018 377
892 1018 150
220 1022 254
933 1022 163
355 1025 147
815 1026 346
882 1027 202
77 1028 250
247 1028 258
606 1030 194
488 1032 234
374 1034 144
200 1035 148
963 1035 223
42 1036 270
96 1037 326
12 1038 211
471 1038 265
920 1041 240
569 1042 292
221 1043 902
433 1043 192
155 1044 186
288 1045 159
386 1045 256
438 1045 292
816 1046 129
760 1047 167
994 1047 252
69 1051 187
561 1051 246
485 1053 310
459 1054 257
417 1058 310
667 1058 310
851 1058 129
407 1059 244
882 1060 137
808 1061 191
661 1062 148
1047 1063 105
479 1064 216
678 1064 225
576 1065 197
44 1066 164
50 1066 333
404 1066 271
537 1069 236
240 1070 312
605 1071 260
73 1072 211
515 1072 306
745 1072 292
804 1072 708
408 1076 199
376 1077 291
664 1079 163
508 1080 255
87 1081 253
568 1081 361
925 1081 335
614 1082 247
414 1083 259
1078 1084 191
739 1089 249
1038 1089 231
1087 1089 988
104 1090 283
737 1090 307
952 1090 955
126 1091 278
925 1092 127
1052 1092 186
746 1097 172
811 1097 126
1022 1098 222
250 1099 130
1001 1099 668
322 1100 812
469 1102 261
1009 1102 181
238 1103 303
639 1104 175
57 1106 424
651 1106 172
926 1106 366
8 1108 190
665 1109 136
195 1110 911
769 1110 268
536 1111 369
1003 1112 185
781 1113 947
563 1114 197
231 1117 227
773 1117 116
520 1118 649
605 1119 718
980 1122 265
238 1124 301
40 1125 265
723 1126 294
603 1127 254
581 1128 156
1040 1129 318
135 1130 113
511 1131 107
523 1131 449
142 1132 157
127 1133 895
98 1134 200
952 1135 273
1060 1136 268
910 1137 747
565 1138 237
713 1138 102
7 1139 284
292 1139 305
438 1139 181
1011 1141 209
974 1142 254
123 1144 189
173 1146 128
553 1148 180
942 1149 307
1136 1149 267
79 1150 134
160 1150 198
50 1152 275
742 1152 176
149 1153 239
313 1153 186
634 1155 162
1137 1155 343
492 1156 188
25 1157 124
556 1157 249
390 1158 253
710 1158 228
1115 1158 221
1126 1158 141
988 1159 180
1007 1159 160
732 1160 100
828 1160 243
993 1160 270
221 1162 238
474 1163 301
1090 1163 133
72 1164 129
191 1164 284
538 1166 127
597 1166 108
4 1167 178
129 1167 198
419 1167 100
223 1168 137
234 1170 246
576 1170 737
574 1172 213
1111 1172 179
315 1173 192
743 1173 210
1136 1174 185
285 1175 167
1032 1176 222
268 1178 257
497 1178 325
872 1178 130
1145 1178 171
744 1179 316
284 1180 168
1019 1182 224
833 1183 214
1163 1183 233
1024 1186 155
1032 1186 157
1006 1187 704
31 1188 324
281 1188 181
874 1190 227
371 1191 235
410 1192 146
347 1194 201
434 1194 250
976 1194 156
9 1195 135
887 1196 203
79 1197 346
722 1199 167
555 1200 355
614 1201 158
178 1202 170
112 1204 126
684 1205 262
242 1208 193
266 1211 239
544 1211 154
623 1212 206
772 1212 155
398 1214 248
473 1215 237
952 1215 174
891 1216 215
669 1218 335
1185 1218 308
45 1219 312
784 1219 201
841 1219 280
114 1222 159
76 1223 388
251 1223 105
790 1224 305
1128 1226 262
1005 1227 215
363 1229 233
942 1229 130
350 1230 163
486 1230 247
792 1231 144
263 1232 330
387 1233 118
777 1234 231
1065 1234 200
1039 1236 798
298 1237 187
382 1237 261
792 1237 234
364 1238 317
345 1240 227
143 1242 193
166 1242 324
637 1242 179
360 1244 742
540 1244 134
774 1246 244
1048 1246 166
799 1247 301
912 1248 319
1055 1248 301
108 1250 157
280 1251 132
237 1252 292
206 1254 248
236 1254 177
703 1255 298
1224 1258 298
1217 1259 240
1091 1261 160
310 1262 248
485 1263 266
917 1265 167
695 1266 283
1008 1267 213
917 1268 286
1244 1269 336
266 1272 165
339 1273 248
848 1273 784
857 1274 209
832 1276 347
847 1276 312
1104 1277 193
816 1278 169
241 1279 261
504 1279 161
497 1280 711
1218 1281 286
466 1282 229
905 1283 248
974 1283 193
1029 1283 119
63 1288 305
128 1289 380
324 1289 140
352 1289 197
497 1290 317
869 1291 117
885 1291 238
926 1292 258
808 1293 210
1011 1293 303
895 1296 960
95 1298 294
201 1299 215
908 1299 165
1147 1300 140
407 1301 258
522 1301 177
944 1301 407
862 1303 111
927 1303 228
1260 1303 193
484 1304 230
863 1304 266
514 1305 324
143 1306 309
46 1307 261
818 1307 469
230 1310 179
994 1311 321
1067 1311 126
967 1312 212
330 1313 676
778 1313 581
918 1313 179
269 1314 257
517 1315 258
565 1315 739
790 1315 260
310 1316 696
1133 1317 241
1250 1317 278
405 1318 280
302 1319 211
1227 1319 364
43 1322 221
709 1322 834
1071 1324 100
159 1325 271
367 1325 116
935 1327 305
1177 1328 138
1270 1328 220
1026 1329 353
509 1331 208
1141 1332 143
1065 1333 125
190 1335 274
977 1335 259
796 1336 143
980 1336 223
388 1337 349
1150 1337 270
1334 1337 200
594 1339 340
475 1340 190
493 1340 180
601 1340 324
1033 1340 246
925 1342 173
124 1343 280
278 1344 141
456 1344 124
1020 1344 133
629 1345 238
1031 1345 231
726 1346 232
1080 1347 227
294 1348 561
311 1348 282
518 1348 262
973 1348 123
146 1349 217
150 1350 286
218 1350 160
173 1351 215
1124 1352 161
144 1353 318
205 1354 100
412 1354 181
729 1354 199
161 1356 100
273 1356 103
601 1356 215
903 1356 179
999 1356 182
1100 1356 371
161 1358 161
322 1358 140
973 1359 254
65 1361 240
161 1361 168
974 1361 323
335 1362 176
1312 1362 230
1303 1363 221
1181 1364 210
381 1365 176
1311 1365 217
805 1366 302
1246 1367 113
105 1368 139
590 1368 851
796 1368 154
1121 1369 325
675 1370 273
88 1371 179
1220 1371 166
794 1372 330
1030 1372 283
178 1373 354
185 1375 105
1355 1375 213
60 1376 349
66 1376 210
1225 1376 177
444 1377 381
607 1380 127
1304 1380 119
587 1382 153
827 1383 263
1180 1383 341
1320 1383 250
20 1384 678
768 1385 852
908 1385 311
154 1386 315
570 1387 174
630 1387 274
1338 1388 241
1326 1389 203
875 1390 122
669 1391 117
207 1392 153
86 1395 926
857 1395 147
967 1396 136
1297 1397 215
32 1398 167
157 1398 225
21 1399 135
1269 1401 281
362 1402 229
1059 1402 193
130 1403 793
976 1405 160
1096 1408 255
1221 1408 207
586 1409 885
53 1410 134
640 1411 166
589 1412 293
814 1412 204
338 1413 114
1185 1413 288
545 1415 227
1050 1415 311
1191 1416 246
1189 1417 162
1219 1418 213
430 1419 160
829 1419 191
1201 1419 147
3 1420 125
699 1422 245
1060 1422 155
374 1424 241
753 1424 293
830 1424 229
81 1425 232
154 1425 100
675 1425 217
1328 1426 276
188 1427 221
1090 1427 111
172 1428 286
704 1429 237
116 1430 269
77 1431 736
268 1431 314
822 1431 121
552 1432 198
599 1432 258
722 1433 265
867 1435 199
1132 1435 170
172 1436 129
436 1436 214
1266 1436 103
1402 1436 836
179 1438 310
203 1438 229
748 1438 430
937 1439 186
542 1440 211
1000 1440 221
749 1441 237
824 1441 272
808 1442 124
945 1442 245
1348 1444 280
528 1445 164
1358 1446 520
127 1448 301
299 1448 108
382 1449 276
406 1449 161
446 1451 246
979 1451 211
223 1452 120
916 1453 787
665 1454 198
168 1455 247
210 1455 132
718 1455 233
428 1456 230
17 1457 245
85 1458 795
1163 1458 288
751 1459 144
546 1460 214
1073 1460 690
483 1461 182
878 1462 171
66 1463 269
657 1463 146
1354 1463 234
12 1464 296
367 1464 192
477 1464 199
925 1464 238
1207 1464 145
61 1466 233
577 1466 293
1428 1467 154
219 1468 251
473 1468 245
1309 1468 351
402 1470 352
1195 1470 795
1386 1470 235
677 1471 226
721 1473 248
279 1474 208
806 1474 168
621 1475 315
1210 1476 154
226 1477 168
1259 1478 256
418 1479 117
58 1480 127
67 1480 141
1165 1480 275
882 1481 185
1011 1481 225
174 1482 632
1182 1483 990
549 1484 191
602 1484 136
657 1484 276
907 1484 252
907 1486 898
921 1487 790
1225 1487 238
8 1488 534
1096 1488 162
550 1489 206
166 1490 308
1260 1490 198
19 1492 223
155 1492 284
584 1492 139
600 1492 141
1388 1492 295
744 1493 263
667 1495 180
511 1496 247
305 1497 182
313 1498 324
156 1499 223
1422 1500 340
220 1501 224
256 1502 127
303 1502 329
1077 1503 192
1393 1503 194
992 1504 183
1163 1504 219
183 1505 219
350 1505 154
44 1507 304
1218 1508 324
245 1509 222
1485 1509 369
242 1510 201
195 1511 115
513 1511 486
4 1512 207
174 1512 880
578 1512 208
339 1513 175
580 1513 251
941 1513 182
522 1514 189
1287 1514 217
884 1515 601
116 1516 161
572 1516 349
652 1516 263
378 1517 328
761 1517 202
766 1517 375
37 1518 336
439 1519 197
1325 1519 188
1098 1520 306
1169 1521 196
1493 1521 989
880 1522 165
1018 1523 191
1394 1523 337
1300 1524 108
435 1526 207
673 1527 163
1066 1527 425
1518 1527 828
1017 1529 110
262 1530 279
1071 1531 206
1085 1531 231
585 1532 286
1192 1532 193
188 1533 190
877 1534 260
1437 1536 106
929 1537 270
1138 1538 193
1303 1538 360
325 1539 236
588 1539 165
766 1540 532
1172 1540 489
196 1541 309
671 1541 292
1332 1541 267
206 1542 210
1021 1542 180
492 1543 170
542 1543 260
490 1544 315
1405 1544 133
1463 1544 226
715 1545 103
1422 1545 514
349 1546 151
893 1547 216
1245 1547 203
7 1549 100
763 1549 227
926 1549 153
268 1550 250
408 1550 339
1079 1550 273
381 1551 143
601 1552 256
1195 1552 191
102 1553 191
111 1554 201
208 1554 864
1237 1554 149
745 1555 211
133 1556 186
1503 1556 228
1108 1557 416
790 1558 171
766 1559 200
212 1560 654
1511 1561 174
1203 1562 208
584 1564 298
1548 1564 251
693 1565 272
489 1566 274
1002 1566 255
416 1567 238
461 1569 239
1292 1569 178
606 1571 224
1129 1572 187
1321 1572 199
1406 1572 199
1158 1573 140
1292 1573 209
1495 1573 247
364 1574 484
125 1575 266
568 1575 937
727 1575 274
888 1575 257
355 1576 240
117 1577 252
278 1577 237
971 1577 420
1400 1578 140
1097 1580 191
1173 1581 157
1222 1581 107
1562 1581 159
272 1582 204
797 1582 367
1498 1582 182
675 1583 362
1083 1583 366
1162 1585 129
1246 1585 378
470 1586 812
1108 1587 191
923 1588 942
301 1589 232
426 1589 254
1004 1589 229
1439 1589 119
496 1590 341
1296 1590 179
770 1591 147
1508 1591 907
310 1592 248
514 1592 209
151 1593 279
1469 1594 169
93 1595 261
726 1595 167
714 1597 201
1397 1597 320
1369 1598 292
891 1599 182
487 1600 248
786 1600 938
1543 1600 253
657 1601 189
770 1601 545
1099 1601 297
731 1602 219
1376 1602 739
626 1603 219
930 1603 175
1243 1603 151
40 1604 168
782 1605 211
1023 1605 297
321 1607 200
332 1607 159
1358 1607 848
1050 1608 149
1275 1608 226
903 1609 137
358 1611 281
899 1611 341
1026 1613 132
383 1615 173
573 1615 132
1210 1615 238
402 1616 147
57 1617 172
1205 1619 199
588 1620 131
1214 1620 300
1228 1620 251
1504 1620 257
328 1621 209
113 1622 310
144 1623 222
1303 1623 226
209 1624 223
1188 1625 207
56 1626 260
455 1626 174
978 1626 295
568 1628 366
420 1629 204
405 1630 293
529 1630 289
615 1630 285
416 1631 314
943 1632 198
3 1634 170
242 1634 258
1338 1634 162
1230 1635 108
86 1636 170
139 1636 204
813 1638 154
910 1638 302
1222 1638 233
39 1640 264
302 1640 171
574 1640 154
67 1641 871
290 1641 274
361 1641 352
441 1641 376
1294 1641 132
1424 1642 280
1051 1643 133
1354 1643 200
1381 1643 129
1024 1645 193
1320 1645 366
1235 1646 257
187 1647 332
308 1647 137
1011 1647 345
467 1648 118
1296 1648 290
1396 1648 166
241 1649 265
428 1649 153
617 1649 303
332 1650 173
899 1651 111
1137 1651 186
1357 1651 207
917 1653 853
1177 1654 177
1302 1654 123
501 1655 124
908 1655 123
200 1656 123
1507 1656 121
55 1658 285
599 1660 171
955 1660 141
1024 1660 193
234 1661 212
873 1661 655
511 1662 163
1267 1662 144
307 1664 167
635 1664 329
1094 1664 347
447 1665 266
1355 1665 257
1481 1665 270
709 1666 121
751 1666 127
1428 1666 354
362 1668 178
123 1669 139
175 1669 370
1496 1669 137
356 1670 134
398 1670 198
986 1672 151
997 1672 334
624 1674 246
902 1674 137
83 1675 176
720 1675 226
1105 1675 140
878 1676 204
1357 1676 241
129 1677 176
293 1678 178
781 1678 326
1168 1678 285
565 1679 189
560 1680 243
833 1680 237
1195 1680 110
333 1681 196
702 1681 305
1369 1681 737
703 1682 226
1081 1682 114
266 1683 189
861 1683 194
591 1684 305
888 1684 864
310 1685 127
505 1685 206
522 1685 255
1464 1685 300
940 1686 180
134 1687 199
281 1687 117
284 1689 138
597 1689 306
1585 1689 330
471 1690 273
1171 1690 695
645 1691 437
224 1692 226
339 1692 212
5 1693 225
1297 1695 219
817 1696 240
971 1697 206
53 1698 129
813 1698 153
1300 1698 220
165 1699 277
1659 1699 144
1487 1702 153
1107 1703 980
1184 1704 130
345 1705 242
356 1705 148
1121 1706 301
330 1707 237
835 1707 182
844 1707 762
1111 1707 191
635 1708 304
529 1709 183
1618 1709 279
679 1711 131
947 1711 329
1057 1711 938
1472 1711 221
325 1712 533
1423 1714 194
653 1715 226
1258 1715 138
69 1716 230
594 1717 375
1350 1717 224
1536 1718 620
104 1719 184
135 1720 159
575 1720 610
882 1720 945
1568 1720 300
812 1721 304
1507 1722 231
536 1723 307
1126 1724 914
1560 1724 304
97 1725 753
1578 1726 208
224 1727 140
732 1727 299
200 1728 186
233 1728 202
1663 1728 234
227 1729 265
1529 1730 172
209 1731 177
271 1731 114
424 1733 103
1378 1733 150
495 1734 291
791 1734 257
1530 1734 188
909 1735 272
826 1736 250
423 1737 153
1256 1738 239
1039 1739 255
1437 1739 142
663 1740 354
1394 1741 185
1523 1741 328
1666 1741 173
118 1742 369
1274 1742 249
138 1743 138
613 1743 179
1133 1743 125
1467 1743 898
1632 1743 116
981 1744 209
1569 1745 367
205 1746 276
1048 1746 139
1566 1746 323
92 1747 217
797 1747 136
1095 1747 150
12 1750 707
382 1750 251
401 1750 223
650 1750 182
1160 1750 113
276 1751 230
543 1751 125
436 1752 193
174 1753 233
248 1753 116
74 1754 231
694 1755 175
335 1756 164
771 1756 242
1396 1756 175
1231 1758 319
76 1759 224
893 1759 332
291 1760 144
1238 1760 321
1310 1760 124
1563 1760 339
1088 1762 303
1178 1762 190
294 1763 250
269 1765 320
304 1765 213
68 1766 133
69 1767 314
1472 1767 195
287 1768 638
1355 1768 265
768 1770 222
948 1771 216
1249 1771 211
483 1772 188
559 1772 290
1644 1772 299
846 1773 260
1299 1774 189
397 1775 327
1587 1775 265
1084 1776 125
893 1777 369
1491 1777 201
1493 1777 240
417 1778 215
440 1778 138
1206 1778 311
1359 1779 135
622 1780 765
1052 1780 186
1350 1780 198
1033 1781 244
1288 1782 110
1658 1782 181
939 1783 681
1158 1783 148
1372 1783 187
997 1784 286
1089 1784 461
1704 1785 198
1767 1785 239
97 1786 880
1331 1786 175
1644 1786 176
1040 1788 178
1157 1788 144
1004 1791 204
1159 1791 334
781 1792 269
702 1793 167
534 1794 333
650 1794 372
321 1795 125
349 1795 122
1642 1795 254
1712 1795 228
342 1796 250
1248 1797 284
703 1798 332
1184 1798 181
1341 1798 181
67 1799 127
261 1799 228
589 1799 122
645 1799 164
1445 1800 277
540 1801 287
1028 1801 255
1047 1801 291
990 1802 810
174 1803 172
345 1803 154
1382 1803 131
106 1804 172
953 1804 222
1381 1804 191
1443 1804 235
1069 1805 217
540 1806 289
776 1806 418
816 1806 958
981 1806 114
1546 1806 295
368 1807 175
1096 1807 208
416 1808 253
1445 1809 743
1462 1810 275
914 1811 184
1510 1813 227
412 1814 781
1565 1814 166
1537 1816 316
9 1817 358
1681 1817 283
1723 1817 150
1626 1818 177
1707 1818 131
276 1819 174
729 1819 267
846 1819 239
1044 1820 320
475 1821 111
793 1821 186
1296 1821 189
1352 1821 324
1785 1821 301
954 1822 299
1383 1822 155
754 1823 307
1275 1824 245
1451 1825 615
418 1826 186
1154 1826 324
246 1827 184
395 1827 369
1636 1827 101
162 1828 108
1079 1828 134
1775 1828 212
1080 1829 186
1308 1830 194
106 1831 217
1253 1832 305
478 1833 210
910 1833 218
196 1834 786
393 1834 815
667 1834 446
1612 1834 182
1613 1836 316
90 1837 775
1693 1837 251
1562 1838 263
279 1839 956
1827 1839 953
1302 1840 333
75 1841 232
722 1841 352
264 1842 421
371 1842 287
766 1844 265
1589 1844 175
670 1845 330
1700 1845 171
1452 1846 196
1014 1847 347
1719 1847 315
1755 1847 149
1787 1847 950
137 1848 233
624 1849 189
785 1849 115
1590 1849 197
653 1851 212
685 1851 143
701 1851 525
823 1852 117
1310 1852 128
1284 1853 179
1250 1855 244
1311 1855 243
420 1856 209
1295 1857 149
711 1859 839
612 1861 184
1011 1862 185
1345 1862 276
695 1863 346
1288 1863 161
1452 1864 267
145 1865 193
1349 1865 118
1570 1865 201
472 1866 208
1185 1866 232
47 1867 115
358 1867 125
811 1867 300
146 1868 175
1182 1868 205
1371 1868 231
333 1869 171
546 1869 931
1277 1869 283
1703 1870 248
1715 1870 224
1542 1871 241
1482 1872 273
1677 1872 184
1690 1872 306
1775 1873 174
762 1874 173
104 1875 220
992 1875 161
460 1876 302
645 1877 172
1422 1878 124
226 1879 246
452 1879 238
244 1880 758
1322 1880 369
484 1881 258
1525 1881 194
733 1882 155
1623 1882 857
516 1883 145
1104 1883 238
441 1884 194
787 1884 330
1351 1885 186
241 1886 232
1404 1886 272
1370 1887 131
1528 1887 195
1814 1887 169
1033 1888 281
856 1889 205
1589 1890 275
1393 1891 118
30 1892 320
1694 1892 209
539 1893 106
679 1893 225
89 1894 351
586 1895 183
201 1896 130
969 1896 236
281 1897 292
1434 1897 103
101 1898 237
1200 1898 179
693 1899 277
1568 1899 244
210 1900 122
1075 1900 215
1770 1900 162
1693 1901 159
1470 1902 953
1682 1902 200
1891 1903 162
56 1904 235
981 1904 254
1096 1904 236
157 1905 248
121 1906 108
578 1906 155
597 1906 103
182 1907 146
373 1908 155
1597 1908 107
534 1909 219
656 1909 336
695 1909 205
524 1910 218
1161 1911 110
1825 1911 991
1063 1912 314
1413 1912 216
1842 1912 244
385 1913 143
1379 1913 292
1854 1913 255
154 1914 123
1623 1914 227
903 1915 193
198 1916 854
254 1916 298
265 1916 890
1798 1916 146
1819 1916 342
1574 1917 846
1701 1917 181
1789 1917 241
928 1918 180
342 1919 644
807 1920 256
859 1920 209
1015 1920 308
1026 1920 136
231 1921 325
1704 1921 214
432 1922 207
1489 1922 180
384 1923 813
1673 1923 213
576 1925 275
131 1926 100
1908 1926 333
1359 1927 200
803 1928 225
156 1929 255
1454 1929 140
1810 1929 240
319 1930 137
1718 1930 125
1816 1930 284
1852 1930 150
1376 1931 118
842 1933 136
1177 1933 351
1395 1933 979
1916 1933 358
1887 1934 339
1930 1934 362
238 1935 239
888 1936 238
1286 1936 183
445 1937 115
1788 1937 303
1858 1937 179
1229 1938 276
261 1939 161
1874 1939 232
1486 1940 310
1862 1940 185
49 1941 202
689 1941 165
1466 1941 188
1911 1942 338
1733 1943 118
139 1944 180
667 1944 306
929 1944 135
1086 1944 104
903 1945 339
1054 1946 249
1925 1946 140
759 1947 214
1117 1947 198
120 1948 111
489 1948 145
1774 1948 242
820 1950 253
1711 1950 139
294 1953 196
1256 1953 260
1400 1953 176
1663 1953 231
700 1954 156
1064 1954 195
1737 1954 822
1676 1955 169
478 1956 162
956 1956 136
453 1957 271
1407 1957 157
302 1958 313
1212 1958 130
554 1959 268
899 1959 236
412 1960 132
255 1961 119
499 1962 282
385 1963 115
1231 1963 994
1592 1963 219
535 1964 268
861 1964 265
1029 1964 186
528 1966 891
1812 1967 301
1933 1967 193
780 1969 306
1672 1970 231
330 1971 308
814 1972 119
1116 1972 127
1515 1973 310
302 1974 340
1066 1974 175
1475 1974 231
1575 1974 174
96 1975 317
436 1975 490
247 1976 128
919 1976 171
1965 1976 941
257 1977 923
404 1977 142
599 1977 250
599 1978 102
473 1979 223
1637 1979 874
1891 1979 821
169 1980 237
579 1980 647
1955 1980 276
1302 1981 145
1405 1981 293
1485 1981 286
1613 1981 248
1976 1981 183
1065 1983 134
1636 1983 114
1778 1983 384
16 1984 184
62 1984 108
189 1984 206
1330 1984 165
1722 1984 187
950 1985 149
1639 1985 170
525 1986 686
545 1986 204
757 1987 115
1432 1987 971
153 1988 287
1585 1988 183
1636 1988 265
1236 1989 275
1714 1989 138
628 1990 295
703 1990 207
1257 1990 134
1695 1990 182
1818 1990 204
648 1991 267
968 1991 194
1652 1991 292
176 1992 717
1544 1992 187
1620 1992 244
1899 1993 327
1211 1994 120
1850 1994 265
915 1995 261
1056 1995 202
1845 1995 230
1095 1996 302
1450 1996 225
277 1997 138
1529 1997 330
366 1998 174
663 1998 224
1456 1998 969
845 1999 206
948 1999 246
1825 1999 295
1254 2000 112
295 2001 238
1029 2002 151
1953 2002 816
396 2003 190
966 2003 305
301 2004 314
1492 2004 154
450 2005 114
1284 2005 200
881 2006 380
814 2007 231
1844 2007 182
1324 2009 282
1305 2010 958
920 2011 277
117 2012 750
1124 2012 306
1640 2012 228
431 2013 179
1671 2013 251
1878 2013 240
1630 2014 555
120 2015 246
991 2015 272
1216 2015 187
492 2016 879
328 2018 266
357 2019 178
730 2019 241
834 2019 209
962 2020 101
1387 2020 980
898 2021 289
1391 2021 293
1848 2022 195
266 2023 261
84 2024 269
1932 2024 258
167 2025 141
312 2025 339
1305 2028 200
1582 2028 295
1860 2028 325
1897 2029 136
822 2030 170
1880 2030 370
628 2031 154
137 2032 274
409 2032 181
970 2032 140
944 2033 197
1362 2033 205
975 2034 721
525 2035 296
451 2036 238
843 2037 196
826 2038 330
1259 2038 854
1800 2038 216
338 2039 236
1534 2039 175
379 2040 250
830 2040 103
716 2041 128
961 2041 117
1420 2041 286
1606 2041 294
92 2042 604
771 2042 158
854 2042 185
1015 2042 279
1761 2042 113
1490 2043 135
1974 2043 952
1664 2044 297
1234 2045 187
1568 2047 166
785 2048 260
1887 2048 366
612 2049 191
813 2049 611
1699 2049 256
370 2050 340
561 2051 112
305 2052 378
1264 2052 190
559 2053 178
153 2054 264
299 2054 288
892 2054 246
240 2055 137
306 2055 608
562 2055 355
1594 2057 186
1496 2058 874
832 2059 702
1219 2059 110
1796 2060 179
135 2061 192
1077 2061 271
1747 2061 285
1947 2061 221
645 2062 175
987 2062 211
1815 2062 135
1877 2062 326
1269 2063 157
1392 2063 722
1506 2064 238
527 2065 167
1499 2066 107
16 2067 269
285 2067 226
1988 2067 248
1306 2068 232
596 2069 177
48 2070 225
798 2070 255
977 2070 283
1757 2070 126
1832 2070 327
223 2071 230
415 2071 117
1610 2071 859
1922 2072 272
1479 2073 109
1143 2074 212
850 2075 179
1408 2075 219
614 2076 620
280 2077 109
592 2077 163
1515 2077 103
365 2078 246
608 2078 165
249 2079 271
1111 2079 282
1579 2079 196
1781 2079 164
1912 2079 876
626 2080 151
922 2080 106
990 2080 117
21 2081 212
8 2082 737
548 2082 128
1484 2083 125
210 2084 133
987 2084 153
309 2085 192
1049 2085 829
1349 2085 257
214 2086 117
317 2087 212
1207 2087 200
1413 2087 380
1894 2087 274
829 2088 147
834 2088 159
1856 2088 204
432 2089 254
815 2089 161
15 2090 229
1005 2090 259
1216 2090 191
1915 2090 256
1127 2091 847
426 2092 218
477 2092 440
529 2092 154
1145 2092 131
958 2093 103
1095 2093 356
114 2094 223
2026 2094 223
271 2095 342
1028 2095 128
945 2096 530
1178 2096 241
1757 2096 281
1775 2096 177
276 2097 215
1385 2097 245
147 2098 303
2056 2098 817
662 2099 159
642 2100 171
24 2101 219
489 2102 254
1829 2102 260
571 2103 100
812 2103 235
913 2103 246
1311 2104 183
1606 2105 303
1653 2106 155
471 2107 213
1448 2107 356
393 2108 104
454 2109 140
1723 2109 167
1159 2110 247
1356 2110 443
1798 2110 127
247 2111 359
643 2111 228
2027 2111 157
180 2112 166
909 2113 176
1601 2113 137
1535 2114 185
304 2115 276
221 2116 166
273 2116 136
1693 2116 942
1004 2117 357
2114 2117 170
283 2118 368
843 2118 135
1189 2118 121
502 2119 503
1198 2119 163
477 2120 262
640 2120 247
762 2120 212
1233 2120 218
2105 2121 173
900 2122 518
1551 2122 102
1614 2122 207
2064 2122 112
995 2123 381
2030 2123 275
1056 2124 187
815 2125 115
1061 2125 242
1421 2125 122
1598 2125 232
2008 2126 193
761 2127 223
1123 2128 340
1181 2128 145
1412 2128 110
297 2129 199
615 2129 120
576 2130 215
2017 2130 809
157 2132 107
396 2132 166
1667 2132 115
305 2133 106
1498 2134 302
175 2135 147
794 2135 280
1820 2135 280
956 2136 229
447 2137 217
480 2137 214
745 2137 323
883 2137 169
662 2138 101
917 2138 755
750 2139 866
1634 2140 213
1987 2140 160
2084 2140 217
568 2141 164
1732 2141 272
2024 2142 140
429 2143 274
780 2144 125
649 2145 194
879 2145 337
1721 2146 843
2082 2146 192
469 2147 630
2069 2147 370
93 2148 187
490 2148 203
1713 2148 188
1683 2149 238
2017 2150 152
1794 2151 648
1853 2151 242
578 2152 721
1069 2152 107
590 2153 145
551 2154 311
1068 2154 293
2020 2154 276
389 2155 201
1193 2155 273
1856 2155 283
2131 2156 249
1316 2157 266
1747 2157 204
2134 2159 197
1657 2160 291
506 2161 135
1811 2161 779
1892 2161 194
1545 2162 191
1557 2162 251
358 2163 105
1765 2163 247
9 2165 514
197 2166 219
1462 2166 227
1800 2166 255
115 2167 115
430 2167 676
901 2167 292
33 2168 259
1669 2168 191
24 2169 190
1380 2169 199
411 2170 209
1803 2171 277
1363 2173 343
258 2174 187
19 2175 121
1876 2176 256
453 2177 286
1494 2177 155
1787 2177 260
225 2178 291
698 2178 274
1247 2178 567
1545 2178 117
1938 2178 223
618 2179 620
1239 2179 304
2023 2179 321
691 2180 170
1505 2180 260
2122 2180 332
1128 2181 177
1098 2182 352
385 2183 373
406 2183 147
1202 2183 333
1366 2183 263
1835 2183 243
1094 2184 184
1783 2184 104
1513 2185 835
293 2186 137
2039 2187 163
82 2188 259
1340 2189 155
1437 2189 183
232 2190 703
801 2190 316
1345 2190 198
895 2191 226
1949 2191 376
977 2192 221
1010 2192 286
1282 2192 293
370 2193 123
1479 2194 226
1540 2195 340
1549 2195 114
1970 2196 317
2027 2196 104
70 2197 251
1042 2198 257
1288 2199 224
2034 2200 246
373 2201 231
1720 2201 332
1309 2202 108
780 2203 280
938 2203 218
1498 2203 327
148 2204 292
500 2204 278
1009 2204 217
554 2205 238
1530 2205 173
659 2206 710
1745 2206 289
1127 2207 177
631 2208 278
2191 2209 290
493 2210 254
1891 2210 217
740 2211 180
611 2212 198
1374 2212 221
1532 2212 158
1869 2212 209
1972 2212 147
2013 2212 326
1355 2213 121
2031 2213 338
503 2214 158
603 2214 223
725 2214 190
747 2214 364
942 2214 581
1872 2214 691
467 2215 170
510 2215 184
1369 2216 926
354 2217 169
638 2217 180
658 2217 188
2105 2218 189
2014 2220 123
387 2221 232
857 2221 295
1555 2221 223
1646 2221 182
1654 2221 192
2140 2222 282
1187 2223 279
1630 2223 102
864 2224 285
1209 2224 208
432 2226 162
1633 2226 302
1898 2226 275
1244 2227 567
1493 2227 253
463 2228 207
989 2228 251
1843 2228 303
350 2229 274
1463 2229 244
839 2230 241
1559 2230 157
675 2231 575
1104 2231 221
1121 2231 325
1469 2232 273
1764 2232 182
800 2233 344
465 2234 376
1689 2234 225
1962 2234 132
518 2235 144
1052 2235 349
1688 2235 167
1732 2235 203
530 2236 268
866 2236 206
1020 2236 161
2110 2236 786
583 2237 139
852 2237 140
1034 2238 817
2094 2239 139
596 2240 174
693 2240 232
750 2240 210
1975 2240 255
817 2241 172
1951 2241 121
173 2243 226
2108 2243 167
211 2244 569
395 2245 204
1584 2245 219
95 2246 222
661 2246 165
101 2247 205
561 2248 334
1822 2249 266
1282 2250 139
1447 2250 141
4 2251 268
71 2251 223
247 2251 120
905 2252 315
2113 2252 203
1771 2253 148
114 2254 247
289 2254 162
491 2254 148
1545 2256 237
1900 2256 184
1213 2257 249
1343 2257 882
951 2258 143
573 2259 178
1168 2259 694
1611 2259 343
1602 2260 290
2128 2261 250
200 2262 144
926 2262 210
238 2263 254
1382 2263 228
911 2264 236
1286 2264 276
1159 2266 252
1253 2267 613
1373 2267 157
52 2268 189
631 2269 180
59 2270 417
251 2271 910
1809 2272 221
550 2273 890
1126 2273 161
1597 2273 107
462 2274 759
59 2275 219
1272 2275 216
1469 2276 647
1810 2276 213
1997 2276 334
755 2277 232
1336 2277 319
1596 2277 105
1089 2278 275
2062 2279 264
326 2280 261
1490 2280 153
343 2281 294
1309 2281 256
2081 2281 222
958 2282 253
1027 2282 299
1992 2282 260
33 2283 203
410 2284 219
435 2284 836
1007 2284 119
575 2285 979
2129 2285 368
2278 2285 258
51 2286 351
1074 2286 180
344 2287 279
838 2287 306
29 2288 312
809 2288 259
940 2288 161
1790 2288 128
2207 2288 296
2207 2289 222
923 2290 165
1257 2290 166
64 2291 288
412 2291 355
2287 2292 254
53 2293 148
859 2294 242
927 2294 369
2273 2295 871
566 2296 148
1213 2296 195
1280 2296 241
2248 2296 719
878 2297 899
1440 2297 257
934 2298 110
960 2298 211
2284 2299 224
1504 2300 247
1982 2300 192
2172 2300 183
944 2301 256
2138 2301 261
288 2302 199
332 2302 148
624 2302 291
1260 2302 145
2184 2302 257
255 2303 182
2183 2303 222
302 2304 135
868 2304 240
1360 2305 246
1404 2305 110
134 2306 304
229 2306 129
184 2307 111
525 2307 263
561 2307 181
568 2308 305
1964 2308 124
555 2309 199
740 2309 106
758 2309 280
1680 2309 223
2021 2309 190
1084 2310 857
1650 2311 165
1724 2311 168
2225 2311 352
1247 2312 202
1683 2312 180
1151 2313 158
1928 2313 213
2219 2313 149
2229 2313 151
380 2314 296
1820 2314 184
2230 2314 340
855 2315 389
871 2315 155
946 2315 130
1008 2315 205
238 2316 199
480 2316 891
726 2316 274
1391 2316 241
1952 2316 930
1040 2317 286
1155 2317 194
1430 2317 180
28 2318 287
659 2318 301
1391 2318 235
1859 2318 491
1110 2319 264
999 2320 352
80 2321 103
1326 2321 302
1514 2321 946
1995 2321 232
1072 2322 265
1968 2322 212
2252 2322 163
456 2323 107
1893 2323 171
1586 2324 745
2119 2324 351
2163 2324 116
789 2325 134
1648 2325 142
262 2326 216
942 2327 107
1607 2327 122
1785 2327 284
2290 2327 567
336 2328 119
1348 2328 215
1093 2329 319
1129 2329 196
1710 2329 182
199 2330 282
432 2331 174
2273 2331 253
1499 2332 340
43 2333 192
676 2333 201
2009 2333 144
2082 2333 212
277 2334 253
1826 2335 102
585 2336 187
1232 2336 954
1820 2336 137
192 2337 215
687 2337 166
1201 2337 133
829 2338 184
845 2338 279
1955 2338 252
1402 2339 145
903 2340 103
1221 2340 324
1852 2340 279
1895 2340 194
2135 2340 155
199 2341 204
757 2341 108
2213 2341 204
560 2342 148
815 2342 330
1742 2342 152
263 2343 159
307 2343 304
1688 2343 187
624 2344 714
2190 2345 200
1099 2346 239
1120 2346 197
61 2347 274
375 2347 178
1101 2347 171
323 2348 178
839 2348 320
1195 2348 189
1457 2348 101
1972 2348 197
146 2349 183
1737 2349 961
1959 2349 361
936 2350 176
1323 2350 171
1956 2350 224
876 2351 301
1253 2352 170
161 2353 203
638 2354 520
1414 2354 178
1769 2354 189
637 2355 187
679 2355 333
2113 2355 131
2302 2356 217
2327 2356 126
41 2357 315
448 2357 256
764 2357 208
1952 2358 333
778 2359 189
91 2360 205
889 2360 304
1517 2360 144
538 2361 391
102 2362 230
87 2363 151
44 2364 911
1743 2364 244
1975 2364 825
383 2365 200
974 2366 100
1115 2366 183
1376 2366 130
2072 2367 202
198 2368 188
1776 2368 148
1921 2368 305
880 2369 175
2035 2369 278
1034 2370 285
1204 2371 177
1175 2372 833
1752 2372 259
196 2373 129
792 2373 158
416 2374 251
843 2374 851
406 2375 142
1552 2375 245
1241 2376 140
1001 2377 320
1080 2377 213
2074 2377 318
564 2378 309
1219 2378 310
294 2379 238
1448 2379 328
399 2380 318
512 2380 189
70 2381 186
709 2381 228
1140 2381 257
627 2382 297
2361 2382 150
898 2383 575
1544 2383 117
449 2384 149
763 2384 798
2147 2384 144
1745 2385 219
858 2386 246
1185 2386 246
810 2387 103
1408 2387 118
1427 2387 864
2240 2388 281
1507 2389 347
1901 2389 286
2162 2389 358
1502 2390 300
2004 2390 189
2158 2390 147
2192 2390 281
1032 2391 192
2380 2392 153
876 2393 296
1298 2394 302
698 2395 151
732 2395 236
1350 2395 161
1241 2396 231
1685 2397 193
2014 2397 342
112 2398 149
137 2398 187
219 2398 316
1620 2398 813
1748 2398 292
127 2399 235
398 2399 154
1595 2399 151
15 2400 309
1380 2400 213
1527 2400 305
1697 2400 116
1746 2400 338
1684 2401 172
2007 2401 162
524 2402 145
2164 2402 130
2169 2402 153
105 2403 171
271 2404 335
363 2404 286
702 2404 205
1226 2404 117
1502 2404 217
1573 2404 172
831 2405 881
2191 2405 234
238 2406 362
1627 2406 139
1292 2407 289
1043 2408 181
1778 2408 693
2017 2408 280
1811 2409 125
1227 2410 206
221 2412 174
406 2413 149
1127 2413 253
302 2414 144
679 2414 107
2340 2414 212
1847 2415 271
998 2416 123
954 2417 930
2223 2417 170
2366 2417 280
667 2418 129
2015 2418 301
1224 2419 124
1435 2419 245
1465 2419 255
333 2420 198
464 2420 226
706 2420 283
1797 2420 116
2407 2420 148
206 2421 169
253 2421 273
1833 2421 973
366 2422 276
405 2422 211
618 2422 805
810 2422 245
2316 2422 153
1016 2423 323
1374 2423 230
2078 2424 377
1895 2425 323
1749 2426 243
1677 2427 748
999 2428 194
1737 2428 239
1893 2428 201
2046 2428 736
272 2429 198
520 2429 205
724 2429 194
536 2430 293
1060 2430 213
258 2431 185
542 2431 124
1307 2431 254
412 2432 122
751 2432 293
1402 2432 133
2045 2432 885
1816 2433 992
311 2434 306
1345 2434 129
1935 2435 630
583 2436 252
1749 2436 188
1210 2437 214
50 2438 122
1295 2438 186
291 2439 236
1111 2440 236
1830 2440 270
1224 2441 646
2242 2441 181
903 2442 575
557 2443 201
795 2443 120
1454 2443 267
1586 2444 130
82 2445 155
209 2446 342
1305 2446 199
1545 2446 808
1665 2446 116
478 2447 188
1441 2447 899
2034 2447 292
334 2448 195
1285 2448 206
1766 2448 220
2131 2448 237
562 2449 316
528 2451 182
635 2452 232
1491 2452 119
1597 2453 241
2137 2453 268
2157 2453 271
2106 2454 208
1644 2455 190
1687 2455 110
2297 2455 337
1837 2456 114
1331 2457 196
647 2458 191
1046 2458 116
1227 2458 289
1291 2459 286
1430 2459 389
2286 2459 197
387 2460 296
1252 2460 973
908 2461 228
1215 2461 116
1271 2462 240
1657 2462 227
1862 2462 790
468 2463 226
1728 2463 125
2265 2463 146
1809 2464 160
2009 2465 246
2126 2465 314
860 2466 107
1508 2467 840
1048 2468 174
2081 2469 249
1322 2470 251
1879 2470 343
2306 2471 185
402 2472 952
1933 2472 132
2245 2472 211
2450 2472 123
877 2473 148
1789 2473 230
721 2474 251
2436 2474 178
148 2475 159
380 2475 234
1990 2475 130
2255 2475 304
1036 2476 277
2408 2476 106
1392 2477 111
1618 2477 877
1845 2477 769
2150 2477 183
1061 2478 287
1779 2478 306
377 2479 294
1125 2479 299
1435 2479 310
1924 2479 237
1879 2480 328
200 2481 170
211 2482 169
1241 2482 239
2205 2482 269
103 2483 256
1221 2483 212
1400 2483 337
2232 2484 172
172 2485 191
2295 2485 158
154 2486 200
632 2486 785
635 2486 285
1094 2486 326
1492 2486 335
610 2487 146
1301 2487 119
2485 2487 280
1219 2488 733
2220 2488 112
2411 2488 242
89 2489 276
224 2489 283
703 2489 545
893 2489 419
1526 2490 980
1578 2490 305
121 2491 158
290 2491 121
1121 2491 384
1594 2492 198
1882 2493 963
1317 2494 146
1714 2495 332
1796 2495 215
2251 2495 282
52 2496 204
44 2497 130
1424 2497 174
1605 2497 226
210 2498 224
1446 2498 359
451 2499 275
286 2500 230
2058 2500 246
