1
0
1
1
1000000
0
0
0
0
1
7 14 493
7 17 405
3 18 180
10 20 678
2 26 289
12 35 283
3 36 181
2 46 871
34 48 204
14 49 423
36 53 131
31 54 139
51 60 323
32 61 467
37 66 106
51 68 266
60 68 146
23 70 232
4 71 278
30 72 826
28 76 998
4 77 349
71 77 155
75 77 160
24 80 352
50 81 161
49 85 632
69 88 939
79 91 456
35 93 380
65 93 315
18 94 833
14 95 115
84 97 180
37 98 252
75 98 478
77 98 242
19 101 500
59 102 749
72 107 227
78 108 360
29 111 139
20 112 413
73 112 330
64 114 382
101 114 239
18 115 236
36 115 238
78 116 469
30 117 120
70 117 231
101 117 627
28 118 227
99 119 126
14 121 695
49 121 108
80 121 405
118 121 874
78 122 180
8 123 201
50 123 910
81 123 582
45 124 300
60 124 308
9 127 380
1 128 330
32 128 354
78 128 386
112 128 335
105 129 431
106 129 896
14 130 254
95 130 212
6 131 811
49 132 154
95 132 785
92 133 808
53 134 638
89 134 976
63 135 417
120 135 989
58 137 901
68 138 156
84 138 241
16 139 935
82 139 241
39 140 785
71 141 208
75 141 219
77 141 601
1 142 718
3 143 507
36 143 281
89 143 174
137 144 400
143 144 661
92 145 187
97 145 168
47 147 158
119 147 434
110 149 192
115 149 144
19 151 111
9 152 783
128 152 277
46 153 176
109 153 131
36 154 602
45 154 265
53 154 107
83 155 375
88 155 155
92 157 345
97 157 338
37 159 686
90 159 204
70 160 154
101 160 108
107 160 984
117 160 927
128 161 312
152 161 146
19 162 872
8 163 134
50 163 278
81 163 237
16 164 195
51 165 562
148 165 204
24 166 140
49 166 130
132 166 849
6 167 186
131 167 151
138 167 325
9 171 138
112 171 218
21 172 367
106 173 544
154 173 294
169 174 217
53 175 153
74 175 690
116 175 603
157 175 258
171 175 362
104 176 717
142 176 490
76 177 613
6 179 225
131 179 312
167 179 102
73 180 681
8 181 350
43 181 819
50 181 278
163 181 139
52 182 751
90 182 309
159 182 123
174 182 205
22 183 279
140 183 465
35 184 294
168 184 194
44 185 136
18 186 253
94 186 124
62 187 967
36 188 619
45 188 269
137 189 108
58 192 270
173 192 164
8 193 153
123 193 177
181 193 106
127 194 173
106 196 717
190 197 353
64 198 347
67 200 174
86 200 376
105 200 147
123 201 178
63 202 383
99 202 311
119 202 414
52 203 109
108 203 275
174 203 145
55 204 298
94 204 339
182 204 130
15 205 339
16 206 287
47 207 509
105 207 167
106 207 394
74 208 194
94 208 126
113 208 356
175 208 107
109 209 148
79 210 222
40 212 183
42 212 444
73 213 208
171 213 157
175 213 279
152 214 198
52 215 185
171 215 163
189 215 193
208 215 409
18 217 397
215 217 144
155 218 769
161 218 221
176 218 583
52 219 106
169 219 275
208 219 631
199 220 811
85 221 694
153 221 234
24 222 179
80 222 438
121 222 544
23 223 835
146 223 160
17 224 111
28 224 787
76 224 373
86 226 315
96 226 103
10 227 444
161 227 237
214 227 410
33 228 132
97 228 299
157 228 159
213 228 166
190 229 206
147 230 159
225 230 405
43 231 109
89 232 369
143 232 166
140 233 145
9 234 171
78 234 109
108 234 536
128 234 286
135 235 515
5 236 166
156 236 142
40 237 305
42 237 200
212 237 366
17 238 325
166 238 259
33 239 221
115 239 215
134 239 117
76 242 484
177 242 270
238 242 244
162 243 272
34 244 188
139 244 240
124 245 322
165 245 615
158 246 113
58 247 117
137 247 509
143 247 488
189 247 897
21 248 248
111 248 509
83 249 305
192 249 369
195 249 186
8 250 146
43 250 177
231 250 288
235 251 365
95 252 121
130 252 281
251 253 368
30 254 220
54 254 245
59 254 617
102 254 338
3 255 119
171 256 650
204 256 535
240 257 497
111 258 220
122 259 444
11 260 985
30 260 104
72 260 394
117 260 813
160 260 832
134 261 972
149 261 208
211 261 280
239 261 565
18 264 158
115 264 205
137 264 494
144 264 370
189 264 111
35 265 925
65 265 184
248 265 101
45 266 648
53 266 252
188 266 190
211 266 200
113 267 173
255 267 264
20 268 266
187 268 101
214 268 405
74 269 961
180 269 859
186 269 120
148 270 165
245 270 204
104 271 351
142 271 286
90 272 739
108 272 310
198 273 310
222 273 481
58 274 151
89 274 264
232 274 284
239 274 181
157 275 762
171 275 188
228 275 200
58 276 819
89 276 621
144 276 383
261 276 604
99 277 326
119 277 439
136 278 456
131 279 866
266 279 225
31 280 104
109 280 134
185 280 217
209 280 136
217 280 113
74 281 528
127 281 194
138 282 175
62 284 108
192 284 802
195 284 227
74 285 132
112 285 399
187 286 243
284 286 162
203 287 152
6 288 438
131 288 284
188 288 314
279 288 423
218 289 209
73 290 464
74 290 419
152 290 209
175 290 106
180 290 276
86 291 367
105 291 146
216 291 123
30 293 939
101 293 255
146 293 130
46 295 130
209 295 866
22 296 368
108 296 209
28 298 310
114 298 116
121 298 133
87 299 169
117 299 270
292 299 333
27 300 957
147 300 545
277 300 242
96 301 152
129 301 163
230 301 834
125 302 847
29 303 612
56 303 284
57 303 496
265 303 158
42 304 185
104 304 684
297 304 151
25 305 249
172 305 216
48 307 676
139 307 472
206 307 454
40 308 279
68 309 384
199 309 309
220 309 501
11 310 129
80 310 205
110 311 179
133 312 212
257 312 166
32 313 646
40 313 237
281 313 118
290 313 240
84 314 130
97 314 465
116 314 711
157 314 124
181 314 531
20 315 281
290 315 196
83 316 848
152 316 134
212 316 318
237 316 170
142 317 133
271 317 365
313 317 476
6 318 465
33 318 834
60 318 204
138 318 225
11 319 153
310 319 839
251 320 145
316 320 125
16 322 748
145 322 697
164 322 264
162 323 175
13 324 818
278 324 147
110 325 300
134 325 112
149 325 534
10 326 207
112 326 173
161 326 349
253 327 140
320 327 403
135 328 174
327 328 183
267 329 164
243 330 136
252 330 118
310 330 199
51 331 232
60 331 819
68 331 124
245 331 240
81 332 686
201 332 410
259 332 855
282 332 104
322 332 201
12 333 312
184 333 601
147 334 384
207 334 115
91 335 124
121 336 259
263 337 388
333 337 131
92 338 248
133 338 359
206 338 238
228 338 134
240 338 286
22 339 383
55 339 620
48 340 161
92 340 372
240 340 311
257 340 191
312 340 127
72 341 699
254 341 163
7 342 140
118 342 267
238 342 154
63 343 182
99 343 494
202 343 191
139 344 376
244 344 666
307 344 408
312 344 328
322 344 418
73 345 148
289 345 145
67 346 128
129 346 154
200 346 487
301 346 272
72 347 108
101 347 259
107 347 207
202 348 244
321 349 141
74 350 383
127 350 153
269 350 128
321 351 102
349 351 370
21 352 465
29 352 124
111 352 117
258 352 224
129 354 224
301 354 598
346 354 490
292 355 505
45 356 369
188 356 990
211 356 137
266 356 235
282 356 127
115 357 249
226 357 389
264 357 118
7 358 226
95 358 900
177 358 113
242 358 194
278 359 501
323 359 548
133 360 217
164 360 385
338 360 308
2 361 160
185 361 112
295 361 410
110 362 184
266 362 140
318 362 172
41 363 121
251 363 374
82 364 190
139 364 206
240 364 318
340 364 144
73 365 156
161 365 153
180 365 203
289 365 160
290 365 117
350 365 114
255 366 274
267 366 687
311 366 259
34 367 841
48 367 595
244 367 880
20 368 241
62 368 757
321 368 388
349 368 222
13 369 159
91 369 265
162 369 154
243 369 231
53 370 149
173 370 126
249 370 388
11 371 898
319 371 216
324 371 939
42 372 191
112 372 127
308 372 953
108 373 145
174 373 443
204 373 188
246 373 110
272 373 394
122 374 214
201 374 138
332 374 209
362 374 198
236 375 335
241 375 278
130 376 245
69 377 492
316 377 165
12 378 210
168 378 380
333 378 125
11 379 647
293 379 679
310 379 108
330 379 700
30 380 127
70 380 261
146 380 279
293 380 355
319 380 264
133 381 219
164 381 285
322 381 364
374 381 249
42 382 500
251 382 447
320 382 109
327 382 150
328 382 850
26 383 161
31 383 134
54 383 377
294 384 640
23 385 253
59 385 564
102 385 229
246 385 363
254 385 295
226 386 117
345 386 130
173 387 280
192 387 103
207 387 126
249 387 144
291 387 113
56 388 401
57 388 798
333 388 172
337 388 548
371 389 100
379 389 373
190 390 176
196 390 172
390 391 297
233 392 641
263 392 237
3 393 112
77 393 121
215 393 890
96 394 470
225 394 135
230 394 101
38 395 257
191 395 551
278 396 845
359 396 314
62 397 280
195 397 784
214 397 490
284 397 176
286 397 201
387 397 352
55 398 112
283 398 202
48 399 116
60 399 314
165 399 222
245 399 163
331 399 509
21 400 711
57 400 764
111 400 834
258 400 134
44 401 249
108 401 204
186 401 101
208 401 387
122 402 420
149 402 496
154 402 156
249 402 157
325 402 257
393 402 723
27 403 521
334 403 135
343 403 499
69 404 370
237 404 203
297 404 901
354 404 221
27 405 297
253 405 202
348 405 469
391 405 686
85 406 114
107 406 950
376 406 103
255 407 146
329 407 401
153 408 226
54 409 180
109 409 205
185 409 327
205 409 888
280 409 385
129 410 215
173 410 186
216 410 120
291 410 700
15 411 129
158 411 213
205 411 207
246 411 119
15 412 284
205 412 174
209 412 765
143 413 450
173 413 327
249 413 326
325 413 461
370 413 440
387 413 151
146 414 173
142 415 582
230 416 641
19 417 238
107 417 316
151 417 209
310 417 595
336 417 305
359 417 310
27 418 464
144 418 142
357 418 193
386 418 574
24 419 299
238 419 930
358 419 106
170 420 132
172 420 272
233 420 781
59 421 207
341 421 332
104 422 192
176 422 151
271 422 124
297 422 968
317 422 188
23 423 826
70 423 797
101 423 251
102 423 211
107 423 202
223 423 415
102 424 487
414 424 455
240 425 356
257 425 207
312 425 840
360 425 327
367 425 908
88 426 317
104 426 235
176 426 350
218 426 219
31 427 303
408 427 279
252 428 578
376 428 834
406 428 921
427 428 270
164 429 644
201 429 120
211 429 207
374 429 944
59 430 238
102 430 180
158 430 990
223 430 311
385 430 167
414 430 270
424 430 287
24 431 166
64 431 562
76 431 284
298 431 129
336 431 164
3 432 853
204 432 497
401 432 148
44 433 118
59 433 208
158 433 198
246 433 107
272 433 361
411 433 102
86 434 216
192 434 122
239 434 295
274 434 470
286 434 530
357 434 249
387 434 689
9 435 158
234 435 207
272 435 543
281 435 679
45 436 243
228 436 180
275 436 181
360 436 737
60 437 125
68 437 880
245 437 198
331 437 108
362 437 112
399 437 895
55 438 291
398 438 231
87 439 163
292 439 357
355 439 209
162 440 523
243 440 259
323 440 169
396 440 220
277 441 651
348 441 414
405 441 353
79 442 358
262 442 794
67 443 104
96 443 115
112 444 102
218 444 387
345 444 214
422 444 134
426 444 504
83 445 307
251 445 265
253 445 323
320 445 154
327 445 249
90 446 175
159 446 122
182 446 111
203 446 209
196 447 197
207 447 254
390 447 920
391 447 133
441 447 173
127 448 706
149 448 496
194 448 139
259 448 115
217 449 167
267 449 133
306 449 842
204 450 373
256 450 220
285 450 196
12 451 188
35 451 568
93 451 407
184 451 280
378 451 237
5 452 530
99 452 355
22 453 417
55 453 806
126 453 383
339 453 350
398 453 470
432 453 151
33 454 255
51 454 107
68 454 213
165 454 117
206 454 228
302 454 196
271 455 556
297 455 471
304 455 223
404 455 111
415 455 513
363 456 117
78 457 382
116 457 205
122 457 122
373 457 212
39 458 196
263 458 190
97 459 269
133 459 414
157 459 131
275 459 483
436 459 658
11 460 973
13 460 116
30 460 334
151 460 187
58 461 727
110 461 586
192 461 281
239 461 804
261 461 331
402 461 181
194 462 284
239 462 292
274 462 112
96 463 150
155 463 238
289 463 130
272 464 290
311 464 667
325 464 268
329 464 204
1 465 514
32 465 466
142 465 299
271 465 146
289 465 118
225 466 230
230 466 147
443 466 129
21 467 604
57 467 145
65 467 118
183 467 283
248 467 421
258 467 201
265 467 719
303 467 754
400 467 806
378 468 135
458 469 194
93 470 417
178 470 255
184 470 118
248 470 141
337 470 104
64 471 775
383 471 208
408 471 145
411 471 374
427 471 153
60 472 570
150 473 153
270 473 193
43 474 192
123 474 432
250 474 229
56 475 275
178 475 173
258 475 285
392 475 145
451 475 760
470 475 162
14 476 666
223 476 361
310 476 429
440 476 260
277 477 939
27 478 168
47 478 412
147 478 327
202 478 162
394 478 150
225 479 224
230 479 144
334 479 305
394 479 341
466 479 789
7 480 141
17 480 104
252 480 214
342 480 446
358 480 133
126 481 297
296 481 127
401 481 110
30 482 958
72 482 601
107 482 366
151 482 937
347 482 132
421 482 187
468 483 197
26 484 304
64 484 167
114 484 298
198 484 323
336 484 208
406 484 801
18 485 766
75 485 697
94 485 702
204 485 581
285 485 676
292 485 941
432 485 520
153 486 704
209 486 438
221 486 176
195 487 216
284 487 110
286 487 350
397 487 298
13 488 589
162 488 596
319 488 320
323 488 248
369 488 430
32 490 161
256 490 285
401 490 343
448 490 603
11 491 506
136 491 205
324 491 350
63 492 198
106 492 416
346 492 128
22 493 279
272 493 436
296 493 259
398 493 591
481 493 326
24 494 862
222 494 166
298 494 120
336 494 855
431 494 178
179 495 454
279 495 464
288 495 221
24 496 158
64 496 553
72 496 151
198 496 934
111 497 286
168 497 186
378 497 125
475 497 407
315 498 169
365 498 107
70 499 162
136 499 113
319 499 174
371 499 192
379 499 133
389 499 207
25 500 826
42 501 411
83 501 367
128 501 186
300 501 388
316 501 649
327 501 141
6 502 442
167 502 322
179 502 149
384 502 143
459 502 196
495 502 222
86 503 532
346 503 221
410 503 373
422 503 160
395 504 228
78 505 156
116 505 233
122 505 837
171 505 114
272 505 167
435 505 128
457 505 263
461 505 246
490 505 138
263 506 137
468 506 274
137 507 177
189 507 674
274 507 897
489 507 458
109 508 194
209 508 633
28 509 697
76 509 231
118 509 336
177 509 484
224 509 607
336 509 405
211 510 469
384 510 160
15 511 464
26 511 171
205 511 196
412 511 176
120 512 158
212 512 885
320 512 167
328 512 514
382 512 320
477 512 479
89 513 167
134 513 233
205 513 532
462 513 121
464 513 119
42 514 298
128 514 246
152 514 312
506 515 899
88 516 137
155 516 119
463 516 297
465 516 242
32 517 364
73 517 293
271 517 516
313 517 345
514 517 306
26 518 255
153 518 511
221 518 434
412 518 471
486 518 296
116 519 570
161 519 342
180 519 221
290 519 111
365 519 106
32 520 483
40 520 163
83 520 132
501 520 974
74 521 340
116 521 165
269 521 749
350 521 180
401 521 165
450 521 723
519 521 160
173 522 109
195 522 343
368 522 307
397 522 610
498 522 681
43 523 167
193 523 139
275 523 259
474 523 133
249 524 288
416 524 134
466 524 747
457 525 303
22 526 195
94 526 268
113 526 780
296 526 185
66 527 113
353 527 570
513 527 154
15 528 250
109 528 202
205 528 950
209 528 559
221 528 622
295 528 158
412 528 207
462 528 473
61 529 731
214 529 134
186 530 276
339 530 623
438 530 150
191 531 849
20 532 139
227 532 288
321 532 207
86 534 301
192 534 145
216 534 480
291 534 165
410 534 161
34 535 251
244 535 222
344 535 333
367 535 630
381 535 112
55 536 148
113 536 931
339 536 119
453 536 181
530 536 100
205 537 277
215 537 362
280 537 197
295 537 313
409 537 403
412 537 329
67 538 308
86 538 603
226 538 299
271 538 561
503 538 447
534 538 286
44 539 371
341 539 876
355 539 124
148 540 104
270 540 285
309 540 586
89 541 129
149 541 768
232 541 956
276 541 119
370 541 213
20 542 885
61 542 220
498 542 287
105 543 173
443 543 208
466 543 340
82 544 312
257 544 323
312 544 343
425 544 579
66 545 970
98 545 155
353 545 123
527 545 101
104 546 553
289 546 378
290 546 283
317 546 587
345 546 237
444 546 220
306 547 438
329 547 677
407 547 984
495 548 598
510 548 483
23 549 188
59 549 368
70 549 174
223 549 579
371 549 250
380 549 227
423 549 146
351 550 147
368 550 153
522 550 305
38 551 171
191 551 126
197 551 102
395 551 103
52 552 966
94 552 576
169 552 371
182 552 337
219 552 106
173 553 280
216 553 394
308 553 183
489 553 196
25 554 424
111 554 416
500 554 871
108 555 196
186 555 847
204 555 202
339 555 313
401 555 514
432 555 144
446 555 160
539 555 282
65 556 531
172 556 601
469 556 264
554 556 123
52 557 879
75 557 350
169 557 598
219 557 509
552 557 977
87 558 203
102 558 258
385 558 232
414 558 491
424 558 550
430 558 603
159 559 154
169 559 715
174 559 313
219 559 447
446 559 137
557 559 366
335 560 778
452 560 100
57 561 155
65 561 112
265 561 696
388 561 528
400 561 803
458 561 242
97 562 377
163 562 172
250 562 192
49 563 600
80 563 580
95 563 126
130 563 309
132 563 208
166 563 167
242 563 509
92 564 556
145 564 789
206 564 505
314 564 344
360 565 357
564 565 262
237 566 222
308 566 238
516 566 175
519 566 146
103 567 261
208 567 111
439 567 138
29 568 263
35 568 226
56 568 523
265 568 182
303 568 184
352 568 217
388 568 462
318 569 148
325 569 327
356 569 222
362 569 104
399 569 762
255 570 211
306 570 241
366 570 119
99 571 102
147 571 472
225 571 279
300 571 488
334 571 418
403 571 199
478 571 351
489 571 365
62 572 217
321 572 229
368 572 562
550 572 211
553 572 364
10 573 193
20 573 150
315 573 981
532 573 182
110 574 217
239 574 606
318 574 201
325 574 787
387 574 314
402 574 382
461 574 345
279 575 614
502 575 424
510 575 624
548 575 214
21 576 111
29 576 130
57 576 124
248 576 200
303 576 165
404 577 818
415 577 192
455 577 308
520 577 983
47 578 254
348 578 160
390 578 112
391 578 180
447 578 512
392 579 114
515 579 144
14 580 329
85 580 443
146 580 129
376 580 314
428 580 228
321 581 381
349 581 224
368 581 209
489 581 163
522 581 312
572 581 577
3 582 872
4 582 125
149 582 308
272 582 207
311 582 347
511 582 772
513 582 102
541 582 220
126 583 229
296 583 561
373 583 433
398 583 266
481 583 100
493 583 484
124 584 285
133 584 277
302 584 103
356 584 243
399 584 100
32 585 534
112 585 800
313 585 493
435 585 202
505 585 347
542 585 208
167 586 179
179 586 236
279 586 801
495 586 492
502 586 406
45 587 183
131 587 285
138 587 459
188 587 315
569 587 427
294 588 107
384 588 158
548 588 469
34 589 190
139 589 616
164 589 176
240 589 300
244 589 172
307 589 545
535 589 782
13 590 210
359 590 359
90 591 166
182 591 358
287 591 247
446 591 852
557 591 211
78 592 135
84 592 866
275 592 228
314 592 258
436 592 261
459 592 434
474 592 111
12 593 257
93 593 145
178 593 112
337 593 120
27 594 171
147 594 337
300 594 208
308 594 292
543 594 175
225 595 151
230 595 110
300 595 104
443 595 100
466 595 445
543 595 193
94 596 823
292 596 117
355 596 153
439 596 884
567 596 831
115 597 224
165 597 202
188 597 381
266 597 126
282 597 869
356 597 275
495 597 775
124 598 415
125 598 170
199 598 502
437 598 201
454 598 118
164 599 182
165 599 234
245 599 378
399 599 114
437 599 416
473 599 493
267 600 407
570 600 165
5 601 434
531 601 867
51 602 337
148 602 269
199 602 112
472 602 615
540 602 171
296 603 385
398 603 413
493 603 243
32 604 281
112 604 229
127 604 229
237 604 361
313 604 269
365 604 111
448 604 102
514 604 876
517 604 122
529 604 204
28 605 764
76 605 433
242 605 228
419 605 116
494 605 156
509 605 364
18 606 213
137 606 235
208 606 371
215 606 398
217 606 139
409 606 182
545 606 841
600 606 312
11 607 101
23 607 303
330 607 352
371 607 809
476 607 221
499 607 253
3 608 106
71 608 439
154 608 181
361 608 129
393 608 201
547 608 371
57 609 115
111 609 845
168 609 147
258 609 174
497 609 213
561 609 137
188 610 338
266 610 121
318 610 583
331 610 127
362 610 133
402 610 107
569 610 118
588 610 184
37 611 341
353 611 156
527 611 417
9 612 384
127 612 363
232 612 312
259 612 990
274 612 149
281 612 193
285 612 395
61 613 256
542 613 157
115 614 3069
485 614 113
187 615 566
268 615 600
286 615 427
357 615 476
487 615 194
125 616 172
138 616 377
179 616 245
282 616 120
587 616 381
614 616 320
100 617 320
533 617 142
235 618 108
328 618 347
372 618 137
512 618 107
2 619 155
30 619 106
64 619 177
114 619 329
198 619 361
273 619 166
428 619 763
484 619 314
494 619 302
496 619 260
279 620 306
288 620 110
356 620 324
495 620 184
502 620 108
586 620 295
37 621 266
311 621 277
401 621 585
464 621 195
508 621 194
180 622 107
289 622 125
345 622 880
546 622 186
180 623 856
315 623 760
498 623 138
148 624 118
454 624 373
472 624 323
540 624 902
602 624 212
28 625 404
118 625 518
224 625 830
236 625 182
242 625 168
342 625 550
66 626 122
287 626 126
216 627 151
291 627 659
479 627 384
534 627 220
538 627 960
166 628 332
406 628 848
486 628 843
138 629 482
356 629 898
459 629 329
586 629 237
597 629 267
616 629 174
1 630 704
69 630 488
345 630 954
444 630 174
514 630 247
546 630 189
622 630 114
120 631 178
135 631 222
235 631 392
308 631 205
328 631 804
618 631 613
87 632 205
101 632 316
299 632 949
421 632 135
567 632 186
44 633 115
204 633 104
355 633 945
539 633 878
596 633 182
214 634 621
268 634 245
514 634 290
529 634 424
623 634 100
4 635 156
71 635 354
255 636 203
366 636 116
407 636 178
449 636 616
547 636 151
36 637 222
357 637 214
418 637 201
550 637 247
553 637 416
594 637 133
148 638 104
540 638 953
584 638 886
624 638 106
16 639 536
50 639 322
201 639 710
332 639 973
429 639 145
448 639 246
8 640 339
201 640 278
374 640 276
525 640 291
592 640 215
351 641 142
522 641 326
550 641 157
572 641 628
36 642 287
154 642 761
247 642 869
614 642 260
294 643 106
384 643 160
510 643 639
575 643 618
588 643 218
89 644 182
134 644 210
351 644 123
370 644 235
413 644 504
434 644 139
116 645 172
134 645 753
213 645 129
313 645 108
350 645 189
448 645 220
457 645 159
72 646 124
151 646 816
389 646 388
417 646 133
460 646 853
590 646 126
84 647 208
256 647 716
490 647 698
555 647 598
63 648 213
196 648 290
277 648 233
343 648 124
348 648 292
82 649 278
199 649 194
307 649 337
364 649 596
425 649 747
544 649 258
42 650 478
308 650 313
316 650 335
326 650 191
328 650 343
377 650 326
2 651 123
26 651 867
44 651 669
46 651 511
376 651 834
170 652 124
283 652 164
469 652 491
90 653 860
174 653 213
446 653 219
626 653 906
193 654 196
282 654 143
523 654 476
562 654 361
37 655 162
66 655 100
98 655 218
545 655 909
115 656 193
175 656 880
259 656 119
281 656 289
365 656 129
490 656 728
505 656 171
647 656 169
156 657 120
236 657 756
375 657 232
456 657 205
601 657 199
104 658 241
271 658 773
289 658 319
317 658 248
404 658 991
422 658 107
465 658 123
604 658 414
630 658 131
124 659 278
125 659 491
220 659 217
587 659 156
598 659 260
1 660 175
304 660 159
415 660 113
501 660 709
577 660 714
51 661 283
68 661 293
125 661 184
165 661 469
211 661 119
245 661 198
454 661 781
540 661 398
599 661 467
21 662 709
65 662 917
258 662 192
352 662 135
67 663 116
105 663 570
129 663 466
200 663 151
534 663 164
295 664 351
361 664 245
393 664 130
511 664 373
537 664 165
42 665 207
212 665 388
237 665 666
455 665 255
517 665 554
520 665 332
19 666 184
146 666 123
166 666 115
323 666 579
330 666 182
389 666 163
417 666 818
128 667 327
142 667 702
180 667 127
313 667 130
365 667 783
457 667 330
519 667 299
585 667 475
613 667 159
18 668 177
53 668 756
217 668 319
432 668 847
464 668 983
608 668 105
611 668 169
636 668 747
36 669 191
53 669 417
115 669 106
144 669 137
154 669 145
356 669 171
418 669 430
79 670 108
262 670 152
328 670 246
504 670 152
125 671 763
150 671 188
199 671 191
220 671 154
309 671 118
472 671 167
30 672 217
72 672 133
117 672 268
260 672 201
347 672 580
482 672 171
270 673 201
472 673 176
473 673 535
638 673 836
159 674 272
186 674 175
287 674 146
446 674 223
626 674 966
653 674 144
53 675 176
143 675 181
144 675 250
264 675 779
668 675 132
112 676 244
357 676 282
370 676 411
403 676 727
418 676 620
489 676 156
200 677 158
207 677 706
334 677 710
391 677 200
403 677 113
434 677 126
492 677 157
571 677 263
91 678 979
335 678 455
78 679 242
122 679 709
175 679 217
259 679 273
429 679 454
448 679 200
514 679 140
3 680 235
141 680 513
215 680 174
247 680 455
295 680 504
311 680 230
393 680 216
606 680 166
608 680 195
642 680 107
285 681 481
326 681 187
435 681 307
450 681 139
363 682 438
617 682 877
36 683 625
53 683 134
110 683 377
553 683 518
587 683 714
614 683 230
621 683 143
642 683 197
7 684 121
130 684 194
342 684 159
358 684 790
419 684 306
480 684 159
78 685 156
122 685 161
152 685 180
201 685 175
259 685 118
285 685 116
448 685 429
679 685 209
126 686 135
194 686 922
407 686 455
438 686 143
481 686 249
603 686 197
31 687 315
107 687 309
273 687 901
406 687 137
484 687 192
580 687 123
73 688 141
122 688 842
128 688 266
152 688 696
176 688 240
514 688 299
585 688 357
667 688 144
94 689 233
171 689 600
175 689 225
213 689 124
256 689 312
448 689 207
459 689 110
88 690 699
106 690 245
235 690 199
308 690 136
372 690 314
377 690 139
566 690 868
650 690 242
294 691 872
548 691 121
569 691 193
575 691 210
588 691 467
620 691 266
278 692 457
330 692 130
371 692 164
423 692 363
476 692 317
499 692 113
607 692 207
16 693 140
133 693 198
257 693 157
275 693 185
338 693 127
360 693 218
565 693 559
42 694 159
83 694 109
212 694 347
251 694 115
372 694 218
377 694 173
501 694 554
688 694 136
185 695 115
280 695 122
361 695 114
427 695 254
508 695 169
668 695 958
15 696 335
102 696 257
464 696 155
508 696 124
511 696 194
93 697 257
168 697 331
184 697 468
337 697 187
470 697 159
250 698 163
490 698 154
525 698 152
639 698 821
640 698 100
21 699 215
178 699 136
593 699 640
697 699 701
14 700 416
49 700 250
80 700 291
252 700 495
336 700 172
342 700 374
406 700 140
431 700 841
53 701 879
115 701 234
217 701 779
614 701 234
629 701 305
669 701 111
676 701 140
105 702 100
129 702 450
216 702 716
301 702 119
354 702 149
663 702 131
83 703 560
106 703 264
207 703 400
301 703 201
413 703 845
441 703 150
492 703 410
80 704 449
118 704 218
177 704 104
224 704 129
242 704 169
419 704 581
625 704 153
64 705 407
85 705 509
383 705 266
428 705 244
484 705 174
134 706 106
189 706 120
239 706 117
261 706 108
402 706 292
461 706 477
574 706 125
127 707 330
276 707 100
281 707 206
517 707 146
612 707 302
110 708 575
143 708 357
173 708 402
232 708 311
234 708 309
311 708 261
507 708 225
541 708 462
306 709 461
407 709 291
449 709 712
462 709 116
603 709 158
33 710 685
188 710 101
211 710 791
362 710 180
569 710 154
599 710 104
629 710 475
171 711 809
213 711 195
256 711 330
326 711 412
436 711 215
647 711 588
681 711 343
683 711 406
689 711 344
16 712 441
206 712 307
322 712 901
112 713 107
152 713 337
256 713 251
326 713 149
426 713 256
450 713 117
519 713 109
532 713 260
585 713 318
690 713 178
100 714 761
73 715 341
104 715 723
112 715 101
180 715 227
290 715 128
326 715 176
377 715 384
573 715 231
689 715 162
713 715 968
408 716 235
471 716 280
486 716 626
496 716 328
80 717 301
85 717 663
198 717 459
273 717 956
496 717 905
687 717 156
705 717 218
311 718 980
462 718 239
464 718 854
570 718 680
574 718 108
608 718 911
621 718 151
655 718 912
226 719 180
386 719 156
394 719 149
416 719 805
534 719 175
627 719 862
284 720 144
349 720 113
487 720 481
529 720 660
27 721 150
96 721 483
386 721 398
394 721 175
443 721 931
543 721 168
595 721 132
19 722 258
151 722 106
298 722 879
347 722 160
371 722 103
646 722 345
666 722 172
216 723 191
226 723 335
354 723 349
410 723 327
503 723 262
538 723 279
14 724 201
17 724 200
132 724 217
166 724 173
252 724 892
298 724 118
319 724 466
687 724 578
700 724 524
32 725 338
127 725 585
234 725 296
281 725 187
435 725 259
490 725 308
707 725 210
290 726 290
372 726 958
377 726 151
520 726 382
193 727 214
201 727 215
256 727 408
374 727 390
429 727 276
525 727 420
698 727 111
98 728 559
217 728 284
393 728 433
507 728 160
606 728 271
608 728 356
680 728 432
84 729 146
157 729 604
163 729 225
228 729 215
314 729 117
645 729 157
712 729 544
386 730 391
416 730 287
524 730 252
595 730 326
723 730 156
130 731 167
132 731 123
166 731 107
252 731 277
494 731 299
563 731 303
6 732 259
45 732 962
131 732 196
167 732 661
250 732 232
279 732 254
294 732 141
620 732 150
295 733 197
361 733 339
409 733 502
412 733 281
528 733 795
537 733 373
664 733 298
728 733 499
118 734 130
132 734 763
238 734 960
358 734 872
419 734 950
625 734 174
226 735 125
386 735 607
416 735 130
503 735 390
524 735 426
543 735 247
637 735 345
730 735 238
9 736 263
66 736 151
108 736 256
272 736 149
513 736 236
603 736 871
706 736 116
103 737 349
293 737 672
414 737 194
424 737 186
558 737 139
632 737 138
716 737 446
52 738 818
174 738 265
203 738 325
552 738 534
626 738 227
92 739 244
164 739 439
201 739 111
244 739 461
322 739 165
381 739 172
29 740 257
178 740 712
333 740 124
337 740 235
497 740 123
662 740 253
10 741 390
20 741 247
73 741 215
214 741 363
351 741 140
498 741 594
573 741 383
623 741 179
109 742 177
209 742 931
409 742 127
508 742 198
537 742 306
696 742 331
716 742 568
718 742 179
22 743 436
55 743 775
113 743 369
453 743 395
485 743 660
600 743 165
386 744 128
622 744 104
676 744 153
719 744 139
234 745 613
281 745 279
350 745 109
373 745 356
457 745 526
667 745 203
707 745 790
725 745 574
126 746 597
481 746 593
526 746 158
583 746 372
50 747 121
81 747 131
181 747 215
231 747 129
126 748 148
398 748 499
438 748 158
603 748 226
686 748 156
746 748 197
46 749 666
87 749 145
160 749 541
299 749 191
424 749 165
596 749 597
632 749 239
235 750 114
251 750 871
328 750 798
348 750 878
377 750 152
477 750 117
618 750 103
85 751 226
132 751 214
153 751 625
496 751 207
628 751 731
9 752 128
94 752 314
127 752 194
234 752 515
276 752 260
514 752 171
679 752 783
707 752 206
102 753 297
299 753 160
341 753 534
421 753 877
672 753 159
147 754 169
247 754 136
368 754 120
416 754 292
489 754 112
553 754 265
637 754 730
642 754 161
569 755 864
576 755 963
662 755 129
120 756 673
237 756 213
320 756 390
382 756 857
391 756 115
40 757 434
180 757 794
212 757 351
377 757 174
477 757 263
566 757 993
726 757 172
82 758 630
145 758 188
240 758 187
312 758 220
340 758 267
364 758 272
158 759 215
411 759 239
539 759 330
558 759 346
567 759 418
596 759 103
696 759 167
32 760 226
161 760 167
313 760 503
326 760 113
365 760 800
517 760 370
647 760 211
713 760 466
54 761 145
114 761 100
273 761 253
406 761 987
496 761 555
628 761 604
687 761 351
705 761 297
169 762 128
373 762 105
513 762 119
707 762 199
746 762 168
759 762 170
162 763 411
278 763 125
324 763 841
359 763 100
396 763 147
590 763 139
722 763 463
6 764 264
181 764 156
294 764 681
362 764 134
384 764 105
548 764 311
588 764 187
34 765 126
164 765 120
381 765 208
565 765 117
727 765 160
739 765 945
442 766 140
12 767 121
93 767 189
283 767 944
337 767 261
378 767 284
475 767 110
497 767 869
593 767 823
740 767 293
367 768 156
381 768 116
640 768 122
712 768 100
739 768 358
214 769 123
268 769 177
532 769 454
542 769 950
613 769 101
634 769 102
688 769 341
190 770 703
62 771 136
110 771 474
249 771 797
300 771 462
370 771 756
418 771 186
489 771 381
637 771 205
730 771 161
754 771 160
17 772 937
177 772 556
222 772 203
242 772 284
605 772 116
625 772 342
704 772 106
147 773 337
300 773 208
334 773 275
466 773 285
520 773 345
571 773 363
585 773 954
594 773 255
4 774 202
52 774 808
66 774 276
217 774 249
635 774 144
308 775 284
415 775 916
577 775 244
660 775 101
63 776 469
343 776 297
382 776 220
391 776 646
648 776 390
22 777 209
113 777 467
526 777 292
530 777 175
743 777 400
86 778 363
226 778 290
416 778 968
524 778 347
744 778 197
10 779 351
227 779 196
498 779 268
532 779 116
623 779 911
641 779 187
760 779 145
29 780 114
56 780 994
178 780 318
184 780 204
188 780 387
333 780 198
451 780 759
470 780 282
699 780 239
11 781 301
19 781 674
160 781 103
319 781 313
369 781 445
389 781 457
417 781 369
460 781 143
666 781 254
255 782 158
366 782 373
393 782 146
570 782 906
636 782 889
75 783 177
141 783 920
462 783 738
635 783 115
774 783 557
73 784 105
321 784 466
334 784 222
357 784 143
387 784 803
489 784 240
553 784 108
614 784 337
676 784 950
754 784 768
778 784 163
91 785 221
210 785 459
335 785 285
766 785 417
23 786 240
46 786 159
85 786 451
273 786 209
376 786 775
563 786 468
628 786 119
47 787 635
67 787 713
478 787 250
492 787 714
349 788 677
351 788 816
418 788 691
522 788 367
550 788 182
641 788 172
720 788 424
741 788 170
124 789 541
199 789 261
220 789 117
309 789 351
473 789 161
544 789 211
673 789 166
82 790 241
257 790 248
364 790 887
425 790 126
535 790 246
544 790 106
565 790 187
649 790 182
196 791 109
390 791 296
441 791 117
447 791 702
578 791 813
47 792 141
67 792 244
96 792 201
105 792 326
200 792 101
663 792 308
702 792 316
778 792 134
61 793 173
62 793 861
227 793 396
268 793 441
313 793 581
529 793 514
613 793 223
87 794 146
299 794 111
341 794 194
355 794 245
749 794 163
753 794 187
41 795 194
335 795 236
682 795 220
714 795 191
86 796 102
503 796 100
627 796 914
644 796 816
719 796 827
723 796 104
744 796 203
99 797 178
119 797 207
277 797 394
648 797 146
773 797 536
70 798 154
221 798 544
299 798 316
341 798 166
385 798 306
421 798 158
633 798 166
753 798 161
794 798 115
3 799 346
37 799 171
90 799 417
141 799 167
353 799 281
527 799 188
611 799 343
206 800 708
332 800 814
429 800 217
525 800 297
639 800 443
698 800 100
729 800 172
747 800 135
7 801 101
17 801 289
49 801 293
224 801 181
238 801 262
342 801 163
419 801 204
551 801 123
734 801 996
772 801 138
8 802 258
81 802 161
123 802 910
374 802 371
474 802 293
3 803 296
15 803 292
194 803 771
232 803 130
311 803 121
353 803 163
407 803 136
464 803 102
606 803 101
668 803 235
31 804 207
46 804 515
54 804 833
383 804 815
537 804 111
717 804 124
65 805 298
168 805 953
378 805 632
451 805 379
561 805 407
699 805 182
755 805 100
168 806 849
248 806 199
333 806 153
378 806 689
697 806 238
699 806 177
755 806 991
303 807 294
305 807 120
45 808 210
188 808 957
282 808 100
294 808 778
587 808 237
598 808 596
616 808 627
642 808 432
133 809 504
360 809 151
544 809 503
564 809 275
592 809 221
693 809 190
768 809 120
83 810 321
120 810 421
365 810 253
463 810 100
566 810 813
665 810 130
726 810 124
189 811 184
217 811 149
232 811 564
264 811 280
269 811 827
507 811 106
675 811 439
676 811 116
701 811 125
27 812 380
300 812 630
403 812 219
443 812 134
648 812 573
703 812 290
773 812 311
150 813 239
302 813 121
473 813 429
671 813 105
673 813 467
187 814 559
286 814 432
315 814 178
321 814 215
581 814 493
623 814 132
641 814 529
676 814 268
73 815 691
297 815 439
372 815 159
377 815 244
650 815 972
665 815 265
726 815 240
757 815 604
810 815 257
11 816 121
151 816 389
389 816 140
460 816 490
476 816 349
646 816 103
672 816 442
103 817 996
158 817 251
292 817 102
414 817 128
759 817 116
116 818 127
186 818 562
259 818 934
448 818 489
457 818 338
517 818 403
645 818 152
679 818 142
707 818 107
800 818 426
88 819 195
155 819 774
463 819 182
516 819 470
121 820 512
130 820 185
166 820 115
224 820 937
252 820 332
298 820 180
336 820 638
705 820 154
152 821 109
180 821 136
212 821 206
259 821 206
268 821 152
313 821 117
326 821 186
422 821 854
514 821 168
517 821 178
604 821 208
612 821 190
194 822 371
209 822 866
462 822 120
621 822 308
685 822 212
718 822 298
728 822 207
62 823 463
187 823 313
195 823 372
397 823 709
413 823 422
615 823 701
136 824 596
323 824 247
359 824 170
379 824 202
396 824 372
491 824 314
617 824 530
161 825 142
285 825 151
350 825 210
432 825 908
450 825 856
521 825 971
681 825 221
745 825 176
106 826 156
354 826 370
370 826 592
492 826 329
594 826 441
787 826 610
124 827 189
125 827 916
598 827 198
659 827 112
69 828 450
176 828 411
297 828 161
415 828 474
660 828 149
694 828 178
775 828 312
306 829 287
329 829 350
547 829 839
621 829 201
113 830 672
339 830 110
493 830 155
530 830 142
536 830 108
777 830 786
13 831 142
151 831 484
162 831 142
243 831 298
440 831 138
590 831 438
15 832 170
221 832 392
408 832 112
427 832 804
471 832 129
518 832 391
580 832 179
69 833 267
212 833 841
345 833 344
463 833 269
197 834 492
241 834 513
395 834 474
770 834 291
124 835 107
266 835 224
302 835 317
437 835 711
584 835 780
659 835 774
65 836 145
111 836 890
248 836 118
400 836 920
561 836 633
662 836 562
755 836 168
74 837 347
269 837 132
285 837 471
450 837 138
681 837 241
689 837 170
715 837 350
811 837 219
226 838 141
370 838 134
386 838 642
410 838 187
443 838 112
524 838 694
730 838 243
735 838 110
744 838 428
796 838 137
136 839 641
323 839 453
324 839 211
396 839 117
491 839 199
824 839 545
37 840 896
66 840 955
71 840 361
77 840 108
141 840 132
774 840 146
783 840 115
75 841 244
98 841 161
353 841 222
527 841 363
545 841 793
611 841 194
150 842 366
199 842 355
309 842 242
473 842 264
671 842 124
813 842 689
120 843 866
235 843 296
253 843 113
477 843 318
566 843 320
631 843 168
27 844 164
96 844 133
334 844 865
357 844 110
403 844 240
478 844 832
594 844 839
776 844 105
812 844 114
826 844 103
120 845 199
202 845 217
477 845 295
512 845 769
618 845 447
726 845 185
750 845 841
843 845 153
43 846 137
193 846 170
436 846 322
523 846 765
654 846 125
288 847 348
510 847 478
548 847 423
575 847 204
691 847 650
710 847 768
764 847 313
267 848 786
329 848 151
366 848 888
547 848 122
582 848 178
829 848 265
1 849 777
218 849 897
326 849 265
345 849 755
444 849 116
630 849 700
137 850 149
349 850 120
357 850 165
418 850 892
478 850 320
489 850 310
644 850 343
676 850 104
719 850 324
754 850 827
784 850 107
366 851 611
600 851 148
728 851 533
782 851 231
167 852 834
294 852 230
384 852 886
429 852 423
495 852 113
510 852 197
575 852 150
643 852 198
847 852 139
1 853 254
142 853 393
176 853 197
317 853 557
465 853 170
585 853 536
775 853 377
849 853 112
56 854 137
57 854 173
65 854 236
258 854 815
303 854 266
609 854 170
755 854 419
99 855 358
119 855 500
202 855 238
334 855 171
343 855 207
776 855 689
797 855 355
94 856 113
108 856 450
122 856 200
272 856 100
373 856 651
398 856 250
591 856 119
736 856 598
87 857 439
107 857 148
341 857 103
414 857 214
421 857 100
632 857 386
749 857 629
218 858 347
317 858 302
426 858 134
519 858 223
546 858 199
577 858 105
622 858 290
47 859 105
189 859 119
192 859 760
249 859 957
387 859 284
434 859 201
487 859 103
627 859 926
644 859 825
706 859 133
754 859 338
821 859 232
173 860 266
187 860 786
232 860 223
370 860 337
413 860 144
434 860 170
492 860 231
503 860 947
644 860 776
676 860 185
205 861 338
221 861 341
406 861 142
427 861 616
486 861 167
518 861 385
651 861 107
832 861 263
144 862 247
232 862 221
264 862 748
325 862 860
464 862 390
541 862 168
637 862 402
9 863 107
122 863 861
234 863 288
435 863 335
612 863 149
688 863 934
745 863 196
752 863 656
825 863 929
856 863 261
40 864 633
253 864 384
445 864 206
477 864 324
756 864 104
845 864 324
77 865 301
169 865 616
174 865 337
203 865 439
219 865 497
401 865 986
653 865 400
138 866 185
154 866 115
489 866 100
507 866 822
614 866 895
642 866 136
683 866 146
701 866 931
728 866 168
83 867 325
135 867 643
147 867 722
415 867 198
520 867 223
650 867 787
690 867 185
757 867 252
760 867 423
810 867 161
100 868 122
682 868 357
24 869 256
80 869 148
222 869 224
298 869 309
625 869 405
724 869 191
761 869 157
820 869 429
310 870 204
319 870 269
330 870 100
379 870 229
396 870 307
476 870 389
692 870 444
329 871 246
547 871 180
680 871 321
709 871 100
829 871 230
851 871 191
150 872 181
472 872 831
602 872 236
624 872 233
827 872 387
35 873 227
93 873 566
178 873 417
265 873 182
579 873 134
593 873 115
697 873 176
740 873 100
806 873 686
37 874 142
98 874 328
311 874 145
353 874 211
611 874 244
655 874 131
799 874 852
60 875 253
125 875 203
145 875 660
165 875 379
282 875 108
302 875 145
827 875 167
842 875 845
86 876 286
225 876 237
416 876 738
489 876 791
524 876 164
719 876 893
730 876 994
744 876 120
778 876 311
136 877 423
243 877 104
278 877 511
324 877 207
440 877 265
491 877 196
607 877 217
5 878 110
191 878 220
58 879 208
109 879 191
215 879 178
306 879 219
311 879 238
461 879 292
462 879 546
621 879 170
718 879 166
840 879 183
62 880 413
187 880 721
195 880 137
370 880 223
613 880 174
615 880 317
720 880 212
823 880 218
33 881 602
51 881 214
211 881 228
318 881 349
597 881 673
610 881 872
643 881 153
706 881 142
2 882 199
26 882 338
31 882 237
54 882 336
114 882 346
185 882 177
383 882 309
651 882 116
94 883 134
186 883 150
208 883 121
213 883 269
439 883 151
485 883 146
557 883 213
762 883 926
777 883 924
87 884 644
101 884 154
107 884 134
114 884 165
117 884 123
160 884 368
260 884 107
310 884 384
347 884 382
40 885 910
207 885 566
253 885 189
308 885 404
501 885 190
566 885 150
665 885 494
667 885 313
694 885 291
819 885 870
33 886 330
50 886 129
81 886 661
123 886 535
474 886 239
747 886 134
802 886 129
228 887 166
231 887 578
523 887 204
562 887 752
654 887 359
846 887 279
70 888 406
95 888 118
376 888 271
408 888 461
428 888 638
484 888 313
580 888 355
751 888 259
786 888 603
58 889 139
143 889 991
249 889 122
541 889 194
621 889 141
683 889 156
708 889 137
58 890 775
89 890 649
247 890 466
274 890 187
276 890 143
614 890 206
784 890 128
822 890 225
889 890 169
103 891 436
246 891 198
433 891 233
817 891 129
856 891 396
376 892 464
428 892 101
628 892 523
731 892 229
751 892 305
786 892 931
888 892 171
120 893 685
196 893 167
382 893 877
665 893 218
756 893 381
189 894 112
274 894 191
387 894 219
507 894 169
574 894 725
708 894 673
718 894 127
745 894 853
862 894 787
889 894 172
890 894 114
69 895 672
463 895 689
516 895 522
622 895 562
757 895 159
819 895 247
833 895 443
48 896 643
139 896 354
307 896 329
340 896 129
344 896 182
367 896 545
712 896 505
59 897 942
254 897 817
260 897 138
385 897 113
414 897 900
737 897 167
891 897 899
44 898 247
439 898 108
539 898 265
567 898 608
186 899 203
194 899 501
259 899 723
612 899 267
626 899 153
736 899 202
748 899 121
762 899 110
817 899 845
856 899 151
189 900 819
247 900 944
393 900 169
402 900 137
507 900 380
553 900 215
675 900 221
862 900 219
255 901 112
513 901 133
530 901 321
709 901 538
848 901 293
261 902 428
276 902 146
412 902 820
462 902 350
513 902 272
582 902 165
803 902 197
822 902 271
841 902 180
879 902 981
67 903 306
200 903 111
346 903 905
354 903 111
479 903 202
543 903 125
796 903 295
352 904 266
388 904 760
568 904 118
576 904 942
609 904 403
662 904 332
755 904 933
854 904 120
251 905 578
320 905 194
618 905 113
750 905 102
756 905 129
815 905 110
864 905 544
893 905 134
88 906 186
297 906 321
304 906 286
316 906 358
660 906 102
775 906 737
828 906 326
18 907 127
329 907 133
449 907 162
600 907 107
636 907 641
746 907 154
110 908 112
134 908 690
149 908 269
232 908 252
239 908 167
261 908 238
325 908 179
710 908 110
803 908 862
860 908 118
116 909 258
161 909 888
256 909 100
432 909 346
490 909 104
640 909 222
645 909 522
647 909 418
685 909 420
711 909 145
825 909 123
866 909 272
69 910 118
88 910 459
155 910 236
372 910 254
404 910 895
444 910 338
660 910 772
833 910 211
103 911 142
108 911 269
246 911 102
254 911 277
292 911 149
411 911 718
433 911 238
891 911 212
150 912 535
220 912 331
638 912 265
789 912 461
813 912 165
835 912 188
100 913 196
229 913 357
442 913 642
533 913 198
617 913 506
97 914 618
231 914 147
332 914 110
525 914 271
639 914 518
640 914 400
656 914 413
698 914 976
88 915 186
155 915 940
304 915 285
650 915 487
819 915 437
833 915 643
849 915 113
910 915 315
24 916 184
80 916 121
95 916 717
177 916 113
198 916 140
222 916 167
336 916 184
431 916 165
4 917 240
71 917 129
77 917 775
464 917 930
635 917 947
655 917 999
452 918 324
601 918 285
52 919 767
174 919 218
203 919 256
432 919 106
559 919 717
738 919 122
865 919 618
917 919 334
146 920 124
160 920 681
223 920 141
293 920 637
380 920 228
424 920 147
482 920 561
580 920 116
870 920 224
34 921 650
48 921 297
367 921 745
472 921 341
535 921 410
758 921 108
896 921 203
92 922 235
145 922 269
338 922 439
364 922 145
564 922 408
565 922 159
914 922 371
304 923 982
443 923 208
463 923 360
516 923 169
546 923 444
726 923 118
833 923 107
895 923 755
906 923 404
29 924 362
56 924 215
337 924 160
352 924 510
388 924 227
400 924 100
755 924 199
836 924 108
116 925 176
159 925 918
194 925 384
204 925 961
272 925 136
373 925 101
393 925 104
411 925 109
536 925 321
725 925 187
762 925 924
215 926 741
449 926 174
526 926 715
570 926 603
829 926 111
851 926 101
907 926 842
40 927 380
297 927 180
317 927 195
404 927 180
415 927 676
455 927 291
577 927 150
775 927 389
903 927 125
23 928 605
146 928 172
223 928 219
293 928 199
330 928 128
423 928 349
482 928 207
558 928 498
705 928 598
16 929 117
145 929 276
206 929 230
673 929 732
698 929 778
712 929 929
765 929 429
768 929 906
216 930 657
291 930 151
301 930 121
386 930 720
410 930 148
413 930 225
503 930 245
723 930 271
796 930 171
135 931 173
327 931 182
445 931 682
520 931 115
756 931 950
864 931 102
893 931 975
82 932 194
124 932 261
188 932 237
302 932 427
584 932 136
598 932 278
599 932 162
659 932 134
835 932 182
2 933 261
26 933 325
46 933 901
651 933 118
664 933 160
804 933 109
892 933 266
170 934 388
183 934 850
904 934 178
149 935 106
173 935 250
357 935 514
418 935 311
553 935 315
637 935 368
641 935 248
675 935 553
723 935 424
771 935 465
812 935 636
157 936 765
231 936 904
250 936 131
523 936 126
562 936 783
654 936 999
887 936 782
136 937 217
440 937 326
488 937 833
590 937 537
816 937 275
831 937 241
97 938 583
175 938 380
180 938 188
213 938 105
269 938 158
490 938 257
647 938 407
656 938 397
689 938 141
762 938 163
243 939 429
310 939 215
369 939 503
396 939 332
488 939 297
491 939 349
763 939 265
839 939 464
18 940 200
44 940 252
185 940 886
209 940 430
280 940 629
383 940 100
409 940 239
528 940 243
695 940 102
61 941 588
268 941 488
517 941 911
529 941 301
573 941 202
613 941 455
720 941 846
793 941 439
4 942 132
18 942 468
75 942 291
635 942 154
774 942 238
783 942 452
917 942 245
197 943 400
375 943 990
51 944 261
125 944 104
150 944 544
302 944 457
584 944 133
629 944 307
827 944 771
835 944 187
875 944 213
90 945 402
182 945 134
203 945 292
287 945 319
591 945 283
626 945 210
822 945 934
841 945 122
103 946 219
433 946 497
439 946 683
567 946 134
633 946 137
736 946 702
817 946 182
891 946 439
145 947 271
381 947 395
525 947 157
712 947 875
765 947 442
768 947 900
921 947 245
929 947 149
270 948 176
331 948 499
472 948 200
602 948 298
673 948 939
872 948 265
103 949 129
158 949 608
194 949 869
292 949 134
424 949 191
596 949 628
696 949 145
817 949 429
13 950 515
323 950 264
369 950 389
389 950 398
488 950 409
590 950 354
937 950 104
45 951 557
149 951 842
245 951 207
362 951 104
548 951 193
569 951 576
587 951 427
629 951 227
710 951 154
47 952 245
106 952 215
161 952 144
207 952 473
566 952 358
702 952 125
703 952 216
791 952 804
826 952 249
34 953 102
270 953 542
437 953 135
472 953 870
638 953 194
872 953 183
948 953 261
148 954 233
199 954 307
220 954 642
473 954 144
564 954 332
638 954 191
912 954 684
953 954 114
483 955 220
515 955 349
579 955 281
238 956 349
419 956 337
480 956 276
605 956 178
684 956 378
731 956 391
734 956 132
153 957 579
198 957 235
408 957 370
427 957 375
471 957 497
486 957 318
508 957 139
716 957 645
186 958 738
208 958 416
350 958 539
401 958 427
555 958 394
559 958 279
621 958 430
656 958 124
830 958 640
883 958 125
898 958 434
85 959 126
114 959 836
121 959 741
428 959 342
518 959 604
628 959 260
705 959 853
751 959 191
928 959 199
227 960 496
315 960 107
498 960 295
519 960 302
532 960 687
623 960 259
779 960 140
47 961 236
348 961 514
492 961 798
644 961 145
677 961 131
703 961 271
787 961 376
812 961 298
826 961 233
903 961 496
103 962 955
108 962 291
194 962 701
287 962 734
438 962 964
513 962 865
679 962 480
736 962 136
762 962 314
837 962 123
856 962 176
899 962 815
306 963 498
438 963 248
782 963 204
822 963 192
871 963 172
901 963 431
12 964 382
35 964 442
56 964 422
178 964 421
420 964 153
475 964 294
497 964 170
593 964 153
1 965 149
104 965 215
152 965 137
176 965 307
345 965 141
422 965 101
658 965 197
853 965 364
906 965 382
500 966 206
807 966 126
19 967 222
117 967 244
121 967 981
379 967 126
389 967 192
460 967 253
666 967 109
816 967 526
839 967 893
84 968 104
206 968 242
360 968 315
564 968 466
565 968 167
649 968 204
809 968 398
922 968 327
33 969 981
134 969 199
211 969 587
302 969 125
569 969 144
575 969 448
616 969 507
710 969 227
951 969 144
126 970 325
158 970 164
194 970 265
281 970 140
373 970 157
393 970 165
645 970 126
653 970 274
762 970 136
899 970 563
925 970 284
23 971 100
70 971 105
146 971 155
293 971 176
380 971 348
389 971 223
549 971 656
794 971 177
33 972 120
211 972 179
384 972 103
461 972 199
525 972 504
610 972 113
808 972 145
827 972 585
881 972 100
43 973 725
84 973 897
275 973 252
314 973 289
436 973 292
505 973 171
565 973 132
727 973 188
729 973 232
15 974 222
109 974 225
311 974 293
408 974 785
508 974 140
511 974 150
696 974 659
742 974 823
96 975 524
225 975 139
354 975 147
394 975 463
403 975 708
479 975 368
721 975 629
744 975 145
9 976 437
73 976 125
74 976 122
137 976 164
144 976 278
213 976 318
269 976 448
285 976 134
350 976 179
681 976 187
883 976 175
159 977 959
194 977 137
287 977 109
626 977 128
653 977 149
674 977 148
945 977 329
8 978 838
163 978 224
193 978 795
525 978 180
562 978 974
691 978 110
802 978 124
348 979 951
390 979 608
391 979 580
405 979 314
578 979 137
787 979 568
47 980 328
106 980 276
192 980 164
207 980 922
390 980 124
478 980 160
663 980 145
677 980 301
787 980 216
952 980 972
22 981 245
94 981 374
204 981 364
355 981 120
432 981 437
485 981 591
555 981 214
681 981 237
711 981 775
738 981 159
883 981 989
962 981 258
152 982 170
192 982 178
261 982 102
276 982 147
418 982 268
434 982 386
538 982 455
644 982 219
720 982 142
787 982 278
859 982 132
860 982 305
935 982 192
247 983 111
269 983 183
281 983 146
350 983 430
435 983 186
450 983 108
521 983 127
555 983 608
647 983 301
681 983 476
760 983 712
218 984 119
289 984 254
426 984 268
622 984 246
760 984 433
819 984 568
849 984 970
858 984 269
39 985 195
184 985 236
283 985 283
58 986 455
144 986 278
154 986 311
247 986 328
450 986 188
608 986 436
675 986 250
771 986 518
862 986 221
900 986 243
63 987 448
119 987 224
196 987 101
594 987 401
648 987 406
776 987 100
797 987 229
2 988 239
31 988 182
54 988 150
273 988 267
716 988 685
733 988 112
804 988 186
933 988 264
59 989 447
254 989 259
380 989 179
414 989 365
424 989 338
737 989 415
897 989 119
946 989 199
87 990 101
341 990 479
347 990 175
421 990 419
632 990 199
753 990 440
857 990 131
898 990 353
3 991 187
144 991 536
185 991 273
208 991 454
217 991 433
267 991 130
462 991 359
464 991 211
582 991 163
608 991 249
635 991 219
669 991 185
407 992 250
600 992 298
848 992 461
851 992 373
901 992 179
902 992 579
963 992 307
12 993 266
21 993 439
168 993 481
184 993 325
576 993 148
699 993 422
805 993 319
964 993 388
115 994 401
134 994 157
137 994 462
282 994 111
606 994 155
614 994 401
642 994 740
669 994 144
701 994 484
850 994 220
866 994 115
43 995 216
84 995 323
231 995 104
288 995 138
474 995 176
747 995 578
846 995 129
44 996 798
103 996 163
186 996 267
246 996 469
439 996 269
857 996 132
898 996 358
949 996 120
196 997 339
277 997 263
348 997 655
405 997 506
441 997 442
776 997 484
791 997 160
826 997 456
979 997 830
3 998 154
185 998 210
295 998 414
361 998 206
421 998 149
567 998 522
664 998 190
695 998 256
996 998 235
44 999 166
292 999 259
355 999 171
411 999 688
432 999 211
539 999 174
633 999 145
753 999 141
898 999 506
10 1000 143
61 1000 112
128 1000 121
214 1000 147
487 1000 123
542 1000 229
613 1000 200
634 1000 193
