1
0
1
1
1000000
0
0
0
0
1
7 26 247
25 31 173
16 35 234
11 39 202
20 40 205
8 45 201
23 45 137
30 51 186
17 57 143
13 60 211
15 62 968
48 64 213
53 64 121
21 69 259
63 70 937
27 74 286
5 78 239
64 78 187
4 83 234
6 84 964
72 84 109
60 85 129
8 92 224
10 92 234
23 92 175
34 92 115
21 93 382
59 94 174
16 97 103
29 98 311
52 99 326
77 100 137
30 108 244
80 109 173
71 113 691
77 120 226
95 120 186
74 122 584
81 126 169
124 134 208
111 137 187
70 138 186
5 139 184
128 139 472
111 142 216
44 143 184
7 145 161
56 147 184
74 148 272
95 148 193
96 148 293
110 148 220
117 149 217
122 149 287
141 149 192
148 149 240
40 152 190
50 157 659
128 158 302
121 160 219
51 161 223
96 163 157
50 164 250
69 164 226
93 164 367
126 164 165
8 165 206
42 168 120
127 168 293
150 169 245
40 170 165
138 172 289
66 173 352
138 173 227
1 177 131
77 178 208
25 180 127
43 183 185
166 185 367
50 186 527
125 189 501
71 190 266
30 193 166
73 193 146
184 193 236
4 194 119
91 194 253
19 195 335
67 195 183
189 195 350
95 199 683
30 200 305
57 201 143
189 201 172
4 202 200
136 203 269
53 204 282
11 205 142
118 205 235
3 206 304
14 206 929
151 206 676
185 207 616
34 208 438
44 210 186
122 211 454
3 212 176
86 212 277
121 215 180
190 216 360
90 218 637
215 218 245
155 219 231
54 221 134
73 221 179
184 221 104
71 222 228
190 222 150
216 222 154
61 225 101
86 225 265
113 225 347
222 225 206
24 226 272
73 226 113
140 227 103
97 228 272
32 231 543
91 232 315
156 232 101
28 233 135
81 234 277
183 234 187
12 235 284
133 235 145
38 236 110
3 237 227
206 237 191
53 238 175
111 238 264
142 238 261
195 239 201
5 240 241
78 240 155
215 240 175
89 243 125
174 243 216
87 244 127
231 244 246
147 245 328
232 245 173
163 246 357
90 248 314
54 249 139
13 250 203
85 250 250
112 251 277
162 252 173
181 252 202
22 253 145
15 254 222
44 254 353
154 254 121
137 255 252
238 255 126
93 258 179
169 259 783
7 261 232
47 261 288
91 262 362
128 262 245
194 262 222
142 263 305
53 265 164
111 265 150
141 265 139
172 265 240
65 266 312
119 266 204
176 267 122
9 268 767
37 270 359
110 271 376
149 271 891
171 271 126
172 271 298
211 271 227
265 271 259
161 272 138
153 277 164
252 277 645
179 279 327
224 279 193
62 281 304
44 282 337
202 282 904
232 282 183
118 284 266
177 284 272
23 285 190
30 285 263
189 285 318
244 285 258
92 286 359
98 286 121
214 287 241
286 288 288
85 290 237
86 290 277
227 292 193
29 294 249
73 295 275
203 296 219
291 296 981
67 297 161
87 297 947
125 297 100
239 297 107
135 298 174
26 299 238
88 299 346
145 299 206
165 299 112
135 300 202
119 301 306
129 302 309
197 303 136
203 305 259
170 306 245
93 307 223
164 307 228
157 308 204
253 309 220
111 311 139
117 311 253
271 311 123
146 312 207
35 313 136
175 313 233
60 314 198
201 314 195
285 314 114
306 315 243
72 317 154
115 318 185
136 318 301
162 319 313
228 319 222
28 320 990
233 320 136
271 322 140
90 323 272
270 323 362
12 324 886
64 324 164
138 324 351
265 324 298
37 325 237
66 325 240
18 326 191
268 326 297
310 326 433
167 327 354
199 327 182
113 328 205
190 328 231
229 328 108
134 329 256
151 329 334
262 330 131
303 332 613
300 334 247
156 335 191
202 335 255
155 336 871
123 337 123
230 338 247
134 339 156
328 339 148
259 342 134
274 342 225
222 345 321
25 346 101
12 348 354
64 348 259
250 348 109
211 349 292
66 350 221
280 350 169
304 350 290
255 351 771
121 352 264
245 352 214
176 353 195
243 354 199
88 355 257
112 355 130
220 355 675
246 356 110
141 357 112
235 357 319
324 357 260
340 357 197
280 358 194
325 358 202
336 358 305
350 358 221
23 361 106
288 361 369
198 363 307
113 364 135
55 365 209
116 365 212
181 365 200
7 366 147
159 366 280
250 366 278
55 367 201
339 367 137
42 368 167
71 368 292
61 369 166
134 369 164
328 369 108
95 370 267
159 372 302
79 373 657
290 373 205
347 373 255
89 374 166
64 375 179
240 375 221
324 375 135
90 376 367
160 376 908
215 376 131
82 377 230
129 377 289
197 377 193
168 378 212
104 379 387
109 379 719
192 379 184
298 379 273
328 380 156
364 380 202
155 381 180
137 382 372
171 382 270
311 382 221
49 383 356
199 383 947
64 384 320
40 385 751
224 385 184
374 386 219
256 387 185
3 388 156
86 388 172
113 388 264
339 388 273
155 389 166
161 389 197
193 389 279
363 389 954
161 390 897
212 390 556
329 390 348
145 391 231
220 391 313
242 391 113
302 391 267
303 391 804
377 391 244
209 392 303
223 392 129
198 393 106
308 394 322
2 395 263
203 395 280
318 395 191
87 396 203
239 396 239
107 397 347
303 397 194
237 398 214
68 399 162
220 399 170
377 399 297
348 400 305
365 401 152
143 402 933
264 402 184
16 403 932
55 404 232
130 404 233
229 404 108
339 404 242
152 405 221
68 407 271
399 407 125
86 408 170
222 408 229
294 409 737
120 410 186
207 410 800
381 410 203
383 411 270
253 412 145
410 412 302
123 413 236
79 414 236
159 414 301
6 415 214
84 415 987
317 415 111
135 416 188
334 416 285
182 417 153
283 417 363
188 418 251
217 419 183
37 420 217
148 421 350
171 421 239
174 421 310
187 422 200
291 424 703
395 424 226
138 425 228
324 425 201
384 425 820
13 426 104
33 426 324
244 426 161
30 427 179
51 427 602
81 427 216
198 427 151
221 427 187
57 428 567
297 428 239
29 429 721
57 429 311
152 430 194
202 431 260
104 432 328
379 432 310
276 433 117
53 435 190
96 435 120
265 435 205
219 436 679
24 437 356
249 437 270
393 437 201
437 438 237
166 439 297
110 440 298
121 440 256
440 442 294
319 443 119
403 443 101
157 444 186
164 444 192
140 445 130
250 447 244
260 447 294
19 448 157
191 449 868
242 449 133
256 450 294
266 450 346
176 451 186
106 452 186
167 453 147
199 453 107
411 453 110
120 454 229
217 454 183
159 455 136
190 455 164
339 455 107
408 455 621
328 456 107
367 456 206
368 456 225
146 457 690
71 458 180
222 458 196
369 458 171
66 459 157
90 459 311
160 459 231
325 459 629
67 460 440
231 460 139
117 461 282
137 461 225
142 461 246
148 461 242
33 462 208
87 462 201
125 462 195
244 462 232
285 462 190
361 462 317
418 463 280
168 464 118
154 465 165
267 465 225
157 467 275
50 468 275
307 468 213
467 468 316
74 470 805
96 470 276
68 471 233
449 471 204
127 472 192
136 472 173
305 472 221
454 472 116
107 473 834
303 473 225
441 474 152
1 475 199
79 476 256
247 476 148
372 476 124
409 476 228
414 476 282
52 477 293
178 477 148
412 477 153
92 478 114
288 478 272
448 478 201
33 479 201
87 479 980
88 479 209
116 479 495
426 479 184
7 480 269
116 480 208
442 480 142
31 481 287
78 481 111
325 481 301
83 482 280
194 482 366
184 483 254
393 483 324
438 483 122
65 484 618
268 484 294
387 484 968
13 485 100
145 485 358
366 485 301
426 485 220
153 486 101
277 486 251
316 486 336
124 487 247
403 487 267
72 488 260
359 488 136
30 489 987
221 489 146
374 490 250
33 491 127
60 491 175
88 491 174
145 491 147
200 491 252
220 491 197
285 491 119
426 491 268
344 492 985
300 493 157
301 493 140
378 493 191
100 494 249
439 494 360
12 495 119
371 495 149
425 495 263
44 496 645
281 496 831
287 496 848
376 497 240
59 498 936
204 498 220
285 499 292
340 499 204
27 500 171
148 500 204
160 501 241
362 502 103
177 503 195
205 503 236
459 505 386
497 505 107
26 506 212
88 506 171
116 506 875
371 506 117
401 506 275
365 507 142
132 509 213
202 509 763
278 509 379
45 510 341
87 510 137
361 510 255
125 511 170
172 512 125
211 512 256
57 513 129
195 513 313
429 513 239
447 514 183
210 515 139
214 515 131
189 516 178
297 516 959
353 517 107
402 517 140
499 518 140
395 519 271
37 520 196
144 520 134
217 520 124
7 521 100
124 521 217
276 522 133
9 523 189
119 523 180
39 524 206
177 524 871
475 524 114
73 525 204
69 526 251
444 526 314
393 527 193
489 527 330
278 529 290
308 529 164
467 529 248
51 530 192
249 530 209
479 530 203
14 532 284
367 532 892
150 533 206
307 535 194
444 535 151
467 535 132
309 536 488
488 536 172
241 537 190
55 538 163
114 538 213
345 538 880
408 538 364
507 538 243
379 539 123
46 540 187
84 540 345
85 541 118
348 541 251
384 541 256
495 541 352
115 543 153
203 543 380
291 543 121
331 544 151
358 544 229
80 545 300
376 545 299
432 545 200
466 545 232
110 546 293
311 546 190
461 546 802
91 547 184
156 547 315
202 547 922
330 547 151
534 547 236
31 548 285
78 548 214
180 548 169
384 548 163
53 549 199
102 549 339
255 549 778
384 549 164
293 550 200
391 550 142
47 551 281
159 551 253
181 551 100
116 552 123
250 552 206
507 552 701
60 553 126
473 553 202
533 553 202
19 554 962
125 554 209
513 554 172
24 555 224
161 555 322
198 555 362
437 555 109
489 555 219
338 556 245
344 556 306
36 557 218
221 557 226
555 557 186
457 558 194
89 559 237
106 559 275
354 559 239
386 559 194
418 559 168
119 560 183
41 561 249
104 561 109
192 561 213
58 562 185
502 562 137
94 563 102
336 563 126
381 564 243
469 564 247
16 565 171
319 565 433
409 565 175
414 565 209
115 566 195
136 566 104
296 566 172
395 566 235
68 567 650
129 567 257
269 567 222
407 567 173
68 568 196
220 568 242
332 568 186
426 568 120
449 568 238
76 569 283
434 569 181
459 569 116
481 569 237
386 570 247
41 571 173
104 571 942
158 572 207
475 572 325
261 573 256
366 573 805
508 573 204
551 573 272
164 574 272
183 574 122
307 574 129
298 575 711
300 575 165
301 575 146
394 576 136
60 577 245
154 577 166
220 577 271
473 577 112
221 578 183
272 578 172
310 578 307
427 578 201
555 578 526
105 579 202
174 580 237
215 580 304
497 580 296
91 581 206
132 581 273
232 581 267
547 581 400
360 582 300
153 583 146
67 584 232
87 584 386
231 584 274
96 585 309
351 585 218
461 585 247
241 586 285
114 587 249
131 587 333
151 587 189
206 587 250
212 587 313
408 587 767
218 588 250
357 588 415
82 589 883
299 589 131
355 589 352
391 589 951
82 590 152
355 590 149
399 590 233
567 590 736
248 591 145
358 591 293
191 592 304
242 592 270
251 592 215
137 593 135
148 593 171
171 593 275
172 593 116
265 593 345
425 593 111
549 593 147
115 594 142
168 594 184
395 594 963
247 595 118
414 595 290
486 595 130
6 596 112
92 596 246
396 596 229
510 596 213
242 597 266
251 597 282
302 597 100
355 597 246
479 597 221
567 597 258
568 597 201
386 598 232
111 599 189
117 599 221
141 599 196
18 600 140
474 600 289
16 601 343
313 601 706
414 601 309
487 601 242
7 602 183
47 602 208
124 602 190
159 602 230
339 602 224
601 602 244
46 603 290
182 603 854
196 603 296
541 603 256
170 604 805
273 604 114
528 605 145
83 606 126
180 606 141
358 607 310
434 607 168
481 607 146
542 607 198
544 607 270
243 608 203
463 608 169
570 608 321
582 608 172
13 609 260
479 609 278
552 609 150
353 610 184
359 610 223
315 611 266
452 611 230
480 611 159
305 612 909
454 612 136
2 613 313
203 613 184
291 613 212
318 613 205
519 613 446
566 613 184
594 613 135
401 614 203
433 614 165
583 614 284
68 615 127
197 615 246
332 615 356
261 616 261
508 616 296
304 617 132
73 618 143
365 618 992
367 618 290
602 618 429
240 619 294
325 619 341
376 619 101
481 619 204
520 619 925
147 620 220
362 620 172
422 620 197
441 620 825
514 620 272
518 620 420
360 621 245
191 622 167
233 622 658
251 622 656
320 622 310
568 622 286
148 623 202
163 623 283
174 623 247
215 623 286
375 623 242
425 623 653
440 623 246
30 624 318
200 624 160
233 625 352
293 625 958
391 625 266
485 625 216
568 625 126
7 626 154
85 626 175
491 626 224
495 626 140
506 626 312
10 627 524
236 628 163
260 628 223
258 629 338
308 629 289
352 629 328
370 630 271
72 632 182
103 633 184
558 633 313
238 634 364
311 634 160
317 635 135
38 636 189
422 636 168
233 637 148
391 637 212
397 637 183
523 637 246
592 637 204
43 638 248
330 638 235
534 638 194
548 638 202
606 638 167
3 639 225
446 639 126
150 640 183
342 640 229
412 640 164
61 641 253
86 641 296
134 641 220
390 641 193
24 642 128
73 642 184
79 643 287
316 643 106
443 643 309
487 643 248
145 644 358
242 644 292
479 644 272
584 644 178
283 645 230
488 645 123
21 646 190
308 646 165
526 646 195
277 647 142
595 647 268
328 648 340
227 649 110
445 649 244
504 649 986
46 650 186
72 650 317
196 650 178
635 650 188
182 651 220
209 651 319
298 651 107
422 652 199
334 654 196
493 654 724
484 655 231
560 655 637
500 656 348
616 656 156
623 656 235
160 657 280
251 658 898
302 658 120
637 658 340
46 659 113
645 659 106
73 660 182
221 660 111
294 660 106
310 660 185
427 660 109
40 661 145
257 661 286
4 662 249
330 662 211
606 662 370
62 663 162
143 663 191
496 663 167
515 663 282
251 664 129
320 664 325
399 665 107
577 665 199
266 666 243
268 666 211
387 666 224
133 667 160
618 667 163
203 668 397
291 668 167
318 668 179
519 668 314
575 668 616
594 668 248
203 669 332
291 669 302
318 669 210
41 670 210
665 670 153
79 671 159
275 671 218
319 671 345
347 671 314
409 671 199
443 671 111
565 671 572
93 672 149
574 672 454
576 672 239
153 673 211
373 673 253
531 673 134
74 674 357
421 674 348
28 675 201
525 675 217
625 675 238
31 676 206
346 676 171
25 677 264
331 677 163
376 677 302
43 678 177
56 678 339
157 678 171
444 678 268
505 679 177
37 680 349
676 680 109
679 680 189
118 681 318
406 681 300
430 681 107
43 682 251
234 682 543
606 682 243
171 683 219
211 683 207
674 683 180
173 684 217
240 684 275
2 685 763
136 685 330
296 685 265
424 685 354
519 685 373
543 685 126
594 685 628
669 685 922
359 686 113
413 686 283
68 687 174
269 687 163
525 687 318
615 687 144
665 687 149
279 688 295
385 688 211
604 688 298
661 688 167
2 689 349
49 689 118
424 689 253
543 689 986
566 689 252
668 689 271
669 689 126
316 690 285
487 690 102
531 690 643
256 691 245
370 691 672
387 692 228
691 692 186
91 693 914
224 693 129
273 693 388
55 694 237
364 694 136
388 694 276
401 694 241
639 694 120
143 695 344
337 695 209
42 696 270
464 696 347
92 697 210
145 697 927
165 697 185
195 697 212
285 697 328
396 697 361
448 697 187
584 697 237
627 697 261
20 698 344
179 698 137
224 698 189
661 698 331
252 699 321
313 699 651
365 699 223
614 699 268
103 700 246
575 700 250
304 701 135
358 701 300
542 701 116
607 701 263
619 701 255
394 702 327
672 702 210
78 703 275
139 703 228
147 703 258
262 703 263
482 703 181
638 703 332
678 703 211
169 704 139
321 704 264
62 705 111
63 705 351
70 705 358
210 705 226
287 705 225
515 705 293
66 706 231
217 706 229
304 706 269
619 706 272
684 706 271
98 707 277
286 707 165
23 708 302
314 708 258
707 708 126
53 709 289
102 709 264
192 709 149
349 709 278
498 709 642
115 710 351
136 710 183
296 710 278
424 710 190
613 710 899
668 710 214
518 711 168
541 711 286
17 712 196
195 712 750
586 712 161
627 712 216
12 713 668
116 713 551
371 713 263
442 713 255
43 714 142
308 714 199
444 714 177
534 714 226
535 714 273
574 714 204
576 714 241
190 715 205
648 715 177
293 716 129
407 716 243
111 717 140
137 717 219
172 717 176
263 717 174
311 717 804
47 718 226
339 718 188
648 718 258
36 719 139
193 719 159
449 719 375
660 719 317
156 720 185
245 720 639
534 720 669
576 720 352
173 721 273
245 721 747
534 721 310
535 721 276
581 721 266
347 722 771
403 722 120
59 723 102
219 723 249
336 723 322
59 724 222
146 725 143
354 725 266
418 725 224
621 725 249
26 726 347
174 726 136
371 726 121
95 727 152
327 727 218
134 728 226
151 728 191
408 728 211
458 728 221
583 730 318
322 731 167
700 731 371
3 732 295
130 732 322
329 732 233
339 732 208
446 732 160
532 732 331
91 733 257
282 733 205
280 734 250
505 734 248
25 735 151
331 735 537
158 736 119
205 736 235
284 736 115
455 736 227
475 736 171
566 736 270
87 737 169
428 737 362
609 737 305
29 738 132
244 738 325
286 738 119
485 738 177
513 738 215
697 738 320
510 739 280
707 739 129
737 739 206
492 740 176
12 741 158
348 741 743
80 742 228
356 742 247
292 743 234
559 743 351
649 743 122
55 744 361
71 744 185
206 744 120
388 744 980
408 744 195
455 744 238
728 744 288
91 745 241
128 745 260
132 745 356
202 745 101
262 745 169
75 746 138
436 746 276
536 746 168
578 746 164
723 746 364
339 747 138
380 747 588
446 747 198
694 747 152
79 748 183
252 748 187
319 748 287
414 748 185
486 748 252
643 748 176
699 748 385
447 749 886
382 750 150
421 750 213
461 750 197
423 751 194
486 751 287
127 752 124
454 752 215
464 752 850
696 753 106
15 754 198
139 754 270
287 754 370
515 754 144
163 755 145
521 755 202
711 755 246
741 755 340
313 756 204
365 756 179
404 756 141
480 756 278
602 756 270
208 757 134
441 757 274
101 758 243
572 758 239
603 759 865
653 759 112
159 760 243
181 760 711
365 760 164
667 760 240
744 760 166
748 760 189
274 761 213
640 761 169
704 761 160
211 762 144
265 762 895
512 762 129
709 762 192
601 763 318
614 763 168
730 763 169
24 764 166
151 764 262
200 764 222
14 765 370
367 765 178
368 765 219
667 765 261
744 765 118
26 766 197
401 766 342
602 766 312
747 766 832
763 766 147
250 767 286
366 767 153
372 767 200
400 767 155
80 768 125
260 768 244
71 769 107
113 769 175
715 769 203
323 770 809
376 770 198
419 770 189
520 770 154
657 770 267
680 770 271
181 771 559
290 771 207
388 771 111
401 771 239
602 771 202
626 771 162
760 771 104
250 772 126
521 772 186
741 772 202
35 773 158
97 773 228
162 773 126
275 773 346
319 773 314
433 773 264
578 773 298
699 773 175
112 774 357
220 774 176
622 774 285
637 774 210
165 775 199
195 775 194
516 775 205
545 775 168
91 776 124
245 776 163
444 776 240
482 776 321
534 776 232
703 776 731
721 776 705
314 777 620
553 777 255
594 777 323
627 777 558
464 778 213
591 778 134
753 778 943
303 779 294
466 779 137
539 779 176
79 780 306
247 780 326
316 780 318
486 780 273
595 780 299
673 780 239
55 781 307
71 781 367
229 781 206
345 781 200
364 781 206
456 781 257
769 781 134
53 782 277
142 782 373
148 782 282
204 782 100
265 782 288
375 782 203
108 783 323
322 783 439
621 783 112
379 784 160
486 784 111
561 784 122
703 784 232
779 784 186
288 785 160
448 785 313
462 785 232
554 785 338
738 785 137
163 786 249
180 786 179
384 786 178
711 786 300
39 787 275
177 787 114
405 787 263
132 788 393
278 788 633
467 788 308
684 788 163
721 788 197
312 789 334
360 789 323
85 790 374
521 790 709
553 790 240
711 790 245
153 791 201
252 791 130
373 791 207
601 791 313
614 791 318
748 791 215
771 791 121
105 792 220
187 792 538
499 792 136
202 793 216
232 793 141
352 793 257
16 794 598
162 794 234
319 794 130
347 794 228
433 794 268
791 794 113
96 795 221
351 795 329
549 795 151
786 795 211
84 796 882
196 796 169
283 796 223
488 796 179
540 796 224
632 796 390
647 797 172
121 798 179
173 798 224
218 798 159
245 798 951
459 798 205
75 799 230
133 799 350
586 799 785
753 800 135
37 801 180
76 801 226
323 801 199
459 801 197
657 801 368
679 801 199
376 802 159
419 802 180
617 802 198
706 802 294
51 803 197
578 803 740
49 804 269
276 804 161
778 804 144
800 804 211
333 805 656
33 806 286
293 806 351
485 806 209
573 806 150
785 806 239
173 807 273
215 807 966
425 807 268
534 807 221
548 807 187
1 808 427
101 808 292
502 808 341
808 809 217
139 810 260
157 810 139
186 810 217
678 810 203
436 811 130
563 811 288
417 812 639
653 812 266
81 813 850
83 813 153
308 813 125
682 813 238
326 814 145
97 815 265
423 815 108
601 815 202
618 815 204
699 815 533
40 816 183
604 816 179
698 816 257
105 817 330
285 817 233
422 817 144
499 817 286
579 817 312
749 817 252
59 818 226
336 818 210
469 818 117
564 818 136
632 818 117
505 819 300
580 819 212
720 819 943
798 819 104
807 819 224
13 820 104
320 820 173
332 820 216
568 820 178
577 820 270
625 820 236
675 820 153
687 820 147
115 821 189
136 821 267
250 821 138
291 821 233
395 821 213
689 821 179
742 821 278
118 822 132
405 822 164
511 822 286
188 823 215
354 823 177
570 823 231
582 823 168
598 823 191
75 824 385
289 824 903
122 825 175
141 825 248
762 825 790
451 826 234
22 827 139
537 827 194
526 828 283
588 828 117
733 828 142
776 828 192
65 829 119
256 829 199
266 829 229
370 829 229
630 829 355
187 830 265
447 830 146
499 830 220
652 830 153
259 831 232
274 831 220
276 831 243
2 832 145
296 832 245
318 832 217
424 832 103
519 832 287
543 832 308
594 832 126
821 832 113
468 833 335
529 833 129
228 834 269
667 834 273
748 834 199
751 834 287
815 834 161
95 835 970
383 835 131
804 835 179
33 836 820
220 836 128
293 836 244
407 836 267
568 836 177
597 836 113
139 837 222
157 837 149
240 837 397
703 837 258
745 837 259
776 837 230
788 837 173
15 838 104
377 838 137
515 838 199
120 839 262
612 839 252
699 839 269
727 839 930
12 840 224
116 840 222
133 840 202
250 840 208
366 840 736
426 840 384
626 840 161
760 840 129
772 840 196
131 842 144
216 842 187
372 842 160
408 842 684
455 842 777
16 843 142
126 844 338
444 844 243
466 844 183
482 844 183
678 844 125
813 844 149
215 845 286
278 845 875
656 845 254
684 845 186
802 845 299
104 846 211
571 846 106
203 847 277
291 847 734
318 847 279
594 847 366
689 847 292
2 848 305
115 848 197
136 848 209
296 848 140
424 848 248
519 848 251
669 848 911
847 848 340
263 849 186
461 849 139
500 849 328
346 850 227
420 850 227
677 850 175
770 850 220
131 851 254
223 851 203
729 851 962
46 852 183
497 852 238
679 852 312
770 852 217
149 853 389
218 853 159
357 853 188
623 853 227
256 854 210
266 854 165
560 854 161
768 855 117
99 856 158
410 856 239
543 856 197
175 857 260
277 857 161
423 857 233
486 857 940
583 857 227
699 857 293
731 857 180
111 858 327
238 858 984
435 858 228
585 858 229
306 859 301
731 859 169
826 859 434
490 860 276
251 861 209
309 861 322
622 861 331
774 861 173
836 861 165
5 862 325
144 862 295
481 862 171
542 862 944
619 862 174
10 863 292
707 863 113
5 864 141
64 864 192
204 864 204
375 864 605
400 864 198
560 865 385
666 865 231
692 865 121
829 865 119
68 866 236
377 866 234
525 866 112
625 866 403
687 866 841
716 866 156
12 867 322
138 867 109
495 867 157
508 867 209
713 867 470
111 868 166
188 868 275
243 868 193
386 868 188
490 868 214
566 868 193
823 868 118
860 868 289
21 869 106
50 869 873
81 869 178
258 869 200
308 869 212
574 869 172
702 869 212
833 869 332
269 870 223
309 870 380
597 870 196
609 870 908
664 870 117
820 870 620
78 871 881
173 871 942
240 871 220
324 871 137
325 871 155
588 871 324
776 871 247
798 871 245
807 871 209
301 872 201
378 872 576
431 872 226
822 872 196
23 873 201
32 873 107
244 873 200
286 873 115
361 873 143
387 873 120
510 873 638
707 873 105
863 873 178
2 874 341
95 874 163
519 874 256
543 874 223
566 874 297
669 874 251
710 874 241
821 874 137
847 874 254
213 875 621
841 875 216
759 876 254
106 877 209
154 877 216
172 878 154
263 878 101
500 878 335
782 878 157
289 879 238
536 879 114
17 880 158
57 880 737
125 880 343
189 880 103
244 880 168
297 880 498
460 880 772
513 880 171
74 881 150
110 881 328
211 881 115
321 882 122
342 882 234
412 882 195
533 882 267
124 883 226
643 883 221
728 883 234
760 883 779
772 883 271
150 884 957
259 884 204
276 884 329
522 884 184
533 884 186
761 884 273
511 885 199
605 885 102
133 886 272
231 886 183
426 886 209
449 886 258
644 886 731
84 887 271
196 887 174
635 887 123
645 887 304
147 888 278
272 888 810
310 888 217
497 889 199
734 889 244
875 889 249
197 890 110
473 890 320
665 890 296
45 891 351
87 891 201
88 891 135
165 891 322
285 891 297
516 891 115
83 892 192
163 892 271
180 892 343
215 892 208
249 892 145
677 892 472
264 893 338
660 894 199
79 895 277
275 895 143
507 895 164
699 895 170
248 896 133
280 896 923
331 896 321
376 896 238
501 896 175
617 896 305
701 896 229
889 896 183
325 897 753
420 897 121
481 897 201
544 897 180
677 897 175
692 898 142
740 898 183
809 898 369
373 899 159
487 899 147
531 899 247
571 899 267
722 899 207
335 900 149
394 900 186
580 900 103
720 900 281
447 901 170
652 901 274
808 901 257
58 902 238
230 902 255
901 902 346
33 903 231
116 903 243
181 903 855
573 903 303
626 903 216
840 903 121
867 903 771
221 904 239
294 904 204
295 904 333
437 904 135
660 904 151
894 904 204
32 905 271
92 905 282
510 905 255
584 905 270
621 905 279
78 906 214
482 906 207
871 906 296
892 906 569
897 906 359
150 907 169
232 907 212
704 907 942
856 907 253
55 908 139
181 908 255
237 908 278
388 908 154
744 908 252
769 908 153
40 909 170
661 909 313
693 909 165
377 910 107
550 910 750
716 910 102
528 911 164
631 911 177
647 911 284
310 912 156
607 912 106
719 912 846
213 913 902
333 913 173
142 914 256
204 914 135
238 914 307
31 915 102
280 915 177
607 915 163
735 915 266
109 916 158
545 916 177
561 916 266
670 916 274
233 917 259
293 917 220
861 917 180
145 918 103
303 918 248
521 918 104
553 918 276
627 918 193
523 919 151
526 919 286
814 919 194
107 920 284
320 920 128
577 920 250
774 920 158
145 921 174
302 921 220
396 921 338
479 921 314
480 921 217
594 921 261
780 922 283
857 922 222
895 922 333
729 923 329
876 923 145
539 924 214
742 924 348
37 925 964
76 925 151
144 925 235
420 925 240
481 925 157
520 925 316
651 925 235
676 925 126
340 926 198
362 926 146
518 926 239
652 926 499
749 926 324
817 926 282
550 927 148
637 927 207
917 927 143
112 928 160
589 928 181
637 928 168
145 929 237
261 929 149
448 929 285
550 929 371
806 929 198
171 930 227
174 930 188
371 930 198
425 930 168
819 930 167
179 931 966
257 931 377
661 931 114
7 932 245
116 932 262
133 932 260
618 932 125
644 932 320
104 933 270
109 933 337
670 933 239
779 933 206
27 934 168
386 934 330
512 934 251
878 934 243
16 935 320
433 935 761
763 935 206
398 936 202
718 936 204
732 936 276
162 937 326
565 937 634
843 937 217
252 938 191
414 938 269
551 938 205
647 938 129
937 938 189
70 939 527
281 939 681
287 939 196
39 940 367
158 940 210
284 940 347
201 941 247
712 941 274
777 941 155
13 942 250
29 942 178
57 942 269
244 942 199
314 942 178
707 942 308
737 942 273
738 942 445
50 943 317
126 943 132
164 943 103
183 943 153
186 943 206
315 943 111
678 943 348
147 944 130
232 944 219
262 944 108
79 945 341
159 945 174
250 945 215
290 945 305
372 945 250
408 945 235
430 945 287
507 945 139
760 945 101
883 945 111
131 946 153
206 946 358
398 946 203
455 946 137
587 946 105
732 946 100
12 947 225
348 947 153
366 947 201
375 947 181
400 947 258
508 947 140
385 948 177
452 948 120
605 948 226
693 948 250
859 948 206
17 949 214
244 949 295
627 949 271
863 949 906
942 949 322
150 950 272
259 950 192
218 951 156
245 951 180
282 951 242
646 951 112
828 951 245
378 952 176
613 952 213
654 952 231
74 953 172
102 953 183
512 953 165
593 953 135
683 953 337
762 953 316
120 954 193
654 954 205
752 954 315
778 954 742
835 954 786
504 955 307
692 955 418
743 955 274
94 956 214
219 956 230
381 956 106
724 956 261
818 956 198
242 957 167
377 957 212
471 957 211
567 957 191
341 958 176
805 958 166
3 959 116
30 959 218
108 959 181
530 959 263
624 959 358
904 959 228
49 960 189
203 960 199
343 960 177
411 960 351
251 961 164
855 961 586
924 961 115
695 962 146
729 962 301
838 962 317
893 962 688
48 963 133
53 963 292
271 963 211
349 963 149
634 963 191
7 964 204
442 964 202
495 964 258
616 964 111
623 964 174
726 964 198
755 964 330
947 964 197
320 965 175
332 965 134
397 965 179
622 965 116
13 966 312
332 966 291
426 966 151
772 966 147
875 966 158
918 966 123
949 966 183
48 967 210
138 967 203
271 967 193
324 967 295
440 967 210
713 967 209
798 967 394
853 967 159
930 967 171
31 968 337
66 968 193
280 968 187
325 968 315
376 968 211
385 968 219
505 968 214
680 968 288
807 968 159
74 969 254
498 969 111
709 969 226
762 969 235
782 969 314
934 969 173
398 970 502
455 970 103
551 970 167
715 970 176
718 970 884
908 970 280
48 971 144
78 971 220
147 971 182
569 971 895
798 971 234
47 972 352
601 972 194
797 972 124
843 972 304
938 972 185
519 973 107
543 973 145
566 973 141
594 973 284
669 973 209
710 973 195
821 973 337
13 974 258
29 974 110
485 974 228
675 974 297
767 974 216
101 975 262
177 975 294
215 975 209
475 975 320
503 975 264
758 975 321
940 975 287
59 976 184
428 976 756
563 976 200
824 976 155
59 977 177
436 977 339
818 977 515
37 978 180
66 978 333
217 978 104
680 978 291
801 978 164
2 979 113
115 979 164
136 979 310
296 979 158
424 979 165
668 979 294
847 979 250
973 979 270
557 980 104
904 980 167
83 981 213
202 981 121
215 981 200
278 981 150
308 981 164
352 981 556
534 981 194
837 981 229
900 981 297
951 981 239
246 982 202
636 982 231
55 983 968
114 983 172
130 983 164
206 983 374
237 983 320
532 983 143
639 983 125
49 984 999
343 984 315
800 984 271
9 985 179
34 985 194
124 986 231
290 986 347
641 986 247
790 986 277
899 986 210
138 987 239
375 987 902
508 987 384
656 987 244
684 987 252
878 987 232
48 988 269
348 988 110
552 988 360
713 988 281
90 989 189
270 989 192
325 989 237
588 989 196
591 989 297
406 990 154
631 990 330
56 991 194
93 991 280
245 991 240
444 991 524
535 991 175
576 991 346
629 991 702
646 991 170
686 991 329
248 992 146
350 992 246
358 992 100
434 992 293
459 992 275
501 992 235
734 992 195
235 993 779
713 993 149
853 993 164
932 993 127
964 993 150
102 994 165
470 994 292
795 994 153
153 995 197
175 995 353
423 995 278
595 995 188
601 995 308
690 995 133
730 995 223
797 995 267
435 996 205
470 996 138
709 996 149
762 996 336
294 997 189
578 997 192
64 998 214
73 998 425
163 998 269
324 998 208
435 998 277
741 998 236
906 998 257
10 999 198
708 999 259
777 999 196
56 1000 201
93 1000 164
943 1000 223
