1
0
1
1
1000000
0
0
0
0
1
1 23 1000
10 23 1000
18 28 1000
29 35 1000
29 37 1000
28 41 1000
26 44 1000
34 60 1000
8 63 1000
22 69 1000
5 71 1000
19 72 1000
62 73 1000
69 74 1000
31 80 1000
36 82 1000
46 83 1000
24 84 1000
42 86 1000
49 86 1000
8 87 1000
12 87 1000
35 88 1000
37 88 1000
3 91 1000
36 92 1000
48 93 1000
7 95 1000
41 95 1000
31 96 1000
74 97 1000
79 99 1000
23 103 1000
96 104 1000
25 107 1000
84 107 1000
31 109 1000
39 109 1000
63 110 1000
87 110 1000
13 111 1000
102 113 1000
107 113 1000
25 114 1000
44 114 1000
84 114 1000
75 115 1000
82 115 1000
103 116 1000
47 117 1000
36 119 1000
115 119 1000
64 120 1000
16 121 1000
89 122 1000
112 122 1000
68 123 1000
9 124 1000
60 124 1000
105 125 1000
1 126 1000
45 126 1000
103 126 1000
25 129 1000
14 132 1000
57 132 1000
64 135 1000
77 135 1000
48 136 1000
49 136 1000
43 137 1000
48 137 1000
49 137 1000
24 138 1000
22 139 1000
74 139 1000
129 139 1000
20 141 1000
43 141 1000
131 142 1000
128 143 1000
27 145 1000
54 145 1000
91 145 1000
9 146 1000
133 146 1000
4 147 1000
101 148 1000
140 148 1000
143 151 1000
40 153 1000
18 154 1000
35 156 1000
131 157 1000
2 158 1000
30 158 1000
67 159 1000
88 160 1000
39 161 1000
26 162 1000
159 162 1000
3 163 1000
50 163 1000
41 165 1000
116 168 1000
117 168 1000
65 169 1000
161 171 1000
17 172 1000
2 173 1000
85 173 1000
90 173 1000
65 174 1000
125 174 1000
111 175 1000
99 176 1000
81 177 1000
136 179 1000
26 180 1000
86 181 1000
52 183 1000
53 183 1000
152 184 1000
5 185 1000
30 186 1000
60 187 1000
66 187 1000
71 188 1000
189 192 1000
99 193 1000
188 193 1000
69 194 1000
44 195 1000
79 195 1000
68 196 1000
134 196 1000
176 197 1000
2 198 1000
63 198 1000
85 198 1000
177 199 1000
132 200 1000
175 200 1000
54 201 1000
91 201 1000
168 202 1000
80 203 1000
96 203 1000
189 203 1000
62 204 1000
67 205 1000
97 205 1000
5 206 1000
32 206 1000
120 206 1000
79 207 1000
101 207 1000
204 208 1000
12 209 1000
179 209 1000
138 210 1000
105 212 1000
169 212 1000
174 212 1000
7 213 1000
160 213 1000
164 213 1000
96 214 1000
147 215 1000
169 215 1000
42 216 1000
43 216 1000
49 216 1000
80 217 1000
189 217 1000
52 218 1000
56 218 1000
89 218 1000
39 219 1000
73 219 1000
174 220 1000
196 220 1000
85 222 1000
79 223 1000
193 223 1000
205 224 1000
156 225 1000
66 226 1000
28 227 1000
95 227 1000
106 227 1000
22 228 1000
102 228 1000
107 228 1000
129 228 1000
29 230 1000
199 230 1000
59 231 1000
108 231 1000
58 232 1000
127 232 1000
192 233 1000
130 234 1000
148 234 1000
197 234 1000
72 235 1000
102 236 1000
99 239 1000
148 239 1000
197 239 1000
207 239 1000
4 240 1000
58 240 1000
127 240 1000
51 241 1000
76 241 1000
221 243 1000
81 244 1000
15 245 1000
104 245 1000
211 245 1000
242 245 1000
94 246 1000
149 246 1000
117 247 1000
202 247 1000
110 248 1000
237 248 1000
129 249 1000
159 249 1000
59 250 1000
9 251 1000
133 251 1000
141 252 1000
216 252 1000
7 253 1000
152 253 1000
164 253 1000
63 254 1000
85 254 1000
151 255 1000
22 256 1000
102 256 1000
194 256 1000
122 258 1000
8 259 1000
181 259 1000
254 259 1000
34 260 1000
153 260 1000
16 261 1000
165 261 1000
10 262 1000
15 262 1000
61 262 1000
50 263 1000
106 263 1000
184 263 1000
151 264 1000
201 264 1000
140 265 1000
234 265 1000
57 266 1000
111 266 1000
200 266 1000
93 267 1000
100 267 1000
167 267 1000
94 268 1000
161 268 1000
208 268 1000
116 269 1000
117 269 1000
6 270 1000
11 270 1000
112 270 1000
7 271 1000
41 271 1000
83 272 1000
173 272 1000
222 272 1000
17 273 1000
182 273 1000
243 274 1000
100 275 1000
167 275 1000
221 275 1000
100 276 1000
149 276 1000
221 276 1000
118 277 1000
142 277 1000
157 277 1000
237 277 1000
124 278 1000
146 278 1000
152 278 1000
164 278 1000
11 279 1000
72 279 1000
175 280 1000
221 280 1000
274 280 1000
86 281 1000
136 281 1000
209 281 1000
240 282 1000
101 283 1000
180 283 1000
167 284 1000
241 284 1000
55 285 1000
244 285 1000
131 286 1000
218 286 1000
56 287 1000
73 287 1000
286 287 1000
95 288 1000
106 288 1000
184 288 1000
253 288 1000
5 289 1000
32 289 1000
188 289 1000
210 289 1000
125 290 1000
115 291 1000
233 291 1000
226 292 1000
251 292 1000
91 294 1000
163 294 1000
21 295 1000
70 295 1000
171 295 1000
77 296 1000
209 297 1000
255 298 1000
274 298 1000
113 299 1000
236 299 1000
273 299 1000
8 300 1000
12 300 1000
181 300 1000
281 300 1000
150 301 1000
176 301 1000
31 302 1000
214 302 1000
92 303 1000
119 303 1000
191 303 1000
118 304 1000
237 304 1000
33 305 1000
92 305 1000
191 305 1000
226 306 1000
15 307 1000
75 307 1000
211 307 1000
36 308 1000
283 308 1000
52 309 1000
89 309 1000
258 309 1000
98 310 1000
166 310 1000
190 310 1000
242 310 1000
118 311 1000
142 311 1000
229 311 1000
103 312 1000
168 312 1000
19 313 1000
147 313 1000
235 313 1000
33 314 1000
172 315 1000
50 316 1000
144 316 1000
294 316 1000
20 317 1000
51 317 1000
76 317 1000
315 318 1000
46 319 1000
90 319 1000
272 319 1000
58 320 1000
98 320 1000
282 320 1000
68 322 1000
125 322 1000
220 322 1000
225 323 1000
261 323 1000
42 324 1000
252 324 1000
27 325 1000
301 325 1000
318 326 1000
35 327 1000
225 327 1000
230 327 1000
62 328 1000
131 328 1000
287 328 1000
20 329 1000
43 329 1000
51 329 1000
67 330 1000
224 330 1000
200 331 1000
275 331 1000
280 331 1000
194 332 1000
326 332 1000
187 333 1000
11 334 1000
112 334 1000
258 334 1000
235 335 1000
279 335 1000
334 335 1000
231 336 1000
21 337 1000
243 337 1000
246 337 1000
276 337 1000
10 338 1000
38 339 1000
32 340 1000
210 340 1000
296 340 1000
64 341 1000
306 341 1000
66 342 1000
306 342 1000
333 342 1000
128 343 1000
217 343 1000
183 344 1000
309 344 1000
9 345 1000
60 345 1000
66 345 1000
292 345 1000
3 346 1000
40 346 1000
145 346 1000
325 346 1000
14 347 1000
284 347 1000
123 348 1000
53 349 1000
98 349 1000
166 349 1000
105 350 1000
238 350 1000
290 350 1000
170 351 1000
204 351 1000
297 351 1000
262 352 1000
307 352 1000
338 352 1000
1 353 1000
45 353 1000
134 353 1000
155 353 1000
186 354 1000
257 354 1000
75 355 1000
192 355 1000
211 355 1000
291 355 1000
144 356 1000
298 356 1000
13 357 1000
316 357 1000
25 358 1000
44 358 1000
162 358 1000
249 358 1000
84 359 1000
113 359 1000
138 359 1000
55 360 1000
121 360 1000
261 360 1000
53 361 1000
166 361 1000
214 361 1000
126 362 1000
312 362 1000
304 363 1000
354 363 1000
191 364 1000
269 364 1000
255 365 1000
264 365 1000
356 365 1000
89 366 1000
142 366 1000
286 366 1000
109 367 1000
219 367 1000
302 367 1000
172 368 1000
236 368 1000
273 368 1000
122 369 1000
311 369 1000
366 369 1000
179 370 1000
297 370 1000
70 371 1000
128 371 1000
151 371 1000
82 372 1000
140 372 1000
291 372 1000
33 373 1000
162 373 1000
180 373 1000
50 374 1000
106 374 1000
357 374 1000
6 375 1000
229 375 1000
257 375 1000
81 376 1000
199 376 1000
327 376 1000
182 377 1000
299 377 1000
359 377 1000
202 378 1000
312 378 1000
163 379 1000
263 379 1000
33 380 1000
92 380 1000
180 380 1000
308 380 1000
38 381 1000
83 381 1000
222 381 1000
225 382 1000
244 382 1000
376 382 1000
133 383 1000
157 384 1000
170 384 1000
204 384 1000
328 384 1000
21 385 1000
171 385 1000
246 385 1000
268 385 1000
182 386 1000
296 386 1000
45 387 1000
68 387 1000
134 387 1000
348 387 1000
27 388 1000
130 388 1000
197 388 1000
301 388 1000
134 389 1000
155 389 1000
78 390 1000
130 390 1000
265 390 1000
390 391 1000
71 392 1000
150 392 1000
185 392 1000
144 393 1000
201 393 1000
294 393 1000
365 393 1000
303 394 1000
338 394 1000
364 394 1000
138 395 1000
340 395 1000
377 395 1000
386 395 1000
153 396 1000
392 396 1000
94 397 1000
149 397 1000
370 397 1000
61 398 1000
155 398 1000
190 398 1000
314 399 1000
330 399 1000
259 400 1000
339 400 1000
48 401 1000
179 401 1000
397 401 1000
305 402 1000
314 402 1000
105 403 1000
238 403 1000
21 404 1000
243 404 1000
298 404 1000
78 405 1000
143 405 1000
343 405 1000
391 405 1000
233 406 1000
265 406 1000
372 406 1000
391 406 1000
24 407 1000
188 407 1000
210 407 1000
223 407 1000
224 408 1000
293 408 1000
399 408 1000
76 409 1000
108 409 1000
62 410 1000
161 410 1000
208 410 1000
219 410 1000
6 411 1000
112 411 1000
229 411 1000
369 411 1000
123 412 1000
290 412 1000
322 412 1000
17 413 1000
182 413 1000
37 414 1000
160 414 1000
383 414 1000
104 415 1000
166 415 1000
214 415 1000
242 415 1000
67 416 1000
97 416 1000
139 416 1000
249 416 1000
236 417 1000
256 417 1000
332 417 1000
184 418 1000
260 418 1000
379 418 1000
75 419 1000
119 419 1000
352 419 1000
394 419 1000
19 420 1000
147 420 1000
183 421 1000
320 421 1000
349 421 1000
196 422 1000
232 422 1000
389 422 1000
158 423 1000
186 423 1000
363 423 1000
39 424 1000
70 424 1000
171 424 1000
285 425 1000
323 425 1000
360 425 1000
382 425 1000
26 426 1000
195 426 1000
207 426 1000
283 426 1000
282 427 1000
344 427 1000
421 427 1000
13 428 1000
18 428 1000
266 428 1000
12 429 1000
170 429 1000
297 429 1000
71 430 1000
150 430 1000
176 430 1000
193 430 1000
120 431 1000
341 431 1000
342 431 1000
235 432 1000
427 432 1000
32 433 1000
120 433 1000
135 433 1000
296 433 1000
255 434 1000
295 434 1000
371 434 1000
404 434 1000
51 435 1000
267 435 1000
284 435 1000
104 436 1000
192 436 1000
203 436 1000
211 436 1000
93 437 1000
100 437 1000
149 437 1000
401 437 1000
159 438 1000
314 438 1000
330 438 1000
373 438 1000
178 439 1000
362 439 1000
378 439 1000
16 440 1000
28 440 1000
154 440 1000
165 440 1000
82 441 1000
101 441 1000
140 441 1000
308 441 1000
4 442 1000
65 442 1000
127 442 1000
215 442 1000
302 443 1000
361 443 1000
80 444 1000
109 444 1000
424 444 1000
241 445 1000
347 445 1000
409 445 1000
2 446 1000
30 446 1000
90 446 1000
23 447 1000
116 447 1000
338 447 1000
364 447 1000
111 448 1000
144 448 1000
357 448 1000
315 449 1000
326 449 1000
368 449 1000
417 449 1000
185 450 1000
333 450 1000
396 450 1000
4 451 1000
282 451 1000
313 451 1000
432 451 1000
27 452 1000
54 452 1000
78 452 1000
130 452 1000
169 453 1000
156 454 1000
165 454 1000
271 454 1000
323 454 1000
232 455 1000
389 455 1000
398 455 1000
40 456 1000
150 456 1000
325 456 1000
396 456 1000
52 457 1000
53 457 1000
56 457 1000
443 457 1000
58 458 1000
98 458 1000
190 458 1000
455 458 1000
3 459 1000
40 459 1000
260 459 1000
379 459 1000
65 460 1000
127 460 1000
220 460 1000
422 460 1000
88 461 1000
156 461 1000
213 461 1000
271 461 1000
13 462 1000
18 462 1000
227 462 1000
374 462 1000
55 463 1000
121 463 1000
250 463 1000
185 464 1000
206 464 1000
333 464 1000
431 464 1000
157 465 1000
170 465 1000
237 465 1000
16 466 1000
154 466 1000
321 466 1000
47 467 1000
293 467 1000
399 467 1000
402 467 1000
87 468 1000
248 468 1000
429 468 1000
465 468 1000
1 469 1000
10 469 1000
61 469 1000
155 469 1000
118 470 1000
229 470 1000
257 470 1000
363 470 1000
59 471 1000
321 471 1000
336 471 1000
70 472 1000
128 472 1000
217 472 1000
444 472 1000
146 473 1000
160 473 1000
164 473 1000
383 473 1000
248 474 1000
304 474 1000
423 474 1000
175 475 1000
274 475 1000
356 475 1000
448 475 1000
94 476 1000
208 476 1000
351 476 1000
370 476 1000
45 477 1000
178 477 1000
348 477 1000
362 477 1000
56 478 1000
73 478 1000
367 478 1000
443 478 1000
47 479 1000
191 479 1000
269 479 1000
402 479 1000
324 480 1000
339 480 1000
34 481 1000
124 481 1000
152 481 1000
418 481 1000
15 482 1000
61 482 1000
190 482 1000
242 482 1000
57 483 1000
154 483 1000
321 483 1000
428 483 1000
34 484 1000
153 484 1000
187 484 1000
450 484 1000
38 485 1000
222 485 1000
254 485 1000
400 485 1000
47 486 1000
247 486 1000
293 486 1000
14 487 1000
108 487 1000
336 487 1000
445 487 1000
121 488 1000
250 488 1000
466 488 1000
471 488 1000
215 489 1000
420 489 1000
453 489 1000
93 490 1000
137 490 1000
329 490 1000
435 490 1000
14 491 1000
57 491 1000
321 491 1000
336 491 1000
110 492 1000
158 492 1000
198 492 1000
474 492 1000
258 493 1000
335 493 1000
344 493 1000
432 493 1000
189 494 1000
233 494 1000
343 494 1000
391 494 1000
212 495 1000
403 495 1000
453 495 1000
24 496 1000
114 496 1000
195 496 1000
223 496 1000
77 497 1000
386 497 1000
413 497 1000
132 498 1000
167 498 1000
331 498 1000
347 498 1000
42 499 1000
181 499 1000
400 499 1000
480 499 1000
54 500 1000
78 500 1000
143 500 1000
264 500 1000
