1
0
1
1
1000000
0
0
0
0
1
18 20 270
17 21 666
61 100 126
32 107 119
13 121 138
76 139 797
123 144 891
91 145 550
81 146 113
92 149 171
37 153 739
23 160 831
139 166 247
152 182 104
158 183 691
142 185 311
89 186 288
154 194 209
7 195 382
136 198 111
204 212 559
69 213 292
111 213 845
4 219 661
50 226 209
47 231 125
73 233 398
222 235 936
57 236 320
132 237 845
155 239 436
192 252 712
235 256 647
257 261 238
254 268 258
68 282 174
81 294 114
53 295 771
118 297 107
288 303 120
299 308 858
110 311 120
247 312 856
274 312 313
150 316 110
184 318 111
69 326 759
72 326 100
278 327 133
71 328 907
318 329 905
289 332 240
186 333 146
188 335 212
192 339 550
279 343 157
191 349 571
256 354 160
193 357 199
200 365 494
259 375 600
169 377 338
124 380 704
177 381 673
3 384 941
133 384 168
172 387 105
139 392 141
215 393 204
148 395 852
30 396 700
170 397 110
315 398 232
197 400 103
34 401 137
346 401 113
98 404 252
79 406 727
232 407 130
305 407 230
315 408 646
173 410 108
279 411 754
313 412 414
327 414 932
272 416 105
87 417 210
151 417 399
311 421 601
85 427 246
221 435 212
189 436 792
7 438 172
47 438 343
249 439 631
205 443 860
441 444 919
237 446 142
153 447 785
44 452 735
101 458 157
366 461 111
275 462 777
115 465 477
125 466 950
66 467 108
240 468 390
283 469 918
443 469 914
14 474 453
216 476 922
456 482 163
446 483 279
99 488 245
229 488 935
356 492 116
287 494 445
258 495 193
327 496 681
336 498 764
414 503 224
496 503 590
350 505 127
116 515 130
380 518 141
331 520 901
374 521 668
38 522 731
478 526 238
141 532 944
213 534 802
361 542 133
503 543 393
378 545 223
480 550 336
38 554 594
427 555 797
302 559 307
268 561 816
548 561 321
253 562 133
512 564 621
285 566 137
337 567 475
29 571 185
477 577 908
265 581 158
104 582 180
130 582 112
568 583 103
31 586 123
401 590 122
437 595 704
105 597 103
560 600 162
72 602 127
552 604 693
510 605 403
58 608 260
4 610 683
476 612 226
44 615 188
419 621 106
403 622 928
544 626 243
99 627 321
362 628 104
147 629 266
152 631 983
260 634 971
335 636 252
204 637 217
387 639 721
546 643 127
490 647 662
531 651 131
578 651 109
107 652 250
588 655 109
150 656 103
172 657 138
278 657 421
387 657 156
19 660 308
357 661 259
413 664 108
366 667 136
553 668 639
556 670 108
214 671 102
6 673 134
606 675 669
481 679 856
612 679 130
345 683 118
365 688 637
578 691 606
238 692 250
222 695 3827
253 696 178
688 702 303
406 703 190
300 704 976
329 706 282
171 707 406
387 709 933
496 709 325
567 710 320
56 711 107
648 714 272
460 715 158
270 716 418
555 716 226
439 717 295
529 721 138
262 724 197
693 725 106
207 726 134
5 729 192
473 731 429
53 735 160
158 735 862
49 736 894
638 736 195
124 738 227
531 744 496
42 749 532
135 751 127
305 751 107
96 754 306
225 756 228
285 756 959
720 757 328
429 758 110
753 760 128
449 761 302
638 762 142
206 763 683
320 766 750
518 766 157
328 770 101
59 772 205
68 774 123
297 778 340
482 779 225
364 780 485
97 781 848
181 782 199
420 782 140
389 784 282
533 789 245
84 790 731
692 791 676
699 792 147
60 793 195
383 796 319
272 798 272
671 802 262
610 806 187
550 808 139
580 808 193
26 809 345
184 814 786
739 815 122
791 816 902
54 821 374
428 822 887
698 822 153
632 824 876
572 825 910
565 826 176
276 829 146
769 829 114
632 830 893
25 832 156
77 832 464
134 833 992
723 834 829
579 835 188
674 839 479
776 839 110
130 841 236
390 842 406
734 842 360
722 845 755
360 846 191
547 847 430
109 848 191
434 850 106
484 852 173
340 853 141
470 854 758
644 858 113
337 859 825
421 860 106
290 863 794
361 866 117
347 868 347
473 870 141
93 871 109
284 872 707
643 873 432
549 875 670
800 876 193
547 877 355
18 878 200
444 878 596
740 878 135
224 882 185
314 882 134
322 883 520
672 884 143
120 885 823
104 886 135
844 886 727
9 887 133
874 888 967
885 888 241
223 890 134
623 891 390
734 892 796
103 895 126
465 896 829
775 896 103
303 899 280
387 899 324
496 899 171
639 899 766
27 906 132
210 906 112
338 907 772
727 909 121
272 910 204
856 911 975
32 913 210
568 913 259
695 914 162
858 916 120
510 918 135
714 919 707
752 919 121
295 921 718
480 922 990
834 922 135
344 925 109
686 925 124
529 928 793
914 928 119
88 929 986
895 931 339
523 932 135
263 933 938
355 933 248
255 937 143
898 939 259
932 940 142
242 941 550
528 942 152
43 944 144
227 944 112
413 946 219
537 946 813
889 948 669
849 949 101
72 950 101
503 950 900
116 951 106
133 951 300
90 952 516
243 953 904
203 954 161
827 954 117
264 956 358
86 959 629
48 963 261
861 963 813
625 964 832
250 966 154
611 967 703
852 967 419
229 968 168
302 970 179
924 970 346
669 971 245
486 973 625
624 973 711
570 977 172
958 978 178
489 979 250
183 980 699
418 980 348
277 981 990
684 982 721
974 982 102
127 983 626
593 984 765
314 985 110
441 990 123
754 990 144
869 990 237
936 991 790
702 993 785
691 994 224
154 996 202
449 997 673
992 997 671
930 1001 267
635 1002 123
418 1004 163
850 1005 101
902 1005 642
51 1006 140
18 1007 146
174 1008 803
106 1009 634
525 1011 101
175 1013 186
445 1016 211
741 1016 151
205 1019 181
972 1020 116
246 1021 100
363 1021 832
175 1022 205
379 1024 245
816 1026 103
348 1028 497
763 1028 179
640 1030 151
372 1031 112
72 1032 112
111 1032 116
387 1032 823
799 1033 702
132 1034 895
455 1035 947
445 1036 104
806 1038 771
849 1038 882
11 1039 140
163 1040 438
862 1043 136
69 1044 167
1036 1045 512
126 1046 134
576 1046 978
241 1048 670
255 1048 182
843 1050 108
180 1051 124
483 1051 110
386 1052 172
574 1052 212
489 1053 127
1029 1054 108
56 1056 374
865 1056 342
238 1057 140
961 1058 884
382 1059 325
830 1060 664
34 1061 304
793 1064 450
353 1066 194
464 1066 162
343 1067 748
771 1068 989
336 1069 166
702 1070 199
704 1071 434
930 1073 747
596 1074 863
319 1077 100
1043 1077 159
1055 1078 117
141 1080 237
1001 1080 692
287 1082 828
745 1083 797
760 1083 882
308 1085 767
1033 1086 193
196 1087 694
921 1087 136
410 1088 472
564 1089 214
961 1089 625
337 1090 755
950 1090 586
109 1091 167
545 1091 873
560 1092 751
451 1095 780
608 1098 656
478 1100 995
66 1101 811
799 1101 286
100 1102 833
72 1103 798
1093 1105 391
509 1106 279
574 1107 127
641 1107 918
450 1108 103
983 1108 361
80 1110 169
998 1112 116
974 1115 126
989 1116 784
676 1117 890
103 1118 123
275 1119 643
426 1120 184
426 1121 261
577 1122 104
663 1122 686
1010 1124 329
395 1125 340
880 1125 128
251 1126 100
708 1127 732
984 1128 958
389 1129 653
1060 1129 789
325 1132 904
677 1132 269
841 1133 116
247 1134 176
117 1135 554
1067 1136 359
453 1137 682
42 1138 771
768 1138 181
487 1139 204
202 1142 275
585 1143 292
220 1146 152
1035 1146 130
43 1147 846
323 1147 128
674 1148 982
1145 1148 107
810 1149 329
293 1151 786
240 1152 107
833 1153 112
319 1154 979
1126 1155 659
549 1156 283
26 1158 357
1017 1159 295
951 1160 187
24 1162 362
527 1164 589
70 1165 222
291 1166 169
612 1168 164
61 1169 864
659 1170 911
867 1170 762
264 1171 111
783 1171 265
178 1173 246
750 1174 112
1172 1175 120
332 1176 135
1124 1178 189
71 1179 411
231 1180 731
677 1180 254
1055 1181 744
170 1183 985
168 1184 202
70 1185 442
1058 1186 453
248 1188 473
586 1189 187
634 1189 239
645 1190 167
826 1190 434
257 1191 740
281 1191 665
879 1192 281
915 1193 317
1094 1193 842
470 1194 164
106 1196 989
506 1196 109
102 1197 160
402 1198 304
912 1201 661
1034 1201 279
74 1202 122
244 1203 800
358 1204 111
1197 1204 914
248 1205 585
1 1206 143
1026 1206 119
859 1207 694
1012 1209 103
645 1210 134
935 1210 307
93 1211 170
575 1211 724
625 1212 296
571 1213 248
105 1214 149
1063 1214 750
1184 1215 114
113 1216 776
601 1217 297
304 1218 964
493 1221 663
346 1222 771
750 1223 118
276 1224 133
598 1224 121
266 1225 903
1042 1226 373
1009 1227 841
923 1228 910
725 1229 152
934 1229 105
151 1230 653
553 1232 732
14 1233 178
607 1234 822
1063 1234 123
310 1235 270
654 1237 927
127 1238 119
228 1239 174
588 1241 136
918 1242 176
460 1243 877
579 1243 132
373 1244 109
211 1245 618
740 1245 747
1014 1247 997
156 1248 439
77 1249 134
818 1250 206
22 1251 647
1199 1251 435
539 1252 218
964 1252 175
280 1253 322
687 1255 706
1220 1255 891
633 1256 621
156 1257 125
753 1257 745
573 1259 644
370 1260 678
193 1261 113
412 1262 160
616 1262 147
491 1264 110
143 1265 823
159 1266 134
707 1267 432
800 1268 110
1195 1269 122
655 1270 942
1020 1270 177
618 1271 839
762 1271 451
148 1272 709
422 1272 905
1141 1272 119
378 1273 983
995 1274 136
1216 1275 225
251 1277 114
1259 1277 770
958 1278 133
1015 1279 144
212 1280 919
206 1281 783
737 1281 203
1177 1282 713
169 1283 180
201 1284 845
1059 1284 328
1237 1285 172
157 1286 208
988 1286 188
174 1287 780
1072 1288 156
1076 1289 685
1241 1290 138
649 1291 260
90 1292 154
182 1293 178
1133 1294 134
1152 1294 140
468 1295 114
242 1297 310
818 1297 752
230 1298 360
1027 1298 119
64 1299 186
1290 1299 131
856 1300 219
1118 1300 307
1296 1302 215
1156 1303 241
827 1304 592
865 1304 653
260 1305 120
718 1305 176
224 1307 347
941 1308 612
724 1309 311
60 1311 122
362 1312 378
173 1313 953
653 1313 693
208 1315 341
1025 1316 108
622 1318 634
405 1319 349
603 1319 841
117 1320 738
897 1321 416
28 1322 217
1023 1322 134
1041 1323 131
1254 1323 121
1282 1324 102
786 1325 112
1095 1325 176
904 1326 166
1010 1326 108
23 1327 456
592 1327 168
286 1328 262
39 1329 842
437 1329 140
210 1330 143
513 1330 648
557 1331 116
859 1331 881
3 1332 303
601 1332 175
681 1333 176
10 1335 139
67 1335 964
583 1336 126
907 1337 145
1235 1337 198
1109 1338 109
1198 1338 226
16 1339 348
684 1339 799
1295 1339 194
811 1340 127
527 1341 800
419 1342 133
881 1342 775
433 1343 207
1109 1343 657
1315 1345 281
1217 1346 102
1314 1346 538
1072 1347 120
394 1348 795
458 1349 543
658 1350 294
1311 1350 896
24 1351 927
481 1352 710
642 1353 487
19 1354 166
992 1355 135
140 1356 829
741 1357 964
775 1359 219
254 1360 861
1047 1361 177
245 1363 114
323 1363 608
306 1364 555
817 1364 158
591 1365 109
244 1366 107
812 1367 212
96 1368 103
6 1369 156
1050 1372 218
8 1373 109
265 1373 782
943 1375 208
995 1375 630
1250 1376 174
698 1377 253
20 1378 441
1283 1378 137
892 1380 133
993 1381 441
486 1384 134
1121 1385 128
1187 1385 545
650 1386 104
787 1386 145
965 1388 144
1027 1389 124
75 1391 121
123 1393 187
348 1396 357
575 1396 154
720 1397 716
904 1398 180
1369 1398 180
479 1402 160
665 1402 116
777 1403 140
527 1404 287
630 1405 291
968 1405 197
635 1406 126
938 1406 907
1017 1407 441
379 1409 176
340 1410 146
1023 1410 499
976 1411 262
1161 1411 191
63 1412 947
528 1413 184
1228 1413 900
689 1414 627
519 1415 525
957 1415 827
1286 1415 866
459 1416 851
1014 1416 245
841 1417 114
1105 1417 926
1374 1418 968
188 1419 992
773 1420 975
1245 1420 722
266 1421 117
978 1421 933
1408 1421 196
730 1423 279
1352 1424 267
801 1425 131
1269 1425 215
80 1426 964
566 1426 131
609 1427 897
241 1428 109
548 1429 635
10 1430 821
727 1430 167
211 1431 146
500 1431 163
927 1432 180
1414 1432 116
956 1433 726
1165 1435 941
457 1436 745
1291 1436 885
660 1437 120
748 1438 973
1287 1438 105
45 1439 159
164 1439 979
697 1440 762
754 1441 731
813 1442 176
307 1443 154
1390 1443 293
1065 1444 894
694 1445 175
234 1447 633
1117 1447 761
35 1448 938
372 1448 122
1302 1449 932
126 1452 240
349 1452 274
1153 1454 903
1379 1454 399
747 1456 646
768 1456 228
492 1458 128
773 1458 647
1029 1459 112
1356 1459 802
499 1460 790
1208 1460 136
646 1462 911
1402 1462 156
1442 1463 131
1428 1464 210
503 1465 903
859 1465 106
899 1465 250
1230 1466 187
557 1467 979
1331 1467 461
425 1468 322
705 1470 354
1295 1470 780
943 1471 337
1423 1472 105
177 1473 109
1160 1473 126
75 1474 695
1167 1474 296
873 1475 152
1449 1475 100
316 1476 168
450 1476 308
65 1477 136
226 1477 258
82 1478 889
908 1479 152
1371 1479 213
1199 1481 150
1279 1482 713
1437 1483 131
1312 1484 536
425 1488 149
1263 1488 149
67 1489 305
637 1489 625
266 1490 137
814 1490 823
690 1491 724
1374 1491 456
1267 1492 181
923 1493 127
17 1494 121
1399 1494 147
50 1495 597
142 1495 202
415 1496 764
767 1496 375
479 1498 104
732 1498 658
304 1499 162
1480 1499 228
789 1500 454
1434 1501 180
78 1502 146
101 1502 559
301 1503 126
662 1503 196
113 1505 108
396 1505 348
540 1505 277
298 1507 904
940 1507 152
916 1508 755
267 1509 160
733 1511 257
190 1512 790
1012 1512 117
868 1513 246
1141 1514 159
795 1515 786
713 1517 984
767 1518 898
1086 1518 925
908 1519 102
1179 1519 149
801 1520 243
945 1520 666
627 1521 586
87 1522 706
523 1522 146
711 1523 793
1318 1523 121
607 1525 869
905 1525 103
508 1526 217
1264 1526 553
792 1527 741
631 1528 604
755 1528 117
368 1529 122
823 1530 879
1169 1530 107
1344 1532 232
662 1534 721
1097 1535 206
1383 1535 330
1173 1536 167
803 1537 124
1166 1537 183
330 1538 204
972 1538 948
1521 1539 244
1006 1540 989
650 1541 246
680 1542 919
905 1543 296
1280 1543 637
1359 1544 114
62 1545 732
176 1546 107
805 1546 153
179 1547 442
423 1548 883
532 1548 997
658 1550 692
595 1551 163
845 1551 127
284 1553 876
1265 1553 823
681 1555 260
1377 1555 630
969 1556 375
1552 1556 103
1218 1557 328
288 1558 121
327 1558 856
496 1558 904
859 1558 133
899 1558 252
1465 1558 221
176 1559 305
1292 1559 105
435 1560 965
514 1562 892
765 1562 925
2 1563 635
573 1563 138
557 1564 946
746 1565 121
1511 1565 105
500 1566 733
621 1566 757
1123 1567 432
1333 1567 120
306 1568 334
589 1568 712
929 1568 198
261 1569 656
1049 1569 597
690 1570 879
1202 1570 713
986 1571 105
538 1572 105
138 1573 491
1382 1573 459
680 1574 298
1013 1574 819
1231 1576 133
36 1577 143
73 1578 177
1427 1578 377
138 1579 154
1003 1579 949
1062 1581 681
128 1582 852
1178 1582 116
594 1583 245
591 1584 139
1554 1584 830
8 1585 626
1113 1586 837
16 1588 177
700 1588 715
352 1589 216
774 1590 130
30 1591 187
1150 1592 729
114 1593 145
1172 1593 336
1134 1595 342
686 1596 813
705 1597 219
1000 1598 176
828 1600 133
1599 1600 124
58 1603 257
668 1605 255
1222 1605 113
837 1606 286
744 1607 198
847 1608 151
471 1609 831
1246 1609 839
207 1610 183
485 1610 347
807 1611 114
876 1612 186
165 1613 218
1549 1613 447
250 1614 807
1366 1614 262
1506 1615 595
484 1616 119
902 1617 580
1065 1617 251
385 1618 164
1140 1618 274
1022 1619 776
669 1620 349
718 1622 169
1084 1622 112
1127 1623 289
338 1625 141
824 1625 110
1100 1627 143
228 1628 141
369 1628 810
953 1629 128
864 1630 276
1064 1630 197
1069 1631 616
55 1632 101
97 1632 887
977 1633 779
1580 1633 130
31 1634 153
85 1635 496
1530 1636 250
1586 1636 180
249 1637 273
926 1638 155
567 1639 170
1070 1639 176
671 1640 727
848 1640 161
788 1642 112
1 1643 338
617 1643 285
1037 1644 981
599 1645 650
657 1645 728
209 1646 104
388 1647 249
949 1648 153
1602 1648 126
778 1649 125
771 1650 257
915 1650 110
134 1652 671
293 1653 194
341 1653 327
843 1654 269
1424 1655 831
1455 1655 836
889 1656 872
1130 1656 907
840 1658 108
1240 1659 254
352 1660 270
821 1660 754
387 1662 155
709 1662 898
989 1663 843
1446 1663 806
1039 1664 278
1143 1664 229
759 1665 102
788 1665 621
1273 1666 745
349 1667 696
1444 1668 174
269 1670 187
27 1672 119
1468 1672 108
46 1673 135
1349 1673 132
1150 1675 109
1531 1676 886
165 1677 366
1417 1677 107
828 1678 179
296 1679 814
1659 1679 158
375 1680 864
703 1680 714
501 1681 362
716 1684 181
1296 1684 875
1606 1684 600
1011 1685 479
1455 1685 826
167 1686 620
208 1686 967
947 1687 348
1071 1687 211
281 1688 217
1119 1688 210
1561 1689 787
1615 1689 173
580 1690 119
1268 1690 847
999 1691 140
1219 1691 458
759 1692 220
1587 1692 109
685 1694 125
347 1695 255
925 1695 263
1621 1695 198
390 1696 191
587 1696 831
356 1697 145
934 1699 250
1381 1699 105
137 1700 327
364 1700 164
218 1701 750
270 1701 912
881 1702 263
1457 1702 116
199 1703 657
565 1703 701
817 1705 925
975 1705 654
168 1706 961
1365 1707 707
1669 1707 139
33 1708 321
1422 1709 255
1604 1709 881
1099 1710 404
1626 1710 672
1310 1711 142
838 1712 118
962 1713 169
180 1714 155
1422 1714 329
512 1715 205
540 1716 270
322 1717 524
1467 1717 103
628 1718 442
723 1718 773
1008 1719 925
1515 1719 125
962 1720 178
1340 1720 427
535 1721 128
1181 1721 150
371 1722 338
1370 1722 872
273 1723 276
160 1724 344
784 1725 743
1232 1725 983
376 1726 686
1661 1726 577
57 1727 565
137 1727 719
35 1728 100
743 1728 833
1646 1729 159
507 1730 692
544 1730 163
21 1731 902
1624 1731 109
1595 1732 167
894 1733 126
761 1734 204
731 1735 711
497 1736 848
1358 1736 125
1461 1737 688
543 1738 285
1467 1738 712
299 1739 144
1698 1739 106
1079 1740 111
271 1741 214
1131 1742 780
185 1744 257
1362 1744 684
29 1745 257
1445 1745 820
950 1746 195
1103 1746 997
1662 1746 167
290 1747 744
795 1747 245
542 1748 247
1592 1748 111
161 1749 138
1082 1749 204
433 1750 449
945 1750 317
223 1751 244
944 1752 188
1484 1752 949
509 1753 108
1599 1753 109
351 1754 375
991 1754 201
693 1755 105
1706 1756 826
1209 1757 119
369 1759 197
65 1760 903
1759 1760 917
708 1762 119
1631 1762 271
522 1763 882
430 1764 100
1163 1764 691
234 1765 771
1177 1765 199
599 1766 134
1203 1767 122
1531 1767 115
689 1768 986
1708 1768 896
448 1769 818
519 1769 402
987 1770 136
1135 1771 155
1226 1771 156
195 1772 388
1263 1772 672
271 1773 677
569 1773 256
883 1774 317
1738 1774 196
1158 1775 825
83 1776 126
1097 1776 890
149 1777 918
804 1778 107
1529 1778 807
706 1779 967
1024 1779 899
1047 1780 913
259 1781 749
1317 1781 110
505 1782 413
853 1782 121
1478 1783 100
1637 1783 840
474 1784 740
694 1784 268
600 1785 201
1307 1785 321
360 1787 823
1254 1787 173
1493 1788 150
1301 1789 806
319 1790 132
405 1790 604
434 1790 191
28 1791 182
1453 1791 106
988 1793 602
135 1795 183
1334 1795 716
288 1796 226
387 1796 225
709 1796 285
629 1797 212
1451 1797 112
517 1799 111
1732 1800 750
86 1801 156
1389 1802 122
292 1803 263
498 1804 104
508 1804 132
587 1805 710
269 1806 372
72 1807 986
1331 1807 397
1746 1807 471
1041 1808 640
920 1809 134
1651 1810 139
1723 1810 127
424 1811 305
243 1812 977
682 1812 995
1554 1813 249
620 1814 891
787 1815 130
1657 1815 657
179 1817 250
874 1817 982
597 1818 167
1418 1819 259
1116 1820 199
1293 1820 329
900 1821 237
530 1822 556
1112 1822 839
1004 1823 947
1508 1823 275
131 1824 837
797 1824 392
1258 1825 101
1533 1825 107
652 1826 739
738 1827 135
1693 1827 123
374 1828 116
1742 1828 213
189 1829 156
1624 1829 187
298 1830 753
955 1831 150
1541 1831 129
163 1832 104
749 1832 751
1175 1833 921
1471 1833 117
516 1834 644
95 1835 266
1469 1835 122
493 1837 146
554 1837 321
291 1838 933
891 1838 794
592 1839 134
371 1840 109
1135 1840 267
494 1841 901
1715 1841 559
1092 1842 152
1666 1842 169
432 1843 203
1051 1843 104
1786 1843 100
613 1844 699
624 1844 850
665 1845 175
1743 1845 871
641 1846 124
1545 1846 889
128 1847 242
790 1847 138
108 1848 744
1766 1849 123
1818 1849 624
1601 1851 107
1775 1851 324
78 1852 227
377 1853 385
626 1853 164
1401 1854 959
1757 1854 208
664 1855 748
1186 1855 213
1836 1856 214
1506 1857 894
1317 1858 192
1360 1858 242
1285 1859 110
1770 1859 475
742 1860 108
1030 1861 219
861 1862 768
1527 1862 233
309 1863 309
556 1863 118
381 1864 926
1111 1864 115
464 1865 789
310 1866 235
537 1866 191
851 1867 185
1856 1867 186
277 1868 865
1137 1868 333
719 1870 713
1249 1871 247
1678 1871 168
1575 1872 780
776 1873 984
355 1874 108
1674 1874 252
15 1875 911
110 1875 715
807 1876 390
769 1877 126
1761 1877 216
948 1878 320
777 1879 134
960 1879 116
1500 1880 113
201 1881 875
1018 1881 214
282 1882 101
1345 1883 142
211 1884 349
289 1886 616
1510 1886 797
1629 1887 272
393 1888 529
472 1888 692
521 1889 150
812 1889 241
1018 1890 363
1780 1890 131
656 1891 830
1642 1891 998
1149 1892 158
313 1893 613
334 1894 213
844 1895 153
1168 1895 119
117 1896 680
1504 1896 158
258 1897 207
1068 1898 211
846 1899 180
92 1900 118
927 1900 398
1248 1901 926
1836 1901 713
1524 1902 132
1789 1902 204
1220 1904 121
456 1905 122
122 1906 885
1549 1906 182
965 1907 965
1644 1907 648
1113 1908 862
1392 1908 178
1104 1909 694
1539 1909 284
1096 1910 819
1219 1910 122
1487 1911 966
1911 1912 376
1852 1913 342
341 1914 914
1887 1915 170
84 1916 106
605 1916 734
52 1917 857
1359 1917 104
1401 1917 470
836 1918 765
1869 1918 297
76 1919 118
1751 1919 205
1061 1920 125
1185 1920 383
501 1921 261
862 1921 116
654 1922 202
408 1923 715
1212 1923 106
475 1924 150
514 1924 240
1205 1926 109
1682 1926 121
102 1927 709
770 1927 190
1099 1928 862
1358 1928 753
1821 1929 269
936 1930 516
1904 1930 187
1195 1931 774
115 1932 518
1393 1932 236
431 1933 655
402 1934 672
957 1934 233
1247 1935 105
1233 1936 249
1616 1936 245
459 1937 315
1612 1937 883
551 1938 101
589 1939 621
1070 1939 672
233 1940 147
601 1940 582
1676 1940 140
409 1941 141
690 1941 739
1015 1941 220
1104 1942 925
1576 1942 781
1102 1943 836
1572 1943 112
1157 1944 233
1793 1944 154
606 1945 745
1142 1946 121
1870 1946 175
98 1947 423
1200 1947 121
431 1948 685
1258 1948 938
1409 1949 905
1390 1950 612
1761 1950 866
1007 1951 110
1042 1951 110
432 1952 279
1694 1952 161
615 1953 116
1207 1954 160
719 1955 183
649 1956 110
1057 1957 151
1407 1957 897
1000 1958 253
1603 1958 115
353 1959 959
1397 1959 269
890 1960 207
1514 1960 510
320 1961 102
620 1961 198
367 1962 395
513 1963 430
585 1964 189
1221 1964 702
924 1966 101
1800 1966 175
190 1967 146
798 1967 171
120 1968 482
1314 1969 177
292 1970 171
1037 1970 146
796 1971 164
1552 1971 211
1969 1972 172
1162 1973 143
596 1974 450
935 1974 767
1463 1975 353
1501 1975 864
1667 1976 511
636 1977 243
609 1978 341
721 1978 778
1045 1979 347
1884 1979 129
999 1980 679
1085 1980 105
41 1981 232
25 1982 176
1816 1982 692
221 1983 172
563 1983 104
764 1984 105
1756 1984 296
330 1986 113
1510 1986 628
274 1987 365
487 1987 124
59 1988 706
511 1988 787
877 1989 799
1638 1989 155
399 1990 803
869 1991 828
1682 1991 205
411 1992 405
786 1992 953
499 1993 172
1115 1993 134
370 1994 200
819 1994 122
941 1994 568
1981 1995 100
129 1996 728
733 1997 266
602 1998 104
147 1999 669
623 1999 687
633 2000 138
1354 2000 129
546 2001 126
678 2001 687
541 2003 394
1054 2003 394
1276 2004 114
83 2005 342
399 2006 102
442 2006 859
562 2007 307
113 2008 134
199 2008 134
1497 2009 813
1813 2009 180
804 2010 400
1972 2010 671
835 2011 876
1215 2011 277
670 2012 795
1487 2012 227
475 2013 104
894 2013 208
1123 2014 104
1913 2014 103
324 2015 663
210 2016 272
1850 2017 655
1943 2017 104
1140 2018 174
1542 2018 334
1236 2019 111
283 2020 159
603 2021 686
198 2022 398
1403 2022 134
2005 2022 483
863 2023 442
1611 2023 124
166 2024 204
1253 2024 139
1412 2025 151
558 2028 793
1324 2028 685
1933 2029 121
1078 2030 489
1451 2030 296
1289 2031 654
1704 2031 109
1081 2032 658
1480 2032 116
666 2033 100
987 2034 601
1402 2034 280
1794 2034 100
354 2035 143
1996 2035 840
618 2036 272
194 2037 127
245 2037 103
213 2038 429
288 2038 143
1144 2038 180
1435 2039 106
1850 2040 171
1164 2041 531
1306 2041 106
22 2042 521
1160 2042 871
1227 2042 121
661 2043 115
813 2043 123
1621 2044 102
1703 2044 544
2019 2044 156
1532 2045 643
391 2046 683
409 2047 116
675 2047 124
1805 2048 124
430 2049 120
528 2049 484
855 2050 186
1260 2050 343
1626 2051 178
1816 2051 169
648 2052 692
1074 2052 854
1885 2053 205
2040 2053 199
1239 2054 149
755 2055 541
1266 2056 875
1882 2056 949
1885 2057 172
524 2058 684
1169 2058 310
1932 2058 354
1752 2059 243
682 2060 686
41 2061 110
1094 2061 835
1841 2062 916
1976 2062 103
2002 2062 248
502 2063 139
515 2063 107
867 2064 672
870 2064 114
1079 2065 869
1903 2066 100
1517 2067 993
1651 2067 181
619 2068 190
1777 2068 511
713 2069 144
1965 2069 176
1225 2070 593
1516 2071 668
1652 2071 862
1504 2072 247
1743 2072 283
820 2073 264
1669 2073 850
1547 2074 100
1755 2074 241
218 2075 647
1075 2076 969
15 2077 106
1938 2077 822
344 2078 792
2070 2079 131
1826 2081 191
879 2082 364
1231 2082 516
40 2083 145
820 2083 121
1658 2084 844
2005 2084 127
1509 2085 124
1788 2086 115
2085 2086 129
1167 2088 807
1354 2088 998
1649 2088 176
203 2089 842
735 2089 105
1031 2089 747
74 2090 736
730 2090 113
2029 2091 139
477 2092 200
1159 2093 814
931 2094 164
2066 2094 758
1953 2095 787
1965 2096 158
2054 2096 492
897 2097 804
1697 2098 741
1857 2098 127
321 2099 140
917 2099 870
1485 2100 209
1949 2100 132
511 2101 851
1327 2101 109
803 2102 761
952 2103 156
968 2103 100
1003 2103 593
825 2104 312
1208 2104 448
48 2105 107
382 2106 749
1278 2106 379
471 2107 158
903 2107 395
45 2108 560
2078 2108 116
1740 2109 169
1933 2109 924
1594 2110 911
1955 2110 200
831 2111 140
854 2112 261
1861 2112 213
1560 2113 206
1905 2113 972
1641 2114 180
325 2115 222
466 2115 118
200 2116 160
166 2117 104
880 2117 228
836 2118 741
62 2119 150
697 2119 518
1176 2120 230
2002 2120 399
779 2121 996
810 2121 113
217 2122 901
1482 2122 193
781 2123 676
644 2124 678
1876 2124 141
1256 2125 956
1382 2126 702
301 2127 928
1355 2127 182
1192 2128 185
1995 2128 684
1577 2129 645
2087 2129 712
672 2130 105
2048 2130 209
1274 2131 140
2036 2131 149
9 2132 258
2080 2132 237
1485 2133 136
2057 2133 197
1088 2134 857
1294 2134 925
1834 2134 117
436 2135 873
1681 2135 768
252 2136 164
742 2136 144
40 2137 828
920 2137 916
300 2138 265
225 2139 133
1798 2139 819
321 2140 136
667 2140 196
1136 2141 918
1713 2141 478
376 2142 205
2092 2142 294
167 2143 885
1114 2143 628
1575 2144 567
1429 2145 239
921 2146 247
472 2147 200
1372 2148 861
1985 2148 186
1303 2149 297
2075 2149 792
559 2150 245
1472 2150 187
2114 2151 644
715 2152 416
2007 2152 309
453 2153 115
1338 2153 150
2027 2153 137
136 2154 930
1925 2154 189
368 2155 857
944 2155 884
536 2156 418
1929 2156 115
819 2157 108
1758 2157 356
1802 2158 819
1892 2159 112
263 2160 145
350 2160 201
91 2161 190
857 2163 146
1590 2163 605
296 2164 135
1194 2164 812
386 2165 106
898 2165 124
1899 2166 124
159 2167 146
232 2168 357
1246 2168 167
455 2169 397
2162 2169 330
1368 2170 347
1534 2170 123
901 2172 193
1869 2172 651
5 2173 702
1704 2173 165
1236 2174 111
1598 2174 166
140 2175 912
461 2175 194
415 2176 926
1395 2176 976
13 2177 280
1557 2177 854
157 2178 198
938 2178 110
520 2179 892
802 2179 167
911 2180 194
2004 2180 446
448 2181 145
2016 2181 176
400 2182 102
617 2182 937
1328 2183 134
391 2184 470
1808 2184 139
2026 2185 109
1925 2186 169
507 2187 138
1647 2187 750
592 2188 214
783 2188 101
857 2189 247
1880 2189 158
420 2190 189
1450 2190 264
1183 2191 162
1711 2192 105
12 2195 931
94 2195 862
145 2196 635
1073 2196 152
1091 2197 957
2147 2197 833
794 2198 594
1188 2198 326
1392 2199 192
2185 2199 166
994 2200 135
2091 2201 105
2093 2201 123
616 2202 112
647 2203 655
1786 2203 530
85 2204 630
524 2204 235
2025 2204 135
286 2205 859
1724 2205 179
1240 2206 109
1387 2206 262
678 2207 122
1794 2207 112
187 2208 215
1912 2208 956
700 2209 127
1093 2209 718
162 2210 173
1763 2210 101
497 2211 964
1540 2211 439
797 2212 199
209 2213 241
722 2213 831
462 2214 838
673 2215 388
447 2216 218
1025 2216 170
516 2217 787
1433 2217 168
424 2218 976
1931 2218 399
1168 2219 633
1171 2219 445
1737 2219 121
955 2220 953
1792 2221 723
2111 2221 693
1222 2222 119
1362 2222 972
875 2223 731
696 2224 799
758 2224 481
893 2225 143
1550 2225 192
215 2226 145
1383 2226 213
171 2227 142
11 2228 664
358 2228 635
309 2229 178
324 2229 698
726 2230 184
1492 2230 451
36 2231 123
2081 2231 296
1084 2232 838
1712 2232 179
181 2233 228
392 2233 100
917 2234 129
1671 2234 221
191 2235 117
1524 2235 112
2161 2236 133
1309 2237 918
1668 2237 201
1997 2238 971
467 2239 103
748 2239 928
1348 2240 205
1683 2240 857
1106 2241 766
1795 2241 860
397 2242 733
665 2242 112
785 2243 101
1536 2243 259
558 2244 129
1049 2244 125
148 2245 883
1155 2245 374
831 2246 692
1587 2246 659
463 2247 645
998 2247 788
385 2248 623
872 2248 233
541 2249 329
39 2250 259
1990 2250 185
267 2251 229
2162 2251 705
611 2252 195
2049 2252 833
728 2253 224
1801 2253 924
116 2254 712
746 2255 143
837 2255 142
2146 2256 151
246 2257 251
1275 2257 169
306 2258 352
614 2258 102
442 2259 749
2059 2259 111
162 2260 106
2223 2260 951
63 2261 752
342 2261 216
563 2262 109
811 2263 732
1464 2263 231
2123 2264 943
981 2265 134
1002 2265 155
893 2266 804
996 2266 167
581 2267 836
2197 2267 751
121 2268 124
838 2268 165
217 2269 144
1347 2269 269
613 2270 913
1434 2270 955
1075 2271 296
2065 2271 204
331 2272 802
904 2272 132
1848 2272 177
119 2273 147
757 2273 202
530 2274 781
1353 2274 120
752 2275 366
1344 2275 794
1341 2276 295
1903 2276 780
1130 2277 554
2080 2277 106
685 2278 546
1062 2278 159
164 2279 180
457 2279 129
89 2280 128
202 2281 509
236 2281 786
1583 2282 327
2254 2282 912
197 2283 863
1811 2283 637
794 2284 153
1533 2284 220
155 2285 169
1394 2285 170
1306 2286 401
1376 2286 721
683 2287 448
1370 2288 132
2151 2288 427
339 2289 262
1192 2289 192
55 2290 100
1497 2290 197
1301 2291 120
2144 2291 154
333 2292 707
2126 2292 302
1261 2293 238
1591 2293 983
2008 2293 190
491 2294 891
780 2294 542
54 2295 165
273 2295 447
728 2296 659
1675 2296 102
416 2297 223
1081 2297 156
642 2298 775
1914 2298 823
118 2299 433
1809 2299 827
1935 2299 141
712 2300 963
975 2300 296
1391 2301 161
1399 2301 249
239 2302 317
1014 2302 114
422 2303 825
2046 2303 780
576 2304 128
1623 2304 934
2151 2305 101
2191 2305 218
538 2306 164
1387 2306 742
1985 2307 351
346 2308 121
1894 2308 486
2 2309 332
598 2309 812
423 2310 214
1384 2310 234
1151 2311 690
2171 2311 153
1806 2312 194
2202 2312 135
1457 2313 155
1604 2313 712
2076 2313 425
122 2314 292
2166 2314 792
866 2315 117
1308 2315 106
901 2316 120
2215 2317 120
2262 2317 692
593 2318 126
2192 2318 145
1641 2319 881
294 2320 353
900 2321 192
1310 2321 601
404 2322 919
1098 2322 112
112 2323 801
851 2323 147
1671 2324 624
745 2325 199
1661 2325 778
986 2326 604
2055 2326 216
504 2327 610
939 2327 911
646 2328 149
912 2328 233
1316 2329 970
2145 2329 707
1898 2330 906
2220 2330 237
452 2331 811
1131 2331 148
440 2332 762
860 2332 131
536 2333 811
1182 2333 135
230 2334 287
2076 2334 227
663 2335 997
1872 2335 836
214 2336 109
363 2336 108
1139 2337 201
2320 2337 401
732 2338 177
2060 2338 138
178 2339 906
1320 2339 136
2045 2340 455
2186 2340 109
969 2341 158
2194 2341 139
131 2342 130
1040 2342 899
1419 2343 148
1667 2343 120
1076 2344 321
1803 2344 501
1922 2345 187
2305 2345 138
1276 2346 334
2138 2346 742
687 2347 728
2236 2347 128
495 2348 655
2227 2348 299
280 2349 411
659 2349 170
416 2350 218
1187 2350 164
2105 2351 927
2264 2351 197
454 2352 148
1379 2352 149
765 2353 516
1561 2353 114
1441 2354 267
1571 2354 109
1182 2355 147
1893 2355 351
398 2356 185
2116 2356 101
1394 2357 974
2280 2357 664
12 2358 750
1873 2358 598
388 2359 100
1734 2359 487
119 2360 180
910 2360 993
94 2361 672
144 2361 170
334 2362 814
1242 2362 105
95 2363 151
1334 2363 287
535 2364 156
1321 2364 111
1157 2365 234
1400 2365 676
129 2366 116
506 2366 163
463 2367 911
1367 2367 809
604 2368 101
701 2368 851
966 2369 114
1698 2369 136
51 2370 112
2017 2370 134
485 2371 752
2249 2371 132
1619 2372 121
960 2373 107
1878 2373 820
135 2374 676
454 2374 253
307 2375 825
815 2375 760
216 2376 144
584 2376 748
43 2377 619
1114 2377 647
618 2378 328
855 2378 155
2319 2378 767
1830 2379 499
1860 2379 274
947 2380 822
2102 2380 753
2341 2380 152
823 2381 104
1939 2381 697
1371 2382 845
2026 2382 868
743 2383 897
1620 2383 106
1634 2384 190
590 2385 688
802 2385 107
572 2386 293
2193 2386 103
739 2387 702
1602 2387 119
227 2388 785
699 2388 155
1288 2389 887
1819 2390 122
1897 2390 110
1244 2391 603
502 2392 104
903 2392 695
1968 2392 313
887 2393 158
985 2393 788
220 2394 175
1486 2394 268
146 2395 785
2033 2395 851
171 2396 913
1945 2396 145
2125 2396 186
1111 2397 116
2200 2397 316
504 2398 552
569 2398 367
1513 2399 197
1657 2399 440
1161 2400 906
2027 2400 271
88 2401 766
1174 2401 829
125 2402 946
2183 2402 113
108 2403 906
2307 2403 124
1395 2404 216
1645 2404 631
552 2405 653
1388 2405 183
630 2406 311
1674 2406 226
701 2407 889
33 2408 443
1580 2408 105
2015 2409 881
2158 2409 821
187 2410 210
1733 2410 204
1635 2411 145
729 2412 206
1213 2412 171
619 2413 216
1865 2413 118
864 2414 662
1440 2414 835
525 2415 144
570 2415 115
772 2416 674
2171 2416 767
2212 2416 965
1469 2417 753
1608 2417 185
785 2418 389
871 2418 129
1693 2419 118
2087 2419 697
2039 2420 844
2128 2420 436
143 2421 880
1735 2421 159
1154 2422 842
1729 2422 172
367 2423 243
517 2423 909
1486 2424 146
342 2425 268
1361 2425 161
1446 2426 189
1758 2426 148
710 2427 305
717 2427 282
1502 2428 170
1683 2428 528
2424 2428 166
884 2429 828
1096 2429 179
196 2430 161
909 2430 155
557 2431 769
683 2431 817
1717 2431 604
1380 2432 498
1601 2432 698
82 2433 139
2411 2433 689
451 2434 842
1163 2435 516
2434 2435 148
490 2436 162
584 2436 161
840 2437 554
1336 2437 499
1607 2438 299
2391 2438 118
359 2439 996
653 2439 206
772 2440 114
942 2440 107
1388 2440 160
906 2441 898
1798 2441 972
317 2442 303
2407 2442 745
1019 2443 843
1627 2443 120
594 2444 143
614 2444 144
809 2445 261
1481 2445 218
502 2446 312
1741 2446 153
1973 2447 842
2079 2447 912
926 2448 922
1351 2448 890
551 2449 106
2302 2449 966
1238 2450 111
1585 2450 274
351 2451 171
764 2451 464
440 2452 341
1400 2452 321
262 2453 425
2146 2453 142
1450 2454 120
2020 2454 561
567 2455 637
737 2455 648
2194 2455 277
428 2456 412
2095 2456 141
189 2457 378
976 2457 166
2316 2457 272
1466 2458 112
1596 2458 426
1915 2459 643
49 2460 817
1670 2460 288
79 2461 846
1408 2461 115
712 2462 378
1883 2462 328
373 2463 138
1809 2463 390
64 2464 626
2159 2464 805
161 2465 114
1589 2465 802
394 2466 670
1110 2466 626
1223 2467 816
1516 2468 199
2467 2468 609
114 2469 316
959 2469 887
1357 2470 966
1544 2470 982
1120 2471 998
1461 2471 316
219 2472 136
2372 2472 437
429 2473 372
1716 2473 166
1792 2474 829
1814 2474 178
837 2475 619
2097 2475 658
2214 2475 368
2333 2475 960
317 2476 464
937 2476 225
46 2477 139
979 2477 278
971 2478 286
1483 2478 200
1128 2479 480
1164 2479 111
51 2480 769
539 2480 193
1799 2480 788
666 2481 792
2324 2481 174
1839 2482 209
1948 2482 825
1963 2482 326
1200 2483 108
1654 2483 858
526 2484 242
2193 2484 799
1145 2485 150
1680 2485 198
2459 2485 863
37 2486 126
640 2486 104
747 2487 184
1053 2487 525
403 2488 136
2256 2488 477
676 2489 139
1404 2489 305
359 2490 352
2029 2490 698
805 2491 117
2118 2491 370
52 2492 823
1581 2492 426
1453 2493 757
1956 2493 152
2357 2493 260
112 2494 277
1594 2494 906
383 2495 169
2238 2495 168
346 2496 100
1977 2496 938
2092 2496 557
533 2497 692
2384 2497 198
1597 2498 102
2167 2498 152
2021 2499 169
2389 2499 927
589 2500 748
1962 2500 192
