1
0
1
1
1000000
0
0
0
0
1
7 8 276
17 18 266
9 24 165
15 33 339
35 40 452
36 41 149
30 46 214
14 48 174
13 49 642
42 49 671
23 54 475
52 54 528
16 58 592
31 60 430
46 64 195
58 68 273
34 70 119
37 72 288
18 73 407
7 74 281
54 79 466
78 81 788
77 82 695
5 88 708
42 88 198
66 91 348
43 100 755
65 104 323
25 111 157
81 114 158
71 115 609
36 117 163
5 122 665
85 122 237
71 124 131
55 125 273
29 126 287
49 127 690
88 127 217
67 131 289
118 132 380
88 133 169
51 136 587
15 137 325
11 139 410
40 140 507
61 141 757
95 141 188
32 144 166
99 144 177
32 146 115
99 146 125
90 150 207
108 151 392
74 153 242
103 154 339
15 160 365
113 160 235
69 162 375
159 162 351
33 163 270
149 163 247
16 164 979
70 165 868
117 166 113
36 167 708
71 167 337
166 167 204
143 168 197
37 171 331
6 172 113
93 173 109
24 177 104
169 177 707
115 179 100
59 180 734
56 183 348
142 183 339
105 185 230
170 186 381
28 188 610
38 188 553
137 189 250
160 189 290
31 191 406
14 192 759
59 194 230
76 195 719
195 196 354
91 197 344
35 199 432
140 199 487
30 200 136
67 205 311
18 206 748
84 207 234
43 208 171
115 208 251
68 209 300
113 210 130
76 211 140
83 213 949
204 213 571
61 214 341
63 214 445
18 215 309
202 215 327
64 217 123
104 219 326
191 219 329
41 220 203
147 221 244
95 223 321
28 224 542
38 224 559
182 225 376
82 228 719
207 228 642
60 230 395
104 230 368
191 231 352
147 232 193
205 233 360
202 235 193
111 236 212
197 236 285
19 239 276
156 239 840
51 242 141
216 242 297
26 244 752
169 244 124
243 244 174
90 245 157
40 247 477
237 248 177
136 249 446
5 250 134
133 250 311
136 251 430
78 252 717
94 252 293
118 253 381
233 253 395
72 255 277
141 255 173
47 257 115
81 257 110
175 257 771
97 259 625
57 261 126
120 261 228
235 261 224
142 262 789
1 263 354
20 263 118
78 264 682
176 265 830
252 265 715
34 266 181
193 266 226
219 266 252
230 266 294
209 267 828
255 269 108
150 270 233
141 274 920
250 276 269
108 277 125
273 279 449
198 280 290
267 280 205
269 282 289
94 283 134
101 284 236
107 284 219
114 284 164
279 285 375
13 286 967
83 286 768
204 286 390
1 287 767
99 287 154
117 287 168
89 288 723
269 289 153
104 290 397
199 290 430
95 291 281
274 291 184
281 291 265
28 292 867
180 292 940
45 293 825
87 293 123
2 294 347
66 294 311
227 294 257
4 297 126
129 297 255
156 298 257
298 299 266
153 300 182
56 302 837
112 302 110
253 302 255
90 303 118
101 303 142
103 304 291
131 304 234
241 304 267
53 305 167
188 305 760
22 306 115
99 306 163
212 306 123
170 307 441
197 307 406
273 307 467
62 308 903
234 308 779
18 309 613
47 310 214
102 310 238
243 310 253
95 311 261
255 311 246
281 311 245
254 312 884
271 312 158
195 313 480
209 313 110
112 314 886
160 315 381
210 315 276
249 316 248
159 317 342
201 318 192
43 320 788
205 320 217
235 322 297
300 322 233
20 323 130
67 324 334
85 325 382
151 325 463
85 326 344
157 326 410
163 326 289
315 326 374
205 327 215
5 329 171
75 329 735
185 329 329
200 330 841
138 331 377
282 331 326
289 331 144
201 332 110
240 332 759
255 332 171
134 333 359
264 333 876
11 334 440
301 334 453
88 335 108
210 335 176
182 336 597
296 337 259
45 338 907
56 338 678
139 340 297
166 341 352
217 341 576
327 341 428
204 342 191
111 343 140
256 343 180
39 344 320
176 345 562
206 345 100
277 345 365
309 345 356
25 346 190
203 346 175
236 346 244
11 347 391
256 347 321
285 347 340
301 347 404
163 348 230
189 348 224
6 349 186
294 349 271
47 351 164
215 351 107
268 351 100
78 352 407
257 352 392
333 352 187
103 353 354
241 353 330
13 354 241
83 354 535
32 355 112
124 355 659
79 356 347
319 356 301
174 358 579
356 358 144
83 359 166
115 360 871
324 360 240
31 361 372
319 362 148
358 362 895
90 363 291
101 363 315
119 363 396
307 363 434
259 364 332
358 365 222
40 366 443
60 366 417
137 367 273
334 367 365
29 369 186
92 369 835
342 369 326
112 370 402
171 370 283
90 371 250
91 371 331
138 371 210
186 371 334
307 371 393
54 372 533
275 373 763
362 373 145
365 373 278
77 375 101
331 375 902
187 376 206
262 376 108
272 376 653
257 377 422
351 377 914
112 378 119
254 378 139
172 379 870
161 381 120
263 381 821
196 382 820
267 382 113
313 382 418
92 383 851
182 383 460
198 383 197
73 384 129
206 384 164
235 384 219
277 384 100
377 384 743
45 385 845
316 385 565
357 385 100
79 386 412
159 386 388
126 387 111
369 387 991
383 387 115
4 388 420
161 388 149
128 390 277
227 390 290
77 391 168
291 391 308
331 391 179
151 392 495
19 393 378
300 393 603
10 394 342
135 394 257
259 394 281
121 396 151
188 396 739
43 397 829
205 397 221
244 398 977
333 398 579
72 399 268
84 399 137
141 399 165
223 399 297
25 400 181
128 401 219
227 401 232
349 401 246
56 402 208
316 402 158
161 403 767
213 403 412
354 403 144
162 404 312
317 404 303
17 405 308
22 405 583
212 405 669
275 405 377
362 405 155
49 406 434
286 406 198
32 407 761
167 407 864
341 407 234
77 408 792
132 408 272
48 409 120
99 409 123
117 409 137
212 409 830
341 409 594
248 410 166
101 411 257
107 411 241
139 411 342
294 412 199
69 413 388
220 413 307
179 414 137
110 415 215
13 416 181
58 416 943
286 417 369
416 417 197
134 418 211
269 418 103
311 418 127
121 419 670
231 419 196
292 419 911
28 421 267
180 421 340
122 423 217
298 423 293
325 423 362
116 424 455
168 424 448
190 424 364
229 424 409
148 425 318
149 425 280
348 425 264
14 426 189
202 426 153
322 426 256
70 427 897
113 427 942
92 428 510
374 428 299
387 428 226
203 429 106
236 429 175
379 429 870
316 430 628
36 431 245
79 431 381
53 432 140
373 432 224
240 433 146
257 433 601
333 433 396
221 434 267
226 434 216
232 434 216
72 435 338
171 435 380
318 435 314
101 436 184
107 436 168
148 436 235
140 437 483
216 437 396
350 437 427
224 438 853
272 438 443
421 438 639
95 439 122
138 439 681
282 439 230
418 439 109
231 440 397
350 440 446
33 441 214
427 441 990
45 442 972
87 442 138
228 442 489
87 444 183
437 444 315
100 445 211
118 445 343
154 445 301
233 445 357
320 445 214
83 446 392
276 446 227
395 446 267
61 447 158
95 447 105
408 447 115
3 448 156
29 448 249
139 450 378
149 450 308
127 451 118
133 451 266
297 451 185
90 452 109
138 452 693
289 452 171
418 452 121
254 453 171
158 454 149
180 454 368
194 454 773
419 454 652
438 454 101
152 455 368
354 455 960
32 456 146
120 456 214
109 457 161
393 457 111
416 458 207
152 459 651
374 459 376
387 459 572
15 460 385
152 461 760
387 461 682
7 462 324
12 462 297
279 463 469
307 463 487
257 464 393
333 464 188
96 465 188
20 466 165
357 466 144
381 466 129
100 467 128
118 467 260
183 467 856
302 467 134
378 467 144
266 468 181
14 469 243
322 469 310
40 470 408
126 470 299
383 470 199
214 471 407
7 473 238
125 473 124
237 473 179
180 474 244
440 474 442
79 476 410
159 476 386
319 476 364
372 476 477
276 477 320
413 477 370
440 478 369
136 479 685
316 479 487
414 479 960
76 480 215
203 480 173
226 480 226
51 481 405
183 481 314
312 481 393
338 481 644
479 481 503
221 482 293
236 482 259
260 483 115
339 483 411
164 484 523
382 484 415
415 484 106
154 486 182
401 486 144
28 488 113
84 488 610
106 489 817
126 490 276
361 490 300
428 490 141
202 491 153
97 492 640
121 492 247
454 492 186
342 493 623
104 494 373
199 494 406
47 495 159
175 495 120
398 495 122
464 495 830
475 495 725
117 496 175
162 496 251
123 497 468
156 497 186
423 497 222
63 499 450
390 499 389
471 499 412
75 500 108
395 500 121
114 501 225
149 501 310
460 501 379
249 502 237
293 502 534
385 502 555
262 503 175
444 503 213
478 503 248
52 504 488
121 504 322
394 504 371
225 505 163
336 505 384
388 505 677
403 505 519
233 506 420
136 507 943
242 507 177
448 507 153
60 509 418
335 510 203
10 511 416
465 512 157
16 513 159
105 513 147
109 513 163
44 514 172
55 514 614
241 514 217
177 516 439
358 516 125
63 517 467
353 517 401
49 518 529
286 518 103
166 519 232
263 519 798
323 519 919
353 520 301
430 520 185
26 521 491
169 521 677
321 521 197
365 521 614
432 521 564
105 522 709
122 522 939
108 523 173
393 523 438
497 523 105
155 524 226
57 525 129
120 525 231
108 526 261
258 526 529
345 526 998
392 526 364
39 527 109
155 527 114
222 527 161
344 527 141
524 527 136
179 528 127
323 528 102
385 528 945
466 528 138
2 529 437
214 529 441
349 529 361
517 529 463
1 530 687
20 530 151
519 530 113
17 531 147
174 531 184
243 531 249
362 531 135
34 532 141
165 532 108
219 532 212
449 532 172
368 533 482
201 534 212
255 534 273
289 534 149
391 534 314
435 534 334
86 535 217
209 535 833
211 535 136
381 536 948
388 536 124
519 536 926
528 536 103
207 537 162
370 537 695
478 537 150
379 538 362
67 539 194
320 539 100
355 539 454
360 539 100
50 540 312
242 540 266
437 540 365
448 540 242
15 541 423
157 541 475
131 542 142
473 542 779
70 543 679
221 544 316
290 544 378
76 545 139
267 545 134
313 545 631
82 546 161
207 546 963
314 546 531
370 546 182
399 546 210
435 546 279
74 547 243
462 547 286
523 547 786
50 549 329
60 549 380
440 549 401
11 550 328
340 550 215
367 550 252
532 550 192
74 551 197
123 551 914
192 551 460
277 551 811
300 551 136
523 551 324
188 552 106
421 552 854
130 553 532
15 554 340
70 554 206
157 554 392
163 554 271
501 554 334
86 555 296
26 556 920
102 556 175
175 556 113
332 556 188
432 556 405
105 557 918
122 557 114
67 558 239
71 558 118
397 558 148
453 558 188
23 559 352
53 559 252
188 559 161
107 560 259
279 560 376
61 561 282
65 562 258
221 562 271
278 563 110
165 564 110
210 564 150
510 564 177
207 565 930
421 565 955
435 565 276
61 566 321
118 566 385
529 566 422
143 567 260
218 567 115
258 568 948
548 568 714
88 569 211
329 569 312
500 569 666
510 569 116
201 570 181
244 570 690
281 570 240
391 570 283
388 572 211
265 573 186
6 574 130
203 574 123
294 574 215
61 575 130
314 575 469
399 575 110
153 576 288
237 576 268
322 576 340
199 577 378
346 577 288
480 577 286
544 577 326
170 578 413
197 578 379
273 578 440
482 578 354
118 579 371
233 579 386
378 579 255
489 580 707
498 580 579
166 581 499
217 581 724
496 581 112
536 581 193
389 582 138
530 582 168
572 582 234
29 584 358
555 584 363
311 585 225
452 585 851
534 585 252
570 585 220
304 586 140
353 586 203
199 587 421
584 587 402
302 588 133
314 588 111
430 588 117
256 589 263
285 589 282
346 589 255
400 589 246
482 589 270
259 590 255
441 590 638
181 591 127
190 591 851
49 592 727
354 592 327
451 592 122
167 593 386
381 593 731
581 593 681
136 594 725
380 594 938
448 594 131
23 595 444
52 595 497
364 595 431
511 595 454
571 595 493
174 596 651
206 596 728
352 596 138
377 596 168
464 596 140
573 596 357
286 597 310
342 597 111
164 598 623
417 598 339
518 598 732
522 598 474
557 598 684
134 599 542
175 599 749
269 599 434
332 599 194
433 599 579
360 600 110
542 600 578
51 601 582
249 601 440
293 601 737
154 602 299
353 602 314
529 602 377
68 603 548
313 603 136
484 603 139
328 604 474
483 604 253
112 605 202
253 605 347
499 605 376
561 605 313
579 605 338
194 606 179
340 606 115
532 606 923
429 607 230
434 607 288
480 607 297
81 608 348
277 608 194
377 608 628
375 609 220
471 609 307
267 610 470
379 610 903
410 611 117
563 611 917
245 612 646
331 612 146
398 612 479
452 612 169
570 612 118
73 613 474
123 613 279
176 613 373
277 613 175
309 613 546
368 614 601
533 614 650
64 615 201
248 615 202
469 615 264
32 616 107
124 616 601
167 616 396
339 617 182
508 617 183
1 618 951
41 618 172
117 618 187
297 618 187
519 618 507
100 619 149
430 619 139
453 619 197
171 620 377
223 620 363
291 620 324
176 621 443
526 621 200
153 622 183
410 622 152
62 623 331
288 623 430
24 624 127
305 624 108
396 624 106
429 625 664
538 625 155
610 625 296
242 626 290
361 626 329
221 627 265
226 627 215
577 627 275
589 627 242
260 628 375
553 628 521
31 629 404
187 629 346
247 629 425
366 629 391
509 629 392
115 630 194
124 630 284
167 630 788
581 630 374
64 631 140
330 631 107
600 631 891
35 632 429
198 632 383
470 632 385
607 632 387
44 633 294
227 633 293
33 634 319
160 634 344
427 634 203
554 634 319
310 635 136
164 636 243
415 636 183
258 637 683
392 637 518
460 637 475
541 637 514
420 638 417
504 638 443
154 639 346
233 639 402
19 640 448
58 640 692
611 640 108
512 641 104
119 642 411
139 642 415
334 642 446
17 643 307
48 643 704
57 643 282
212 643 331
9 644 238
27 645 689
295 645 691
641 645 898
245 646 117
560 646 211
97 648 541
188 648 695
224 648 702
196 649 465
337 649 215
625 649 918
20 650 188
455 650 998
582 650 205
16 651 110
105 651 988
416 651 611
598 651 753
57 652 492
102 652 194
268 652 105
211 653 173
382 653 151
434 653 238
538 653 130
150 654 147
269 654 476
433 654 622
452 654 494
74 655 438
300 655 378
580 655 719
611 655 343
137 656 336
148 656 364
334 656 428
460 656 395
261 657 798
652 657 958
76 658 178
226 658 190
313 658 102
535 658 174
555 658 253
653 658 211
8 659 192
278 659 122
574 660 199
590 661 269
500 662 212
541 662 398
147 663 178
340 663 177
562 663 204
110 664 163
410 664 145
563 664 119
9 665 253
37 665 292
177 665 191
281 665 280
620 665 339
110 666 169
514 666 182
659 666 137
187 667 304
216 667 326
350 667 357
509 667 349
540 667 295
549 667 311
184 668 543
372 668 548
279 669 423
578 669 414
589 669 330
660 669 326
97 670 949
533 670 485
591 670 460
191 671 397
147 672 219
170 672 328
256 672 261
400 672 244
482 672 268
53 673 191
521 673 107
337 674 216
563 674 154
34 675 845
427 675 545
468 675 843
606 675 352
147 676 201
400 676 226
627 676 222
88 677 789
122 677 138
298 677 214
3 678 974
152 678 589
251 678 426
374 678 333
507 678 938
194 679 332
39 680 245
155 680 293
222 680 765
344 680 566
524 680 519
59 681 133
485 681 335
41 682 197
381 682 730
308 683 808
6 684 740
659 684 458
660 684 142
499 685 326
609 685 222
50 686 392
437 686 445
440 686 464
503 686 343
613 687 234
65 688 285
193 688 262
219 688 288
449 688 248
494 688 334
671 688 356
249 689 897
251 689 743
374 689 182
389 689 406
402 689 342
204 690 610
246 690 572
417 690 589
458 690 599
493 690 104
651 690 100
24 691 112
305 691 939
648 691 874
673 691 118
195 692 890
493 692 653
545 692 590
603 692 177
39 693 405
155 693 452
222 693 924
344 693 725
524 693 678
162 694 331
386 694 367
413 694 344
431 694 336
156 695 246
283 695 213
309 695 189
526 695 253
128 696 129
172 696 832
278 696 331
684 696 436
250 697 247
446 697 205
143 698 185
218 698 327
44 699 363
103 699 432
241 699 409
506 699 458
517 699 479
639 699 439
15 700 387
157 700 438
315 700 403
564 700 277
276 701 298
395 701 337
487 701 332
183 702 519
312 702 598
378 702 110
442 702 914
286 703 175
446 703 985
500 703 469
41 704 880
167 704 694
381 704 115
519 704 113
82 705 112
370 705 132
378 705 271
620 705 227
169 706 820
318 706 175
635 706 371
296 707 296
415 707 272
462 707 329
51 708 850
216 708 240
262 708 120
444 708 159
488 708 144
89 709 661
623 709 368
698 709 494
46 710 246
144 710 231
525 710 228
38 711 115
305 711 136
321 711 250
644 711 227
647 711 162
673 711 160
105 712 153
122 712 176
329 712 126
369 713 353
461 713 427
597 713 138
67 714 202
71 714 815
327 714 105
355 714 252
360 714 107
407 714 392
542 714 546
287 715 250
306 715 259
404 715 318
694 715 336
200 716 971
237 716 154
355 716 105
542 716 534
631 716 120
93 717 309
143 717 256
424 717 507
18 718 819
351 718 158
495 718 152
531 718 203
596 718 839
357 719 127
380 719 124
414 719 131
558 719 152
26 720 485
134 720 490
175 720 697
398 720 710
464 720 319
573 720 536
191 721 236
194 721 952
419 721 803
532 721 119
681 721 142
177 722 613
521 722 583
691 722 695
706 722 726
129 723 316
184 723 424
220 723 279
263 723 118
618 723 248
682 723 273
131 724 185
539 724 914
586 724 919
600 724 101
602 724 203
716 724 955
162 725 336
275 725 177
317 725 327
431 725 342
107 726 108
114 726 537
149 726 138
44 727 200
103 727 269
412 727 141
486 727 111
578 728 416
101 729 323
119 729 403
139 729 407
148 729 374
28 730 625
38 730 113
647 730 457
45 731 705
56 731 476
316 731 426
481 731 442
588 731 969
601 731 618
270 732 110
282 732 260
289 732 784
654 732 245
685 732 986
697 733 255
33 735 317
160 735 343
326 735 336
348 735 277
700 735 365
500 736 120
510 736 170
701 736 956
38 737 865
158 737 163
259 737 185
122 738 109
480 739 244
545 739 168
584 739 317
658 739 208
230 740 325
676 740 249
121 741 164
394 741 213
485 741 126
737 741 117
83 742 599
276 742 128
406 742 297
592 742 263
60 743 468
104 743 441
191 743 443
440 743 489
681 743 350
100 744 997
208 744 413
302 744 105
397 744 107
402 744 427
430 744 897
617 745 182
115 746 403
528 746 676
581 746 165
253 747 414
324 747 401
506 747 438
561 747 379
566 747 418
119 748 386
148 748 357
334 748 420
189 749 214
340 749 200
367 749 237
562 749 227
642 749 318
35 750 385
65 750 309
221 750 321
247 750 410
290 750 383
189 751 236
340 751 222
634 751 291
675 751 142
729 751 332
1 752 391
41 752 735
413 752 177
37 753 237
274 753 144
370 753 189
399 753 217
620 753 283
98 754 459
450 754 372
501 754 375
634 754 360
729 754 401
210 755 146
326 755 244
11 756 372
284 756 282
411 756 304
560 756 321
76 757 224
92 757 192
198 757 304
555 757 299
458 758 372
493 758 815
734 758 150
181 759 135
614 759 626
77 760 171
132 760 364
506 760 390
561 760 331
579 760 356
392 761 463
460 761 420
700 761 423
52 762 538
477 762 457
571 762 534
107 763 261
139 763 362
148 763 329
149 763 291
392 764 461
510 764 321
541 764 456
700 764 420
51 765 783
293 765 939
338 765 102
444 765 153
594 765 921
3 766 178
29 766 271
470 766 282
22 767 120
169 767 176
243 767 144
362 767 306
365 767 439
516 767 914
635 767 272
98 768 497
637 768 508
280 769 135
369 769 407
383 769 423
461 769 373
766 769 126
466 770 154
530 770 140
536 770 119
86 772 225
211 772 144
428 772 875
734 772 833
757 772 228
46 773 171
144 773 155
217 773 995
407 773 653
593 773 953
25 774 982
203 774 838
226 774 136
343 774 809
589 774 163
660 774 159
12 775 190
109 775 586
153 775 177
239 775 965
393 775 559
547 775 178
40 776 422
361 776 337
629 776 370
766 776 296
681 777 198
9 778 169
224 778 991
691 778 116
711 778 158
246 779 480
417 779 497
493 779 949
597 779 438
603 779 119
11 780 395
285 780 343
425 780 336
560 780 344
642 780 400
748 780 375
763 780 347
12 781 213
393 781 787
547 781 201
636 781 155
640 781 161
655 781 396
189 782 302
425 782 342
450 782 369
642 782 406
656 782 388
729 782 398
583 783 860
290 784 359
490 784 293
772 784 239
210 785 179
427 785 142
81 786 524
264 786 418
464 786 141
475 786 246
87 787 113
376 787 777
601 787 628
176 788 815
215 788 533
252 788 334
309 788 837
491 788 707
36 789 953
146 789 720
407 789 331
409 789 691
456 789 103
52 790 536
477 790 455
638 790 491
701 790 432
42 791 485
75 791 131
335 791 176
487 791 933
736 791 143
785 791 179
25 792 167
226 792 205
232 792 205
577 792 265
587 792 309
676 792 212
739 792 223
54 793 441
135 793 287
396 793 230
420 793 375
504 793 401
559 793 318
34 794 439
485 794 872
543 794 143
679 794 206
721 794 221
187 795 337
350 795 390
366 795 382
474 795 386
549 795 344
498 796 345
13 797 729
455 797 583
461 797 975
597 797 409
10 798 372
259 798 311
504 798 401
559 798 318
595 798 410
661 798 325
160 799 402
541 799 460
74 800 197
192 800 462
611 800 102
50 801 246
126 801 214
448 801 176
459 801 458
678 801 116
213 802 669
342 802 288
205 803 319
241 803 330
324 803 342
506 803 379
520 803 301
19 804 167
156 804 253
491 804 183
604 805 171
617 805 183
181 806 278
190 806 444
623 806 129
759 806 414
170 807 344
172 807 200
197 807 309
30 808 169
32 808 136
99 808 147
341 808 839
773 808 125
10 809 427
492 809 381
504 809 456
78 810 111
265 810 111
94 811 669
265 811 340
621 811 933
158 812 153
419 812 108
741 812 107
794 812 691
45 813 804
316 813 525
357 813 965
619 813 129
20 814 181
124 814 790
414 814 163
770 814 170
66 815 352
669 815 384
24 816 212
356 816 284
386 816 348
420 816 336
516 816 152
78 817 638
94 817 101
114 817 953
258 817 457
460 817 249
434 818 281
632 818 380
750 818 336
784 818 312
123 819 717
192 819 262
300 819 116
469 819 193
622 819 117
687 819 672
55 820 652
128 820 162
278 820 255
486 820 876
358 821 475
405 821 720
456 821 122
245 822 629
252 822 240
264 822 205
303 822 241
398 822 461
475 822 340
186 823 366
815 823 368
46 824 210
525 824 191
4 825 786
250 825 182
451 825 137
505 825 529
742 825 415
103 826 382
132 826 381
445 826 344
506 826 407
520 826 329
619 826 283
207 827 495
314 827 927
442 827 104
731 827 782
47 828 735
81 828 410
252 828 338
303 828 142
475 828 132
810 828 739
242 829 240
601 829 156
245 830 255
273 830 422
363 830 389
411 830 331
560 830 349
642 830 405
194 831 192
492 831 301
17 832 831
22 832 278
215 832 874
243 832 184
657 832 706
192 833 777
277 833 426
309 833 114
491 833 101
687 833 368
92 834 908
374 834 368
507 834 973
144 835 174
306 835 161
404 835 219
456 835 154
525 835 171
98 836 518
151 836 506
299 836 377
51 837 565
312 837 553
444 837 131
540 837 181
594 837 703
787 837 612
497 838 152
621 838 159
804 838 220
14 839 193
125 839 134
615 839 214
800 839 163
330 840 162
586 840 104
600 840 114
106 841 117
94 842 245
160 842 373
460 842 392
754 842 388
782 842 385
75 843 231
85 843 345
557 843 223
662 843 334
712 843 284
69 844 355
220 844 274
404 844 293
682 844 268
733 844 294
123 845 287
156 845 427
192 845 332
309 845 369
491 845 356
85 846 370
712 846 309
735 846 362
764 846 418
799 846 421
75 847 156
441 847 160
755 847 171
785 847 204
328 848 344
472 848 127
68 849 141
337 849 228
563 849 165
640 849 182
707 849 265
211 850 179
296 850 176
538 850 253
504 851 381
564 851 845
661 851 305
270 852 335
279 852 434
347 852 399
756 852 380
173 853 172
35 854 369
221 854 305
232 854 254
236 854 271
577 854 314
607 854 326
13 855 186
185 855 150
204 855 213
225 855 579
403 855 538
518 855 734
651 855 607
661 856 221
127 857 150
458 857 286
522 857 411
677 857 856
150 858 195
245 858 145
264 858 616
100 859 139
233 859 285
302 859 145
378 859 154
397 859 146
453 859 186
94 860 180
258 860 535
621 860 206
695 860 259
788 860 154
804 860 266
71 861 322
466 861 825
593 861 401
746 861 115
86 862 285
361 862 306
784 862 299
45 863 625
56 863 396
702 863 567
859 863 100
235 864 165
277 864 467
300 864 102
491 864 124
687 864 526
63 865 329
138 865 152
186 865 275
289 865 997
375 865 204
685 865 206
152 866 802
374 866 527
389 866 103
13 867 555
42 867 584
127 867 603
185 867 519
703 867 370
66 868 341
227 868 287
609 868 282
728 868 375
24 869 161
135 869 196
356 869 232
673 869 167
423 870 343
513 870 295
712 870 301
838 870 273
57 871 116
73 871 125
235 871 214
268 871 601
469 871 227
687 871 101
52 872 537
372 872 542
511 872 495
809 872 506
171 873 258
537 873 453
565 873 154
647 873 140
455 874 270
582 874 786
592 874 501
866 874 704
511 875 352
26 876 131
102 876 215
174 876 166
243 876 230
365 876 130
573 876 136
24 877 179
169 877 145
644 877 252
673 877 185
304 878 111
514 878 612
727 878 891
154 879 308
353 879 324
820 879 214
840 879 225
34 880 113
137 880 185
165 880 808
485 880 175
81 881 607
175 881 153
475 881 329
726 881 228
810 881 936
20 882 118
43 882 562
357 882 975
414 882 100
211 883 159
434 883 224
480 883 234
544 883 274
784 883 255
307 884 474
84 885 277
228 885 107
271 885 296
537 885 119
647 885 834
9 886 176
624 886 138
711 886 165
869 886 172
873 886 144
206 887 115
215 887 982
235 887 170
268 887 165
352 887 288
377 887 258
657 887 265
58 888 113
458 888 124
348 889 219
449 889 204
550 889 224
749 889 209
780 889 291
64 890 170
248 890 172
330 890 137
586 890 484
710 890 221
716 890 149
66 891 379
214 891 419
349 891 338
823 891 394
92 892 342
182 892 462
342 892 166
713 892 138
201 893 324
289 893 302
495 893 104
599 893 583
612 893 300
133 894 362
395 894 359
487 894 354
875 894 313
209 895 737
278 895 129
296 895 215
610 895 109
849 895 184
23 896 383
53 896 283
79 896 374
159 896 349
319 896 328
373 896 165
725 896 334
119 897 390
334 897 424
347 897 375
153 898 164
345 898 743
551 898 118
845 898 259
864 898 845
129 899 922
161 899 144
263 899 106
354 899 672
359 899 180
650 899 176
771 900 571
82 901 172
370 901 193
399 901 221
885 901 111
202 902 124
261 902 154
306 902 147
525 902 157
643 902 561
832 902 380
86 903 324
126 903 321
584 903 391
632 903 407
784 903 339
62 904 824
234 904 701
288 904 624
853 904 548
476 905 353
635 905 140
15 906 259
70 906 125
113 906 129
441 906 134
564 906 149
880 906 119
529 907 470
699 907 486
747 907 466
545 908 641
610 908 942
385 909 119
397 909 143
430 909 125
746 909 927
803 909 241
10 910 305
158 910 222
180 910 770
492 910 259
552 910 196
741 910 176
52 911 482
364 911 416
394 911 365
511 911 439
638 911 437
168 912 261
623 912 406
698 912 121
136 913 127
380 913 148
414 913 155
317 914 386
668 914 500
844 914 376
282 915 329
418 915 196
599 915 134
612 915 148
646 915 382
720 915 817
68 916 466
196 916 347
337 916 133
692 916 959
758 916 660
888 916 182
7 917 261
12 917 235
153 917 222
237 917 203
410 917 192
655 917 418
6 918 244
659 918 122
908 918 114
432 919 572
516 919 417
635 919 236
5 920 631
42 920 332
276 920 141
406 920 955
569 920 775
703 920 118
736 920 613
738 920 370
395 921 306
875 921 260
911 921 347
109 922 539
547 922 118
119 923 355
139 923 359
347 923 340
663 923 239
672 923 281
204 924 137
225 924 134
246 924 992
406 924 548
597 924 572
892 924 220
55 925 161
131 925 283
205 925 305
241 925 317
639 925 347
879 925 310
165 926 318
210 926 714
427 926 348
606 926 154
831 926 159
245 927 184
273 927 351
331 927 104
371 927 277
59 928 241
65 928 340
247 928 441
366 928 407
474 928 411
671 928 412
743 928 458
144 929 154
146 929 103
217 929 984
409 929 100
496 929 138
161 930 184
213 930 148
359 930 220
572 930 246
704 930 179
283 931 150
526 931 190
761 931 289
811 931 833
817 931 118
115 932 110
324 932 264
558 932 168
744 932 127
909 932 163
82 933 720
314 933 366
408 933 767
520 934 147
539 934 493
586 934 497
198 935 259
387 935 739
758 935 115
772 935 184
903 935 283
4 936 843
69 936 257
496 936 133
536 936 187
618 936 145
682 936 169
752 936 461
22 937 877
386 937 263
516 937 665
657 937 449
821 937 101
8 938 120
55 938 149
131 938 137
412 938 667
473 938 824
878 938 147
127 939 273
185 939 189
204 939 174
406 939 174
569 939 155
703 939 408
61 940 247
118 940 311
274 940 796
408 940 203
471 940 313
605 940 277
112 941 679
142 941 406
467 941 922
575 941 262
705 941 247
753 941 811
933 941 159
940 941 143
877 942 245
53 943 261
79 943 352
624 943 203
793 943 327
816 943 288
869 943 236
905 943 294
919 943 178
427 944 120
543 944 278
590 944 283
831 944 314
67 945 252
304 945 197
320 945 158
803 945 260
826 945 288
934 945 107
595 946 368
661 946 283
875 946 265
186 947 352
270 947 294
390 947 345
685 947 282
815 947 354
868 947 342
36 948 174
404 948 247
496 948 186
593 948 141
682 948 222
725 948 271
791 949 265
836 949 444
843 949 365
425 950 197
436 950 114
560 950 205
726 950 552
811 950 620
41 951 156
297 951 171
762 951 347
930 951 319
383 952 807
428 952 465
766 952 164
373 953 104
531 953 225
556 953 167
652 953 185
876 953 207
336 954 117
802 954 471
834 954 582
866 954 313
892 954 167
108 955 267
258 955 535
393 955 137
804 955 266
864 955 953
3 956 830
249 956 297
251 956 282
293 956 595
594 956 577
787 956 486
813 956 574
5 957 106
42 957 375
75 957 457
185 957 311
518 957 233
557 957 376
697 957 123
703 957 162
19 958 251
192 958 175
300 958 730
426 958 959
491 958 417
611 958 389
622 958 740
33 959 279
137 959 265
148 959 293
348 959 239
751 959 251
71 960 128
179 960 168
323 960 143
466 960 179
704 960 164
719 960 162
814 960 194
438 961 160
565 961 191
644 961 243
778 961 173
316 962 523
357 962 963
414 962 995
528 962 902
770 962 106
26 963 466
102 963 130
134 963 471
311 963 101
332 963 265
722 963 678
8 964 162
412 964 246
574 964 409
684 964 156
918 964 921
625 965 572
727 965 683
964 965 482
153 966 153
239 966 729
800 966 108
845 966 270
958 966 450
111 967 132
429 967 965
172 968 149
197 968 258
429 968 149
574 968 166
965 968 769
238 969 363
5 970 828
75 970 139
85 970 253
335 970 184
736 970 150
755 970 153
63 971 387
91 971 330
138 971 209
375 971 261
408 971 239
471 971 349
296 972 222
382 972 495
415 972 197
538 972 708
610 972 116
649 972 178
666 972 150
227 973 202
574 973 160
728 973 289
116 974 245
229 974 199
848 975 119
535 976 207
607 976 295
739 976 241
883 976 231
903 976 315
967 976 160
200 977 689
320 977 276
327 977 257
355 977 773
808 977 101
415 978 198
610 978 116
649 978 178
664 978 145
849 978 191
281 979 130
333 979 171
418 979 130
612 979 832
654 979 242
858 979 721
7 980 271
110 980 219
125 980 158
563 980 176
707 980 276
800 980 187
129 981 286
220 981 249
359 981 141
446 981 219
477 981 312
733 981 269
951 981 202
51 982 403
183 982 312
251 982 246
262 982 762
787 982 450
280 983 246
369 983 151
493 983 181
545 983 174
584 983 323
757 983 260
935 983 215
84 984 978
223 984 258
271 984 997
647 984 153
778 984 149
199 985 397
627 985 294
688 985 326
750 985 350
58 986 223
164 986 365
299 986 117
922 986 117
72 987 243
305 987 141
318 987 219
321 987 256
332 987 136
432 987 115
722 987 117
22 988 369
212 988 455
362 988 582
476 988 210
635 988 240
36 989 119
146 989 957
287 989 124
496 989 131
616 989 878
630 989 561
694 989 210
752 989 436
578 990 329
633 990 294
660 990 241
807 990 260
968 990 208
973 990 202
484 991 483
598 991 584
779 991 742
336 992 345
383 992 297
459 992 389
502 992 116
834 992 355
179 993 126
338 993 998
385 993 935
402 993 528
479 993 857
719 993 120
932 993 137
223 994 321
546 994 234
753 994 241
933 994 144
238 995 881
515 995 618
164 996 109
423 996 217
513 996 170
522 996 941
922 996 608
98 997 497
637 997 509
799 997 455
842 997 426
860 997 361
183 998 407
312 998 486
442 998 802
731 998 535
787 998 545
813 998 633
10 999 343
113 999 953
661 999 296
875 999 278
944 999 309
130 1000 398
548 1000 319
2 1001 341
66 1001 304
214 1001 344
439 1001 145
447 1001 162
609 1001 245
971 1001 286
29 1002 375
140 1002 486
509 1002 422
540 1002 368
587 1002 420
626 1002 392
776 1002 400
11 1003 393
425 1003 334
450 1003 361
501 1003 364
656 1003 380
761 1003 405
248 1004 177
473 1004 179
878 1004 825
306 1005 156
405 1005 997
409 1005 115
456 1005 150
808 1005 140
465 1006 221
568 1006 184
239 1007 906
497 1007 120
547 1007 172
636 1007 126
996 1007 688
339 1008 255
568 1008 935
369 1009 483
380 1009 739
448 1009 111
459 1009 187
802 1009 446
834 1009 557
317 1010 330
356 1010 310
386 1010 375
431 1010 345
821 1010 214
86 1011 184
209 1011 505
280 1011 173
461 1011 112
734 1011 424
935 1011 143
313 1012 834
555 1012 235
713 1012 791
779 1012 109
983 1012 195
1011 1012 122
171 1013 365
291 1013 312
534 1013 319
732 1013 177
41 1014 325
54 1014 505
413 1014 428
431 1014 421
762 1014 516
178 1015 513
796 1015 604
47 1016 149
134 1016 900
303 1016 900
398 1016 112
433 1016 938
452 1016 810
893 1016 942
205 1017 305
253 1017 340
324 1017 328
445 1017 302
520 1017 287
744 1017 191
879 1017 309
61 1018 270
63 1018 374
314 1018 186
408 1018 226
605 1018 300
760 1018 318
363 1019 391
436 1019 260
463 1019 444
560 1019 351
748 1019 381
285 1020 342
301 1020 406
346 1020 314
400 1020 305
463 1020 435
748 1020 373
283 1021 134
726 1021 599
811 1021 667
17 1022 398
57 1022 191
73 1022 275
275 1022 515
824 1022 806
953 1022 117
182 1023 579
196 1023 134
198 1023 250
758 1023 106
39 1024 542
155 1024 590
222 1024 106
344 1024 863
524 1024 816
680 1024 297
887 1024 809
350 1025 314
444 1025 202
478 1025 237
488 1025 187
730 1025 136
885 1025 989
336 1026 610
866 1026 806
19 1027 120
58 1027 965
299 1027 216
457 1027 194
513 1027 196
31 1028 441
140 1028 492
216 1028 405
247 1028 462
509 1028 429
626 1028 399
671 1028 433
985 1028 402
12 1029 210
16 1029 299
410 1029 167
636 1029 152
640 1029 158
978 1029 167
46 1030 157
200 1030 797
304 1030 564
542 1030 360
890 1030 132
1004 1030 137
251 1031 252
293 1031 564
594 1031 546
801 1031 993
863 1031 365
11 1032 415
284 1032 325
501 1032 386
656 1032 403
729 1032 412
763 1032 367
897 1032 399
125 1033 547
200 1033 856
327 1033 103
542 1033 522
840 1033 109
925 1033 194
202 1034 188
525 1034 221
871 1034 208
82 1035 380
314 1035 108
378 1035 139
442 1035 120
760 1035 240
31 1036 380
187 1036 322
216 1036 344
231 1036 326
262 1036 224
549 1036 329
686 1036 393
182 1037 105
342 1037 760
387 1037 987
758 1037 568
797 1037 128
9 1038 147
37 1038 187
624 1038 109
873 1038 115
961 1038 151
77 1039 381
141 1039 852
447 1039 242
561 1039 121
901 1039 141
87 1040 189
376 1040 153
503 1040 219
601 1040 138
708 1040 165
827 1040 155
195 1041 596
209 1041 437
211 1041 898
296 1041 185
382 1041 130
734 1041 518
916 1041 603
76 1042 483
203 1042 708
625 1042 334
850 1042 743
908 1042 980
964 1042 759
77 1043 269
291 1043 113
447 1043 627
579 1043 211
609 1043 145
705 1043 162
940 1043 151
98 1044 391
283 1044 209
860 1044 255
805 1045 526
783 1046 120
841 1046 131
109 1047 226
298 1047 309
392 1047 409
870 1047 358
170 1048 396
273 1048 423
363 1048 390
411 1048 332
852 1048 408
923 1048 349
433 1049 247
464 1049 399
732 1049 129
893 1049 252
915 1049 197
979 1049 131
247 1050 388
470 1050 319
490 1050 296
626 1050 325
776 1050 333
818 1050 315
829 1050 274
952 1050 201
394 1051 280
485 1051 192
543 1051 249
590 1051 254
851 1051 289
906 1051 558
921 1051 262
999 1051 281
285 1052 301
400 1052 265
748 1052 332
763 1052 305
897 1052 336
923 1052 302
96 1053 129
21 1054 603
145 1054 609
641 1054 365
98 1055 513
151 1055 501
157 1055 486
501 1055 429
637 1055 525
761 1055 470
37 1056 208
177 1056 107
240 1056 102
624 1056 130
706 1056 118
919 1056 105
987 1056 163
595 1057 462
790 1057 501
872 1057 503
180 1058 132
419 1058 129
440 1058 331
681 1058 192
741 1058 324
525 1059 596
652 1059 119
832 1059 942
876 1059 140
1022 1059 510
154 1060 219
200 1060 358
304 1060 172
320 1060 132
724 1060 123
840 1060 136
925 1060 221
85 1061 363
315 1061 393
335 1061 293
677 1061 264
764 1061 410
799 1061 414
949 1061 382
66 1062 332
371 1062 315
439 1062 173
463 1062 409
823 1062 348
473 1063 101
600 1063 343
44 1064 248
128 1064 235
349 1064 261
412 1064 189
684 1064 149
907 1064 370
242 1065 253
437 1065 352
448 1065 229
765 1065 190
834 1065 173
65 1066 213
193 1066 190
219 1066 216
468 1066 145
606 1066 959
663 1066 158
487 1067 317
785 1067 443
875 1067 276
944 1067 307
85 1068 355
151 1068 437
157 1068 421
662 1068 344
736 1068 252
738 1068 228
764 1068 403
949 1068 375
7 1069 282
110 1069 230
410 1069 213
1004 1069 223
152 1070 124
251 1070 492
389 1070 824
650 1070 149
882 1070 795
913 1070 133
298 1071 303
325 1071 371
392 1071 403
695 1071 292
836 1071 415
997 1071 394
1061 1071 352
8 1072 263
195 1072 153
296 1072 279
462 1072 311
649 1072 235
1042 1072 176
95 1073 324
255 1073 310
282 1073 204
391 1073 351
1013 1073 355
1039 1073 221
415 1074 237
462 1074 294
649 1074 218
1007 1074 181
1029 1074 206
1069 1074 252
97 1075 565
121 1075 171
188 1075 939
292 1075 132
737 1075 125
798 1075 250
856 1075 147
910 1075 184
203 1076 930
343 1076 901
850 1076 115
883 1076 153
967 1076 826
973 1076 129
67 1077 375
233 1077 423
453 1077 324
747 1077 442
826 1077 411
132 1078 270
254 1078 145
467 1078 150
588 1078 149
619 1078 171
933 1078 743
998 1078 105
1035 1078 146
23 1079 449
69 1079 439
159 1079 415
372 1079 506
914 1079 459
1057 1079 467
288 1080 597
583 1080 580
771 1080 566
56 1081 809
112 1081 107
142 1081 800
503 1081 176
537 1081 781
702 1081 980
827 1081 111
108 1082 252
114 1082 158
258 1082 520
608 1082 107
931 1082 180
1021 1082 164
1044 1082 239
1055 1082 361
193 1083 227
449 1083 213
468 1083 181
494 1083 299
777 1083 216
226 1084 265
555 1084 329
587 1084 368
626 1084 341
818 1084 330
862 1084 318
985 1084 344
201 1085 350
240 1085 738
244 1085 772
310 1085 156
585 1085 745
706 1085 172
963 1085 486
1016 1085 915
359 1086 269
572 1086 295
650 1086 266
814 1086 259
913 1086 251
264 1087 674
284 1087 205
436 1087 153
656 1087 283
817 1087 136
265 1088 688
608 1088 250
613 1088 231
881 1088 508
1021 1088 318
25 1089 105
232 1089 142
236 1089 160
343 1089 882
379 1089 712
672 1089 168
807 1089 184
86 1090 199
126 1090 196
361 1090 220
428 1090 622
461 1090 166
678 1090 985
766 1090 180
137 1091 271
165 1091 166
348 1091 245
550 1091 250
554 1091 286
700 1091 333
1003 1091 316
182 1092 325
342 1092 286
769 1092 523
797 1092 550
855 1092 673
975 1092 221
217 1093 681
327 1093 937
360 1093 959
746 1093 490
803 1093 198
934 1093 445
169 1094 214
318 1094 307
321 1094 343
570 1094 295
644 1094 320
665 1094 335
142 1095 160
228 1095 846
271 1095 273
537 1095 141
702 1095 340
705 1095 492
40 1096 440
50 1096 362
87 1096 283
437 1096 415
795 1096 378
166 1097 705
263 1097 139
287 1097 126
593 1097 888
616 1097 897
808 1097 119
59 1098 106
292 1098 127
449 1098 169
671 1098 277
679 1098 739
721 1098 116
777 1098 172
856 1098 629
73 1099 382
175 1099 943
268 1099 687
377 1099 594
573 1099 783
718 1099 126
953 1099 148
1088 1099 281
351 1100 110
608 1100 252
788 1100 562
828 1100 190
833 1100 874
1044 1100 157
149 1101 317
325 1101 397
326 1101 359
768 1101 418
1021 1101 238
1055 1101 435
220 1102 657
263 1102 955
359 1102 169
616 1102 197
704 1102 128
752 1102 640
814 1102 159
667 1103 233
218 1104 393
709 1104 560
59 1105 822
65 1105 181
449 1105 144
468 1105 113
606 1105 644
749 1105 150
97 1106 690
364 1106 397
638 1106 417
798 1106 376
809 1106 431
1057 1106 428
174 1107 116
377 1107 681
657 1107 674
953 1107 157
78 1108 597
258 1108 397
345 1108 328
608 1108 158
788 1108 152
864 1108 430
887 1108 479
177 1109 267
240 1109 215
244 1109 564
281 1109 115
333 1109 166
963 1109 278
147 1110 228
562 1110 255
740 1110 276
854 1110 289
20 1111 637
43 1111 108
124 1111 387
861 1111 196
977 1111 501
1097 1111 683
22 1112 404
275 1112 199
317 1112 170
365 1112 155
821 1112 541
835 1112 863
1059 1112 259
138 1113 149
274 1113 554
471 1113 289
654 1113 129
685 1113 203
147 1114 228
629 1114 320
750 1114 305
1066 1114 209
2 1115 401
132 1115 380
254 1115 255
447 1115 222
561 1115 346
566 1115 385
579 1115 371
1077 1115 409
199 1116 422
480 1116 330
584 1116 403
632 1116 420
757 1116 340
784 1116 351
1084 1116 370
505 1117 806
874 1117 204
1026 1117 306
105 1118 608
416 1118 231
857 1118 311
867 1118 141
1027 1118 110
8 1119 215
649 1119 187
664 1119 154
666 1119 159
674 1119 188
878 1119 802
965 1119 101
1069 1119 221
337 1120 162
625 1120 389
850 1120 798
895 1120 118
908 1120 103
967 1120 876
343 1121 361
379 1121 191
535 1121 756
696 1121 153
850 1121 424
895 1121 813
967 1121 286
195 1122 353
246 1122 625
493 1122 109
734 1122 431
757 1122 188
892 1122 306
1012 1122 123
1023 1122 134
12 1123 248
239 1123 154
337 1123 241
640 1123 196
707 1123 279
888 1123 126
1074 1123 244
229 1124 128
515 1124 504
853 1124 146
1104 1124 282
169 1125 578
318 1125 150
362 1125 948
432 1125 464
635 1125 129
273 1126 497
301 1126 487
463 1126 517
728 1126 474
852 1126 482
884 1126 504
3 1127 834
249 1127 302
374 1127 194
507 1127 799
829 1127 142
952 1127 689
992 1127 180
1026 1127 847
40 1128 471
50 1128 394
60 1128 445
126 1128 362
361 1128 386
1002 1128 450
240 1129 215
257 1129 802
310 1129 178
556 1129 116
919 1129 185
1107 1129 106
68 1130 975
484 1130 566
707 1130 222
888 1130 691
986 1130 724
1041 1130 111
292 1131 135
350 1131 289
730 1131 111
737 1131 236
777 1131 180
1058 1131 173
1103 1131 165
178 1132 156
329 1133 112
510 1133 198
846 1133 295
847 1133 195
946 1133 423
970 1133 178
42 1134 171
133 1134 321
276 1134 279
487 1134 313
592 1134 177
697 1134 257
24 1135 155
135 1135 191
396 1135 134
420 1135 279
648 1135 130
942 1135 222
14 1136 114
18 1136 138
202 1136 775
351 1136 627
384 1136 103
643 1136 972
833 1136 396
871 1136 982
31 1137 379
219 1137 302
230 1137 344
290 1137 373
862 1137 313
985 1137 339
1114 1137 295
163 1138 240
189 1138 234
315 1138 325
340 1138 220
450 1138 301
634 1138 289
926 1138 120
1091 1138 255
231 1139 238
443 1139 807
549 1139 241
812 1139 311
1058 1139 171
1103 1139 163
374 1140 116
490 1140 261
686 1140 346
801 1140 200
829 1140 240
1065 1140 253
261 1141 125
384 1141 120
643 1141 269
1022 1141 178
1107 1141 221
45 1142 140
506 1142 313
588 1142 167
619 1142 189
859 1142 179
909 1142 176
1035 1142 164
223 1143 238
254 1143 952
271 1143 805
447 1143 234
575 1143 514
705 1143 102
901 1143 162
933 1143 616
73 1144 187
123 1144 168
469 1144 290
824 1144 240
1034 1144 271
662 1145 290
677 1145 202
712 1145 240
799 1145 352
949 1145 321
1118 1145 148
266 1146 235
367 1146 255
740 1146 266
897 1146 314
323 1147 924
389 1147 841
650 1147 150
13 1148 626
127 1148 675
204 1148 226
225 1148 498
458 1148 237
1037 1148 117
119 1149 297
468 1149 168
663 1149 182
749 1149 205
751 1149 226
1110 1149 232
1146 1149 222
30 1150 152
48 1150 128
64 1150 133
330 1150 998
341 1150 674
839 1150 146
1033 1150 707
353 1151 237
514 1151 124
727 1151 152
820 1151 128
232 1152 223
267 1152 208
379 1152 151
535 1152 208
607 1152 295
653 1152 245
739 1152 242
262 1153 117
443 1153 612
478 1153 190
549 1153 222
1095 1153 540
334 1154 439
756 1154 370
830 1154 398
858 1154 288
1019 1154 400
1087 1154 293
1126 1154 473
14 1155 276
322 1155 343
384 1155 265
551 1155 246
1144 1155 323
141 1156 530
214 1156 318
269 1156 118
439 1156 119
823 1156 294
865 1156 203
1113 1156 200
229 1157 188
422 1157 769
717 1157 286
55 1158 121
486 1158 345
674 1158 967
878 1158 119
1060 1158 723
144 1159 187
217 1159 131
355 1159 133
890 1159 178
934 1159 799
90 1160 168
418 1160 704
646 1160 128
858 1160 155
1019 1160 268
1062 1160 233
343 1161 152
390 1161 279
660 1161 230
696 1161 131
807 1161 248
973 1161 191
79 1162 242
358 1162 395
373 1162 338
919 1162 687
937 1162 934
988 1162 426
1107 1162 189
34 1163 206
137 1163 278
550 1163 257
554 1163 293
751 1163 264
1032 1163 344
1146 1163 260
305 1164 159
318 1164 237
552 1164 189
565 1164 199
644 1164 251
886 1164 189
99 1165 127
330 1165 965
341 1165 641
977 1165 812
1159 1165 137
102 1166 178
174 1166 129
243 1166 194
352 1166 783
516 1166 590
657 1166 806
1109 1166 762
1129 1166 119
2 1167 414
227 1167 324
499 1167 423
579 1167 385
609 1167 319
639 1167 401
323 1168 671
385 1168 589
397 1168 826
402 1168 181
719 1168 862
863 1168 369
882 1168 559
324 1169 333
445 1169 307
520 1169 292
539 1169 193
566 1169 350
602 1169 305
1077 1169 374
328 1170 569
8 1171 215
664 1171 154
674 1171 189
917 1171 201
918 1171 145
91 1172 351
390 1172 347
401 1172 289
471 1172 370
868 1172 345
891 1172 382
420 1173 408
668 1173 489
942 1173 351
102 1174 129
365 1174 443
432 1174 592
516 1174 954
635 1174 276
722 1174 786
52 1175 428
510 1175 588
701 1175 324
851 1175 320
921 1175 293
946 1175 299
271 1176 134
376 1176 869
667 1176 184
708 1176 989
837 1176 704
1025 1176 142
1153 1176 949
177 1177 551
358 1177 582
521 1177 554
614 1177 120
869 1177 494
919 1177 553
1125 1177 564
226 1178 181
232 1178 180
343 1178 126
535 1178 165
862 1178 234
883 1178 189
34 1179 143
193 1179 188
449 1179 174
606 1179 941
679 1179 789
4 1180 150
129 1180 278
161 1180 424
571 1180 382
682 1180 235
733 1180 262
951 1180 194
39 1181 158
155 1181 205
222 1181 678
344 1181 478
524 1181 432
527 1181 937
98 1182 503
157 1182 475
315 1182 440
634 1182 403
785 1182 342
799 1182 460
949 1182 429
56 1183 604
503 1183 155
601 1183 746
689 1183 395
765 1183 948
982 1183 568
1031 1183 573
1140 1183 158
714 1184 243
773 1184 802
861 1184 249
945 1184 751
977 1184 554
1030 1184 663
1093 1184 125
1159 1184 111
23 1185 460
69 1185 449
184 1185 512
571 1185 508
682 1185 362
725 1185 411
914 1185 470
1014 1185 489
487 1186 451
668 1186 558
790 1186 551
872 1186 553
367 1187 249
748 1187 305
889 1187 221
959 1187 242
1083 1187 230
1149 1187 217
84 1188 403
142 1188 119
537 1188 683
753 1188 120
1038 1188 704
208 1189 163
430 1189 320
746 1189 113
934 1189 564
962 1189 215
36 1190 188
220 1190 243
404 1190 262
456 1190 197
616 1190 157
694 1190 280
1010 1190 288
1170 1191 454
179 1192 106
208 1192 306
323 1192 810
389 1192 727
402 1192 320
530 1192 102
882 1192 698
962 1192 685
35 1193 424
230 1193 393
290 1193 422
587 1193 413
862 1193 362
903 1193 401
1128 1193 443
73 1194 687
176 1194 586
206 1194 102
215 1194 292
268 1194 381
573 1194 576
1034 1194 152
1059 1194 974
78 1195 827
265 1195 826
345 1195 558
596 1195 281
608 1195 387
786 1195 563
931 1195 347
207 1196 101
272 1196 118
421 1196 993
474 1196 309
478 1196 236
488 1196 186
1040 1196 207
151 1197 376
299 1197 247
423 1197 275
457 1197 225
523 1197 158
738 1197 167
922 1197 118
1047 1197 290
280 1198 206
493 1198 141
651 1198 137
991 1198 120
1023 1198 166
1092 1198 765
35 1199 360
65 1199 284
230 1199 330
366 1199 352
468 1199 217
494 1199 334
1110 1199 281
1114 1199 281
611 1200 133
674 1200 196
917 1200 208
966 1200 139
980 1200 217
1069 1200 228
1123 1200 220
44 1201 152
172 1201 926
538 1201 418
666 1201 381
684 1201 531
965 1201 205
990 1201 152
94 1202 998
101 1202 165
114 1202 934
754 1202 243
828 1202 365
1044 1202 175
19 1203 108
156 1203 195
192 1203 100
299 1203 203
523 1203 114
696 1204 190
850 1204 768
964 1204 784
973 1204 408
1201 1204 967
224 1205 136
272 1205 272
443 1205 152
488 1205 945
730 1205 434
984 1205 643
1103 1205 979
1176 1205 489
63 1206 456
375 1206 331
633 1206 399
699 1206 469
760 1206 401
1167 1206 430
120 1207 315
206 1207 256
235 1207 311
576 1207 354
898 1207 230
1034 1207 305
1155 1207 357
185 1208 123
403 1208 102
697 1208 215
825 1208 150
1180 1208 221
170 1209 426
400 1209 342
463 1209 472
669 1209 427
823 1209 411
884 1209 460
30 1210 233
32 1210 201
120 1210 269
576 1210 308
710 1210 265
716 1210 194
2 1211 428
103 1211 407
132 1211 407
517 1211 454
971 1211 374
1206 1211 444
146 1212 628
217 1212 581
355 1212 606
360 1212 445
407 1212 239
630 1212 231
631 1212 752
1165 1212 646
129 1213 453
184 1213 561
511 1213 518
571 1213 556
894 1213 479
1186 1213 576
26 1214 103
311 1214 252
321 1214 296
332 1214 177
570 1214 248
915 1214 144
1073 1214 316
193 1215 237
509 1215 327
671 1215 331
679 1215 127
777 1215 226
1103 1215 211
4 1216 236
69 1216 409
250 1216 340
477 1216 391
571 1216 468
733 1216 348
1057 1216 437
133 1217 358
276 1217 316
395 1217 355
569 1217 167
762 1217 453
1175 1217 342
246 1218 610
406 1218 930
417 1218 780
522 1218 213
738 1218 373
922 1218 120
380 1219 538
459 1219 388
502 1219 117
689 1219 308
1031 1219 146
1070 1219 387
1147 1219 404
1168 1219 151
216 1220 356
231 1220 339
292 1220 234
350 1220 387
474 1220 384
488 1220 260
671 1220 384
1103 1220 264
270 1221 267
858 1221 229
868 1221 315
927 1221 268
1062 1221 307
1126 1221 415
500 1222 166
510 1222 215
541 1222 351
847 1222 213
906 1222 187
921 1222 190
9 1223 178
443 1223 793
620 1223 264
873 1223 146
984 1223 158
1095 1223 865
1188 1223 101
104 1224 292
266 1224 217
367 1224 238
532 1224 178
681 1224 201
880 1224 150
1083 1224 218
1105 1224 150
57 1225 828
162 1225 218
212 1225 877
275 1225 585
835 1225 124
929 1225 104
146 1226 164
261 1226 209
322 1226 282
631 1226 176
1210 1226 250
70 1227 973
163 1227 162
441 1227 106
755 1227 117
926 1227 424
1179 1227 121
845 1228 823
1006 1228 181
146 1229 124
261 1229 169
306 1229 162
456 1229 155
694 1229 238
937 1229 134
1225 1229 125
107 1230 279
279 1230 396
1019 1230 372
1048 1230 370
1052 1230 323
1209 1230 400
16 1231 872
196 1231 821
484 1231 416
888 1231 291
996 1231 983
1074 1231 896
4 1232 239
161 1232 131
359 1232 167
733 1232 880
54 1233 447
135 1233 293
356 1233 328
420 1233 381
911 1233 401
364 1234 344
590 1234 267
847 1234 428
921 1234 275
946 1234 280
1067 1234 291
124 1235 752
581 1235 842
770 1235 158
861 1235 562
1159 1235 143
1189 1235 688
364 1236 448
571 1236 510
733 1236 390
914 1236 472
1057 1236 480
1186 1236 530
254 1237 134
467 1237 139
481 1237 853
566 1237 264
575 1237 734
588 1237 138
14 1238 183
18 1238 834
202 1238 147
845 1238 225
1144 1238 230
1207 1238 264
336 1239 212
388 1239 127
502 1239 673
528 1239 106
1147 1239 960
1006 1240 205
1008 1240 114
49 1241 717
416 1241 256
598 1241 114
857 1241 177
986 1241 373
1218 1241 375
31 1242 475
140 1242 525
247 1242 495
290 1242 468
490 1242 403
686 1242 487
743 1242 512
1128 1242 489
198 1243 314
555 1243 310
653 1243 268
772 1243 239
818 1243 311
952 1243 198
121 1244 208
165 1244 716
485 1244 169
543 1244 226
721 1244 605
831 1244 262
851 1244 266
856 1244 183
12 1245 242
337 1245 236
692 1245 112
908 1245 177
978 1245 199
1072 1245 256
1171 1245 208
179 1246 161
530 1246 158
536 1246 137
572 1246 224
630 1246 806
704 1246 157
752 1246 931
814 1246 188
111 1247 264
256 1247 305
301 1247 388
346 1247 297
482 1247 312
544 1247 335
728 1247 375
1076 1247 214
123 1248 612
176 1248 706
491 1248 828
622 1248 107
687 1248 567
838 1248 448
898 1248 887
1034 1248 164
274 1249 706
370 1249 115
605 1249 127
685 1249 775
1013 1249 198
1039 1249 638
1043 1249 127
228 1250 119
565 1250 206
644 1250 257
647 1250 192
1223 1250 197
265 1251 761
646 1251 262
720 1251 386
786 1251 499
822 1251 286
881 1251 582
950 1251 198
50 1252 219
87 1252 140
503 1252 171
702 1252 930
837 1252 885
982 1252 723
1031 1252 728
1153 1252 113
5 1253 517
127 1253 340
185 1253 256
225 1253 163
406 1253 841
518 1253 179
522 1253 222
825 1253 528
336 1254 350
403 1254 176
455 1254 112
802 1254 239
1092 1254 782
1117 1254 463
250 1255 273
701 1255 302
946 1255 276
970 1255 559
1057 1255 371
1 1256 199
413 1256 381
668 1256 472
715 1256 373
723 1256 353
844 1256 348
349 1257 181
412 1257 109
486 1257 804
602 1257 198
918 1257 688
1151 1257 121
161 1258 173
466 1258 183
650 1258 205
1239 1258 151
1254 1258 949
59 1259 961
366 1259 262
468 1259 127
777 1259 161
37 1260 284
435 1260 334
585 1260 252
706 1260 195
961 1260 249
994 1260 289
1094 1260 327
110 1261 138
125 1261 769
514 1261 119
615 1261 157
1004 1261 131
1063 1261 536
152 1262 956
507 1262 870
713 1262 323
913 1262 120
954 1262 479
1009 1262 453
1026 1262 135
82 1263 275
391 1263 373
435 1263 393
620 1263 389
994 1263 347
1094 1263 385
1250 1263 322
38 1264 137
158 1264 214
438 1264 166
552 1264 188
644 1264 249
942 1264 243
113 1265 176
335 1265 222
785 1265 224
799 1265 343
875 1265 677
1133 1265 216
1222 1265 234
59 1266 879
485 1266 187
831 1266 280
856 1266 201
910 1266 238
999 1266 275
129 1267 363
477 1267 389
733 1267 346
1134 1267 347
1186 1267 485
1256 1267 399
250 1268 317
329 1268 165
571 1268 445
894 1268 368
946 1268 320
1208 1268 285
1217 1268 364
132 1269 383
253 1269 384
506 1269 408
517 1269 430
520 1269 330
566 1269 388
588 1269 262
1018 1269 337
237 1270 986
724 1270 466
938 1270 163
1063 1270 206
1158 1270 440
1171 1270 970
1257 1270 414
171 1271 344
318 1271 277
321 1271 314
665 1271 305
886 1271 229
1056 1271 221
1177 1271 437
95 1272 228
138 1272 376
274 1272 131
391 1272 254
408 1272 739
585 1272 192
994 1272 228
208 1273 409
320 1273 102
327 1273 100
360 1273 103
840 1273 106
934 1273 516
1017 1273 190
1165 1273 619
84 1274 125
142 1274 289
271 1274 144
481 1274 264
575 1274 146
708 1274 709
827 1274 604
514 1275 996
659 1275 191
820 1275 103
938 1275 531
1063 1275 341
1064 1275 176
1257 1275 961
150 1276 217
269 1276 118
823 1276 293
1160 1276 178
1230 1276 282
380 1277 174
802 1277 145
930 1277 227
960 1277 212
1086 1277 276
1147 1277 161
1258 1277 216
225 1278 506
246 1278 740
458 1278 767
522 1278 892
651 1278 117
991 1278 100
1023 1278 146
1231 1278 934
43 1279 272
115 1279 352
124 1279 126
414 1279 718
539 1279 487
558 1279 931
1189 1279 618
543 1280 277
638 1280 380
701 1280 321
851 1280 318
921 1280 290
1067 1280 306
70 1281 134
157 1281 320
564 1281 158
736 1281 151
755 1281 155
785 1281 187
1222 1281 197
1280 1281 745
83 1282 544
403 1282 699
518 1282 120
592 1282 318
697 1282 112
825 1282 470
1117 1282 216
1232 1282 555
297 1283 359
388 1283 132
519 1283 100
582 1283 156
899 1283 127
930 1283 167
1147 1283 101
275 1284 536
773 1284 101
789 1284 688
824 1284 139
835 1284 120
929 1284 999
948 1284 147
1005 1284 115
38 1285 113
135 1285 188
259 1285 212
559 1285 219
648 1285 127
673 1285 158
942 1285 219
12 1286 115
16 1286 647
109 1286 690
690 1286 541
692 1286 152
888 1286 662
4 1287 330
359 1287 146
477 1287 151
572 1287 172
742 1287 404
752 1287 414
951 1287 413
425 1288 318
735 1288 331
761 1288 389
811 1288 182
842 1288 361
1101 1288 354
210 1289 968
809 1289 407
831 1289 327
851 1289 331
999 1289 322
1067 1289 320
44 1290 176
55 1290 654
128 1290 162
227 1290 175
412 1290 117
486 1290 878
639 1290 252
1204 1290 142
249 1291 543
389 1291 860
913 1291 137
962 1291 818
1026 1291 156
1239 1291 979
485 1292 109
590 1292 171
679 1292 427
737 1292 101
777 1292 558
856 1292 122
19 1293 194
513 1293 950
622 1293 797
775 1293 743
838 1293 725
1007 1293 684
1029 1293 941
23 1294 435
184 1294 488
319 1294 379
372 1294 492
511 1294 445
1173 1294 433
1233 1294 407
66 1295 374
197 1295 370
346 1295 329
463 1295 450
574 1295 277
669 1295 405
728 1295 407
248 1296 252
426 1296 260
469 1296 314
527 1296 266
576 1296 344
622 1296 238
710 1296 301
1034 1296 295
6 1297 202
25 1297 209
660 1297 270
807 1297 289
891 1297 354
1209 1297 371
1295 1297 349
428 1298 942
461 1298 139
734 1298 985
866 1298 144
892 1298 111
1037 1298 170
213 1299 115
354 1299 297
451 1299 119
505 1299 348
874 1299 472
1148 1299 682
1283 1299 301
125 1300 170
563 1300 352
820 1300 756
840 1300 865
1063 1300 630
1158 1300 225
80 1301 375
129 1302 292
354 1302 133
446 1302 225
451 1302 222
867 1302 164
894 1302 317
1134 1302 277
1208 1302 235
33 1303 297
148 1303 311
149 1303 274
460 1303 342
754 1303 338
768 1303 376
1288 1303 311
258 1304 492
621 1304 162
768 1304 317
1021 1304 136
1044 1304 211
393 1305 559
497 1305 117
636 1305 206
819 1305 618
1203 1305 126
1293 1305 375
213 1306 868
505 1306 404
572 1306 184
742 1306 518
874 1306 280
924 1306 433
954 1306 670
142 1307 269
228 1307 239
271 1307 165
376 1307 569
827 1307 584
933 1307 231
998 1307 337
158 1308 198
194 1308 126
675 1308 729
794 1308 113
944 1308 247
1259 1308 296
1266 1308 213
1292 1308 135
125 1309 107
200 1309 104
237 1309 161
1004 1309 162
1158 1309 676
1200 1309 166
441 1310 129
675 1310 850
880 1310 114
959 1310 194
1083 1310 182
1179 1310 144
1292 1310 223
93 1311 208
698 1311 341
1132 1311 192
417 1312 538
457 1312 141
557 1312 883
662 1312 199
703 1312 343
738 1312 833
1118 1312 572
17 1313 650
30 1313 190
48 1313 166
120 1313 226
824 1313 185
902 1313 151
1005 1313 161
1238 1313 175
319 1314 308
767 1314 129
816 1314 291
877 1314 257
905 1314 297
1173 1314 362
48 1315 184
57 1315 141
64 1315 189
469 1315 252
710 1315 240
824 1315 203
929 1315 163
1226 1315 225
133 1316 319
335 1316 415
487 1316 311
872 1316 413
875 1316 270
1175 1316 304
1255 1316 281
1289 1316 314
415 1317 237
462 1317 294
603 1317 145
781 1317 209
849 1317 231
1245 1317 239
83 1318 119
455 1318 565
597 1318 739
802 1318 916
1086 1318 223
1117 1318 631
1262 1318 924
1306 1318 111
191 1319 312
194 1319 858
629 1319 311
928 1319 327
1066 1319 199
1215 1319 246
1259 1319 182
193 1320 197
663 1320 164
676 1320 188
1052 1320 227
1146 1320 205
1187 1320 199
74 1321 231
123 1321 125
622 1321 172
966 1321 143
1007 1321 160
1069 1321 232
16 1322 940
68 1322 749
196 1322 889
267 1322 120
484 1322 484
692 1322 445
978 1322 433
1198 1322 121
548 1323 398
1071 1323 644
1170 1323 554
193 1324 272
230 1324 340
494 1324 344
509 1324 362
587 1324 359
676 1324 263
985 1324 335
1114 1324 290
58 1325 145
164 1325 532
417 1325 248
457 1325 112
603 1325 129
781 1325 776
922 1325 503
1286 1325 200
62 1326 116
683 1326 106
771 1326 105
912 1326 835
283 1327 142
411 1327 201
450 1327 237
475 1327 584
726 1327 685
1202 1327 108
336 1328 875
455 1328 637
459 1328 919
802 1328 286
866 1328 107
1037 1328 133
1147 1328 127
1299 1328 839
91 1329 337
186 1329 339
375 1329 268
578 1329 372
633 1329 336
815 1329 341
868 1329 330
927 1329 283
2 1330 441
214 1330 445
499 1330 450
561 1330 387
907 1330 474
1206 1330 457
280 1331 199
382 1331 107
734 1331 682
991 1331 113
1012 1331 148
1023 1331 159
1243 1331 224
7 1332 234
110 1332 183
563 1332 139
655 1332 391
659 1332 151
1063 1332 980
1171 1332 174
1317 1332 205
97 1333 510
224 1333 392
292 1333 420
454 1333 556
679 1333 115
737 1333 698
812 1333 599
1103 1333 723
225 1334 344
518 1334 359
597 1334 152
991 1334 151
1092 1334 293
1117 1334 261
133 1335 445
297 1335 363
762 1335 540
872 1335 539
1213 1335 562
1216 1335 473
1267 1335 471
246 1336 160
458 1336 134
734 1336 355
991 1336 100
1130 1336 949
1241 1336 597
151 1337 489
457 1337 338
637 1337 512
662 1337 396
955 1337 364
1047 1337 403
3 1338 173
293 1338 149
470 1338 277
801 1338 192
829 1338 232
992 1338 108
1065 1338 246
1096 1338 309
687 1339 107
838 1339 208
955 1339 255
1304 1339 212
1305 1339 173
237 1340 188
322 1340 260
615 1340 214
631 1340 154
655 1340 404
1063 1340 110
294 1341 317
390 1341 350
633 1341 353
660 1341 301
815 1341 359
891 1341 385
1064 1341 308
1330 1341 411
131 1342 307
241 1342 340
324 1342 352
600 1342 222
602 1342 324
879 1342 333
907 1342 417
1275 1342 222
113 1343 126
441 1343 131
564 1343 146
661 1343 743
735 1343 234
755 1343 142
1133 1343 166
150 1344 324
284 1344 329
363 1344 409
852 1344 426
884 1344 449
897 1344 403
1154 1344 417
1230 1344 389
42 1345 907
299 1345 159
557 1345 843
677 1345 107
738 1345 793
949 1345 226
1118 1345 533
1241 1345 447
6 1346 603
25 1346 681
203 1346 537
379 1346 338
739 1346 123
908 1346 513
967 1346 433
209 1347 636
211 1347 116
545 1347 115
916 1347 470
935 1347 156
976 1347 188
1120 1347 186
3 1348 190
187 1348 284
540 1348 275
776 1348 308
787 1348 156
829 1348 249
1096 1348 326
48 1349 184
120 1349 244
789 1349 133
824 1349 204
1141 1349 141
1155 1349 286
1226 1349 226
68 1350 262
416 1350 104
758 1350 269
779 1350 404
797 1350 443
1011 1350 543
1198 1350 872
1336 1350 236
128 1351 331
253 1351 413
499 1351 443
517 1351 460
639 1351 420
879 1351 382
907 1351 466
54 1352 515
386 1352 461
413 1352 438
420 1352 449
668 1352 530
790 1352 523
1079 1352 489
317 1353 279
356 1353 259
365 1353 932
673 1353 194
896 1353 286
1314 1353 266
166 1354 533
208 1354 351
287 1354 109
530 1354 365
630 1354 408
1111 1354 511
1165 1354 822
1235 1354 876
109 1355 108
239 1355 174
298 1355 191
857 1355 619
888 1355 457
986 1355 423
996 1355 114
1027 1355 141
176 1356 588
268 1356 405
687 1356 450
810 1356 874
1088 1356 447
1100 1356 557
1108 1356 354
1304 1356 597
117 1357 228
715 1357 310
723 1357 290
948 1357 239
1005 1357 207
1097 1357 186
1190 1357 254
44 1358 272
128 1358 258
172 1358 212
349 1358 285
517 1358 387
1151 1358 224
172 1359 411
278 1359 752
610 1359 549
664 1359 840
666 1359 897
918 1359 749
965 1359 310
1151 1359 531
10 1360 345
135 1360 260
552 1360 236
559 1360 292
942 1360 291
1294 1360 374
270 1361 169
646 1361 104
756 1361 214
786 1361 282
858 1361 131
1049 1361 464
88 1362 370
329 1362 471
500 1362 825
791 1362 105
867 1362 156
894 1362 155
1145 1362 161
1265 1362 151
71 1363 576
166 1363 349
208 1363 217
323 1363 721
327 1363 816
397 1363 875
746 1363 369
1111 1363 570
75 1364 997
395 1364 330
487 1364 325
697 1364 268
1234 1364 299
1236 1364 404
1255 1364 294
1268 1364 339
219 1365 249
347 1365 293
550 1365 229
663 1365 191
1146 1365 232
164 1366 187
299 1366 268
423 1366 296
457 1366 246
513 1366 249
557 1366 194
1305 1366 191
35 1367 372
232 1367 257
587 1367 361
776 1367 342
818 1367 323
862 1367 311
1114 1367 292
72 1368 367
171 1368 409
223 1368 396
321 1368 379
647 1368 291
901 1368 319
1073 1368 399
1263 1368 421
3 1369 473
152 1369 441
769 1369 546
992 1369 180
1009 1369 215
1026 1369 445
1254 1369 185
72 1370 302
223 1370 331
311 1370 271
321 1370 315
665 1370 306
722 1370 176
778 1370 223
1260 1370 299
239 1371 112
547 1371 194
636 1371 148
640 1371 154
707 1371 237
800 1371 148
986 1371 874
1203 1371 116
569 1372 119
662 1372 265
677 1372 177
712 1372 214
738 1372 148
764 1372 323
1047 1372 271
50 1373 272
242 1373 226
361 1373 265
678 1373 143
982 1373 125
1036 1373 273
1140 1373 226
1348 1373 236
116 1374 408
168 1374 401
1326 1374 975
17 1375 442
120 1375 165
174 1375 321
206 1375 105
657 1375 168
821 1375 733
1059 1375 674
1141 1375 621
512 1376 989
604 1376 564
81 1377 204
150 1377 146
264 1377 126
284 1377 150
303 1377 573
433 1377 611
1361 1377 827
158 1378 678
180 1378 779
795 1378 220
1131 1378 119
1139 1378 117
1259 1378 100
270 1379 233
279 1379 332
282 1379 974
646 1379 168
815 1379 293
927 1379 234
1062 1379 273
1276 1379 218
111 1380 256
197 1380 328
728 1380 366
884 1380 397
1161 1380 267
1172 1380 336
1297 1380 308
429 1381 125
434 1381 182
482 1381 209
538 1381 743
774 1381 102
990 1381 184
1076 1381 111
1089 1381 109
118 1382 391
154 1382 349
401 1382 312
471 1382 393
529 1382 427
1167 1382 404
1211 1382 418
1351 1382 423
624 1383 141
691 1383 126
706 1383 129
877 1383 193
905 1383 233
961 1383 184
1164 1383 192
2 1384 417
103 1384 397
131 1384 339
412 1384 269
602 1384 357
639 1384 403
907 1384 450
1077 1384 425
312 1385 680
338 1385 931
453 1385 150
479 1385 790
594 1385 830
719 1385 114
813 1385 827
863 1385 649
147 1386 220
256 1386 262
544 1386 292
627 1386 241
740 1386 268
1137 1386 286
1178 1386 207
1365 1386 234
105 1387 729
109 1387 893
690 1387 745
857 1387 432
939 1387 309
1218 1387 233
1312 1387 693
1372 1387 134
420 1388 359
559 1388 302
648 1388 210
1079 1388 398
1106 1388 360
53 1389 243
319 1389 288
869 1389 219
877 1389 237
905 1389 277
1125 1389 149
1164 1389 236
1360 1389 283
111 1390 270
256 1390 310
301 1390 394
400 1390 294
740 1390 317
884 1390 411
897 1390 365
114 1391 103
756 1391 221
786 1391 349
931 1391 126
950 1391 104
1003 1391 242
1087 1391 144
1327 1391 118
112 1392 846
254 1392 103
561 1392 195
575 1392 429
901 1392 681
1035 1392 104
136 1393 818
380 1393 103
502 1393 610
689 1393 462
765 1393 101
834 1393 849
993 1393 991
195 1394 533
246 1394 260
462 1394 211
603 1394 622
922 1394 441
1130 1394 104
1231 1394 668
1286 1394 291
110 1395 184
410 1395 166
615 1395 202
636 1395 151
655 1395 392
800 1395 151
819 1395 131
1321 1395 185
60 1396 331
191 1396 307
266 1396 230
681 1396 214
794 1396 932
1139 1396 193
1215 1396 241
1259 1396 177
302 1397 153
338 1397 137
453 1397 195
747 1397 312
932 1397 175
1142 1397 187
1237 1397 158
1392 1397 128
312 1398 659
338 1398 909
442 1398 974
444 1398 141
885 1398 378
1081 1398 104
1274 1398 530
1392 1398 813
272 1399 141
421 1399 337
443 1399 261
730 1399 201
1250 1399 144
1264 1399 136
1378 1399 101
28 1400 194
72 1400 203
84 1400 719
305 1400 101
565 1400 141
647 1400 127
778 1400 123
1038 1400 102
140 1401 501
350 1401 446
366 1401 438
494 1401 420
509 1401 438
671 1401 442
743 1401 488
777 1401 337
47 1402 129
102 1402 153
134 1402 702
175 1402 909
268 1402 653
352 1402 530
573 1402 749
810 1402 179
213 1403 301
446 1403 164
451 1403 161
742 1403 651
939 1403 698
951 1403 146
1208 1403 173
1217 1403 252
9 1404 145
224 1404 757
443 1404 468
812 1404 964
1135 1404 135
1264 1404 157
23 1405 386
364 1405 372
914 1405 396
1173 1405 384
1233 1405 357
1285 1405 253
1353 1405 288
1388 1405 335
108 1406 310
695 1406 302
804 1406 309
833 1406 228
836 1406 425
1044 1406 298
1203 1406 251
1339 1406 298
96 1407 129
248 1408 129
330 1408 939
426 1408 137
611 1408 802
839 1408 140
1300 1408 237
1309 1408 113
1340 1408 140
134 1409 122
264 1409 325
303 1409 121
436 1409 538
810 1409 760
1160 1409 615
1251 1409 406
184 1410 452
319 1410 344
405 1410 211
725 1410 351
1010 1410 353
1357 1410 319
108 1411 245
325 1411 316
497 1411 177
613 1411 102
621 1411 184
695 1411 236
1021 1411 157
1339 1411 233
64 1412 543
241 1412 195
586 1412 677
600 1412 774
1030 1412 164
1033 1412 719
1093 1412 624
1261 1412 104
157 1413 332
222 1413 157
527 1413 401
680 1413 809
693 1413 650
1024 1413 512
1181 1413 897
37 1414 238
240 1414 132
255 1414 227
274 1414 145
281 1414 226
585 1414 206
654 1414 716
1013 1414 273
33 1415 368
326 1415 387
541 1415 452
768 1415 446
843 1415 388
846 1415 413
847 1415 314
1182 1415 452
69 1416 464
184 1416 527
372 1416 531
618 1416 351
1014 1416 504
1256 1416 456
1335 1416 528
87 1417 159
228 1417 700
376 1417 124
795 1417 255
1025 1417 179
1153 1417 132
1196 1417 178
1399 1417 450
201 1418 162
244 1418 128
310 1418 208
495 1418 153
531 1418 203
556 1418 145
1125 1418 583
46 1419 200
407 1419 940
542 1419 786
631 1419 145
1150 1419 137
1210 1419 219
1349 1419 194
182 1420 641
713 1420 317
769 1420 263
952 1420 119
1026 1420 654
1298 1420 128
1331 1420 378
1334 1420 609
170 1421 417
256 1421 350
669 1421 418
728 1421 420
852 1421 428
884 1421 450
947 1421 388
1161 1421 321
187 1422 258
231 1422 262
272 1422 117
454 1422 597
474 1422 307
1103 1422 187
1319 1422 222
1378 1422 141
201 1423 181
240 1423 147
281 1423 240
1013 1423 287
1049 1423 123
1214 1423 248
1271 1423 266
184 1424 504
220 1424 359
914 1424 461
1010 1424 405
1014 1424 481
1233 1424 423
1352 1424 491
421 1425 439
443 1425 515
478 1425 180
730 1425 797
873 1425 151
1058 1425 142
187 1426 372
216 1426 394
247 1426 451
474 1426 422
686 1426 443
829 1426 337
1040 1426 319
1096 1426 414
94 1427 134
101 1427 199
782 1427 274
822 1427 810
830 1427 273
950 1427 129
1087 1427 169
1327 1427 142
30 1428 200
48 1428 176
99 1428 178
330 1428 147
426 1428 190
710 1428 232
902 1428 161
1226 1428 217
97 1429 597
543 1429 222
590 1429 227
679 1429 992
831 1429 258
856 1429 179
1227 1429 569
159 1430 191
373 1430 659
652 1430 746
937 1430 661
988 1430 153
1112 1430 188
1174 1430 992
1225 1430 575
310 1431 245
351 1431 195
531 1431 240
643 1431 123
652 1431 201
832 1431 175
988 1431 111
1107 1431 172
325 1432 456
768 1432 477
836 1432 499
843 1432 419
870 1432 437
1337 1432 482
1339 1432 372
1366 1432 390
278 1433 104
486 1433 169
674 1433 148
918 1433 104
965 1433 604
1120 1433 935
1204 1433 905
111 1434 247
544 1434 318
740 1434 293
792 1434 257
854 1434 306
976 1434 275
1178 1434 233
1193 1434 361
107 1435 124
599 1435 524
646 1435 773
881 1435 713
1276 1435 127
1377 1435 556
1409 1435 104
77 1436 398
141 1436 869
534 1436 186
546 1436 132
865 1436 631
1018 1436 107
1249 1436 655
1272 1436 126
144 1437 172
287 1437 149
404 1437 217
496 1437 156
593 1437 111
616 1437 112
1235 1437 127
212 1438 757
275 1438 465
431 1438 211
789 1438 618
821 1438 808
1141 1438 696
1162 1438 728
1229 1438 113
313 1439 863
659 1439 163
895 1439 171
908 1439 155
972 1439 177
1072 1439 234
1317 1439 217
29 1440 336
92 1440 234
140 1440 447
470 1440 348
490 1440 324
626 1440 353
1065 1440 317
1116 1440 382
298 1441 345
804 1441 342
836 1441 457
870 1441 395
997 1441 436
1027 1441 295
1145 1441 334
1337 1441 440
156 1442 182
523 1442 102
526 1442 189
775 1442 227
838 1442 149
898 1442 155
955 1442 195
1047 1442 234
396 1443 152
438 1443 163
492 1443 248
552 1443 185
648 1443 148
942 1443 240
1383 1443 187
364 1444 436
511 1444 460
638 1444 457
809 1444 470
1067 1444 383
1173 1444 448
1186 1444 517
661 1445 295
755 1445 790
1106 1445 346
1234 1445 293
1255 1445 288
1280 1445 308
1289 1445 322
1429 1445 253
436 1446 664
726 1446 734
810 1446 634
811 1446 141
817 1446 489
1202 1446 470
1303 1446 142
1304 1446 837
91 1447 312
294 1447 275
401 1447 250
633 1447 311
727 1447 217
968 1447 226
1211 1447 356
1358 1447 289
10 1448 366
158 1448 283
259 1448 305
492 1448 320
942 1448 312
944 1448 332
1444 1448 409
26 1449 454
174 1449 799
464 1449 287
1109 1449 265
1129 1449 696
1177 1449 604
1418 1449 987
1423 1449 989
252 1450 285
283 1450 102
309 1450 775
475 1450 177
718 1450 982
1088 1450 186
1100 1450 500
1195 1450 139
395 1451 437
762 1451 534
790 1451 532
911 1451 478
981 1451 389
1213 1451 556
1236 1451 510
1424 1451 500
76 1452 220
196 1452 184
198 1452 299
267 1452 215
607 1452 303
625 1452 138
653 1452 253
1347 1452 196
372 1453 484
793 1453 392
809 1453 448
905 1453 360
1173 1453 425
1360 1453 366
1388 1453 376
1443 1453 314
1 1454 201
297 1454 722
582 1454 119
592 1454 903
899 1454 909
1232 1454 783
1267 1454 179
1287 1454 577
98 1455 477
283 1455 295
315 1455 414
450 1455 390
761 1455 434
842 1455 406
1071 1455 373
1101 1455 399
494 1456 322
577 1456 294
676 1456 241
1020 1456 320
1110 1456 268
1187 1456 252
104 1457 353
301 1457 387
367 1457 299
544 1457 334
562 1457 289
740 1457 310
1365 1457 276
1456 1457 302
86 1458 326
280 1458 316
584 1458 393
632 1458 409
766 1458 307
1152 1458 318
1243 1458 340
1367 1458 352
357 1459 101
380 1459 982
502 1459 561
956 1459 621
1070 1459 831
1258 1459 139
1291 1459 867
1369 1459 264
231 1460 230
262 1460 128
272 1460 849
443 1460 729
478 1460 202
488 1460 152
1188 1460 508
422 1461 475
567 1461 263
717 1461 257
273 1462 424
285 1462 350
301 1462 414
482 1462 338
562 1462 316
642 1462 407
923 1462 351
119 1463 365
236 1463 283
307 1463 404
672 1463 291
1020 1463 353
1110 1463 300
1390 1463 341
1462 1463 361
117 1464 282
162 1464 358
212 1464 228
431 1464 364
476 1464 393
715 1464 364
1410 1464 373
1416 1464 447
282 1465 794
375 1465 202
685 1465 204
815 1465 275
1001 1465 227
1039 1465 627
1156 1465 201
1330 1465 327
29 1466 242
92 1466 140
507 1466 146
555 1466 248
626 1466 260
713 1466 920
952 1466 135
1090 1466 151
39 1467 200
155 1467 247
222 1467 720
344 1467 520
524 1467 474
693 1467 204
1413 1467 855
63 1468 425
91 1468 368
186 1468 371
390 1468 364
633 1468 368
807 1468 334
891 1468 399
1358 1468 345
28 1469 461
396 1469 339
419 1469 505
438 1469 446
1038 1469 365
1404 1469 350
1425 1469 633
1460 1469 847
74 1470 293
473 1470 250
576 1470 339
839 1470 259
1155 1470 342
1340 1470 259
1419 1470 251
538 1471 314
658 1471 847
684 1471 144
774 1471 308
1042 1471 458
1121 1471 139
1346 1471 745
1439 1471 103
22 1472 231
317 1472 361
386 1472 406
476 1472 404
668 1472 475
715 1472 375
1314 1472 348
1410 1472 384
53 1473 232
159 1473 299
691 1473 159
816 1473 260
905 1473 266
1174 1473 981
1353 1473 235
1388 1473 282
30 1474 219
426 1474 209
576 1474 293
839 1474 213
966 1474 158
1238 1474 203
1309 1474 186
1 1475 189
381 1475 655
770 1475 902
844 1475 129
936 1475 311
1102 1475 790
1232 1475 771
1437 1475 533
47 1476 152
215 1476 947
243 1476 191
252 1476 447
352 1476 757
398 1476 114
573 1476 976
718 1476 145
285 1477 260
562 1477 226
627 1477 220
688 1477 252
889 1477 207
1320 1477 186
1365 1477 213
1456 1477 239
150 1478 306
371 1478 349
823 1478 382
884 1478 430
947 1478 367
1113 1478 288
1172 1478 370
1221 1478 340
100 1479 118
430 1479 108
453 1479 166
479 1479 944
932 1479 145
1169 1479 215
1237 1479 129
1279 1479 703
8 1480 240
55 1480 105
278 1480 170
296 1480 256
666 1480 184
674 1480 214
980 1480 235
1204 1480 156
165 1481 822
348 1481 161
449 1481 146
856 1481 296
1227 1481 927
1310 1481 115
1343 1481 117
245 1482 113
303 1482 749
411 1482 190
475 1482 474
893 1482 791
1361 1482 100
1435 1482 732
291 1483 132
331 1483 388
439 1483 264
609 1483 126
732 1483 273
979 1483 245
1113 1483 107
1221 1483 159
89 1484 103
1015 1484 107
1104 1484 931
90 1485 187
186 1485 270
270 1485 212
289 1485 947
927 1485 213
1048 1485 285
1276 1485 197
1482 1485 143
113 1486 552
189 1486 109
675 1486 155
880 1486 447
926 1486 421
1105 1486 448
1266 1486 125
1481 1486 461
325 1487 424
392 1487 456
621 1487 292
768 1487 446
846 1487 413
870 1487 405
997 1487 447
1288 1487 381
179 1488 173
389 1488 140
572 1488 236
913 1488 191
954 1488 119
1239 1488 152
1277 1488 217
1393 1488 145
46 1489 271
615 1489 277
1004 1489 252
1144 1489 302
1296 1489 327
1321 1489 260
1470 1489 322
1474 1489 276
388 1490 178
582 1490 202
770 1490 173
1086 1490 263
1117 1490 103
1232 1490 160
1258 1490 202
1291 1490 149
49 1491 115
797 1491 124
874 1491 927
924 1491 773
1148 1491 113
1298 1491 166
1334 1491 983
1336 1491 103
207 1492 627
272 1492 455
961 1492 161
984 1492 137
994 1492 200
1188 1492 796
1250 1492 175
1307 1492 539
900 1493 585
969 1493 592
100 1494 645
183 1494 216
251 1494 150
402 1494 755
479 1494 404
813 1494 442
863 1494 263
882 1494 453
6 1495 100
401 1495 160
696 1495 701
967 1495 834
968 1495 136
973 1495 130
1380 1495 206
1433 1495 133
43 1496 746
357 1496 115
558 1496 140
619 1496 148
861 1496 538
909 1496 135
945 1496 154
1189 1496 411
248 1497 712
586 1497 525
664 1497 501
878 1497 236
1151 1497 870
1261 1497 256
1270 1497 731
1300 1497 342
38 1498 591
135 1498 134
396 1498 777
552 1498 109
741 1498 903
886 1498 109
1404 1498 789
1425 1498 195
97 1499 621
121 1499 227
394 1499 277
543 1499 246
638 1499 348
812 1499 171
1135 1499 210
1448 1499 301
163 1500 229
340 1500 209
763 1500 274
889 1500 217
959 1500 238
1163 1500 251
1179 1500 188
1320 1500 196
