1
0
1
1
1000000
0
0
0
0
1
3 48 535
31 68 327
63 79 644
24 80 893
25 87 602
105 120 864
11 122 193
50 126 420
80 130 273
29 139 646
39 139 370
85 141 255
46 148 305
135 148 417
117 151 104
23 153 115
66 160 447
125 167 119
109 197 145
62 203 437
121 204 482
74 225 113
60 229 108
84 231 229
171 236 250
40 240 148
92 244 781
168 260 222
65 273 294
280 293 409
260 295 208
148 298 247
250 301 529
91 304 394
149 304 603
243 314 135
294 327 246
182 335 428
83 336 105
28 345 715
65 353 341
176 357 541
176 359 344
147 361 131
22 368 424
54 371 358
363 371 938
334 373 203
77 375 142
269 381 716
4 382 411
352 391 417
245 392 308
128 398 159
281 399 117
402 403 265
357 405 445
241 411 110
185 413 117
174 416 175
254 419 122
205 420 130
113 424 753
93 425 632
421 429 137
15 431 464
18 444 151
313 445 135
347 446 514
48 448 107
325 448 445
20 449 441
38 451 121
396 453 803
400 455 150
267 457 293
124 463 105
283 463 797
103 470 373
430 472 325
471 475 161
137 477 308
361 480 235
383 486 160
371 488 165
90 489 242
325 491 907
140 494 497
33 495 168
7 501 123
333 505 417
152 506 107
117 507 171
157 507 149
488 507 292
4 510 343
239 512 246
353 513 167
397 516 337
338 518 135
161 519 229
452 524 155
49 529 678
59 530 445
73 537 166
493 541 230
230 542 607
318 543 376
485 543 305
226 545 980
200 550 113
324 550 813
436 552 379
506 555 108
329 559 190
6 560 818
57 563 241
435 563 558
216 565 211
518 566 191
216 568 411
227 569 308
108 570 873
483 579 284
262 581 483
449 581 168
201 583 189
226 585 146
218 588 207
462 590 739
403 591 187
508 591 269
527 591 145
582 595 151
346 596 200
21 598 747
57 601 181
220 604 157
287 613 844
66 615 165
40 618 244
148 620 645
65 621 356
232 622 307
385 625 163
616 626 224
311 629 160
61 632 187
78 636 410
586 636 471
503 637 240
365 644 820
190 645 603
533 647 317
547 648 523
396 649 704
65 650 633
513 650 514
574 651 513
341 652 146
363 658 635
371 658 681
385 659 133
182 660 336
277 660 503
160 666 126
650 666 466
212 667 147
617 670 201
147 673 109
296 676 614
207 677 650
372 683 487
624 686 466
641 688 120
130 691 380
679 692 318
323 693 979
478 696 152
521 696 144
615 697 357
384 698 381
125 699 132
668 704 377
81 706 105
639 706 378
308 707 168
299 708 118
599 708 128
517 709 514
65 710 102
603 710 122
650 710 166
72 711 911
631 712 352
24 716 292
39 718 451
256 719 388
165 720 357
410 720 493
619 722 267
234 723 687
66 724 253
507 724 419
528 725 490
75 726 414
510 728 232
627 728 186
69 729 183
297 731 840
440 733 406
218 734 283
551 735 182
690 736 183
62 741 268
278 741 204
502 749 860
700 749 248
84 750 439
668 753 104
686 754 267
554 756 584
670 759 131
349 760 219
67 763 462
98 767 532
23 768 358
527 769 675
508 772 242
200 774 443
249 774 262
41 775 276
32 776 637
731 784 100
626 785 379
659 789 906
621 790 774
593 793 247
406 795 108
294 800 515
304 801 162
336 804 156
715 805 316
311 806 355
702 806 287
401 810 696
426 814 218
538 814 433
777 814 163
277 817 602
10 820 675
347 820 278
19 821 674
228 823 164
84 826 107
91 826 105
733 826 135
326 827 290
192 831 207
579 833 223
695 834 178
335 837 367
682 841 210
464 842 979
113 850 432
423 852 278
356 854 644
310 857 216
769 863 134
412 864 414
690 864 434
734 866 432
353 869 147
513 869 121
273 872 320
298 872 270
513 872 308
83 875 196
508 875 760
296 876 385
431 876 693
93 877 832
235 877 818
677 877 127
609 880 133
94 882 382
647 882 292
647 884 181
787 885 338
573 888 260
891 892 740
546 893 469
397 894 176
332 902 740
36 903 159
570 903 604
378 904 114
467 906 457
585 910 178
894 910 694
261 911 335
270 913 206
117 914 175
488 914 303
687 916 869
707 916 547
907 917 365
260 918 223
766 919 211
907 919 510
731 924 207
268 928 525
150 929 618
415 930 218
156 935 311
496 936 802
259 937 955
170 942 330
184 945 846
118 946 141
63 947 978
345 948 376
47 949 143
306 950 151
534 950 138
364 952 183
19 953 471
427 953 120
530 954 265
415 955 276
657 957 237
110 958 168
271 958 259
209 963 213
403 966 226
642 967 134
242 968 214
710 969 495
869 969 164
888 970 191
34 971 333
773 971 714
375 973 445
602 974 578
956 974 126
584 975 103
607 976 430
6 977 690
350 978 133
371 979 173
578 981 166
425 982 176
391 983 376
938 983 582
304 985 320
171 989 573
298 989 674
371 989 535
541 989 525
69 990 518
126 990 773
843 991 435
348 993 282
282 995 431
286 996 278
892 996 324
726 997 241
654 998 120
481 999 133
196 1000 126
260 1002 274
100 1003 577
362 1006 155
634 1007 376
332 1009 747
318 1010 406
13 1011 282
136 1012 343
810 1012 781
383 1015 143
501 1017 123
595 1017 690
887 1018 315
117 1019 228
157 1019 126
488 1019 510
724 1019 108
1010 1019 162
723 1024 792
951 1024 807
114 1026 873
615 1030 293
979 1030 487
846 1031 212
885 1031 435
779 1032 531
406 1033 163
891 1033 180
271 1035 457
540 1035 874
33 1037 164
677 1037 278
275 1038 338
548 1039 412
214 1041 222
247 1042 135
788 1044 167
58 1045 497
149 1045 824
944 1046 117
748 1047 483
760 1048 267
31 1051 561
365 1051 189
502 1051 141
511 1051 164
657 1051 481
438 1052 151
211 1054 602
333 1054 948
307 1055 194
96 1056 386
585 1056 411
217 1057 467
443 1057 251
902 1058 127
360 1059 289
748 1062 398
519 1063 327
917 1064 335
453 1066 116
51 1067 240
474 1067 186
71 1068 568
315 1070 232
516 1078 161
545 1078 130
224 1081 274
238 1081 181
153 1082 917
390 1083 114
1049 1085 112
66 1086 268
117 1086 273
724 1086 465
811 1087 136
1071 1088 299
536 1089 107
830 1091 953
1092 1094 689
623 1097 119
83 1100 239
351 1100 443
816 1100 840
1053 1100 505
851 1102 318
157 1103 383
1086 1103 568
635 1104 121
265 1105 128
230 1106 309
56 1107 297
260 1107 131
975 1107 203
211 1108 150
746 1108 841
577 1109 202
14 1110 615
129 1111 196
897 1115 182
611 1116 165
965 1117 579
164 1118 140
116 1119 671
196 1119 583
313 1120 734
459 1120 635
699 1122 131
19 1124 712
458 1125 109
233 1126 297
972 1128 270
1074 1128 342
309 1130 114
413 1130 109
93 1131 443
1020 1131 117
1126 1132 160
140 1133 467
495 1133 186
213 1135 226
220 1135 151
213 1136 213
909 1136 463
975 1138 150
145 1139 161
710 1139 632
160 1142 662
615 1142 252
666 1142 106
994 1146 239
377 1148 629
756 1151 717
542 1156 577
162 1157 668
417 1158 295
866 1158 712
255 1160 311
1023 1162 121
26 1165 325
775 1165 364
871 1166 312
1147 1166 150
381 1167 629
523 1169 519
784 1169 106
123 1171 596
747 1172 558
580 1173 121
1138 1174 220
340 1175 145
303 1178 481
1098 1180 184
89 1182 182
935 1182 427
764 1183 487
64 1184 298
95 1184 223
195 1186 416
179 1187 367
794 1187 447
727 1188 165
934 1189 975
436 1192 419
501 1193 786
1117 1193 107
1027 1194 627
63 1196 799
829 1196 105
203 1197 160
837 1197 119
76 1198 874
92 1199 732
646 1199 739
1009 1201 275
166 1204 418
256 1204 440
482 1206 702
805 1206 441
469 1208 164
71 1209 439
94 1209 196
553 1210 781
157 1212 636
507 1212 121
724 1212 642
914 1212 141
418 1213 325
576 1213 958
701 1215 482
1156 1215 139
44 1216 993
409 1216 123
716 1218 271
1105 1218 183
269 1219 735
165 1220 288
899 1221 146
267 1222 179
246 1223 117
522 1223 852
992 1224 166
813 1225 115
608 1226 135
931 1226 131
8 1228 488
943 1229 175
479 1230 135
603 1230 218
949 1231 509
483 1232 887
819 1233 558
777 1235 333
221 1239 145
1146 1240 195
942 1241 220
138 1242 150
923 1242 169
51 1243 269
870 1244 345
225 1247 138
32 1248 268
680 1249 888
297 1250 706
272 1251 200
840 1251 202
674 1252 780
1008 1253 209
1087 1254 593
830 1255 967
204 1256 418
468 1256 245
1039 1258 397
1063 1258 269
425 1259 125
826 1259 967
488 1260 109
1019 1260 951
1212 1260 594
672 1261 102
1255 1261 104
1005 1265 194
178 1266 409
898 1267 488
1099 1267 396
450 1268 432
245 1269 200
685 1271 164
93 1272 549
584 1272 324
319 1273 204
792 1273 315
844 1274 511
1097 1275 161
155 1277 415
843 1278 291
1061 1278 561
410 1279 312
27 1280 287
900 1281 155
351 1282 356
595 1282 188
1162 1282 284
1112 1284 719
762 1285 192
1281 1285 159
103 1286 315
925 1287 274
1202 1287 241
160 1288 240
1021 1289 166
9 1290 401
523 1291 241
264 1292 974
782 1292 250
1201 1293 119
89 1294 100
287 1295 449
1127 1296 996
114 1297 920
826 1300 102
1238 1302 256
29 1304 669
890 1304 157
725 1305 176
1023 1306 366
599 1307 286
862 1307 562
129 1308 206
1189 1310 267
252 1311 472
1122 1312 147
924 1314 214
1107 1314 282
478 1315 824
718 1316 427
1178 1316 352
531 1318 231
282 1319 927
799 1320 226
860 1320 292
588 1322 197
1001 1323 152
520 1324 327
783 1324 538
315 1325 344
429 1326 167
440 1326 344
1195 1327 236
284 1328 380
501 1328 136
426 1329 359
982 1329 662
582 1331 109
382 1332 714
42 1333 300
63 1334 617
1117 1334 954
1301 1334 857
370 1335 104
408 1335 113
1090 1336 191
208 1338 297
1044 1340 134
1095 1340 113
520 1341 335
901 1342 191
1283 1342 223
134 1343 415
603 1343 137
789 1343 354
367 1345 141
367 1346 160
930 1347 216
1183 1348 363
620 1350 410
1036 1351 137
35 1352 935
772 1353 667
1095 1354 873
102 1355 154
133 1355 280
45 1356 122
604 1357 159
967 1359 131
1222 1359 166
857 1360 173
1312 1360 158
169 1362 593
793 1364 260
790 1365 116
272 1366 510
178 1369 187
285 1370 897
980 1372 140
107 1373 398
261 1373 111
895 1374 185
1150 1376 774
856 1377 754
628 1378 145
764 1380 192
702 1381 190
438 1382 494
228 1383 379
568 1383 105
233 1384 174
592 1385 343
173 1388 569
312 1388 453
989 1389 567
1152 1389 270
1030 1390 213
1043 1391 108
1164 1391 101
223 1392 171
212 1393 224
265 1394 104
376 1394 103
564 1395 725
767 1397 730
1029 1398 103
1150 1399 146
409 1400 157
879 1402 319
378 1403 130
208 1404 282
1265 1406 157
60 1407 603
665 1407 832
152 1408 189
446 1408 868
189 1409 396
767 1409 666
674 1410 332
257 1412 102
929 1413 585
1276 1414 320
222 1415 194
81 1416 562
1331 1416 382
1350 1417 331
717 1418 267
1028 1418 257
904 1421 103
388 1422 324
1214 1422 251
855 1423 169
1032 1423 468
1058 1424 313
100 1426 204
154 1426 745
116 1427 379
1148 1428 252
824 1429 387
629 1431 252
246 1432 138
612 1432 570
170 1433 278
738 1433 424
231 1434 476
871 1435 378
1168 1435 264
143 1436 166
577 1437 194
785 1438 363
1263 1438 149
70 1440 223
104 1441 663
195 1441 204
897 1442 239
922 1442 184
454 1445 253
1018 1446 190
299 1448 752
677 1449 290
657 1450 103
1276 1450 118
561 1451 464
732 1452 470
755 1452 303
444 1453 163
101 1454 567
865 1454 515
79 1455 124
329 1456 438
813 1456 102
533 1457 109
355 1459 127
1445 1460 268
466 1461 131
602 1462 624
1308 1462 317
144 1463 166
1202 1463 184
323 1464 112
191 1466 201
858 1466 247
1449 1466 245
461 1467 476
697 1467 163
783 1467 938
330 1468 121
428 1468 140
828 1470 278
386 1471 187
1170 1472 113
5 1473 251
1302 1473 369
458 1474 812
743 1474 143
852 1474 204
1457 1474 162
905 1476 172
416 1478 138
789 1479 121
238 1480 209
608 1481 196
1330 1481 270
432 1482 174
330 1483 147
970 1484 180
445 1485 619
1283 1485 508
964 1486 643
82 1487 463
677 1487 795
1382 1487 234
1270 1488 247
430 1489 522
838 1491 714
539 1492 199
1114 1492 152
1402 1493 821
263 1496 316
517 1496 465
1331 1496 376
184 1497 396
533 1497 530
1368 1497 399
987 1498 637
142 1500 212
1247 1500 203
1114 1501 142
846 1502 221
1014 1503 632
1005 1504 212
1211 1505 361
1062 1506 337
1357 1506 168
342 1507 444
509 1507 273
565 1508 147
853 1508 706
523 1510 342
1272 1510 774
944 1511 157
122 1512 124
752 1514 761
1176 1515 184
1495 1515 116
814 1516 236
10 1517 709
375 1518 213
825 1518 199
973 1518 368
863 1519 210
132 1521 278
437 1521 234
1416 1525 566
746 1526 602
1235 1527 143
1116 1529 225
1298 1529 245
249 1533 197
1149 1533 172
1404 1534 307
621 1537 510
1143 1537 764
646 1538 803
93 1539 133
495 1539 213
1449 1539 933
1519 1539 173
517 1540 128
639 1540 711
613 1541 656
721 1541 359
288 1542 171
412 1542 936
273 1543 848
353 1543 141
603 1543 485
1318 1543 356
739 1544 693
227 1545 849
855 1545 286
479 1546 440
1159 1548 278
1516 1548 522
1536 1548 344
1547 1548 937
467 1549 656
801 1549 130
1296 1549 116
309 1550 126
402 1551 119
527 1551 126
1353 1551 108
940 1552 251
504 1554 158
1011 1554 141
38 1555 803
1002 1555 292
1171 1556 420
1163 1558 275
811 1560 869
1436 1560 247
340 1561 168
1347 1561 172
1350 1562 110
308 1563 371
1556 1563 100
281 1564 151
1162 1569 561
1238 1570 362
541 1571 248
994 1572 333
1230 1572 117
740 1574 144
504 1575 940
1254 1576 185
1318 1576 590
1096 1579 165
38 1581 137
56 1581 795
1375 1581 107
1194 1583 635
201 1584 195
500 1585 756
1160 1586 566
41 1587 288
1109 1588 304
77 1589 710
516 1590 343
894 1590 413
259 1592 550
438 1592 144
433 1594 170
1446 1595 203
76 1597 112
398 1597 103
842 1598 951
881 1599 139
237 1600 224
1425 1600 267
87 1603 131
1385 1603 775
1451 1604 582
300 1605 101
1513 1605 128
96 1606 334
1370 1606 319
317 1607 194
812 1609 253
684 1610 117
901 1610 121
295 1612 273
124 1613 238
140 1614 227
289 1615 282
1606 1616 106
1079 1617 124
1577 1617 138
819 1618 191
766 1619 403
1173 1619 175
191 1620 343
215 1620 120
1277 1620 393
1565 1621 268
470 1622 559
221 1624 192
1336 1624 137
795 1625 895
1337 1626 131
215 1627 107
438 1628 158
975 1628 124
16 1630 212
1536 1630 204
1570 1631 390
924 1633 191
1236 1633 926
1581 1633 185
567 1634 529
861 1634 641
163 1635 705
79 1636 124
181 1638 117
414 1638 621
119 1639 153
215 1640 140
423 1640 104
458 1640 540
1528 1641 432
653 1642 442
896 1642 668
115 1643 119
597 1644 134
592 1645 291
1366 1645 410
981 1647 719
1517 1648 920
1573 1648 356
384 1649 421
889 1650 403
302 1651 934
619 1652 242
358 1653 207
1271 1653 578
86 1654 636
1167 1654 701
1579 1655 229
1162 1656 407
978 1657 189
422 1658 129
1203 1658 154
883 1660 315
1246 1660 415
669 1661 130
1606 1663 428
523 1664 232
1589 1665 532
187 1666 288
1259 1666 148
859 1667 324
1193 1667 507
987 1668 276
1101 1668 916
194 1669 530
291 1669 498
1185 1670 155
215 1671 311
835 1672 174
1321 1672 130
1082 1674 628
1154 1676 194
1493 1676 244
45 1677 198
1076 1678 146
1494 1679 809
782 1680 219
1345 1680 164
688 1681 834
1117 1681 784
21 1682 330
865 1683 535
1602 1683 425
1503 1686 610
134 1687 692
681 1687 653
749 1687 801
1260 1687 110
59 1688 338
617 1691 289
1159 1693 276
1475 1695 126
15 1697 610
1138 1698 264
1235 1698 394
1536 1698 489
711 1699 890
121 1700 143
1608 1700 730
1384 1701 231
394 1702 924
1477 1702 101
214 1704 335
215 1704 161
1486 1705 126
870 1706 186
503 1707 240
239 1710 314
968 1710 207
1482 1712 148
537 1714 177
349 1716 188
86 1717 740
456 1718 125
593 1718 295
1113 1718 305
1259 1719 155
1300 1719 170
792 1720 646
214 1722 258
93 1724 460
1291 1724 360
348 1725 321
1675 1725 355
794 1727 564
1339 1728 249
559 1729 479
828 1730 553
731 1731 361
484 1732 496
960 1733 175
928 1734 380
259 1735 158
1659 1735 241
882 1736 105
1704 1736 104
159 1737 877
1075 1738 302
1310 1738 910
1093 1740 109
251 1741 192
714 1741 151
791 1744 389
1429 1745 241
1601 1746 772
1641 1746 697
146 1747 364
1578 1747 545
1006 1748 124
274 1749 835
355 1750 132
1458 1750 103
243 1751 139
896 1752 297
1139 1753 218
1553 1753 375
586 1754 586
977 1754 576
363 1755 221
1104 1756 332
1344 1757 128
1016 1760 305
1711 1761 175
207 1762 336
1124 1762 115
1736 1762 115
722 1763 282
1401 1763 282
1440 1764 210
457 1765 340
163 1766 633
827 1766 343
1021 1768 110
1378 1768 160
706 1769 119
1306 1769 551
705 1771 149
898 1772 752
1123 1773 278
1294 1773 300
875 1774 244
251 1777 296
5 1778 446
1181 1779 618
1772 1779 757
757 1780 752
603 1781 282
700 1781 193
986 1782 195
1115 1782 243
278 1783 186
571 1783 231
452 1784 234
1207 1785 148
1337 1785 159
1102 1786 189
1609 1787 321
155 1788 487
706 1788 503
1243 1789 309
1613 1789 106
1356 1790 111
991 1791 274
63 1792 932
572 1792 331
369 1793 439
425 1793 172
1620 1793 976
1665 1793 807
82 1794 439
1140 1794 694
1587 1795 296
1286 1797 175
1461 1797 213
597 1798 144
1580 1798 151
675 1799 355
941 1800 559
1405 1800 126
1568 1800 389
753 1801 124
1234 1801 564
553 1802 435
940 1802 345
1696 1803 171
1547 1804 919
1147 1806 103
1675 1807 418
786 1808 275
250 1809 165
807 1810 275
1013 1810 254
1129 1811 338
1530 1812 208
1631 1812 426
202 1814 744
503 1815 926
1405 1815 266
1780 1815 300
1535 1817 252
1602 1817 315
781 1818 371
1701 1818 428
302 1820 104
1477 1820 957
1505 1821 848
679 1822 666
1056 1822 129
1351 1823 200
1813 1824 903
456 1825 949
920 1826 294
288 1827 598
729 1827 518
513 1828 600
872 1828 324
392 1829 329
1712 1830 151
404 1831 941
1051 1832 176
1362 1833 568
224 1834 270
1274 1834 443
72 1835 113
141 1836 265
1553 1836 794
501 1837 123
273 1838 117
872 1838 440
1454 1838 129
1828 1838 123
938 1839 782
523 1840 344
1614 1841 102
300 1842 121
422 1842 106
603 1843 338
710 1843 469
869 1843 201
969 1843 897
1838 1843 178
1370 1845 815
1663 1845 234
1437 1847 166
1484 1847 167
508 1848 897
1735 1848 350
1739 1848 143
663 1849 267
762 1850 238
1450 1851 135
49 1852 822
1118 1852 934
1612 1853 318
1623 1853 194
521 1855 584
549 1856 432
1166 1856 867
525 1857 202
253 1858 391
447 1859 213
3 1861 479
545 1862 288
679 1862 203
186 1863 357
591 1864 904
875 1864 163
1516 1864 378
68 1865 280
961 1865 170
65 1866 296
353 1866 222
969 1866 264
1543 1866 864
1522 1867 317
687 1868 672
215 1869 531
257 1869 516
582 1869 521
1416 1869 791
1671 1869 522
268 1870 342
177 1871 426
17 1872 761
222 1873 128
475 1873 138
745 1874 239
807 1874 222
1219 1875 775
1575 1875 100
1026 1876 949
463 1877 949
633 1877 140
66 1878 246
105 1878 326
548 1879 877
1338 1881 275
742 1882 139
1195 1882 169
1065 1883 759
368 1885 197
1577 1885 182
420 1886 122
442 1886 165
535 1887 188
595 1887 143
1848 1887 636
1003 1888 692
1883 1889 429
371 1890 292
620 1890 136
1759 1890 143
610 1891 153
642 1891 137
1121 1892 197
1816 1892 717
1100 1893 505
947 1894 256
1796 1895 282
1799 1895 381
1616 1896 623
1822 1896 545
1659 1898 836
1811 1899 346
1859 1899 298
274 1900 975
223 1901 147
1220 1902 105
1354 1902 124
290 1903 362
1465 1908 169
481 1911 124
1386 1911 172
471 1914 165
663 1915 126
939 1915 666
1694 1915 156
55 1916 176
434 1917 189
936 1918 516
1162 1918 858
1235 1918 455
1742 1918 434
2 1919 212
671 1920 249
1262 1921 117
771 1922 256
1756 1922 325
462 1923 754
14 1924 789
614 1925 435
1020 1925 672
454 1926 138
1650 1926 100
8 1927 583
884 1928 298
1887 1928 198
1328 1929 450
1644 1930 139
1721 1930 167
1110 1931 313
393 1932 130
1474 1932 662
226 1933 568
920 1933 157
836 1935 273
289 1936 193
447 1936 299
1059 1937 499
1917 1937 535
736 1938 149
326 1939 231
515 1939 186
1615 1940 258
1016 1941 212
1480 1941 181
1691 1942 486
676 1943 359
1775 1943 676
199 1944 175
700 1944 196
1807 1944 165
1524 1945 259
1889 1945 313
99 1946 390
1176 1946 195
1591 1947 868
169 1948 135
635 1948 122
872 1948 232
354 1949 105
1910 1949 131
1049 1950 791
1621 1950 315
366 1951 194
455 1951 249
53 1952 537
738 1952 461
369 1953 811
425 1953 209
95 1954 125
490 1954 114
1476 1955 243
275 1956 436
1494 1956 768
486 1958 151
1000 1959 620
1819 1959 369
1132 1960 159
366 1961 771
482 1961 781
569 1962 326
393 1963 128
743 1963 128
1040 1963 107
425 1964 217
1539 1964 951
180 1965 624
1112 1966 506
88 1967 280
751 1967 603
407 1968 114
759 1968 125
884 1969 844
229 1971 127
1635 1971 137
263 1972 585
458 1972 392
1620 1972 277
174 1973 276
1504 1974 357
1514 1974 563
595 1975 108
645 1975 109
1068 1975 711
1540 1975 294
1630 1975 179
600 1976 814
1765 1976 624
19 1977 398
155 1977 327
295 1977 188
1163 1978 284
1499 1978 186
177 1979 379
1368 1979 382
555 1980 490
1076 1980 728
1379 1981 279
443 1982 398
1332 1982 750
474 1983 246
607 1983 232
912 1984 765
1410 1985 301
42 1986 242
127 1987 228
571 1987 337
694 1988 170
1420 1988 218
427 1989 697
852 1989 116
1153 1989 732
1546 1990 342
1732 1991 329
1831 1991 434
1217 1992 162
1595 1992 183
1288 1994 213
1350 1994 387
560 1995 171
689 1996 371
1723 1997 249
623 1998 938
754 1999 835
1106 1999 503
46 2000 615
117 2000 170
1036 2000 835
1755 2000 165
1236 2001 985
161 2002 364
379 2003 939
956 2003 125
498 2004 416
1684 2005 259
606 2006 589
317 2007 272
359 2008 504
1512 2009 435
214 2010 124
266 2010 120
705 2010 162
1002 2010 168
1027 2010 198
1250 2010 488
1623 2010 113
1977 2010 188
804 2011 148
816 2011 761
1928 2011 288
802 2012 119
468 2013 156
673 2013 114
215 2014 142
433 2014 252
1722 2014 586
157 2015 175
914 2015 434
1086 2015 483
1260 2015 414
1417 2015 180
531 2016 784
1305 2016 913
487 2017 616
771 2018 227
1248 2018 289
544 2019 968
1511 2019 255
1269 2020 210
643 2021 202
199 2022 270
653 2022 333
58 2023 406
418 2023 387
1667 2024 788
1771 2024 882
94 2025 228
514 2025 251
517 2025 522
533 2025 260
1804 2025 357
1 2026 687
1397 2026 785
730 2027 513
996 2027 285
1996 2027 722
1758 2028 160
1532 2029 350
390 2030 114
921 2030 661
1080 2031 387
576 2032 518
30 2033 254
1649 2034 121
399 2035 122
549 2036 135
1084 2036 356
202 2037 809
1678 2037 110
2031 2038 466
1050 2039 681
1787 2039 486
831 2040 129
1598 2040 127
132 2041 297
1179 2041 466
1825 2042 124
1690 2043 102
2007 2043 247
1758 2044 212
27 2045 282
1532 2045 276
508 2046 646
151 2047 174
88 2048 347
255 2048 293
1424 2049 409
1573 2049 296
1499 2050 195
1244 2051 443
899 2052 497
770 2053 603
1127 2053 776
65 2054 775
273 2054 474
353 2054 611
650 2054 343
869 2054 431
1838 2054 794
1843 2054 549
1190 2055 594
1415 2055 168
913 2056 168
439 2057 234
1093 2058 269
1235 2059 413
1460 2059 850
1111 2060 138
1447 2060 155
1284 2061 346
583 2062 155
694 2062 171
476 2064 519
1775 2064 327
464 2065 932
1861 2066 417
587 2067 301
1210 2067 620
509 2068 254
800 2068 340
1172 2069 554
698 2070 225
1751 2070 198
878 2071 203
1270 2072 666
849 2074 162
881 2074 128
1647 2075 194
799 2076 238
1803 2077 362
354 2078 109
2065 2078 940
172 2079 911
490 2079 945
507 2080 143
914 2080 173
1019 2080 131
1103 2080 347
1351 2080 852
1417 2080 224
2015 2080 167
2042 2081 199
1137 2082 128
1566 2082 143
314 2084 113
1079 2084 120
561 2085 313
815 2086 110
1651 2086 107
606 2088 505
320 2089 162
1594 2089 313
672 2090 117
1303 2090 832
1405 2091 435
1957 2091 791
393 2092 588
1159 2092 382
2005 2093 255
353 2094 126
1846 2094 378
1121 2095 223
544 2096 534
1544 2096 844
1674 2097 297
755 2098 231
82 2100 180
237 2100 143
258 2100 180
327 2101 341
680 2101 481
853 2102 953
714 2103 148
1001 2103 143
120 2104 449
600 2104 837
984 2105 100
1078 2106 532
1694 2106 169
1942 2107 424
808 2109 518
1588 2109 410
611 2110 195
1060 2110 162
1386 2111 209
1599 2111 497
258 2112 242
873 2112 476
1434 2113 285
906 2114 475
1211 2114 381
751 2115 557
1263 2115 308
1593 2117 142
1228 2118 161
338 2119 109
1790 2119 981
609 2120 130
426 2121 196
508 2121 761
47 2122 251
26 2123 429
1689 2124 202
191 2125 473
743 2125 708
1630 2125 168
1048 2126 412
1714 2127 198
75 2128 159
573 2128 359
131 2129 117
1458 2129 132
270 2130 112
939 2131 754
905 2132 239
1371 2132 270
460 2133 498
526 2133 499
1722 2133 478
85 2134 207
432 2134 173
286 2135 350
915 2136 454
1234 2136 662
1692 2137 204
232 2138 324
472 2138 421
1279 2139 217
494 2140 138
889 2140 104
1131 2140 114
1329 2140 110
1382 2140 812
1760 2141 298
1855 2141 194
1530 2142 824
1618 2142 749
656 2143 107
927 2144 181
1227 2144 466
1904 2145 343
2088 2145 767
93 2146 693
1131 2146 270
1133 2146 249
1731 2146 539
1662 2147 158
566 2148 542
874 2149 144
2058 2149 106
235 2150 124
803 2150 603
1664 2150 801
1724 2150 124
946 2151 163
407 2152 133
1398 2153 703
1880 2154 796
2073 2154 797
460 2155 560
1623 2155 179
1664 2155 222
912 2156 229
1065 2156 729
1844 2157 512
1909 2157 412
485 2158 218
556 2158 250
948 2159 300
1931 2159 382
54 2161 322
298 2161 486
710 2161 105
1562 2161 211
2118 2162 823
1722 2163 136
18 2164 164
1716 2164 166
336 2165 543
591 2165 104
1023 2165 311
2011 2165 459
241 2166 889
709 2166 983
1416 2166 968
546 2167 420
933 2167 221
99 2168 476
215 2169 160
157 2170 247
507 2170 379
914 2170 697
1086 2170 525
1103 2170 693
1260 2170 445
1417 2170 257
352 2171 894
1709 2171 316
91 2172 152
1259 2172 133
868 2173 152
1443 2173 654
797 2174 668
649 2175 471
1711 2175 168
662 2176 497
1955 2176 193
1851 2177 348
56 2178 245
198 2179 335
587 2179 216
260 2180 122
1793 2180 209
1363 2181 237
982 2182 328
1236 2182 798
1272 2182 131
1466 2182 160
1627 2182 192
1762 2182 904
1381 2183 233
1962 2183 188
437 2184 207
547 2185 523
1898 2186 532
1151 2187 347
2001 2188 185
1947 2189 363
2097 2189 452
594 2190 609
614 2190 415
777 2190 185
1140 2190 601
1460 2190 869
205 2191 104
802 2191 119
758 2192 301
770 2192 530
136 2193 336
786 2193 243
451 2194 100
494 2194 291
2180 2194 209
1013 2195 476
500 2196 362
1430 2196 351
1860 2197 380
1897 2197 292
1629 2199 218
1729 2199 144
534 2200 165
596 2201 329
1620 2202 530
1640 2202 153
1367 2203 135
1380 2203 183
923 2204 164
737 2205 181
1805 2205 333
337 2206 567
765 2206 394
1123 2207 276
1309 2208 616
362 2209 126
538 2210 348
614 2210 192
1592 2210 135
194 2212 222
1170 2212 479
209 2213 194
962 2213 210
1897 2214 216
2181 2214 269
2208 2215 113
1585 2216 421
1894 2216 157
1918 2217 338
185 2219 127
175 2220 572
2095 2220 116
405 2221 727
701 2222 323
2 2223 570
1266 2223 211
94 2224 201
655 2225 224
1262 2225 548
56 2226 111
784 2226 810
1291 2226 398
1581 2226 464
112 2227 408
1376 2227 110
525 2228 175
2020 2228 163
804 2229 109
884 2229 160
2224 2229 255
1038 2230 294
496 2231 488
1134 2231 543
861 2234 989
1715 2234 358
732 2235 474
257 2236 145
266 2236 323
460 2236 510
858 2236 125
1194 2236 567
999 2237 139
2107 2237 191
554 2239 421
2017 2239 810
737 2240 201
2120 2240 152
310 2241 248
324 2241 467
25 2242 792
2063 2242 415
1998 2243 900
2143 2243 883
1412 2244 324
1551 2245 134
648 2246 368
111 2248 218
2184 2248 239
37 2249 178
812 2249 190
769 2250 128
1445 2250 227
1592 2250 134
1659 2250 343
685 2251 526
886 2251 315
630 2252 284
1489 2253 380
2123 2253 433
926 2254 219
1858 2254 852
101 2255 233
2052 2256 454
632 2257 143
1723 2257 520
117 2258 240
603 2258 297
650 2258 515
710 2258 393
872 2258 308
1543 2258 768
532 2259 660
491 2260 109
1884 2260 375
1088 2261 176
118 2262 232
2085 2262 718
1040 2263 122
2166 2263 267
2224 2263 155
558 2264 382
2233 2264 298
1268 2265 111
1730 2265 288
97 2266 540
2160 2266 144
777 2267 220
1023 2267 295
1490 2267 130
2004 2268 338
56 2270 112
731 2270 312
1925 2270 532
380 2271 318
1905 2271 318
441 2272 218
1157 2273 329
1826 2273 289
689 2274 442
108 2275 121
651 2275 401
157 2276 549
1086 2276 301
1260 2276 273
1719 2276 227
2080 2276 541
610 2277 204
1358 2277 228
134 2278 448
957 2278 164
1353 2279 951
1731 2279 106
1848 2279 200
1926 2279 217
1099 2280 433
1164 2280 370
1646 2281 194
34 2282 310
358 2282 227
1313 2283 791
2066 2283 568
1205 2284 103
172 2285 963
401 2286 466
675 2286 532
1816 2287 250
2069 2287 151
102 2288 105
1387 2289 110
1472 2289 752
2011 2290 923
1880 2291 963
2028 2291 111
1050 2292 148
1608 2292 107
28 2293 644
112 2293 145
558 2294 469
833 2294 530
1927 2295 901
529 2297 678
1657 2298 154
2232 2298 186
291 2299 336
678 2299 366
1387 2301 618
1502 2302 190
1131 2303 273
1405 2303 142
1578 2304 628
761 2305 405
1805 2305 233
988 2306 681
1194 2307 211
1272 2307 198
1762 2307 185
64 2308 108
322 2308 387
1682 2309 690
1829 2309 380
1154 2310 147
765 2311 817
1879 2311 941
744 2312 184
2098 2312 239
1144 2313 232
1430 2313 252
1727 2314 439
1929 2314 600
886 2315 200
1835 2315 139
2201 2316 440
507 2317 220
914 2317 299
1019 2317 996
1103 2317 216
1260 2317 486
1417 2317 506
2276 2317 622
13 2318 282
1697 2318 460
2238 2319 124
2087 2320 265
616 2321 288
704 2321 258
641 2322 966
1091 2322 978
1203 2325 214
631 2326 364
1077 2326 172
138 2327 171
1685 2327 209
1501 2328 123
328 2329 280
395 2329 183
1071 2330 382
2093 2330 583
954 2331 291
66 2332 549
1994 2332 213
30 2333 423
2087 2333 589
1181 2334 723
1491 2334 755
603 2335 264
1543 2335 580
1828 2335 170
1866 2335 176
2172 2335 328
372 2336 388
730 2336 172
1709 2337 569
1715 2337 344
1034 2338 170
839 2339 140
955 2340 293
117 2341 161
488 2341 264
724 2341 363
1103 2341 129
1212 2341 838
1417 2341 982
2276 2341 127
652 2342 177
1072 2342 232
1770 2343 880
111 2345 362
1900 2345 343
1200 2346 393
93 2347 323
1007 2348 243
2339 2348 179
840 2349 162
2033 2349 172
773 2350 425
492 2351 476
1004 2351 130
140 2352 320
889 2352 358
1174 2352 188
825 2353 871
973 2353 659
1191 2353 751
2186 2353 104
1061 2354 735
1313 2355 962
342 2357 398
2113 2357 362
1431 2358 504
2256 2358 462
880 2359 104
1421 2359 119
1291 2360 573
2250 2360 338
135 2363 115
292 2363 489
301 2363 379
9 2364 289
715 2364 291
615 2365 291
697 2365 159
2278 2365 758
284 2366 167
498 2367 214
740 2368 224
854 2368 234
53 2369 884
1849 2369 831
661 2370 147
1824 2371 931
2319 2371 105
798 2372 472
2187 2372 699
343 2373 429
273 2374 846
603 2374 298
872 2374 308
969 2374 193
2258 2374 224
818 2375 718
1090 2375 548
423 2376 111
1722 2376 831
922 2377 295
1498 2377 282
189 2378 490
298 2378 202
657 2378 240
1994 2378 669
2162 2379 137
2235 2379 174
973 2380 423
1191 2380 206
397 2381 274
1896 2381 146
797 2382 116
1192 2382 386
312 2383 317
1307 2383 549
346 2384 214
1028 2384 187
1200 2386 137
1425 2386 468
61 2387 421
2269 2387 616
127 2388 707
556 2388 281
1764 2389 196
1427 2390 158
1686 2390 906
133 2391 242
298 2392 115
1444 2392 536
535 2393 181
1548 2393 255
850 2394 830
1646 2395 128
1025 2396 375
572 2397 314
1414 2397 257
259 2398 150
1628 2398 220
1841 2398 161
1926 2398 280
2116 2398 270
2303 2398 374
742 2399 120
1257 2399 127
97 2400 228
1586 2400 374
466 2401 183
878 2401 141
339 2402 124
832 2402 127
144 2403 199
2218 2403 179
1966 2404 704
2185 2404 687
370 2405 110
2328 2405 110
640 2406 944
1075 2406 149
2323 2407 495
1361 2408 569
1217 2409 213
2324 2409 195
1030 2410 228
1245 2411 451
1844 2411 789
123 2412 396
477 2412 306
2032 2413 112
2102 2413 287
180 2414 594
522 2414 569
365 2415 421
697 2415 463
1934 2415 629
2297 2416 657
150 2417 928
1495 2418 120
1245 2419 179
1611 2420 120
433 2421 487
2151 2421 636
1453 2422 153
638 2423 258
1372 2423 757
2310 2425 120
1291 2426 816
908 2427 168
803 2428 617
1314 2428 551
1510 2428 628
2226 2428 346
2250 2428 548
179 2429 659
883 2430 275
1293 2431 945
2008 2431 404
1198 2432 179
1344 2432 989
890 2433 568
2324 2433 397
1447 2434 125
2209 2434 151
1221 2435 827
1757 2435 171
713 2436 182
867 2436 189
1525 2437 365
1671 2437 108
910 2439 134
1056 2439 887
1862 2439 818
106 2440 337
207 2440 504
705 2440 951
1236 2440 958
1567 2441 289
356 2442 730
1531 2442 184
2361 2443 104
1185 2444 175
1726 2444 164
1349 2445 199
351 2446 142
647 2446 160
2011 2446 125
2365 2447 146
2410 2447 137
869 2448 348
969 2448 312
1838 2448 129
1866 2448 173
2335 2448 160
304 2449 198
826 2449 836
1231 2450 158
1876 2450 122
2051 2451 369
664 2452 805
341 2453 313
2038 2453 242
117 2454 258
157 2454 774
219 2454 166
724 2454 236
914 2454 543
1260 2454 182
2080 2454 791
1475 2455 162
1868 2455 217
2281 2456 176
1246 2457 109
488 2458 286
1019 2458 655
1086 2458 447
1212 2458 111
1417 2458 139
2454 2458 493
303 2459 286
1743 2460 298
439 2461 192
1323 2461 186
992 2462 104
1728 2462 116
244 2463 864
618 2464 201
2464 2465 460
780 2466 174
1713 2466 199
1207 2467 188
2076 2467 183
1833 2468 312
1177 2469 104
1912 2470 966
2130 2470 135
66 2471 227
1036 2471 363
2410 2471 455
1043 2472 339
844 2473 724
2417 2473 752
1796 2474 208
818 2475 575
1479 2475 856
627 2476 132
2343 2476 110
2389 2477 230
852 2478 271
1306 2478 115
1630 2478 242
1656 2478 123
2108 2478 115
456 2479 703
1625 2479 987
2117 2480 161
2346 2480 193
1052 2481 125
1841 2481 552
2279 2481 497
2296 2481 124
175 2482 204
848 2482 156
1848 2483 105
1887 2483 903
1761 2484 510
1854 2484 438
376 2486 114
417 2486 140
505 2487 685
1113 2487 555
242 2488 326
598 2488 245
965 2489 709
1694 2489 148
528 2490 348
1070 2490 392
860 2491 253
752 2492 333
1685 2493 312
1792 2493 105
839 2494 118
1439 2494 961
628 2495 213
856 2495 479
321 2496 104
733 2497 394
1871 2497 540
1488 2498 199
1443 2499 186
1692 2499 329
193 2500 128
832 2500 113
1444 2501 840
1857 2501 258
19 2502 448
1277 2502 275
980 2503 654
1870 2503 802
998 2504 125
428 2505 167
1571 2505 237
395 2506 170
2370 2506 155
719 2507 364
1319 2507 118
712 2508 348
2077 2508 504
808 2509 188
1190 2509 340
377 2510 599
2002 2510 275
1483 2511 148
394 2512 830
2211 2512 738
306 2513 136
665 2513 733
149 2514 920
1984 2514 112
1957 2515 100
947 2516 128
1470 2516 236
824 2517 286
1884 2517 695
823 2518 678
1531 2518 395
1737 2519 825
2469 2519 997
192 2520 247
1413 2520 377
1539 2521 582
2210 2521 159
188 2522 192
1464 2522 142
254 2523 156
1015 2523 131
115 2524 139
339 2524 135
1399 2525 191
2429 2525 427
1616 2526 659
2106 2526 359
104 2527 123
1973 2527 387
90 2528 211
435 2528 664
1622 2529 129
1872 2529 646
52 2530 815
158 2530 294
434 2531 186
683 2531 120
128 2532 226
664 2532 740
1155 2533 893
1717 2533 771
2491 2534 313
198 2535 114
2029 2535 614
1663 2536 479
1 2537 666
911 2537 533
1333 2538 203
1596 2538 203
159 2539 790
2288 2539 935
155 2540 247
1194 2540 127
1496 2540 427
1525 2540 422
1141 2541 395
2061 2541 666
1679 2542 118
1778 2542 384
11 2543 320
932 2543 272
924 2544 204
2188 2544 174
750 2545 254
1237 2545 575
473 2546 257
2218 2546 270
1919 2547 317
365 2548 113
371 2548 118
675 2548 151
681 2548 542
614 2549 660
1693 2549 140
1708 2549 458
1864 2549 619
2011 2549 432
829 2550 154
273 2551 488
353 2551 375
869 2551 241
1543 2551 102
1838 2551 155
2258 2551 305
2448 2551 790
1094 2552 632
1363 2552 590
654 2553 127
1089 2554 122
2320 2554 132
495 2555 180
1898 2555 114
684 2556 992
1639 2557 150
2485 2557 156
37 2558 162
334 2558 171
1145 2559 837
1341 2559 525
1786 2560 171
2012 2560 129
591 2561 421
1196 2561 177
2003 2561 288
2059 2561 273
1776 2562 112
2271 2562 119
1289 2563 134
1904 2563 235
266 2564 203
1771 2564 292
2182 2564 256
2244 2564 604
1411 2565 191
1863 2565 194
532 2566 524
65 2567 372
710 2567 586
1828 2567 148
1838 2567 741
1843 2567 234
1866 2567 144
2448 2567 157
292 2568 212
1960 2568 191
322 2569 148
2463 2569 115
788 2570 986
1469 2570 545
480 2571 155
927 2571 188
1348 2572 147
763 2573 352
1186 2573 566
487 2574 493
630 2574 132
993 2575 291
2441 2575 261
421 2576 129
845 2576 113
162 2577 211
2489 2577 152
1144 2578 228
2547 2578 204
2511 2579 270
151 2580 290
110 2581 124
2300 2581 128
1322 2582 245
1214 2584 348
1611 2584 499
1066 2585 736
1850 2585 355
2050 2586 237
2131 2586 235
52 2587 501
1069 2587 389
1145 2588 533
589 2589 136
1513 2589 111
1253 2590 371
1909 2590 640
1152 2591 278
2152 2591 150
188 2592 336
735 2592 840
1604 2593 259
1908 2593 228
931 2594 124
1706 2594 148
1196 2595 167
1157 2596 346
1637 2596 121
925 2597 236
1719 2597 139
1986 2597 296
745 2598 258
344 2599 196
1924 2599 203
248 2600 145
538 2600 519
1460 2600 420
1774 2600 164
1794 2600 497
2290 2600 896
1055 2601 376
1188 2602 392
1860 2603 622
305 2604 147
1004 2604 347
721 2605 574
343 2606 122
1734 2606 789
590 2607 896
848 2607 100
821 2608 509
1125 2608 997
379 2609 376
1224 2609 710
1493 2609 119
164 2610 214
1073 2610 502
75 2611 154
166 2611 122
497 2612 996
1174 2612 808
2140 2612 514
936 2613 675
2583 2613 364
1179 2614 434
1232 2614 986
1516 2615 826
1742 2615 360
1804 2615 203
1969 2615 580
1989 2615 696
2549 2615 705
2063 2616 432
2582 2616 255
841 2617 152
2443 2617 116
1626 2618 152
2485 2618 132
809 2619 187
74 2620 996
1813 2620 886
703 2621 167
1168 2621 193
536 2622 132
2047 2622 188
1085 2623 610
1713 2623 410
778 2624 137
2215 2624 798
414 2625 204
2553 2625 164
972 2626 179
1149 2626 177
389 2627 455
2221 2627 463
319 2628 114
703 2628 103
1444 2628 621
1229 2629 134
1299 2629 316
489 2630 108
1607 2630 368
557 2631 172
2124 2631 141
151 2632 135
393 2632 285
533 2632 268
706 2632 121
1788 2632 355
1034 2633 156
1257 2633 122
44 2634 965
206 2634 953
1084 2635 316
1733 2635 274
2009 2636 394
2147 2636 206
389 2637 295
2071 2637 217
822 2638 274
1888 2638 466
851 2639 533
2252 2639 817
1351 2640 349
2551 2640 676
1161 2641 231
450 2642 682
1673 2643 577
226 2644 398
285 2644 696
1590 2644 166
1616 2644 279
2246 2645 349
2598 2645 274
1309 2646 406
2295 2646 318
2562 2646 135
966 2647 375
1174 2647 243
1527 2647 661
2046 2647 248
2121 2647 853
2267 2647 426
2481 2647 155
1740 2648 448
1808 2648 291
253 2649 253
873 2649 565
316 2650 242
1958 2650 235
43 2651 289
625 2651 543
612 2652 373
682 2653 437
1995 2653 113
562 2654 854
2416 2654 748
2054 2655 259
19 2656 437
1041 2656 649
1317 2656 341
1665 2656 706
2202 2656 427
624 2657 637
887 2657 229
320 2658 225
1524 2658 188
633 2659 307
1249 2659 431
193 2660 124
2075 2660 179
1295 2661 695
2340 2661 444
656 2662 133
2174 2662 245
1384 2663 496
2211 2663 470
2344 2663 473
933 2664 195
1566 2664 146
657 2665 169
2392 2665 915
2655 2665 295
1365 2666 950
2304 2666 131
77 2667 636
973 2667 725
2186 2667 914
2353 2667 723
279 2668 695
2367 2668 102
350 2669 113
2418 2669 995
650 2670 583
872 2670 331
1828 2670 158
2258 2670 443
2335 2670 154
2448 2670 402
2551 2670 983
634 2671 662
2072 2671 173
862 2672 561
965 2672 706
1601 2672 613
1971 2672 136
562 2673 116
2472 2673 177
1129 2674 289
2566 2674 891
1060 2675 215
2619 2676 207
2652 2676 311
1767 2677 162
2579 2677 315
1327 2678 480
2198 2678 682
2306 2679 142
2445 2679 311
131 2680 153
564 2681 531
1795 2681 310
1478 2682 113
2105 2682 107
465 2683 128
181 2684 459
1981 2684 459
276 2685 148
372 2685 139
499 2685 148
801 2685 943
2093 2685 140
960 2686 266
1804 2687 386
2046 2687 239
1374 2688 141
2395 2688 164
513 2689 936
603 2689 288
650 2689 487
1843 2689 192
2054 2689 427
2335 2689 320
2670 2689 297
219 2690 608
1409 2690 247
1781 2690 324
2550 2690 559
1629 2691 229
661 2692 235
2580 2692 203
155 2693 422
918 2693 211
1913 2693 274
2226 2693 578
119 2694 171
835 2694 136
307 2695 191
744 2696 222
1745 2696 224
388 2697 270
964 2697 640
2588 2698 531
2686 2698 187
2160 2699 665
1520 2700 360
1985 2700 310
871 2701 833
2408 2701 200
551 2702 690
941 2702 411
691 2703 187
2680 2703 179
1377 2704 364
1596 2704 380
1767 2705 104
2603 2705 290
2006 2706 210
96 2707 337
1370 2707 321
17 2708 324
2338 2708 268
934 2709 970
1993 2709 134
768 2710 308
1522 2710 196
298 2711 894
989 2711 627
1350 2711 405
1890 2711 141
1780 2712 286
2255 2712 238
441 2713 138
515 2714 168
1550 2714 137
1726 2715 221
2350 2715 242
1280 2716 498
2094 2716 514
787 2717 689
2451 2717 681
369 2718 138
1581 2718 984
1627 2718 199
2425 2719 105
36 2720 664
717 2720 667
156 2721 206
2695 2721 175
344 2722 408
2137 2722 113
1358 2723 310
2044 2723 267
1652 2724 179
2356 2724 171
1143 2725 864
1990 2726 303
921 2727 363
2139 2727 229
419 2728 172
1098 2728 127
1241 2729 273
2177 2729 290
511 2730 172
697 2730 115
1350 2730 313
2392 2730 120
879 2731 206
219 2732 102
1142 2732 554
1260 2732 560
2161 2732 106
667 2733 484
1881 2733 591
959 2734 334
1526 2734 572
387 2735 341
1393 2735 384
459 2736 323
1632 2736 307
190 2737 997
1282 2737 191
1396 2737 528
2483 2737 123
1907 2738 448
2601 2738 750
1339 2739 114
1389 2739 482
1401 2740 210
1703 2740 188
1791 2741 536
2699 2741 447
1074 2742 102
1299 2742 258
1010 2743 968
1298 2743 450
986 2744 247
2477 2744 191
1688 2745 699
2394 2745 379
1072 2746 237
1303 2746 110
262 2747 259
2583 2747 281
727 2748 351
2127 2748 274
758 2749 357
2726 2749 247
1073 2750 726
2056 2750 521
852 2751 204
2092 2751 377
1509 2752 255
2204 2752 230
1806 2753 117
2362 2753 109
465 2754 160
1916 2754 717
167 2755 133
780 2755 130
2081 2756 271
2407 2756 306
1392 2757 152
1906 2758 859
1923 2758 738
142 2759 429
186 2759 250
605 2760 145
1008 2760 165
557 2761 146
2691 2761 178
22 2762 430
264 2762 110
574 2763 356
962 2763 231
2362 2764 131
2457 2764 216
2460 2765 401
1784 2766 246
1839 2766 444
638 2767 189
815 2767 137
647 2768 135
1068 2768 275
1928 2768 452
2163 2768 255
217 2769 578
1591 2769 124
1290 2770 389
1673 2770 612
469 2771 218
2268 2771 186
1540 2772 224
1869 2772 634
2608 2772 231
476 2773 238
2427 2773 253
2373 2774 710
1471 2775 421
2643 2775 370
552 2776 166
1965 2776 752
124 2777 662
747 2777 163
2301 2778 230
2605 2778 491
2556 2779 107
2713 2779 116
20 2780 254
1580 2780 231
724 2781 554
2015 2781 208
2170 2781 318
2276 2781 578
2317 2781 810
2341 2781 105
2458 2781 155
31 2782 302
895 2782 318
387 2783 264
539 2783 204
360 2784 299
2396 2784 281
96 2785 275
692 2785 159
2381 2785 150
893 2786 227
1300 2786 309
1557 2786 845
847 2787 727
1509 2787 384
908 2788 160
961 2788 157
1208 2789 222
2468 2789 230
2091 2790 289
2438 2790 248
2452 2790 481
2456 2791 241
2459 2791 314
535 2792 962
1708 2792 421
822 2793 840
1469 2793 305
67 2794 818
915 2794 321
351 2795 308
1708 2795 651
321 2796 103
65 2797 297
273 2797 300
1543 2797 873
1828 2797 147
2335 2797 172
2374 2797 660
2567 2797 147
337 2798 157
2195 2798 485
1141 2799 112
1574 2800 146
523 2801 471
2481 2801 138
2521 2801 173
109 2802 131
2285 2802 984
513 2803 413
603 2803 106
869 2803 399
969 2803 527
1828 2803 443
1890 2803 303
2374 2803 414
2689 2803 395
2797 2803 442
98 2804 148
868 2804 362
1809 2805 663
2683 2805 767
801 2806 176
1029 2806 150
1419 2806 234
2424 2806 234
492 2807 265
1227 2807 241
1465 2808 136
2284 2808 126
1205 2809 103
2361 2809 962
285 2810 412
997 2810 260
1845 2810 281
658 2811 512
817 2811 376
1558 2811 430
154 2812 296
849 2812 694
1535 2813 265
2430 2813 228
424 2814 697
1970 2814 824
1448 2815 109
2200 2815 812
473 2816 399
2153 2816 532
73 2817 167
70 2818 181
247 2818 200
988 2819 256
695 2820 258
1656 2820 375
2255 2820 402
1559 2821 247
1777 2821 405
524 2822 156
1175 2822 143
796 2823 153
2261 2823 211
1459 2824 176
1557 2824 290
279 2825 347
331 2825 537
2232 2826 207
117 2827 162
488 2827 267
1086 2827 402
1103 2827 138
1212 2827 877
1417 2827 103
2454 2827 439
2781 2827 112
1069 2828 552
2168 2828 116
210 2829 942
1643 2829 134
605 2830 135
834 2830 157
449 2831 984
575 2831 594
674 2831 279
1300 2831 630
2449 2831 267
1083 2832 559
2148 2832 165
293 2833 356
761 2833 315
1776 2834 200
1420 2835 281
2198 2835 570
535 2836 195
915 2836 611
1282 2836 552
2165 2836 243
2217 2836 285
2478 2836 815
316 2837 777
1906 2838 999
2021 2838 130
1670 2839 162
2422 2839 163
769 2840 151
937 2840 114
1628 2840 634
2011 2840 394
726 2841 294
1814 2841 184
2325 2841 134
1523 2842 104
2034 2842 905
493 2843 302
669 2843 186
801 2844 982
2562 2844 954
2135 2845 373
2602 2845 508
845 2846 140
1684 2846 154
305 2847 530
1315 2847 232
867 2848 217
1854 2848 228
2555 2849 271
374 2850 533
678 2850 421
353 2851 122
513 2851 147
650 2851 790
710 2851 535
872 2851 389
969 2851 650
1866 2851 188
2374 2851 149
451 2852 464
1375 2852 203
1582 2852 181
1953 2852 216
2001 2852 474
197 2853 250
2725 2853 296
1655 2854 136
1993 2854 922
1379 2855 296
1568 2855 324
1584 2856 277
2099 2856 385
386 2857 211
1403 2857 128
404 2858 425
2746 2858 102
1695 2859 104
1912 2859 112
1528 2860 286
1914 2860 389
640 2861 141
2465 2861 530
952 2862 257
1567 2862 224
400 2863 182
1369 2863 199
874 2864 180
1677 2864 297
963 2865 249
1014 2865 316
791 2866 509
1690 2866 567
1325 2867 228
2057 2867 265
580 2868 944
2073 2868 807
1703 2869 157
1910 2869 131
1749 2870 209
1821 2870 112
2803 2870 274
601 2871 151
1022 2871 129
78 2872 334
2230 2872 310
796 2873 197
2641 2873 218
187 2874 214
1935 2874 144
252 2875 162
1913 2875 995
2608 2875 209
19 2876 106
263 2876 634
1640 2876 448
2247 2876 759
2259 2877 334
2534 2877 300
2796 2878 120
2826 2878 185
779 2879 292
1752 2879 451
1239 2880 954
1921 2880 598
1395 2881 134
1920 2881 575
248 2882 116
259 2882 706
2290 2882 777
1264 2883 249
2675 2883 205
171 2884 217
664 2884 475
575 2885 974
985 2885 111
1409 2885 110
1562 2885 435
2449 2885 971
540 2886 731
781 2886 280
1134 2887 157
1903 2887 298
331 2888 376
1705 2888 138
173 2889 107
2385 2889 507
137 2890 207
2706 2890 301
589 2891 140
1364 2891 155
909 2892 422
945 2892 759
1029 2893 643
1064 2893 409
973 2894 339
2667 2894 637
655 2895 719
1225 2895 175
502 2896 505
657 2896 210
957 2896 183
158 2897 742
290 2897 373
776 2898 209
1417 2898 244
2385 2898 380
236 2899 342
1846 2899 644
512 2900 361
976 2900 556
1667 2900 202
1406 2901 152
1593 2901 140
234 2902 736
1770 2902 777
1666 2903 273
2272 2903 266
1080 2904 103
1233 2904 296
1776 2905 200
461 2906 466
2099 2906 483
160 2907 123
298 2907 161
615 2907 256
1288 2907 298
1994 2907 261
50 2908 460
1400 2908 215
1681 2909 120
2642 2909 203
183 2910 145
1907 2910 267
328 2911 417
2420 2911 115
1161 2912 925
1933 2912 407
1662 2913 141
2300 2913 114
1720 2914 419
1781 2914 697
2355 2914 595
809 2915 127
1155 2915 112
12 2916 174
2819 2916 185
1371 2917 361
2572 2917 304
973 2918 392
1589 2918 994
2380 2918 539
2222 2919 215
1047 2920 382
373 2921 233
1092 2921 516
567 2922 725
2207 2922 253
145 2923 182
1022 2923 175
442 2924 228
578 2924 336
1346 2925 139
2122 2925 256
1101 2926 606
1559 2926 419
984 2927 109
1367 2927 116
1538 2928 879
1661 2928 108
1689 2929 217
2391 2929 513
932 2930 217
1180 2930 156
210 2931 114
2496 2931 859
1867 2932 263
1878 2932 405
713 2933 212
1632 2933 204
364 2934 200
2817 2934 163
926 2935 360
1330 2935 628
700 2936 892
1159 2936 685
143 2937 124
1352 2937 978
1444 2938 818
1534 2938 565
739 2939 643
1237 2939 312
55 2940 395
295 2940 561
1637 2940 540
1177 2941 114
1748 2941 137
2083 2942 280
2731 2942 181
1025 2943 755
2316 2943 204
1439 2944 922
1699 2944 817
241 2945 541
1002 2945 273
2155 2945 106
2693 2945 427
1137 2946 137
1830 2946 134
1096 2947 187
1970 2947 476
183 2948 135
2035 2948 111
1665 2949 165
1913 2949 999
2126 2950 709
2354 2950 464
622 2951 402
2323 2951 292
951 2952 117
2492 2952 140
146 2953 242
2919 2953 270
1321 2954 173
2474 2954 157
662 2955 548
2765 2955 925
408 2956 124
2498 2956 141
280 2957 366
2774 2957 614
16 2958 476
252 2958 554
639 2958 528
1125 2958 460
1972 2958 187
2483 2958 166
900 2959 146
1349 2959 166
997 2960 358
1822 2960 468
1845 2960 715
2536 2960 327
2083 2961 199
2504 2961 144
1297 2962 986
2419 2962 141
943 2963 610
1428 2963 163
1565 2964 191
2238 2964 152
12 2965 168
43 2965 234
1361 2966 296
1552 2966 319
2302 2967 189
1520 2968 219
1564 2968 163
1411 2969 157
2356 2969 150
671 2970 125
1816 2970 135
2344 2970 996
1746 2971 285
1940 2971 357
2608 2971 727
240 2972 227
1819 2972 187
838 2973 353
959 2973 453
995 2974 397
1721 2974 185
1252 2975 596
1744 2975 482
1240 2976 153
1696 2976 200
283 2977 915
693 2977 928
107 2978 245
2219 2978 165
94 2979 209
2092 2979 238
35 2980 882
2719 2980 940
798 2981 211
1901 2981 229
2800 2982 153
2920 2982 163
643 2983 270
1523 2983 107
2269 2984 281
2274 2984 353
559 2985 939
1957 2985 781
1997 2986 223
2757 2986 169
374 2987 143
2799 2987 239
285 2988 858
2707 2988 119
1264 2989 340
2366 2989 298
2331 2990 209
2967 2990 217
484 2991 265
2233 2991 431
778 2992 116
1046 2992 108
1301 2993 106
1405 2993 752
2298 2993 978
2844 2993 108
615 2994 240
700 2994 249
869 2994 798
2365 2994 137
117 2995 138
488 2995 208
724 2995 266
1103 2995 561
1343 2995 114
1417 2995 493
2015 2995 679
2276 2995 449
2458 2995 765
2548 2995 249
1275 2996 305
2837 2996 201
206 2997 102
1042 2997 129
1303 2998 820
1938 2998 148
836 2999 273
847 2999 846
1077 3000 258
1743 3000 179
