1
0
1
1
1000000
0
0
0
0
1
30 44 640
42 87 188
8 92 298
91 123 437
102 145 210
143 151 149
144 152 736
100 159 259
129 161 206
102 180 389
60 181 622
115 184 195
26 190 223
40 193 157
73 194 102
35 195 185
166 204 882
191 218 176
81 219 563
24 232 142
3 234 345
158 240 191
34 243 853
207 246 608
23 249 152
245 258 348
67 260 268
133 260 346
176 266 190
93 267 237
52 270 267
163 270 607
82 289 331
108 300 520
62 301 557
5 309 438
153 314 326
201 317 202
126 318 152
187 325 702
259 326 704
51 329 149
3 330 149
195 333 110
228 334 261
48 335 199
4 350 192
247 353 532
247 355 100
287 357 340
354 357 846
330 364 123
312 367 326
231 370 434
69 382 226
384 387 421
66 394 397
8 396 615
11 397 102
134 398 221
31 403 146
131 413 278
203 420 914
264 421 195
82 423 138
277 424 174
170 425 244
57 428 849
111 431 274
116 431 165
272 437 138
341 437 244
100 444 121
194 446 130
269 448 424
347 452 544
105 454 857
306 454 269
43 456 564
55 463 194
305 464 133
251 467 448
307 468 304
254 471 193
176 473 669
173 476 469
205 486 101
244 490 329
29 491 129
79 497 635
39 498 217
496 501 110
7 502 151
50 503 876
226 504 329
295 509 446
184 510 357
459 512 178
312 514 154
513 516 864
183 517 161
261 520 250
106 522 304
442 523 191
238 524 204
180 525 108
426 526 499
523 527 285
41 530 143
110 531 110
225 534 294
119 540 974
342 543 343
427 544 458
470 546 213
487 547 158
530 548 371
37 549 396
224 551 104
323 553 239
509 557 226
183 558 371
422 559 166
354 560 300
149 561 445
349 561 281
518 562 162
282 567 374
504 567 173
516 569 425
529 570 319
450 574 423
269 576 540
349 577 900
573 580 268
513 581 907
511 583 191
436 584 125
562 584 233
142 586 109
368 586 366
571 588 169
204 589 284
319 590 928
72 591 279
402 593 300
402 594 277
215 597 907
157 601 587
455 602 661
475 607 111
141 611 280
25 614 188
471 615 434
397 616 210
71 620 533
612 620 285
617 621 772
262 626 156
468 627 140
14 630 389
486 631 195
385 639 147
609 640 198
115 642 131
418 644 309
78 646 136
435 648 549
14 650 107
91 650 168
466 654 797
409 657 424
148 659 477
213 659 153
120 662 360
335 665 102
515 667 259
590 667 484
276 671 269
648 671 983
59 672 524
571 672 702
33 675 204
265 678 583
112 679 292
600 679 642
643 680 199
554 683 346
53 684 388
396 685 296
235 686 414
162 688 141
564 688 294
308 689 343
20 694 708
39 700 194
228 701 303
244 705 150
101 706 279
352 707 569
314 710 164
17 712 228
340 712 450
96 714 784
419 716 248
481 718 164
2 721 232
30 721 312
690 725 525
462 727 323
489 730 585
275 731 523
339 733 484
704 733 492
643 734 490
163 737 282
669 739 100
315 745 164
332 745 993
656 747 213
735 757 281
155 760 108
279 761 289
324 762 415
363 763 223
665 765 274
17 766 123
364 769 256
746 770 353
371 772 174
119 775 522
361 777 116
317 779 366
551 780 345
506 783 439
44 784 282
79 784 128
104 786 289
278 786 651
684 789 138
16 790 773
222 790 365
361 791 105
333 796 115
618 797 220
83 799 103
638 800 222
375 804 372
624 804 292
578 805 221
447 806 153
728 807 361
560 808 112
535 811 329
23 813 318
747 816 320
654 817 230
508 818 255
793 822 131
810 824 394
175 828 434
140 829 128
229 831 238
479 832 246
601 835 338
500 836 313
245 839 359
802 843 211
134 844 353
511 846 463
363 847 531
715 847 416
617 849 136
63 850 105
415 850 140
538 852 636
801 858 148
197 859 475
143 861 189
427 862 632
419 863 492
697 864 202
19 865 125
580 865 182
587 866 657
547 869 258
385 870 128
114 872 103
281 873 417
430 874 300
132 876 164
278 877 864
93 878 235
284 878 124
517 879 107
835 880 312
827 886 119
496 888 205
58 889 454
94 891 315
512 891 129
483 894 132
168 895 531
645 896 269
537 897 319
542 898 441
748 899 174
856 900 342
499 901 155
837 901 585
623 902 158
331 903 352
550 903 165
49 904 631
375 905 692
401 909 814
611 909 410
762 910 339
905 910 580
28 912 201
881 912 109
252 914 249
303 914 158
322 917 861
332 922 204
651 923 536
31 924 761
714 924 875
222 927 108
737 929 229
902 929 942
123 931 395
727 931 158
539 932 264
414 933 549
828 933 565
783 934 254
246 935 511
171 936 326
254 936 349
209 937 231
450 937 806
693 939 332
390 940 548
136 942 208
893 942 344
327 944 248
604 944 198
854 949 122
764 950 224
154 951 603
768 951 129
726 952 219
185 954 171
925 954 611
133 955 645
649 957 329
482 958 257
699 958 103
271 959 151
305 959 282
302 960 478
599 960 791
794 961 876
695 967 404
839 967 394
80 969 493
647 969 145
934 970 804
146 971 263
664 972 318
773 973 135
806 973 800
192 974 294
872 978 148
281 979 137
647 979 627
53 981 239
579 982 738
435 983 532
186 984 352
309 984 279
261 985 277
767 985 312
554 986 253
46 987 149
199 988 146
473 990 167
533 993 320
939 995 254
10 996 127
391 997 841
838 999 188
573 1000 131
380 1003 560
791 1003 208
445 1005 617
948 1005 318
834 1007 175
883 1007 476
377 1008 155
711 1008 312
388 1010 509
97 1011 794
286 1012 159
696 1012 149
769 1013 379
729 1014 355
771 1014 302
440 1015 309
777 1016 161
604 1017 181
792 1017 194
221 1020 139
5 1023 305
703 1023 630
232 1025 171
164 1027 381
595 1028 111
528 1029 437
87 1031 326
730 1032 406
106 1034 153
899 1034 184
618 1035 300
703 1035 323
70 1037 906
104 1037 872
799 1040 140
451 1041 312
628 1041 128
426 1043 907
619 1044 741
853 1044 278
522 1045 679
29 1046 798
832 1047 554
498 1049 731
680 1050 312
840 1050 241
365 1052 229
187 1053 330
460 1055 254
1054 1055 135
328 1056 252
542 1057 301
823 1058 133
403 1060 947
424 1061 201
956 1062 157
834 1063 154
537 1065 919
778 1069 291
818 1072 532
75 1073 182
843 1073 168
241 1074 486
532 1075 743
327 1076 561
36 1077 595
531 1079 134
510 1080 424
719 1080 880
963 1081 243
488 1082 179
416 1085 152
962 1086 592
407 1089 207
432 1090 330
386 1091 883
870 1091 725
139 1094 633
227 1095 571
641 1095 631
854 1096 221
189 1097 414
666 1098 145
884 1098 132
559 1099 200
276 1101 678
379 1101 110
633 1103 646
291 1104 215
536 1105 213
678 1107 158
86 1108 288
661 1109 165
182 1111 266
646 1111 257
758 1113 434
921 1113 103
483 1114 282
86 1115 108
252 1116 275
918 1116 227
983 1117 324
1004 1117 318
295 1119 171
302 1121 188
552 1123 869
829 1123 177
626 1124 415
1079 1124 280
85 1125 333
1109 1125 504
395 1126 712
63 1127 108
798 1127 134
621 1128 799
1031 1129 494
257 1130 169
657 1131 974
1051 1132 150
825 1135 197
928 1136 236
27 1138 136
1092 1140 399
691 1142 115
947 1142 141
736 1143 404
717 1144 147
788 1144 135
572 1146 150
676 1146 280
625 1147 154
890 1147 389
1006 1148 713
533 1149 184
976 1149 231
220 1151 269
492 1151 300
803 1153 574
277 1154 562
753 1154 480
670 1156 159
751 1156 269
583 1157 113
963 1160 357
610 1161 122
1066 1161 236
353 1162 377
216 1163 148
253 1164 296
1135 1164 284
172 1165 134
935 1165 646
1076 1166 212
355 1167 466
853 1168 329
915 1168 715
1024 1169 173
205 1170 220
994 1171 213
288 1172 153
866 1172 478
649 1175 318
161 1176 113
949 1180 314
1033 1181 110
741 1182 349
283 1183 131
785 1183 733
108 1185 186
535 1186 795
614 1187 656
690 1188 780
1026 1189 395
1090 1190 131
992 1191 736
1122 1192 166
239 1193 151
20 1195 797
528 1195 191
160 1198 156
1134 1198 197
1159 1199 510
313 1200 149
966 1201 534
888 1204 349
356 1205 200
716 1206 320
774 1207 215
1152 1207 512
334 1208 184
656 1209 110
1114 1209 467
503 1211 228
1189 1211 930
16 1212 324
812 1212 260
734 1213 497
1143 1213 240
964 1214 199
1032 1215 895
42 1216 383
622 1218 666
1150 1220 143
188 1224 390
579 1224 497
15 1226 110
263 1226 252
1219 1227 326
41 1229 215
365 1229 255
879 1230 199
588 1231 275
301 1233 515
623 1233 135
521 1234 717
95 1235 279
417 1235 222
192 1236 309
599 1236 276
1068 1237 163
869 1239 316
1022 1241 159
753 1243 292
763 1243 192
907 1244 242
862 1245 367
27 1246 624
138 1246 686
575 1247 455
178 1248 196
812 1248 600
1057 1249 350
1100 1249 705
488 1251 114
1016 1251 122
695 1252 459
90 1253 263
360 1254 117
154 1255 530
399 1255 102
416 1256 268
1228 1256 245
406 1257 148
765 1258 622
785 1262 243
1234 1262 208
406 1264 119
970 1264 141
313 1266 558
682 1268 769
881 1269 209
1077 1272 339
849 1273 242
976 1273 375
321 1277 680
913 1278 443
1138 1278 307
502 1279 244
988 1280 231
1199 1283 278
945 1284 196
644 1287 210
372 1288 209
186 1289 365
666 1290 127
113 1291 959
389 1291 372
1018 1292 323
744 1293 244
539 1298 236
22 1301 457
324 1303 197
1222 1304 962
1065 1305 377
1265 1306 269
78 1307 162
549 1309 857
915 1309 407
628 1310 109
369 1311 357
337 1313 254
1239 1313 281
541 1315 311
1019 1315 189
1192 1316 350
58 1317 153
708 1318 537
637 1319 131
1120 1319 130
116 1320 116
107 1321 299
545 1322 292
1202 1322 201
1086 1323 261
225 1324 182
193 1325 272
807 1325 487
289 1326 828
720 1326 627
256 1327 296
1263 1327 203
74 1329 968
622 1329 581
938 1330 321
1133 1331 823
1062 1332 243
429 1333 225
750 1333 312
813 1335 120
1299 1337 137
80 1338 999
400 1338 804
669 1339 130
1112 1339 409
755 1341 179
844 1341 290
46 1343 195
299 1344 721
417 1347 289
918 1347 146
112 1348 340
320 1348 535
505 1349 201
98 1350 192
459 1351 251
920 1352 749
1193 1352 406
1314 1353 161
840 1355 105
1139 1356 271
742 1357 574
1181 1357 673
203 1359 465
158 1360 147
668 1360 153
72 1361 399
150 1361 739
389 1362 247
964 1362 209
440 1363 105
670 1363 300
701 1365 162
1043 1365 197
708 1367 309
810 1367 988
704 1368 784
1094 1368 889
943 1369 103
566 1370 194
1025 1371 172
1253 1372 865
1285 1373 346
124 1374 234
401 1374 199
756 1375 350
919 1375 283
370 1376 310
540 1376 206
1377 1379 160
893 1380 538
1204 1381 192
1071 1382 226
887 1384 118
1344 1385 346
76 1386 210
484 1387 120
1364 1388 239
458 1389 421
1317 1390 502
33 1392 450
1265 1393 775
816 1394 145
373 1397 196
69 1398 189
61 1399 286
434 1400 889
178 1401 194
308 1402 361
226 1403 352
299 1403 330
481 1404 218
851 1404 443
1169 1405 128
1093 1406 134
529 1407 125
776 1407 332
212 1408 251
1184 1408 134
449 1409 406
1263 1410 185
1343 1411 222
490 1412 306
350 1413 375
1167 1414 159
830 1416 212
1240 1416 196
213 1417 461
12 1418 504
752 1419 208
1176 1420 666
587 1421 384
820 1421 423
999 1422 146
1052 1423 303
848 1424 103
871 1425 104
877 1426 303
214 1427 150
57 1428 231
1064 1429 217
420 1430 316
434 1431 232
1287 1432 431
477 1434 116
1133 1434 117
1200 1435 141
1354 1436 234
177 1439 110
514 1440 238
1217 1440 267
1345 1441 188
687 1442 343
764 1442 772
1058 1443 676
1153 1444 449
148 1445 336
444 1445 561
293 1446 774
719 1446 222
837 1450 212
200 1451 117
366 1452 666
9 1453 279
651 1453 357
1191 1454 164
210 1456 251
60 1457 112
381 1458 199
37 1459 240
1131 1460 154
1399 1460 306
1042 1461 209
83 1462 423
543 1463 352
1398 1463 253
900 1464 406
162 1465 893
890 1466 175
1155 1466 185
950 1467 370
1119 1468 143
1430 1468 463
338 1470 182
293 1471 216
1145 1471 327
388 1473 170
1297 1474 175
103 1475 598
723 1475 110
1085 1476 147
1220 1476 690
965 1477 226
652 1479 761
433 1480 115
788 1480 106
880 1481 306
18 1482 267
1049 1482 248
425 1483 130
485 1484 114
326 1485 797
1175 1485 296
532 1486 242
1293 1487 179
773 1488 168
1254 1488 119
141 1489 239
430 1491 425
1075 1492 244
674 1493 427
857 1493 822
345 1494 374
1358 1494 148
77 1495 255
700 1495 370
713 1496 246
1102 1496 239
809 1497 112
1481 1497 153
395 1498 284
652 1498 630
274 1500 776
51 1501 371
379 1503 417
315 1504 229
467 1505 121
1250 1506 543
145 1507 180
480 1507 131
61 1508 108
1030 1508 199
702 1509 636
1268 1510 110
1469 1510 363
362 1513 269
1500 1513 381
913 1514 417
1084 1514 684
282 1515 139
833 1515 150
1289 1516 242
883 1517 342
311 1518 210
1328 1518 201
859 1521 581
18 1522 201
871 1522 146
1066 1523 821
668 1524 127
1512 1524 989
211 1525 350
1383 1525 152
1238 1526 129
740 1527 266
674 1528 112
1389 1528 261
565 1529 113
298 1530 153
556 1531 164
1306 1531 687
408 1532 290
1064 1533 106
524 1534 384
743 1534 168
325 1535 110
776 1535 298
566 1536 103
1106 1536 468
1302 1537 107
48 1538 344
117 1538 148
782 1539 119
1010 1539 189
118 1540 407
438 1540 589
993 1542 218
994 1542 143
1511 1543 326
13 1544 162
291 1544 692
407 1545 257
1419 1545 222
1217 1546 359
274 1547 616
405 1547 258
842 1549 459
1340 1550 278
404 1551 106
144 1553 132
1250 1554 434
413 1555 949
515 1555 272
1174 1556 108
398 1557 162
1274 1558 211
1162 1559 274
568 1560 132
1392 1560 157
206 1562 638
446 1562 141
142 1563 401
1431 1563 140
1048 1564 339
1334 1564 184
181 1565 441
552 1565 294
1210 1566 521
534 1567 451
886 1567 364
387 1568 728
250 1569 406
982 1570 167
749 1571 268
1177 1571 177
169 1572 227
1447 1572 966
130 1573 727
189 1573 306
110 1574 185
411 1575 174
860 1575 508
129 1576 208
1561 1576 196
1286 1577 325
359 1578 279
495 1578 522
698 1579 207
122 1580 353
1483 1580 140
1252 1581 227
1472 1582 185
1006 1583 786
1238 1583 497
787 1584 291
820 1585 286
1036 1585 324
121 1586 248
661 1587 151
280 1588 200
992 1589 184
696 1590 382
1039 1591 739
311 1592 826
1105 1593 594
1530 1593 211
1427 1594 806
1308 1595 148
1505 1596 206
989 1597 213
1433 1598 432
1554 1599 283
457 1600 231
223 1601 640
1334 1601 188
962 1602 179
1314 1602 160
381 1603 191
1270 1603 904
237 1604 148
1529 1604 393
215 1605 336
1451 1605 624
1188 1606 140
740 1607 454
1267 1607 963
664 1608 214
787 1608 128
1118 1609 105
1163 1609 229
200 1610 538
223 1610 144
316 1611 106
1456 1612 381
296 1613 767
460 1613 500
593 1614 109
1395 1614 361
846 1615 163
273 1616 231
456 1616 100
728 1617 197
1232 1619 225
149 1621 103
855 1621 102
264 1622 297
756 1622 569
318 1624 336
464 1625 248
519 1625 435
159 1626 716
677 1626 247
28 1627 124
582 1627 551
366 1631 657
930 1631 358
965 1632 346
655 1633 943
819 1633 177
458 1634 366
1465 1634 121
1491 1635 121
98 1636 127
356 1636 151
191 1637 187
1197 1638 178
1381 1638 244
453 1639 192
766 1640 396
926 1640 547
616 1643 684
1414 1643 338
495 1644 195
122 1645 502
709 1645 327
1089 1646 360
1118 1646 243
732 1647 536
636 1648 112
1190 1648 157
1437 1649 944
242 1650 137
694 1650 341
546 1651 612
1439 1651 482
310 1652 158
1628 1653 324
1454 1654 144
1422 1655 219
1160 1656 327
290 1657 277
89 1658 283
62 1660 363
1449 1660 892
906 1661 269
465 1662 218
887 1663 377
1401 1663 718
109 1664 170
208 1665 619
699 1665 260
198 1666 400
492 1666 719
348 1667 520
436 1667 138
202 1668 440
469 1668 197
1420 1669 260
1649 1669 372
1110 1670 169
760 1671 234
331 1672 331
374 1672 595
957 1673 300
1185 1673 111
815 1675 126
1351 1675 251
1342 1676 232
1582 1676 156
1108 1677 562
1274 1678 247
1128 1679 206
358 1680 240
383 1680 105
153 1681 403
572 1682 137
838 1682 595
1120 1684 205
1266 1685 143
1674 1685 106
568 1686 358
606 1686 184
1096 1687 167
1623 1687 143
127 1688 236
919 1688 675
634 1689 140
673 1691 575
735 1691 943
726 1692 800
1247 1692 338
56 1693 268
1054 1695 262
1242 1695 111
9 1696 877
904 1696 314
310 1697 151
595 1698 130
1082 1698 101
372 1699 119
1541 1699 699
138 1700 260
1046 1701 679
922 1702 108
469 1703 251
7 1704 562
1697 1704 279
147 1706 285
1658 1706 478
212 1707 454
856 1708 278
943 1709 506
968 1709 833
170 1710 127
95 1711 163
1594 1711 835
288 1712 257
105 1713 471
632 1714 394
1705 1714 267
89 1715 205
1245 1715 240
1490 1716 240
1558 1716 776
443 1717 156
1276 1717 131
833 1718 421
1472 1719 107
1689 1719 250
54 1720 258
55 1721 130
1548 1721 220
84 1722 184
1637 1723 237
1107 1724 163
1670 1724 387
1574 1725 351
1303 1726 356
1548 1726 181
800 1727 314
1099 1727 122
1584 1728 108
294 1729 185
1592 1729 105
819 1731 139
283 1732 279
1092 1732 290
1705 1733 325
428 1734 340
986 1735 196
1708 1735 109
1173 1736 166
1301 1736 118
448 1737 297
642 1738 316
409 1739 906
1056 1740 972
1100 1740 725
124 1741 426
68 1742 264
219 1742 221
4 1743 416
771 1743 315
439 1744 331
128 1745 149
624 1746 264
1216 1746 535
351 1748 611
991 1748 506
1294 1749 650
1270 1750 464
1452 1751 168
1467 1752 780
1223 1753 446
438 1754 263
808 1754 173
635 1755 150
594 1756 175
1519 1756 764
660 1757 390
824 1757 456
300 1758 361
201 1759 267
1174 1759 111
125 1760 189
1674 1760 286
582 1761 555
103 1762 197
1506 1762 447
717 1764 186
947 1764 144
630 1765 185
32 1766 257
303 1767 258
640 1767 321
1178 1768 141
1070 1769 253
255 1770 135
629 1770 291
1628 1773 255
336 1774 133
359 1774 235
383 1775 336
953 1776 371
1302 1776 134
961 1778 762
1478 1778 789
836 1779 403
1378 1779 236
805 1780 257
1559 1780 176
795 1781 440
1038 1782 563
1295 1782 287
1342 1783 153
815 1784 904
1240 1784 213
453 1785 111
1171 1787 809
1568 1788 359
1586 1788 356
135 1789 334
1597 1789 464
826 1790 135
1520 1790 286
636 1791 128
1396 1791 386
1406 1792 179
658 1793 160
1139 1793 226
1015 1794 438
1260 1794 986
928 1795 500
619 1796 216
767 1796 204
927 1797 125
1205 1798 545
221 1799 478
997 1799 703
378 1800 122
1237 1800 193
882 1801 281
1068 1801 154
307 1802 155
868 1803 174
971 1804 275
1417 1804 233
742 1805 256
917 1805 321
96 1806 422
113 1807 114
841 1807 117
980 1808 223
263 1809 911
1424 1809 256
217 1810 796
258 1810 216
373 1811 155
1386 1811 936
127 1812 765
1275 1813 162
1026 1814 245
1182 1814 298
287 1815 319
908 1815 414
798 1816 536
1202 1816 105
589 1817 552
1084 1818 199
1501 1818 658
378 1819 939
925 1820 160
1115 1820 404
1330 1822 172
1700 1822 104
173 1823 204
1561 1824 666
342 1825 130
558 1825 426
466 1826 570
1272 1826 433
347 1827 189
875 1827 194
447 1828 155
1001 1829 283
1415 1829 321
1261 1830 582
1644 1830 442
631 1831 152
1444 1831 159
1298 1832 590
68 1834 198
908 1834 431
67 1835 517
482 1836 283
1725 1837 830
861 1838 921
663 1839 722
1097 1839 607
1173 1841 136
25 1842 147
1039 1843 136
1458 1843 224
1305 1845 252
1470 1845 202
911 1847 112
188 1848 198
1813 1848 198
605 1849 327
1581 1849 244
52 1850 199
1751 1851 157
1152 1852 464
168 1853 813
1690 1853 151
386 1854 419
1285 1854 462
477 1855 111
758 1856 442
38 1857 111
720 1858 620
1730 1858 111
1693 1860 342
328 1861 387
1379 1861 495
749 1862 307
1739 1862 153
1020 1863 155
248 1864 933
1222 1864 104
1543 1865 624
368 1866 195
563 1867 145
1370 1867 101
167 1868 920
759 1868 961
713 1869 315
1415 1869 192
84 1870 474
565 1870 147
285 1871 952
344 1871 149
147 1872 314
236 1872 211
1137 1873 125
1837 1873 261
1659 1874 299
21 1875 272
743 1875 142
831 1876 415
921 1876 632
1464 1877 221
1720 1877 111
491 1878 339
169 1879 244
238 1880 587
889 1881 257
275 1882 103
645 1883 259
1833 1883 109
296 1884 224
507 1885 378
1596 1885 522
465 1886 242
485 1886 748
989 1887 269
1063 1887 151
945 1889 227
885 1890 612
1280 1890 155
814 1891 441
864 1891 267
874 1892 460
1038 1893 652
1866 1893 197
1074 1894 215
1777 1894 106
1179 1895 104
761 1896 170
1231 1897 192
1694 1897 245
1059 1898 202
1550 1898 257
1896 1899 115
422 1900 200
1296 1900 138
548 1901 183
752 1902 296
461 1903 421
1299 1903 206
255 1904 135
731 1904 100
404 1905 136
977 1905 506
433 1906 241
1599 1906 264
190 1907 119
268 1907 401
739 1908 480
1223 1909 818
1683 1909 416
1311 1910 156
1737 1910 891
1448 1911 183
1786 1911 251
65 1912 480
351 1912 292
757 1913 164
1071 1913 354
1511 1914 527
868 1915 184
118 1916 239
1552 1916 342
841 1917 276
199 1918 662
1324 1919 136
32 1920 507
128 1920 147
1219 1921 206
1499 1921 201
262 1922 179
1654 1922 948
1316 1923 435
1671 1923 106
230 1924 727
1359 1924 144
774 1925 962
242 1926 686
137 1927 158
239 1927 382
569 1928 233
1678 1928 343
653 1929 189
1786 1929 228
1387 1930 169
1701 1930 215
1203 1931 381
1283 1932 132
1517 1932 460
892 1933 103
1570 1934 154
518 1935 108
1629 1936 150
1657 1936 434
1024 1937 645
1155 1937 141
400 1938 544
1060 1939 264
399 1940 112
497 1941 130
1300 1941 120
279 1942 448
292 1944 128
1136 1944 135
50 1945 122
1455 1945 296
1798 1946 147
1846 1946 248
298 1947 129
1662 1947 215
681 1949 314
930 1950 126
1888 1950 164
266 1951 310
1931 1951 722
1 1952 538
457 1952 105
1747 1953 130
1884 1953 240
160 1954 548
174 1954 587
306 1955 472
1042 1955 443
946 1956 175
827 1957 382
1433 1958 621
1808 1958 159
926 1959 916
1486 1959 276
461 1960 146
746 1961 136
687 1962 386
1027 1963 242
1340 1963 196
34 1964 129
1297 1964 949
1712 1965 128
233 1966 505
1889 1966 476
77 1968 451
698 1968 189
211 1969 759
686 1970 493
1557 1970 427
578 1971 443
857 1971 265
1503 1972 289
175 1973 942
1369 1973 365
956 1974 159
1130 1974 315
1009 1975 337
131 1976 121
750 1976 257
346 1977 322
1308 1978 670
182 1979 155
1942 1979 185
233 1980 245
360 1980 105
1840 1981 713
1402 1982 128
1611 1982 103
6 1983 114
817 1983 814
132 1984 102
1126 1984 200
795 1985 529
1797 1985 277
1527 1986 328
1307 1987 100
1462 1988 703
1473 1988 247
150 1989 147
1244 1990 488
1630 1990 286
1067 1991 141
673 1992 141
1943 1992 121
724 1993 385
1763 1993 116
1214 1994 297
1423 1994 211
632 1995 104
1377 1995 573
462 1996 421
500 1996 757
823 1997 507
867 1997 415
487 1998 353
990 1998 314
1081 1999 682
1177 1999 340
1817 2000 198
1030 2001 188
1523 2001 650
1230 2002 290
1512 2002 205
304 2003 580
1892 2003 141
826 2004 259
97 2005 146
1880 2005 337
1623 2006 689
691 2007 751
1484 2007 145
505 2008 265
1312 2008 109
1479 2009 681
196 2010 299
1566 2010 587
725 2011 300
1088 2011 306
1385 2012 349
214 2013 148
596 2013 180
741 2014 631
1409 2015 488
1595 2015 235
297 2016 280
809 2017 368
1537 2017 113
156 2018 227
508 2018 195
1588 2019 371
362 2020 161
738 2020 125
231 2021 125
1286 2021 527
210 2022 383
1589 2022 158
109 2023 216
1469 2023 575
1001 2024 236
1428 2025 370
1504 2025 100
1390 2026 206
755 2027 117
553 2028 248
1372 2028 192
1969 2030 418
1972 2030 431
1336 2031 196
1728 2031 698
1267 2032 169
1965 2032 118
1051 2033 173
1129 2033 190
1102 2034 634
1948 2034 184
1159 2035 241
1378 2036 203
126 2037 247
526 2037 207
177 2038 795
1977 2038 516
842 2039 230
1551 2039 183
414 2040 694
1499 2040 795
179 2041 200
521 2041 301
1411 2042 264
71 2043 363
681 2043 276
40 2044 317
130 2045 472
1225 2046 279
1956 2046 887
637 2047 125
1840 2047 292
570 2048 219
155 2049 117
1824 2049 296
1260 2050 127
1478 2050 201
980 2051 759
1383 2052 760
1821 2052 498
156 2053 380
1196 2053 120
527 2054 580
1939 2054 129
24 2055 476
821 2055 218
411 2057 493
1441 2057 149
1846 2058 170
1345 2059 423
1987 2059 145
174 2060 509
1600 2061 454
1354 2062 281
875 2063 309
1702 2063 773
751 2064 393
1620 2064 377
556 2065 348
1734 2065 125
895 2066 773
1832 2067 205
792 2068 113
1358 2068 305
26 2069 180
863 2070 354
1842 2070 241
489 2071 560
1718 2071 307
1918 2072 337
1981 2072 305
1436 2073 338
1833 2073 412
439 2074 205
655 2074 230
268 2075 408
1284 2075 106
1242 2076 285
329 2077 463
1279 2077 127
65 2078 173
1184 2078 183
405 2079 801
1002 2079 280
1276 2080 406
1683 2080 167
88 2081 846
1747 2081 906
412 2082 369
884 2082 557
1962 2083 591
1989 2083 194
56 2084 198
1290 2084 145
344 2085 999
1914 2085 139
596 2086 315
1269 2087 422
2014 2087 348
1061 2088 802
1382 2088 153
1991 2089 751
2056 2089 270
770 2090 516
1132 2091 547
1275 2093 198
292 2095 192
793 2095 218
1215 2096 220
2056 2096 182
591 2097 665
822 2097 286
341 2098 127
1448 2098 222
1336 2099 113
1844 2099 363
12 2100 888
1148 2100 426
2009 2101 210
814 2102 503
2045 2102 240
851 2103 113
1933 2103 209
781 2104 640
1752 2104 485
377 2105 379
1639 2105 525
1261 2106 293
1271 2106 225
297 2107 585
754 2107 692
43 2108 911
1083 2109 130
1210 2109 125
346 2110 143
811 2110 146
821 2111 433
1803 2111 226
715 2112 320
1552 2112 508
1489 2113 580
1986 2113 784
968 2114 805
1961 2114 171
1859 2115 250
1069 2116 763
1288 2116 317
442 2117 201
339 2118 252
545 2118 473
1768 2119 858
1785 2119 344
166 2120 106
1432 2120 165
494 2121 132
1141 2121 198
732 2122 582
940 2122 207
45 2123 313
218 2124 370
410 2125 466
1661 2125 682
1526 2126 235
1792 2126 125
272 2127 108
1088 2127 161
165 2128 709
1587 2128 250
803 2129 308
2091 2129 705
47 2130 172
1438 2130 436
1753 2131 212
1519 2132 144
393 2133 190
1296 2134 355
1655 2134 882
38 2135 178
1694 2136 194
845 2138 127
1915 2138 420
744 2139 122
1492 2139 813
998 2140 155
1852 2141 279
1935 2141 316
768 2142 211
882 2142 131
603 2143 360
906 2144 150
1332 2144 119
197 2145 428
1208 2145 317
1093 2146 125
1741 2146 147
1380 2147 460
81 2148 327
1331 2148 203
196 2149 130
639 2150 259
1002 2150 593
1373 2151 331
2123 2151 310
410 2152 470
1201 2153 161
2000 2154 198
1011 2155 183
1435 2156 870
1437 2156 126
472 2157 508
1397 2157 569
1677 2158 318
2012 2158 371
797 2159 319
2155 2159 276
629 2160 603
981 2160 108
1323 2161 426
1335 2161 279
1874 2162 159
581 2163 216
845 2163 838
237 2164 126
343 2164 172
479 2165 180
2136 2165 400
121 2166 878
1556 2166 281
789 2167 269
2060 2167 162
445 2168 435
1350 2168 987
722 2169 273
1281 2170 168
1438 2170 799
1158 2171 112
1384 2171 181
1425 2172 225
1569 2172 147
394 2173 163
1018 2173 324
598 2174 215
1632 2174 170
88 2175 179
1459 2175 463
2029 2176 243
240 2177 334
941 2177 520
99 2178 295
706 2178 924
1140 2179 893
1821 2179 279
75 2180 186
1948 2180 451
421 2181 175
1783 2181 438
250 2182 893
1391 2182 344
1812 2183 850
2066 2183 871
613 2184 379
692 2185 1177
801 2185 187
501 2186 131
1364 2186 226
1078 2187 181
574 2188 918
685 2188 154
19 2189 190
541 2189 217
1022 2190 244
1707 2190 561
1967 2191 274
2036 2192 494
478 2193 241
1899 2193 229
946 2194 135
1533 2194 179
220 2195 359
1865 2195 584
759 2196 904
172 2197 265
470 2198 159
1856 2198 305
92 2199 198
575 2199 260
555 2200 748
1104 2200 805
474 2201 365
1019 2201 222
2044 2202 363
2133 2202 452
564 2203 979
1241 2204 156
1653 2204 130
608 2205 319
1847 2205 168
858 2206 231
907 2207 876
2196 2207 282
557 2208 209
729 2208 578
2132 2209 456
2135 2209 265
209 2210 322
432 2210 557
736 2211 961
1957 2211 105
249 2212 129
1502 2212 223
1180 2213 151
2115 2213 702
1429 2214 125
1664 2214 301
280 2215 776
1850 2215 272
284 2216 128
1684 2216 806
876 2217 516
1371 2217 203
550 2218 250
1103 2218 112
885 2219 728
896 2219 187
111 2220 636
257 2220 129
916 2221 707
1656 2222 423
1763 2222 330
1078 2223 713
2016 2223 414
1618 2224 554
343 2225 133
1353 2225 156
689 2226 147
1879 2227 729
1541 2228 413
1855 2228 190
1449 2229 373
1642 2229 298
794 2230 529
1346 2230 142
995 2231 105
1040 2231 166
1461 2232 206
1908 2232 811
423 2233 250
1134 2233 612
1047 2234 455
1328 2234 468
1194 2235 856
1641 2235 403
476 2236 411
1606 2236 138
369 2237 332
1749 2237 191
1294 2238 456
2154 2238 226
1141 2239 106
1859 2239 736
536 2240 102
1838 2240 278
1137 2241 131
1443 2241 323
392 2242 122
1033 2242 122
256 2243 546
390 2243 199
229 2244 378
1320 2244 157
99 2245 645
1745 2245 319
380 2246 992
449 2246 285
253 2247 185
1413 2247 772
478 2248 427
1455 2248 259
348 2249 222
1179 2250 190
1521 2250 461
198 2251 421
340 2251 315
1349 2252 326
2143 2252 109
1975 2253 400
894 2254 121
1106 2254 192
294 2255 234
898 2255 715
613 2256 406
867 2256 321
600 2257 141
2131 2257 497
101 2258 139
2027 2258 982
978 2259 120
90 2260 256
1258 2260 145
1225 2261 252
1490 2262 271
506 2263 198
1053 2263 219
64 2264 173
1410 2264 155
1232 2265 355
1630 2265 248
612 2266 137
1259 2266 115
217 2267 200
2042 2267 555
563 2268 166
1072 2268 583
693 2269 109
2137 2269 172
606 2270 839
634 2270 165
1122 2271 303
1943 2271 131
1087 2272 345
2226 2272 127
1166 2273 482
1228 2273 618
1187 2274 390
125 2275 160
2058 2275 377
248 2276 996
653 2276 211
216 2277 485
709 2277 874
705 2278 142
2029 2278 271
1477 2279 317
1772 2280 157
1926 2280 885
136 2281 166
259 2281 996
107 2282 172
234 2282 305
660 2283 307
1617 2283 775
235 2284 140
1321 2285 586
1487 2285 522
609 2286 411
2274 2286 342
1901 2287 632
2086 2287 255
852 2288 141
2048 2288 761
59 2289 133
1520 2289 358
2197 2290 169
2259 2290 141
167 2291 240
319 2291 116
1112 2292 699
1647 2292 148
615 2293 251
1394 2293 640
860 2294 276
1356 2295 144
1400 2295 264
991 2296 446
1775 2296 113
748 2297 598
778 2297 300
338 2298 115
955 2298 137
415 2299 304
2203 2299 415
21 2300 227
1765 2300 475
206 2301 813
2019 2301 222
418 2302 514
1157 2302 549
374 2303 377
754 2303 531
152 2304 394
1418 2304 108
49 2305 267
577 2305 313
1738 2306 283
544 2307 915
892 2307 559
1000 2308 319
1355 2308 989
1502 2309 479
1860 2309 606
1619 2310 100
1949 2310 663
11 2311 211
723 2311 154
702 2312 579
1292 2312 229
662 2313 210
1878 2313 114
2101 2314 397
2137 2314 207
290 2315 113
1882 2315 288
1731 2316 502
2221 2316 151
602 2317 200
897 2317 788
1170 2318 542
2069 2318 143
241 2319 300
916 2319 197
352 2320 903
2062 2320 663
376 2321 331
1186 2321 555
224 2322 664
392 2322 381
22 2323 164
1312 2323 158
576 2324 548
1516 2324 239
585 2325 356
1048 2325 516
1013 2326 227
74 2327 659
1196 2327 170
494 2328 919
230 2329 143
780 2329 374
493 2330 131
781 2330 190
382 2331 322
830 2332 215
1281 2332 273
463 2333 234
1396 2333 983
1067 2334 133
2035 2334 244
796 2335 676
1059 2335 431
1310 2336 215
2006 2336 399
1781 2337 333
2124 2337 193
1366 2338 168
1618 2338 229
710 2339 612
2227 2339 191
36 2340 120
625 2340 465
722 2341 232
738 2342 933
1257 2342 155
285 2343 679
1509 2343 780
475 2344 870
1769 2344 563
987 2345 219
2090 2345 132
1036 2346 954
1087 2346 654
165 2347 401
1227 2347 373
320 2348 152
322 2348 139
443 2349 394
1546 2349 698
408 2350 391
1318 2350 195
1009 2351 648
1710 2351 142
697 2352 135
974 2352 303
120 2353 230
304 2353 249
393 2354 434
2152 2354 230
70 2355 811
923 2355 512
1836 2356 110
2051 2356 286
45 2357 114
480 2357 580
658 2358 372
1197 2358 611
429 2359 313
2117 2359 267
236 2360 865
663 2360 458
610 2361 964
1282 2361 149
1300 2362 180
2262 2362 204
1681 2363 217
1703 2364 199
2093 2364 214
1474 2365 801
2184 2365 204
358 2366 112
1405 2366 118
585 2367 970
1259 2367 178
474 2368 265
633 2368 299
157 2369 299
638 2369 168
35 2370 112
692 2370 150
941 2371 485
1450 2371 483
2 2372 433
2094 2372 662
1388 2373 232
1802 2373 232
185 2374 177
1395 2375 142
2153 2375 312
1004 2376 300
1447 2376 207
1579 2377 151
2076 2377 986
538 2378 242
316 2379 143
597 2379 435
1690 2380 145
2279 2380 170
227 2381 271
1835 2381 144
6 2382 392
1978 2382 118
592 2383 932
1863 2383 142
94 2384 163
948 2384 232
1021 2385 209
1590 2385 275
391 2386 114
1028 2386 131
1221 2387 427
1744 2387 775
367 2388 434
1771 2389 547
271 2390 505
1895 2390 436
775 2391 903
1652 2391 613
441 2392 116
607 2392 116
1641 2393 199
1733 2393 211
164 2394 906
2169 2394 576
675 2395 293
2024 2395 239
1366 2396 597
1642 2396 122
15 2397 431
932 2397 314
1620 2398 274
2140 2398 878
412 2399 533
641 2399 442
452 2400 247
1591 2400 354
441 2401 478
1925 2401 151
135 2402 201
114 2403 114
2004 2403 489
1773 2404 104
1750 2405 162
2363 2405 458
677 2406 240
1021 2406 115
151 2407 307
2026 2407 528
1532 2408 139
1723 2408 120
345 2409 498
1730 2409 319
1206 2410 265
1679 2411 490
1917 2411 417
499 2412 319
1412 2412 133
1612 2413 102
1902 2413 268
1659 2414 136
2306 2414 590
977 2415 452
1919 2415 200
13 2416 509
493 2416 131
520 2417 306
2341 2417 210
179 2418 125
451 2418 280
911 2419 279
1277 2419 176
683 2420 174
146 2421 200
323 2421 228
1635 2422 826
1772 2422 763
66 2423 280
996 2423 602
1150 2424 267
2378 2424 120
627 2425 815
975 2425 164
873 2426 179
1967 2426 331
782 2427 124
2388 2427 434
85 2428 181
2147 2428 169
1940 2429 367
2149 2429 594
507 2430 211
1722 2430 141
802 2431 338
855 2431 273
1295 2432 306
1819 2432 238
1851 2433 913
2206 2433 182
1391 2434 177
2192 2434 180
555 2435 106
724 2435 160
1178 2436 206
2176 2436 200
953 2437 495
1766 2437 103
384 2438 199
975 2438 146
376 2439 197
1577 2439 692
1194 2440 781
2261 2440 586
76 2441 244
1755 2441 338
938 2442 590
1828 2442 194
772 2443 319
1960 2443 274
603 2444 206
825 2444 102
1553 2445 438
2326 2445 842
64 2446 732
1029 2446 111
608 2447 162
2067 2447 200
455 2448 265
2094 2448 101
1083 2449 480
1629 2449 593
286 2450 104
1888 2450 926
265 2451 382
519 2451 609
1761 2452 254
2402 2452 720
605 2453 161
1158 2453 127
1598 2454 147
1795 2454 402
598 2455 378
2389 2455 475
998 2456 209
1203 2456 258
1221 2457 279
2420 2457 106
1218 2458 329
1938 2458 610
966 2459 224
1271 2459 192
1881 2460 394
2092 2460 383
73 2461 264
707 2461 298
682 2462 782
1045 2462 822
1304 2463 214
2162 2463 361
117 2464 331
711 2464 375
779 2465 107
2404 2465 618
54 2466 148
2294 2466 291
1121 2467 116
2410 2467 271
371 2468 191
1713 2468 229
207 2469 128
2284 2469 309
920 2470 478
1110 2470 554
525 2471 344
1806 2471 662
202 2472 679
472 2472 312
208 2473 223
635 2473 203
972 2474 239
2061 2474 521
321 2475 471
1145 2475 392
137 2476 523
243 2476 150
1844 2477 230
2249 2477 132
484 2478 517
1624 2478 980
47 2479 218
2253 2479 149
1070 2480 188
1426 2480 149
336 2481 204
1934 2481 141
273 2482 499
1823 2482 323
1787 2483 294
2191 2483 249
1 2484 226
1857 2484 318
140 2485 500
2092 2485 149
1393 2486 134
1457 2486 312
718 2487 329
1771 2487 160
171 2488 151
1758 2488 124
10 2489 491
952 2489 258
1615 2490 130
2328 2490 276
2224 2491 287
2331 2491 792
1337 2492 385
2187 2492 218
676 2493 124
1841 2493 145
848 2494 136
1282 2494 127
139 2495 105
2374 2495 277
1346 2496 375
1777 2496 120
267 2497 407
592 2497 201
251 2498 233
337 2498 227
2108 2499 698
1549 2500 160
2499 2500 207
