1
0
1
1
1000000
0
0
0
0
1
1 25 113
9 26 108
14 26 221
17 26 190
20 27 228
12 32 147
13 35 247
39 40 542
4 43 229
39 43 757
7 45 906
15 46 407
40 47 649
22 49 847
13 50 142
17 54 696
7 55 422
46 56 707
3 60 674
46 62 826
58 63 176
25 70 445
67 70 275
57 76 873
27 81 339
15 82 222
56 82 231
13 86 520
44 88 214
34 92 220
69 92 450
71 92 227
85 92 456
73 93 269
78 94 376
73 95 307
76 97 865
95 98 687
24 99 112
27 99 792
2 104 886
48 104 152
50 106 565
68 106 261
86 106 334
25 107 445
50 110 229
55 110 163
68 110 432
57 112 232
34 113 130
102 113 521
42 114 699
51 114 300
83 115 228
90 115 240
74 117 386
50 120 284
55 120 471
11 122 356
103 125 530
48 126 574
61 126 156
24 127 149
27 127 959
28 128 376
33 128 160
59 128 173
81 130 267
99 130 484
102 131 131
23 133 382
35 133 259
68 134 287
15 135 420
7 136 576
120 136 671
49 137 395
14 138 572
17 138 401
74 139 423
10 140 791
35 140 501
86 140 298
3 141 991
6 142 719
29 143 270
22 144 101
28 144 540
64 145 773
77 145 281
87 146 488
109 146 367
143 146 265
49 147 272
20 148 587
127 148 910
1 149 148
70 149 263
76 149 403
131 150 430
124 152 166
108 153 255
67 155 173
64 156 959
138 157 475
44 158 200
137 160 766
147 160 791
84 161 605
3 162 639
56 164 430
43 165 100
59 166 240
132 166 141
19 167 155
58 167 184
124 169 556
32 170 771
1 171 200
87 171 262
107 171 244
135 172 930
25 173 913
67 173 402
24 174 122
30 175 652
137 175 693
9 176 160
84 176 337
155 176 750
8 178 233
51 179 190
127 179 719
116 180 241
82 181 268
135 181 329
141 182 402
145 183 398
89 184 206
182 185 700
18 186 245
66 186 206
144 186 211
152 187 190
169 187 958
95 188 481
7 189 919
178 190 292
5 191 589
88 191 327
47 192 484
109 193 198
143 193 164
133 195 194
121 197 591
153 197 979
20 198 674
172 200 360
181 200 366
2 201 114
101 202 860
8 203 119
11 203 897
111 203 366
37 204 473
89 204 105
34 205 335
42 205 338
85 205 158
102 205 544
29 208 205
193 208 348
21 209 745
206 209 555
60 211 147
38 212 613
182 213 110
41 214 344
139 214 323
198 214 513
202 215 268
26 216 209
167 216 438
31 217 139
47 217 796
65 217 556
45 218 987
189 218 973
9 219 327
17 219 109
84 219 455
37 220 266
89 220 146
97 220 198
73 221 572
188 221 173
98 223 333
86 224 101
23 225 139
114 226 163
148 226 327
179 226 396
222 226 266
65 229 652
83 229 294
90 229 787
29 230 144
177 230 166
31 231 531
53 231 258
63 232 151
108 233 312
159 233 443
14 234 127
124 234 635
157 234 430
107 236 411
16 238 203
115 238 318
237 239 143
16 240 202
156 240 106
200 241 155
211 242 127
104 243 201
126 243 169
202 243 369
99 244 114
174 244 623
235 244 104
135 246 242
231 247 397
96 248 122
122 248 312
36 249 108
169 249 708
234 249 611
21 250 271
210 250 814
9 251 284
19 251 196
155 251 246
216 251 106
42 252 432
51 252 598
102 252 739
150 252 225
78 253 766
125 253 224
247 254 334
30 255 303
192 255 296
151 256 167
196 256 477
145 257 910
156 257 117
236 257 320
129 258 159
154 258 266
242 258 531
235 259 288
116 260 626
52 262 145
174 264 135
235 264 653
69 265 267
71 265 642
250 265 272
158 266 340
200 266 328
69 267 221
85 267 207
161 268 544
164 268 701
101 269 667
207 269 216
215 269 946
239 269 104
75 270 586
260 270 158
60 271 645
129 271 205
194 271 427
242 271 433
63 272 721
152 272 198
4 274 338
39 274 120
199 274 617
103 275 130
12 276 502
267 276 646
141 277 341
162 277 421
213 277 742
117 278 416
227 278 524
273 278 261
31 279 500
47 279 297
132 280 105
190 280 264
209 280 183
40 281 320
43 281 215
217 281 352
262 282 277
142 283 205
154 283 357
45 284 585
55 284 568
1 285 313
76 285 722
87 285 498
10 286 318
35 286 883
195 286 718
53 288 693
105 288 149
247 288 104
108 289 376
159 289 585
113 290 236
118 290 161
131 290 443
112 291 163
66 292 556
118 292 332
144 292 588
112 293 454
162 293 347
6 294 510
158 294 316
22 295 438
137 295 699
186 295 678
63 296 438
152 296 241
167 296 493
100 297 118
294 297 865
28 298 419
33 298 167
292 298 447
123 299 891
161 299 575
225 300 400
274 302 329
49 303 444
166 303 114
91 304 185
254 304 664
113 305 366
118 305 341
298 305 431
94 306 647
261 306 129
119 307 825
139 307 593
198 307 184
72 308 101
184 308 191
136 309 950
189 309 565
131 310 862
187 310 295
78 311 104
125 311 454
109 312 627
180 313 416
227 313 361
273 313 209
19 314 206
58 314 260
77 314 434
183 314 795
225 315 566
309 315 369
13 316 708
120 316 406
133 316 205
23 317 429
136 317 277
315 317 627
316 317 218
81 318 517
212 318 480
123 319 106
291 319 406
154 320 242
191 320 627
242 320 666
107 321 622
173 321 187
183 321 430
257 321 109
94 322 226
185 322 272
311 322 369
160 323 442
221 323 744
263 323 825
132 324 165
190 324 292
248 324 185
33 325 234
34 325 389
71 325 412
305 325 163
69 326 620
276 326 451
3 328 346
211 328 479
287 328 653
52 329 858
172 330 484
215 330 430
246 330 230
168 331 220
233 331 342
62 332 987
259 332 805
96 333 272
166 333 225
324 333 295
54 334 412
138 334 665
332 334 204
212 335 709
228 335 581
268 336 265
299 336 361
5 337 684
88 337 354
336 337 779
42 338 378
85 338 484
275 339 298
289 339 211
177 340 215
308 340 100
262 341 414
329 341 345
335 341 897
157 342 539
249 342 858
264 342 284
153 343 237
275 343 106
289 343 516
327 343 193
48 344 708
61 344 447
30 345 541
84 346 110
299 346 101
319 346 931
21 347 208
128 347 853
83 348 296
224 348 780
72 349 192
184 349 211
122 350 680
223 350 293
36 351 812
51 351 232
150 351 554
60 352 142
141 352 852
185 352 880
194 352 162
46 353 121
54 353 268
164 353 577
332 353 124
142 354 207
331 354 817
44 355 240
181 355 321
266 355 275
29 356 329
177 356 574
255 357 121
263 357 749
241 358 486
266 358 288
294 358 359
290 359 276
310 359 497
58 360 215
77 360 663
199 360 592
232 360 179
2 361 186
101 361 265
243 361 855
39 362 157
302 362 405
345 362 533
23 363 931
195 363 691
300 363 648
37 364 308
277 364 468
293 364 614
100 365 416
36 366 502
150 366 957
169 366 665
310 366 825
105 367 120
126 368 238
202 368 393
330 368 105
193 369 325
101 370 815
207 370 543
329 370 918
168 371 486
233 371 109
116 372 422
228 372 397
313 372 158
52 373 125
201 373 600
282 373 405
344 374 348
365 374 120
196 375 184
218 375 745
163 376 188
327 376 607
237 377 535
96 378 250
122 378 226
223 378 220
93 379 262
304 379 288
20 380 952
81 380 416
307 380 521
52 381 305
201 381 643
361 381 690
370 381 918
18 382 694
175 382 144
295 382 247
345 382 282
178 383 166
206 383 367
280 383 157
91 384 180
192 384 211
279 384 332
357 384 782
229 385 835
348 385 543
147 386 283
303 386 418
333 386 343
31 387 384
53 387 218
65 387 655
385 387 537
65 388 694
90 388 322
165 388 157
281 388 248
79 389 186
261 389 452
5 390 208
123 390 183
287 390 802
336 390 331
54 391 481
161 391 313
164 391 108
219 391 644
8 392 684
11 392 756
190 392 137
248 392 189
61 393 622
172 393 293
241 393 786
368 393 375
215 394 209
239 394 275
246 394 500
6 395 401
297 395 592
354 395 352
79 396 296
213 396 118
261 396 469
37 397 121
57 397 544
97 397 216
293 397 126
67 398 323
176 398 745
346 398 139
89 399 250
177 399 879
308 399 310
112 400 259
162 400 155
328 400 146
6 401 219
158 401 297
283 401 192
56 402 336
268 402 128
337 402 113
199 403 806
232 403 377
245 403 136
302 403 911
103 404 249
185 404 113
194 404 653
311 404 136
80 405 447
232 405 130
245 405 233
272 405 410
134 406 371
238 406 641
220 407 632
230 407 336
399 407 811
90 408 402
165 408 801
238 408 682
240 408 208
75 409 293
301 409 205
41 410 184
196 411 604
208 411 472
356 411 232
18 412 363
66 412 285
80 412 417
245 412 286
4 413 243
64 413 264
77 413 531
199 413 761
72 414 618
151 414 643
340 414 279
110 415 175
134 415 102
284 415 753
369 415 412
62 416 452
259 416 298
19 417 250
155 417 337
173 417 315
183 417 474
83 418 875
106 418 244
224 418 480
66 419 222
80 419 295
118 419 322
359 419 254
91 420 344
231 420 657
254 420 250
279 420 626
30 421 365
40 421 437
192 421 355
362 421 929
57 422 181
149 422 783
291 422 789
59 423 230
132 423 137
209 423 311
347 423 405
147 424 687
188 424 767
323 424 483
21 425 175
206 425 392
210 425 128
100 426 309
395 426 142
297 427 275
358 427 501
365 427 838
11 428 440
111 428 721
350 428 638
87 429 168
143 429 887
230 429 531
270 430 257
282 430 421
108 431 213
197 431 732
371 431 445
260 432 306
262 432 460
430 432 239
82 433 511
88 433 393
355 433 480
402 433 165
151 434 922
196 434 143
340 434 891
356 434 720
142 435 722
159 435 850
331 435 542
61 436 157
241 436 369
374 436 176
427 436 483
253 437 207
376 437 593
212 438 702
228 438 587
116 439 503
228 439 522
341 439 762
432 439 933
45 440 730
375 440 214
411 440 375
182 441 118
306 441 680
322 441 718
396 441 110
10 442 804
367 442 375
109 443 415
134 443 337
369 443 226
180 444 242
273 444 803
301 444 447
53 445 300
105 445 390
385 445 163
80 446 175
187 446 174
272 446 273
359 446 899
157 447 315
259 447 277
264 447 598
334 447 531
68 448 242
115 448 274
406 448 300
418 448 227
119 449 861
227 449 550
372 449 633
438 449 266
210 450 465
265 450 363
326 450 384
121 451 254
163 451 410
146 452 396
171 452 233
236 452 447
312 452 283
97 453 915
285 453 756
407 453 422
429 453 781
22 454 279
28 454 369
59 454 254
303 454 215
15 455 109
62 455 601
246 455 289
38 456 162
207 456 319
239 456 408
377 456 355
16 457 369
156 457 317
236 457 121
312 457 942
4 458 927
64 458 377
165 458 234
240 458 392
41 459 503
170 459 609
222 459 220
140 460 536
224 460 824
442 460 530
12 461 368
170 461 135
267 461 176
338 461 465
129 462 479
159 462 385
339 462 736
74 463 400
214 463 279
410 463 401
103 464 603
129 464 513
194 464 454
339 464 373
38 465 101
207 465 165
329 465 334
335 465 825
160 466 317
175 466 211
255 466 898
263 466 305
256 467 390
375 467 302
91 468 739
357 468 516
379 468 178
16 469 699
312 469 465
406 469 481
443 469 425
237 470 165
394 470 430
416 470 532
455 470 751
208 471 468
284 471 291
369 471 428
440 471 630
125 472 499
275 472 263
327 472 432
437 472 424
24 473 369
179 473 291
351 473 400
36 474 339
174 474 279
342 474 313
473 474 593
79 475 311
204 475 455
213 475 220
364 475 944
14 476 523
124 476 234
216 476 461
296 476 413
349 477 272
389 477 148
44 478 343
154 478 124
191 478 181
401 478 177
33 479 617
71 479 469
250 479 429
347 479 290
93 480 213
221 480 368
263 480 631
468 480 321
348 481 404
367 481 466
445 481 804
460 481 415
38 482 527
130 482 275
318 482 690
377 482 244
41 483 132
148 483 237
198 483 498
222 483 302
123 484 481
287 484 258
291 484 278
400 484 331
32 485 377
410 485 941
459 485 334
121 486 639
153 486 233
163 486 326
327 486 190
79 487 278
184 487 460
204 487 581
477 487 903
18 488 105
245 488 689
302 488 918
345 488 871
168 489 304
354 489 495
426 489 659
5 490 152
211 490 505
287 490 702
320 490 180
130 491 194
244 491 335
377 491 148
258 492 410
283 492 294
435 492 328
462 492 224
96 493 113
386 493 782
424 493 515
75 494 139
180 494 380
260 494 117
301 494 135
114 495 597
170 495 520
222 495 207
338 495 196
70 496 108
319 496 136
398 496 265
422 496 625
119 497 115
318 497 173
380 497 957
438 497 129
235 498 613
237 498 813
416 498 233
491 498 265
98 499 116
188 499 431
378 499 592
493 499 247
117 500 371
119 500 650
139 500 737
227 500 455
