1
0
1
1
1000000
0
0
0
0
1
22 32 288
26 64 511
47 141 608
114 161 140
116 176 571
115 186 880
36 192 620
197 201 309
18 220 900
68 223 580
166 226 118
113 228 530
33 236 292
153 264 360
151 266 191
188 266 107
12 267 642
83 280 394
210 289 207
162 290 296
101 296 167
252 297 350
41 301 392
218 302 496
28 303 226
73 320 159
240 329 147
145 334 480
14 336 882
152 347 189
125 349 203
22 361 307
203 371 678
110 374 150
167 379 166
294 391 368
213 411 571
159 418 229
305 420 201
133 422 155
119 433 243
432 438 815
324 441 103
39 444 856
219 452 699
275 474 386
253 488 389
83 489 161
212 490 128
474 498 273
303 499 177
268 500 818
72 503 237
362 509 168
428 510 975
249 516 115
94 517 186
120 518 132
270 520 748
315 527 180
54 530 278
560 562 493
182 564 253
410 570 146
176 571 286
19 576 312
306 580 467
344 584 451
71 592 225
99 599 143
163 600 143
594 601 255
400 604 225
592 616 698
399 618 329
512 619 364
173 621 288
254 624 253
312 624 378
497 628 193
147 635 717
336 636 334
426 637 155
108 641 260
411 652 531
196 656 388
367 673 151
567 687 254
372 688 143
154 705 237
136 709 437
132 715 119
589 728 434
688 729 917
729 730 621
20 735 243
546 743 197
184 749 934
593 750 298
733 750 306
377 753 178
332 754 106
640 754 892
690 756 159
626 760 256
37 764 566
102 766 473
450 768 778
179 770 931
354 774 358
494 775 225
501 778 103
498 779 186
748 781 544
197 784 340
573 784 558
499 790 198
349 791 180
590 792 156
295 795 445
310 799 296
126 802 545
609 803 156
231 809 272
236 809 233
191 810 198
185 813 246
632 813 210
448 814 341
720 817 538
82 821 137
341 823 148
59 824 417
214 824 395
314 825 645
771 825 261
393 827 158
118 829 465
95 832 130
812 835 718
370 840 148
690 840 151
340 844 241
397 855 152
577 856 424
755 857 206
820 870 362
469 874 187
247 878 482
50 882 105
207 884 260
860 886 348
227 894 110
350 899 160
292 900 168
526 900 178
44 901 214
155 903 157
575 904 131
683 904 156
801 908 316
263 909 168
438 911 753
283 912 208
664 914 175
741 914 108
16 915 328
199 918 286
807 923 230
464 926 486
241 927 147
704 927 867
104 929 734
373 945 159
547 947 102
526 951 227
146 953 454
771 958 309
728 960 358
14 961 936
397 968 150
491 970 222
819 971 268
475 977 132
713 980 215
643 981 208
923 981 242
615 982 203
507 986 270
719 988 117
708 993 175
731 995 557
209 1002 195
48 1004 282
212 1006 110
937 1008 110
540 1012 164
378 1014 259
884 1024 642
69 1026 280
852 1032 608
997 1033 441
3 1036 254
28 1039 228
282 1039 210
1018 1043 151
636 1044 303
79 1045 222
998 1045 273
562 1046 547
1015 1048 987
710 1049 190
491 1052 205
369 1059 191
7 1060 572
606 1062 189
219 1065 392
869 1066 258
868 1069 240
563 1072 763
553 1073 218
913 1073 171
861 1086 406
625 1087 114
492 1088 881
616 1090 133
689 1093 260
1035 1101 343
721 1105 395
403 1108 236
86 1109 278
858 1111 352
743 1113 303
566 1117 139
363 1119 448
524 1121 505
983 1126 283
334 1127 393
554 1129 132
783 1130 246
439 1134 457
259 1139 102
201 1140 220
62 1142 576
200 1142 344
704 1146 158
910 1146 640
52 1150 166
286 1150 570
726 1152 174
866 1156 241
937 1160 111
1091 1162 375
131 1163 887
243 1163 101
977 1168 146
483 1169 419
513 1170 394
1133 1182 880
43 1183 409
828 1183 244
1033 1185 393
365 1189 175
1165 1190 175
727 1191 269
53 1193 284
548 1197 114
1177 1198 110
415 1200 158
1118 1200 138
127 1201 492
224 1202 167
423 1206 710
181 1207 213
1085 1207 434
561 1208 817
543 1210 325
877 1211 202
276 1212 928
671 1216 194
891 1216 169
947 1217 961
1050 1222 331
186 1225 141
993 1226 217
240 1230 589
568 1230 543
698 1231 386
781 1237 487
1235 1239 495
1064 1240 626
671 1241 147
992 1241 374
912 1242 295
409 1243 479
382 1245 169
98 1248 177
876 1250 111
1137 1251 511
966 1252 212
419 1255 220
678 1256 306
606 1257 167
722 1259 230
49 1260 121
547 1260 109
699 1262 529
543 1269 192
983 1270 822
994 1271 598
253 1272 307
1162 1275 252
85 1276 394
135 1276 404
3 1284 222
1209 1284 264
224 1285 242
1104 1286 109
1052 1289 237
80 1290 583
1055 1290 111
659 1292 325
81 1295 116
280 1295 409
325 1297 561
633 1297 233
216 1302 140
525 1304 573
1143 1305 447
646 1306 145
1011 1306 220
281 1307 325
1219 1309 156
395 1315 554
970 1316 205
466 1318 164
175 1323 187
138 1328 293
1042 1332 202
1184 1334 149
765 1338 787
352 1344 914
261 1345 164
1053 1345 340
192 1346 263
484 1347 199
604 1347 272
1214 1349 147
1258 1350 500
1031 1351 121
1335 1353 124
529 1355 123
1213 1357 101
843 1359 265
895 1360 300
76 1361 157
1016 1361 184
985 1362 271
762 1364 516
158 1368 207
198 1372 264
429 1373 480
1255 1374 356
388 1376 154
1041 1378 230
1367 1380 245
765 1385 554
1285 1385 285
1263 1386 185
1272 1388 722
269 1390 170
1294 1390 146
507 1391 588
458 1393 383
1034 1395 325
25 1398 230
823 1401 152
660 1402 765
1134 1404 512
1273 1406 182
337 1411 920
1371 1412 275
1299 1413 290
943 1414 329
347 1415 163
1234 1416 146
435 1420 156
919 1422 912
1359 1422 234
170 1423 843
687 1425 521
1234 1427 143
559 1432 317
1253 1432 732
738 1434 246
308 1435 542
976 1437 945
676 1438 344
691 1438 296
707 1439 246
984 1440 288
721 1441 231
1330 1445 733
591 1446 791
885 1447 369
1105 1447 245
489 1448 546
442 1452 220
792 1453 200
1264 1455 610
1450 1456 365
424 1457 522
617 1458 105
1305 1459 372
849 1462 413
535 1463 372
940 1465 427
1057 1465 866
1107 1468 521
180 1469 383
1038 1473 694
1291 1475 389
255 1476 210
1077 1481 178
1028 1482 106
256 1485 192
1147 1488 347
772 1489 873
516 1490 139
1273 1491 167
101 1492 241
1322 1494 111
226 1498 133
655 1499 136
318 1501 600
1008 1503 113
1329 1504 318
328 1505 237
403 1505 183
885 1508 271
1470 1510 101
1195 1511 245
241 1512 704
189 1513 292
975 1514 138
931 1516 186
1043 1518 155
811 1519 588
899 1520 139
786 1522 398
392 1525 208
834 1525 160
425 1528 387
889 1530 365
1398 1534 597
159 1535 114
1153 1536 922
140 1540 339
760 1540 300
1343 1543 420
1453 1547 293
782 1549 161
453 1551 227
829 1553 123
387 1554 111
529 1555 127
1352 1557 211
17 1558 277
345 1562 311
439 1563 301
127 1565 796
1232 1565 254
666 1567 235
1366 1567 229
1147 1568 471
1381 1571 535
1551 1571 302
486 1576 769
1140 1578 209
1480 1578 199
1555 1580 132
697 1582 256
916 1583 995
554 1584 200
744 1585 436
1421 1588 149
149 1589 272
620 1590 201
1131 1591 263
199 1593 303
930 1593 390
808 1594 106
8 1596 361
607 1596 383
752 1597 253
845 1597 175
40 1598 139
572 1599 250
950 1599 341
368 1601 258
405 1602 355
917 1602 776
319 1603 403
231 1604 210
668 1605 338
641 1606 371
759 1606 426
863 1610 241
1139 1611 227
358 1612 199
965 1614 526
220 1615 808
1278 1617 311
660 1619 164
1583 1620 111
888 1621 212
1087 1622 121
1168 1624 172
1283 1624 229
437 1631 110
1003 1633 119
157 1636 852
1341 1636 230
1387 1637 175
875 1641 162
1179 1643 213
31 1644 277
112 1649 411
701 1653 194
1471 1653 226
552 1654 116
1647 1656 162
926 1660 615
586 1661 215
326 1663 225
340 1664 421
352 1664 388
250 1666 202
299 1667 212
459 1667 244
384 1668 215
1161 1669 203
464 1671 683
633 1672 718
391 1674 508
603 1674 485
380 1677 116
1137 1677 444
731 1683 324
1521 1685 560
1657 1685 501
414 1686 365
1608 1689 330
1070 1692 353
454 1694 112
174 1697 234
649 1697 239
1374 1698 349
1091 1699 362
1627 1700 335
1620 1702 111
931 1703 217
1545 1703 319
1287 1705 170
1625 1706 702
821 1707 145
389 1709 176
243 1710 881
838 1719 407
1064 1719 395
844 1722 259
1354 1722 204
1460 1723 226
1103 1724 569
615 1727 279
1289 1729 372
1166 1732 341
1433 1737 869
1174 1738 138
1595 1738 150
242 1741 217
1218 1744 730
928 1745 539
1670 1748 101
1657 1749 487
1156 1751 315
1639 1751 224
563 1754 271
1600 1754 359
752 1757 281
1085 1758 411
1128 1759 263
143 1761 369
895 1762 241
329 1763 160
427 1765 610
1429 1768 718
1529 1768 519
1071 1769 163
941 1771 208
711 1772 342
271 1773 291
69 1774 721
383 1776 201
1561 1777 401
1138 1779 120
1656 1783 182
1608 1784 262
888 1786 154
774 1789 507
1221 1789 223
1314 1791 371
32 1792 288
288 1795 581
1330 1797 529
1704 1797 790
92 1798 385
1109 1799 678
1047 1804 212
351 1806 250
1528 1806 742
532 1807 205
1688 1812 740
1579 1814 212
1480 1815 189
309 1817 497
1291 1817 212
807 1818 371
360 1820 639
375 1821 141
651 1822 116
185 1823 240
87 1824 887
1679 1825 173
685 1827 266
458 1828 399
1734 1829 150
139 1831 449
581 1832 104
883 1833 229
1194 1833 307
282 1834 222
1816 1834 186
140 1836 668
848 1838 187
29 1840 377
390 1842 828
1649 1842 273
665 1845 240
1244 1845 203
614 1846 125
1443 1847 207
1828 1848 119
1690 1852 356
693 1856 477
44 1857 203
415 1858 115
1782 1859 236
1820 1860 514
1542 1861 116
876 1867 297
1467 1867 232
1612 1868 283
1078 1869 908
639 1871 609
550 1873 169
278 1874 133
130 1875 117
221 1875 129
890 1876 181
1688 1876 309
434 1877 431
1079 1878 232
154 1880 248
312 1880 226
1169 1881 404
1396 1881 218
1307 1882 325
996 1884 174
952 1890 835
805 1891 168
31 1894 257
726 1894 178
260 1899 110
1475 1900 215
1311 1905 411
284 1906 754
801 1906 522
710 1907 324
1524 1907 160
462 1908 630
1655 1909 222
63 1910 398
1418 1911 466
1484 1913 409
273 1914 107
1282 1914 107
994 1915 163
1691 1916 216
1095 1918 636
1376 1919 134
1767 1919 273
929 1920 322
1130 1921 197
300 1924 258
1409 1925 128
508 1926 109
585 1926 100
188 1929 207
167 1930 254
1514 1930 279
1756 1932 335
1283 1933 259
782 1937 186
1695 1937 156
1189 1939 139
279 1940 111
1782 1941 222
217 1942 250
1487 1943 224
290 1944 125
630 1945 175
1809 1946 401
128 1948 153
406 1948 139
204 1950 473
717 1951 320
1145 1953 354
137 1954 550
580 1954 437
669 1955 112
1032 1957 870
41 1958 297
1041 1959 403
151 1960 393
1184 1962 168
1610 1962 161
861 1963 224
1026 1965 424
1530 1965 213
370 1966 137
9 1967 384
1023 1967 315
1393 1968 216
1715 1970 389
1818 1970 453
305 1971 271
826 1971 827
374 1972 172
1646 1972 141
1803 1973 181
183 1974 154
175 1975 680
1905 1979 770
722 1980 187
1743 1980 160
55 1982 688
359 1982 197
58 1984 189
168 1987 112
1232 1988 123
292 1990 162
467 1991 251
1344 1992 744
473 1993 181
944 1994 105
1392 1995 496
1946 1997 449
1977 1998 191
346 1999 559
672 1999 137
1604 2000 256
1488 2002 421
603 2005 427
350 2008 135
1646 2008 165
924 2011 624
353 2013 250
1144 2013 624
1524 2014 530
2011 2014 634
1265 2015 276
344 2016 236
527 2016 223
244 2017 206
1925 2018 117
960 2019 483
1689 2019 364
1676 2021 124
589 2022 290
712 2023 170
36 2024 548
1253 2025 580
74 2027 941
841 2027 458
741 2028 862
450 2030 103
1852 2030 485
60 2031 677
1931 2031 611
369 2032 147
657 2034 150
1671 2035 476
2005 2037 482
1851 2038 238
408 2040 105
576 2041 455
1319 2041 681
1212 2042 473
601 2043 351
1066 2043 716
974 2045 980
875 2046 161
232 2047 338
1313 2049 210
1461 2050 544
810 2051 163
1895 2053 906
402 2055 127
1366 2057 285
124 2059 202
375 2059 167
1254 2060 137
1167 2061 275
1424 2062 730
111 2063 180
1464 2064 283
1669 2064 191
1889 2065 275
1082 2071 309
1407 2071 297
477 2072 522
521 2075 418
1117 2076 465
1096 2078 754
1680 2079 248
1985 2079 407
161 2080 151
1569 2081 404
459 2083 298
703 2084 447
13 2085 244
1853 2086 199
495 2087 369
1132 2088 340
1068 2089 612
634 2091 184
1978 2092 669
522 2093 282
1316 2093 310
81 2094 627
667 2096 555
1257 2098 183
242 2099 257
1369 2101 125
1618 2102 312
1652 2104 151
764 2106 194
1464 2106 429
794 2107 705
1474 2109 158
1267 2112 526
868 2113 336
1553 2113 502
202 2114 542
971 2114 295
67 2115 433
1486 2116 140
1622 2116 114
887 2117 178
409 2119 211
168 2120 105
655 2120 122
1989 2121 102
421 2122 208
1055 2124 579
696 2125 699
314 2126 751
1532 2127 280
365 2128 157
35 2130 138
431 2130 144
588 2132 532
903 2133 124
553 2134 197
818 2135 457
990 2135 313
320 2136 189
440 2138 156
852 2139 307
1049 2140 145
306 2141 508
1424 2141 531
1111 2142 519
893 2143 137
55 2145 673
259 2145 195
45 2146 674
1274 2147 120
2017 2149 253
1628 2152 677
1116 2154 140
2146 2155 226
155 2157 721
485 2159 319
1793 2159 217
1115 2161 138
859 2165 228
244 2167 151
518 2167 174
390 2168 279
129 2169 241
607 2169 236
387 2170 121
1814 2170 177
602 2172 113
157 2176 723
1433 2177 118
1661 2179 517
1994 2179 110
10 2180 173
484 2180 221
537 2183 694
1509 2183 838
115 2184 121
1572 2184 298
1439 2185 191
1691 2185 224
1203 2186 693
1885 2186 593
1523 2187 190
1730 2187 143
255 2188 173
364 2191 138
1329 2192 185
2032 2192 200
1197 2193 131
153 2194 311
322 2195 393
1164 2197 300
1027 2199 531
702 2200 255
856 2200 264
2124 2201 618
1113 2203 204
611 2204 113
399 2205 671
1716 2205 486
480 2206 133
811 2208 452
1628 2208 103
407 2209 201
321 2211 320
763 2213 388
2127 2214 190
1165 2215 194
2105 2215 213
2175 2216 581
1562 2218 390
1808 2220 156
1188 2221 340
1589 2221 313
1792 2222 307
535 2223 541
229 2224 318
2125 2224 474
891 2226 678
2153 2226 194
1333 2228 958
1383 2228 115
1684 2229 364
646 2230 138
1854 2230 112
1693 2231 466
1348 2234 425
1358 2238 283
613 2239 525
1587 2240 102
114 2241 344
1840 2241 387
364 2243 165
680 2244 604
850 2244 127
964 2246 214
797 2247 986
1673 2248 625
1449 2249 358
647 2250 119
828 2251 143
2222 2253 316
182 2254 652
1102 2254 296
1030 2256 604
1866 2257 146
2121 2258 133
8 2260 539
1527 2260 438
1743 2262 174
1778 2263 255
1132 2264 246
1746 2264 793
1598 2265 182
72 2267 330
2240 2267 508
21 2268 167
461 2268 279
156 2269 282
806 2269 724
1577 2272 122
1944 2272 315
716 2274 155
1902 2275 273
1122 2278 880
1125 2279 153
2165 2279 223
1997 2282 586
1059 2283 189
1791 2283 260
1947 2285 127
261 2286 146
40 2288 147
1512 2289 631
2061 2289 411
973 2292 187
917 2293 235
1280 2294 200
1133 2295 812
1725 2296 141
1759 2296 178
2069 2297 396
1451 2298 732
1090 2299 276
2134 2299 394
935 2301 557
293 2302 123
1836 2303 112
789 2304 248
2109 2304 198
1543 2305 365
622 2306 305
1712 2306 366
325 2307 886
472 2309 100
1723 2309 431
889 2310 251
1182 2310 494
1637 2311 876
1160 2312 123
936 2313 179
394 2314 173
1151 2315 255
1056 2316 115
1222 2317 470
628 2318 287
1148 2318 563
519 2320 749
1114 2320 358
1839 2321 383
289 2324 268
963 2326 334
449 2328 629
1616 2329 857
1680 2330 294
420 2331 549
670 2332 293
1020 2334 176
2006 2335 362
108 2338 285
2077 2339 929
1301 2340 334
1613 2340 175
702 2341 216
677 2342 144
1481 2344 173
1736 2345 202
990 2346 284
2236 2346 198
698 2347 270
274 2348 217
1666 2348 188
1847 2351 211
12 2353 523
417 2355 292
946 2356 422
950 2357 492
1199 2357 554
447 2358 231
1532 2358 107
1397 2360 288
2207 2362 146
1853 2363 262
630 2364 195
2332 2365 167
2202 2366 152
2152 2367 988
1539 2370 143
1468 2371 378
235 2374 439
1554 2377 102
1694 2377 989
90 2378 246
1987 2379 109
45 2380 170
53 2381 311
482 2382 294
2266 2382 533
248 2385 396
2295 2385 394
597 2386 398
627 2387 233
1231 2388 141
2102 2389 203
2154 2389 142
920 2390 226
2150 2391 300
414 2393 266
393 2394 188
846 2394 182
148 2397 495
429 2398 324
1394 2400 593
102 2401 317
882 2403 115
1215 2403 125
1569 2404 383
975 2406 168
1249 2407 159
86 2408 903
65 2409 438
1843 2411 138
1832 2413 260
1966 2414 164
310 2415 411
906 2415 779
275 2416 314
670 2416 546
584 2421 408
1781 2422 175
2066 2422 152
1135 2423 194
309 2424 292
263 2425 285
700 2426 330
2112 2426 771
1166 2428 325
338 2429 113
1550 2429 747
407 2430 277
957 2430 108
714 2432 188
1394 2433 488
800 2434 319
2333 2434 502
1839 2435 329
398 2436 156
1099 2436 769
1331 2437 500
1560 2438 341
1897 2438 385
5 2439 344
468 2440 497
668 2444 195
1077 2444 271
1126 2446 287
1548 2446 205
1866 2447 878
46 2448 175
595 2450 340
1288 2450 319
1472 2452 470
2413 2452 942
207 2453 539
1665 2455 903
1976 2455 304
1489 2456 495
925 2457 158
1419 2457 141
1766 2458 143
481 2460 415
300 2464 263
966 2465 183
1135 2465 182
943 2466 231
1118 2466 208
862 2467 361
1350 2467 150
991 2468 914
1687 2469 336
648 2470 143
2336 2471 147
798 2472 516
877 2472 417
504 2475 239
357 2476 168
1863 2476 782
922 2477 157
1813 2477 176
227 2480 107
1824 2481 303
2233 2481 895
1243 2482 341
2217 2482 559
1776 2483 209
1752 2484 150
421 2485 216
1115 2486 142
1308 2486 126
1572 2488 543
1506 2489 321
2196 2489 579
1862 2490 491
448 2491 879
544 2491 257
611 2493 113
1190 2493 115
1552 2496 726
638 2497 350
1889 2497 275
1019 2498 254
911 2499 266
2356 2500 372
1588 2501 102
2278 2502 101
2392 2502 517
625 2503 143
1303 2504 351
897 2506 139
1629 2507 116
1979 2507 325
969 2510 167
1990 2510 148
116 2511 384
2052 2511 664
1523 2512 253
361 2513 309
1421 2515 307
2162 2516 381
610 2517 660
1863 2519 103
864 2522 217
381 2523 416
921 2524 143
1153 2524 184
2402 2526 523
833 2527 172
538 2528 241
967 2530 576
1924 2530 496
295 2531 423
1312 2532 120
747 2533 174
1675 2533 157
1696 2534 181
967 2535 158
940 2537 150
1901 2537 842
2297 2539 507
1727 2540 219
2454 2540 290
839 2541 171
1771 2543 216
1793 2543 247
1057 2544 101
443 2545 252
623 2545 300
56 2548 513
1428 2548 224
113 2551 428
50 2553 102
732 2554 198
1000 2556 310
2261 2556 304
237 2557 137
351 2558 144
293 2559 136
2441 2559 174
1848 2561 164
1214 2562 121
1788 2563 135
1939 2563 149
1012 2564 355
454 2565 111
1786 2565 145
178 2566 338
2096 2566 448
1247 2567 467
11 2568 189
545 2568 194
1635 2569 223
1641 2569 210
27 2570 374
80 2572 845
1594 2573 109
2402 2573 145
1804 2574 266
294 2575 301
1097 2576 249
2129 2577 499
2166 2579 525
1769 2580 115
1952 2581 213
2080 2581 305
247 2582 920
1220 2583 369
587 2584 316
644 2584 274
1813 2585 203
2202 2586 184
2374 2586 245
1780 2587 273
2534 2587 290
677 2588 598
223 2589 492
2479 2589 357
257 2590 343
2468 2590 596
679 2592 312
1714 2594 475
541 2595 214
1918 2596 103
1096 2597 908
1559 2598 959
718 2599 442
2153 2599 370
273 2600 124
1655 2600 139
955 2602 219
1308 2603 144
880 2604 179
1922 2604 171
766 2605 378
767 2605 360
211 2606 742
978 2607 187
1826 2607 328
1286 2608 164
2056 2609 156
1632 2610 359
2105 2611 1112
657 2612 128
1 2613 163
2602 2614 266
737 2615 237
989 2615 334
177 2616 820
2028 2616 341
1456 2618 484
1996 2618 301
1607 2619 127
1336 2620 338
246 2621 164
1787 2622 471
1331 2623 484
6 2624 239
2252 2625 245
1123 2627 132
2585 2628 220
2271 2629 342
775 2630 311
934 2631 172
2603 2631 130
714 2632 278
1299 2632 228
2517 2633 435
1463 2634 336
556 2635 125
1022 2640 132
2514 2640 177
345 2643 240
724 2643 320
675 2644 623
1927 2645 987
2508 2648 147
590 2649 685
492 2650 590
1360 2650 351
878 2651 101
2204 2652 125
359 2653 371
2333 2657 524
323 2658 535
2657 2658 337
173 2659 392
1369 2661 157
1564 2661 211
608 2663 192
1250 2665 546
1650 2666 795
39 2667 289
42 2667 361
1870 2668 272
2004 2668 244
500 2669 275
942 2669 333
1088 2670 654
1728 2670 119
2140 2671 167
213 2672 858
1262 2672 174
136 2673 505
506 2673 327
1205 2675 514
1949 2675 300
1973 2676 257
1633 2678 150
1893 2678 853
396 2679 160
681 2681 676
1736 2682 138
209 2683 199
1400 2683 197
992 2684 412
2328 2684 207
1382 2685 372
1075 2686 131
1047 2688 211
1507 2689 789
2371 2690 440
497 2691 174
2082 2691 142
2419 2692 236
2022 2693 332
1428 2694 480
2194 2695 472
2301 2695 481
2647 2696 930
2050 2697 210
7 2698 273
122 2698 274
405 2699 594
1740 2700 150
1763 2701 182
385 2702 298
2637 2702 305
2514 2703 157
620 2704 185
1945 2704 180
2213 2705 854
164 2708 277
1233 2709 182
2509 2709 178
631 2711 164
1175 2712 239
2100 2712 244
1812 2714 420
1887 2715 605
1872 2716 306
1976 2716 708
46 2718 178
1101 2719 203
773 2720 104
2547 2722 238
999 2723 236
2277 2723 287
193 2724 389
1418 2724 391
1370 2725 504
463 2728 243
830 2728 320
2287 2729 358
187 2730 180
2325 2730 184
1527 2731 369
534 2732 884
2577 2733 223
2498 2734 243
2362 2735 132
2554 2735 146
481 2736 103
2190 2736 450
112 2737 253
230 2737 184
490 2738 138
2049 2738 162
271 2739 321
1267 2739 778
608 2740 159
928 2741 432
1651 2743 542
1258 2745 921
1002 2746 247
200 2747 532
896 2748 319
482 2749 636
1942 2749 296
23 2750 351
392 2750 193
1678 2751 808
109 2752 493
109 2753 653
2035 2753 499
1240 2754 778
1388 2754 490
488 2755 230
2137 2756 219
2500 2756 248
706 2757 924
835 2759 121
1172 2759 121
1686 2760 262
2628 2760 302
189 2761 205
272 2762 746
2302 2763 110
796 2765 100
296 2766 144
456 2766 128
91 2767 183
558 2769 845
395 2771 502
907 2772 945
1961 2774 255
2418 2774 225
939 2776 101
2284 2776 307
1798 2779 244
2314 2779 197
1314 2780 444
2558 2781 696
446 2784 340
818 2785 482
2091 2786 163
2010 2787 173
2123 2787 172
217 2788 234
1192 2788 307
1482 2789 517
2655 2789 135
1440 2791 837
238 2792 454
1658 2792 463
285 2793 459
237 2794 134
540 2795 126
2142 2796 273
2445 2796 440
57 2797 354
2751 2797 102
1938 2798 529
2042 2798 707
894 2799 128
78 2800 442
1476 2800 573
922 2801 175
1892 2801 164
1545 2802 882
2793 2802 288
1943 2803 352
2353 2804 226
1341 2805 290
2334 2805 157
59 2806 639
2021 2806 186
2088 2807 179
972 2809 108
37 2810 345
23 2811 270
629 2812 682
1067 2813 255
1155 2813 269
1878 2817 831
2767 2817 418
195 2818 154
431 2818 146
1469 2819 146
1579 2819 884
120 2820 193
2002 2822 997
1560 2823 505
650 2825 142
2406 2825 121
1682 2826 363
327 2827 167
1566 2828 128
1849 2828 133
711 2829 837
1365 2829 433
2073 2830 147
2335 2831 296
2513 2831 335
629 2832 387
1271 2832 446
1506 2834 253
1913 2835 991
2807 2835 752
124 2836 236
2571 2836 295
1718 2837 123
1854 2837 116
1377 2838 336
725 2839 193
1810 2840 183
2001 2840 263
2572 2841 166
2732 2841 198
346 2843 846
1312 2844 461
549 2845 858
465 2846 131
1564 2846 330
206 2847 347
2512 2847 265
537 2848 115
24 2850 399
496 2850 229
1204 2851 211
2322 2851 250
57 2852 888
2459 2852 379
318 2853 637
954 2854 373
1570 2855 230
1857 2855 231
184 2856 286
1721 2856 346
254 2857 653
745 2858 347
695 2859 116
2462 2859 133
1819 2860 168
2710 2860 534
2284 2862 715
2437 2862 106
2521 2864 247
2164 2865 159
2245 2866 125
2783 2866 137
1324 2867 581
2082 2868 170
2391 2868 176
353 2869 208
1494 2869 131
2012 2871 608
291 2872 117
1969 2872 887
1217 2874 102
1874 2874 106
5 2875 272
642 2876 966
2717 2876 159
1497 2878 895
75 2879 152
2790 2879 191
1402 2880 891
1773 2881 302
2601 2882 144
1459 2883 936
1483 2883 468
265 2884 251
933 2884 106
1952 2886 146
2593 2886 168
613 2887 649
2546 2887 129
1511 2888 253
1984 2889 208
2414 2889 155
935 2890 211
1563 2891 284
2431 2891 240
733 2892 286
534 2893 994
2110 2893 443
2614 2894 335
2726 2897 207
1933 2898 320
2360 2898 317
129 2900 184
517 2900 198
1018 2902 152
795 2903 122
2001 2903 176
93 2904 523
505 2904 986
645 2905 339
2039 2906 509
2700 2906 158
15 2907 179
2656 2908 141
60 2909 356
1191 2910 160
1805 2910 215
422 2911 281
1787 2911 198
339 2912 110
574 2912 502
548 2913 112
174 2914 337
342 2915 259
1998 2916 204
2638 2916 321
669 2918 155
1296 2919 453
2089 2920 375
1844 2921 196
160 2922 309
1021 2923 645
539 2924 524
1764 2924 416
132 2925 112
2101 2926 111
2281 2926 115
921 2927 589
1136 2927 381
84 2928 595
2888 2930 193
787 2931 157
2300 2931 242
358 2933 135
2720 2933 135
2007 2934 386
605 2935 972
1051 2936 111
1626 2937 204
1454 2938 144
2024 2939 157
2249 2939 873
1766 2940 118
150 2941 608
1340 2941 970
819 2942 214
1335 2943 687
401 2944 669
376 2946 105
575 2946 110
637 2948 164
2593 2949 191
725 2951 197
1334 2951 160
2151 2952 197
2703 2952 209
210 2953 152
559 2954 336
626 2954 247
776 2955 160
1477 2955 256
423 2956 559
2897 2956 195
2132 2957 799
15 2959 209
1701 2960 458
2780 2960 558
908 2961 504
2713 2961 267
531 2962 376
951 2962 234
1037 2963 399
1100 2965 460
257 2966 338
1224 2966 809
2629 2967 329
674 2969 191
2193 2969 150
16 2970 741
1342 2971 151
1625 2971 772
2552 2972 372
2896 2973 133
551 2974 345
1450 2974 421
187 2975 171
378 2975 230
1807 2976 244
705 2977 261
1119 2977 298
1696 2978 295
973 2979 247
2520 2980 133
379 2981 244
302 2982 451
2276 2982 384
269 2983 216
2641 2984 313
262 2985 498
2439 2985 325
1391 2986 445
2575 2987 224
2662 2987 178
2256 2988 474
284 2989 216
2003 2989 743
598 2990 111
780 2990 498
718 2991 228
1873 2991 253
1358 2992 188
1013 2993 182
2596 2993 317
1778 2995 246
991 2997 451
1343 2997 496
1309 2998 379
2427 2998 476
2772 2999 979
441 3000 145
33 3001 282
1777 3001 367
2323 3002 847
2905 3002 634
1706 3003 427
1893 3003 698
2092 3005 567
2246 3005 255
1648 3006 231
2003 3006 404
955 3007 182
1491 3007 194
248 3008 190
1340 3009 341
2361 3009 501
1034 3010 117
2111 3010 426
2617 3012 641
583 3013 484
1605 3014 187
2432 3014 309
785 3015 251
1400 3015 199
2319 3016 241
1705 3017 224
739 3018 222
2384 3018 277
541 3021 207
1632 3022 457
2219 3023 448
2060 3024 149
1371 3025 209
2915 3026 319
245 3027 316
1928 3027 246
2147 3028 134
1442 3030 398
384 3031 179
404 3033 361
1143 3033 317
473 3034 326
561 3034 255
707 3036 263
723 3038 154
2665 3038 266
525 3040 735
2555 3040 208
218 3041 254
1471 3041 264
470 3042 743
493 3042 876
216 3043 104
565 3043 473
897 3044 155
1865 3045 823
2710 3045 138
2073 3046 114
2757 3046 125
1318 3047 237
1627 3048 121
1199 3049 190
74 3050 844
307 3051 478
1850 3051 720
964 3052 150
2234 3053 422
2417 3053 671
278 3054 165
2423 3055 189
215 3056 916
2033 3057 190
800 3058 394
3019 3058 204
1430 3059 979
1517 3061 297
322 3062 253
866 3062 369
30 3064 307
1809 3064 384
803 3065 206
2026 3065 211
1244 3066 252
3026 3067 998
2381 3068 710
2647 3068 394
1871 3069 828
566 3070 290
1270 3070 673
413 3071 153
1487 3071 174
2808 3073 322
1416 3074 150
1648 3074 182
1801 3075 179
949 3076 932
103 3077 360
905 3077 108
1320 3078 110
1209 3079 206
427 3080 621
2923 3081 759
2058 3082 140
1732 3083 291
2300 3083 202
2315 3084 259
2768 3085 380
3063 3085 293
356 3086 508
2608 3086 106
419 3087 240
612 3087 166
6 3088 852
2399 3089 950
1298 3090 279
1803 3090 295
1541 3091 401
1886 3091 756
485 3092 212
2350 3092 349
229 3093 307
2065 3093 234
478 3094 153
934 3095 164
2352 3096 294
107 3097 236
1154 3099 361
2166 3099 438
692 3100 172
2025 3100 325
602 3101 186
1110 3101 198
751 3102 323
1957 3102 390
2988 3103 784
790 3104 145
528 3105 249
1339 3105 355
1069 3106 227
3011 3106 169
987 3107 157
2201 3107 113
1404 3108 841
1621 3109 253
1149 3110 296
2815 3111 300
1808 3112 601
1108 3113 161
2707 3113 212
2321 3114 291
2460 3115 152
326 3116 222
1790 3116 166
1662 3117 168
1801 3117 174
389 3118 181
1533 3118 174
1698 3121 478
2494 3122 206
2646 3122 157
757 3124 245
1112 3124 215
1228 3125 580
1144 3126 100
2291 3126 243
144 3127 613
2641 3127 616
860 3128 297
2453 3128 383
2901 3129 209
286 3130 257
1785 3131 272
2705 3132 531
776 3133 167
10 3134 164
63 3135 473
631 3136 117
907 3136 990
1953 3137 548
77 3139 172
1444 3139 175
946 3140 177
1978 3140 250
2323 3141 205
360 3142 435
2770 3144 123
846 3145 242
1164 3145 246
953 3146 394
1155 3146 317
1788 3147 146
2527 3147 150
556 3148 152
622 3148 174
27 3149 583
2592 3149 373
984 3150 540
2384 3151 256
734 3152 319
1859 3152 237
2396 3153 591
2535 3154 975
573 3155 132
2885 3156 339
896 3158 211
1223 3159 353
1870 3159 229
451 3161 744
1835 3162 203
2968 3162 230
594 3163 224
2103 3163 181
530 3164 568
574 3164 342
2258 3165 121
2344 3165 148
402 3166 675
2871 3166 667
2004 3167 374
2449 3167 568
2196 3168 860
1024 3169 222
1174 3169 200
1882 3170 196
2621 3170 203
798 3171 203
1356 3171 252
2331 3172 602
277 3173 114
932 3173 440
1748 3174 332
1623 3175 109
2940 3175 107
2250 3176 127
2619 3177 166
815 3178 353
2266 3178 575
1326 3180 255
1701 3180 324
939 3181 137
2317 3181 600
2721 3182 411
3142 3182 501
1325 3183 161
987 3184 190
997 3184 659
2373 3186 220
428 3187 372
577 3188 352
479 3189 279
2654 3190 780
3123 3190 876
2525 3191 301
2597 3191 168
2815 3192 303
2449 3194 149
1448 3195 417
2177 3195 378
1865 3196 115
469 3197 150
308 3198 653
865 3199 104
170 3200 909
1379 3200 785
3137 3201 300
1816 3202 201
2029 3202 205
2232 3203 899
1038 3206 171
1630 3206 680
848 3207 191
2052 3208 511
3029 3208 702
1298 3209 465
2570 3209 116
194 3210 468
321 3210 386
1790 3211 177
3095 3212 261
487 3213 181
2744 3213 245
2475 3214 143
2048 3215 394
2255 3216 271
2431 3216 262
2270 3217 404
2227 3220 105
1712 3221 138
3160 3221 208
867 3222 121
1311 3223 247
2359 3224 825
2651 3225 932
583 3226 104
2379 3227 134
1659 3228 388
936 3229 182
996 3229 160
2526 3230 839
864 3231 231
3192 3231 227
38 3232 503
3218 3232 408
2539 3233 236
1377 3234 317
720 3235 224
804 3235 152
2824 3236 152
135 3237 151
985 3237 404
564 3238 119
2474 3238 309
902 3239 399
3022 3240 522
715 3241 169
1454 3242 849
2689 3243 846
2865 3244 160
2786 3245 168
1328 3246 436
2799 3247 126
2519 3248 570
667 3249 637
1435 3249 768
1550 3250 377
1934 3250 262
2242 3252 759
465 3253 263
753 3254 227
1127 3254 288
692 3255 304
239 3256 153
1764 3256 624
2118 3257 275
2761 3257 368
674 3258 240
2699 3258 401
2097 3259 272
2363 3260 334
3157 3260 314
1934 3262 255
2000 3262 208
1120 3263 606
3048 3264 114
304 3265 153
2478 3266 234
1575 3267 577
2253 3267 545
2610 3268 303
2748 3270 213
471 3271 276
78 3272 361
1838 3272 272
146 3273 736
544 3273 111
1690 3274 269
152 3275 136
2508 3275 157
843 3276 155
3247 3276 166
2863 3277 296
1264 3279 399
2038 3279 314
1071 3280 127
2329 3280 206
250 3281 170
2945 3282 188
2626 3283 208
2095 3284 459
1872 3285 274
2325 3285 196
880 3286 256
2679 3286 327
2462 3287 487
3261 3287 683
719 3288 334
1356 3288 159
1517 3289 317
2198 3289 370
1313 3290 229
1711 3291 280
97 3292 200
1062 3292 152
1098 3293 216
2687 3294 123
2536 3295 460
2674 3296 382
2719 3296 701
2943 3297 258
198 3298 800
952 3299 155
1176 3300 604
2659 3300 387
54 3301 691
1761 3302 362
3218 3302 342
1095 3303 284
1921 3303 294
1796 3304 108
2327 3304 517
2235 3305 150
3067 3305 106
472 3306 207
2343 3306 735
2473 3307 174
2531 3307 617
557 3308 921
1201 3309 411
1426 3311 147
169 3312 171
196 3312 210
1173 3313 368
1382 3313 381
2562 3315 126
1292 3316 461
2768 3316 322
225 3317 244
1500 3317 181
164 3318 342
2148 3318 928
2067 3319 172
2808 3319 254
552 3321 835
1181 3323 141
1936 3323 197
126 3324 564
570 3325 108
2495 3325 100
685 3326 246
2330 3326 234
2103 3327 194
4 3329 970
1509 3329 772
79 3330 228
2994 3330 197
1585 3331 701
2634 3333 337
1740 3334 867
1531 3336 128
3097 3336 144
1228 3338 590
1634 3339 346
3066 3342 209
2034 3343 132
2383 3343 152
1035 3344 988
1879 3344 677
1417 3345 913
1631 3345 181
999 3346 245
2676 3347 164
1725 3349 126
1486 3350 165
1420 3351 138
1841 3352 211
2522 3352 186
47 3353 275
510 3354 991
2463 3354 487
3269 3355 530
609 3356 157
1983 3356 149
1004 3358 220
1202 3359 166
1849 3360 150
2369 3360 169
995 3361 758
3248 3361 552
842 3362 363
3143 3363 414
3278 3363 338
826 3364 173
2229 3364 986
1436 3365 311
1811 3365 224
1755 3366 408
972 3367 106
1198 3367 104
2143 3368 157
3008 3368 190
982 3369 273
2386 3369 249
487 3370 136
2040 3370 121
1537 3371 174
2848 3371 122
656 3372 574
938 3373 223
1193 3373 199
2069 3374 482
3320 3374 368
3172 3375 142
1799 3380 111
659 3381 330
872 3381 291
1092 3382 346
2144 3384 118
2701 3384 439
610 3385 686
71 3386 209
2191 3386 129
1246 3387 705
2223 3387 433
1300 3388 398
3290 3388 399
2174 3390 223
462 3391 306
2405 3392 604
2708 3393 187
1065 3394 553
3130 3395 509
3394 3395 674
638 3396 647
1205 3396 710
831 3397 235
58 3398 285
2826 3398 227
1888 3400 271
2327 3400 313
2731 3401 324
1185 3402 256
1835 3402 282
1609 3404 688
2404 3405 424
3357 3405 406
978 3406 205
2890 3407 813
1855 3408 318
1485 3409 209
1590 3409 198
2844 3410 122
3240 3410 862
1252 3412 203
2131 3412 256
1574 3414 695
251 3415 485
3351 3416 180
1547 3418 374
1960 3419 550
2445 3419 276
222 3421 175
1031 3421 169
761 3422 221
2336 3422 134
1040 3424 747
2308 3424 150
1501 3425 487
1558 3425 405
463 3426 234
3346 3426 229
3362 3427 392
1539 3428 128
2902 3428 153
1956 3429 217
1996 3429 333
386 3430 151
2487 3430 821
2492 3431 236
2361 3432 378
2781 3432 676
2364 3433 190
3020 3433 282
2055 3434 151
3193 3434 148
1387 3435 894
2552 3435 400
2373 3436 209
299 3437 190
165 3438 296
2925 3438 146
1167 3439 223
2503 3439 153
1538 3440 347
2338 3440 257
675 3441 133
1210 3441 373
1249 3442 191
123 3443 110
1300 3444 126
3259 3444 162
1728 3445 472
2574 3445 347
183 3446 108
1446 3446 949
514 3447 118
3154 3448 804
1932 3449 868
872 3450 214
2613 3450 231
367 3451 194
1557 3452 177
2930 3452 216
35 3453 137
2958 3453 135
1568 3454 310
2714 3455 369
3454 3456 359
1917 3457 142
2454 3458 230
1161 3461 159
1800 3461 194
139 3462 558
1367 3463 364
2471 3463 124
1535 3464 635
511 3465 136
2763 3465 138
2324 3466 383
87 3467 626
699 3468 417
3084 3468 333
1575 3469 165
313 3470 692
768 3471 435
567 3472 244
2578 3472 177
42 3474 264
1513 3474 235
883 3475 399
2984 3476 299
892 3477 232
3179 3478 169
1745 3480 308
2211 3480 377
262 3482 355
873 3483 440
2231 3484 649
986 3485 421
2978 3485 185
447 3486 314
3055 3486 284
285 3487 564
323 3487 280
1767 3488 207
3157 3488 464
2251 3489 125
1522 3490 347
979 3491 470
1477 3492 252
2189 3492 451
478 3493 217
1720 3494 170
38 3495 749
2276 3495 211
2290 3496 218
858 3497 104
3138 3497 978
1036 3498 222
3391 3498 291
1145 3499 101
2448 3499 592
3311 3500 151
596 3501 864
2495 3501 892
1556 3502 257
1887 3503 488
3348 3503 427
2178 3504 193
1321 3505 232
2388 3505 910
85 3506 479
3047 3506 210
3104 3507 180
2576 3508 376
2765 3508 719
452 3509 372
1239 3509 105
1293 3510 352
3348 3510 558
956 3511 110
2408 3511 104
1317 3512 122
1720 3513 196
1762 3513 205
2098 3514 166
2945 3514 198
4 3515 176
3389 3515 640
909 3516 167
2505 3517 206
2914 3518 396
125 3519 188
3223 3520 256
1635 3521 276
2401 3521 361
2908 3522 150
1122 3523 339
1415 3523 279
817 3524 332
1223 3524 439
1141 3525 295
1479 3525 212
2111 3526 170
2359 3526 698
343 3527 440
837 3527 367
1236 3528 397
2488 3528 542
2727 3529 197
2947 3529 216
1178 3530 335
746 3531 960
3449 3531 659
1897 3532 384
3473 3532 401
2894 3533 869
1020 3534 138
2366 3534 149
1046 3535 424
2216 3535 543
614 3536 211
2561 3536 522
3004 3537 565
3464 3537 646
709 3538 103
915 3539 241
337 3541 113
1537 3541 262
106 3542 868
377 3543 138
1837 3543 131
538 3544 264
1178 3544 264
2636 3545 203
3471 3545 233
1211 3546 179
2794 3546 135
1662 3548 167
2492 3549 240
653 3550 271
2176 3551 155
2622 3551 484
1538 3552 427
1541 3552 114
1458 3553 134
1935 3554 142
2122 3554 143
532 3555 175
1375 3555 162
1955 3556 124
2285 3557 116
2277 3559 237
2478 3559 290
2410 3560 243
3518 3560 127
94 3561 207
3458 3561 234
612 3562 189
298 3563 307
676 3563 232
1348 3564 584
871 3565 627
2777 3565 355
2863 3566 325
1269 3567 180
2899 3567 151
65 3568 334
3188 3568 358
2663 3569 157
2020 3570 393
3153 3570 576
1079 3571 792
2742 3571 178
1401 3572 169
133 3573 206
1500 3573 173
190 3574 287
2275 3574 231
1007 3575 319
1195 3576 344
2696 3576 417
2350 3577 202
3417 3577 277
694 3578 440
2529 3578 383
88 3579 995
376 3579 993
1670 3580 584
2963 3580 607
355 3581 215
2827 3581 185
1519 3582 677
2212 3582 731
20 3583 234
274 3583 225
920 3584 228
3431 3584 260
2074 3585 437
2037 3586 388
435 3587 135
208 3588 219
1731 3588 302
233 3589 432
905 3589 635
1868 3590 397
1846 3591 371
3161 3591 493
1831 3592 241
2015 3593 430
1013 3594 133
3144 3594 149
1658 3595 775
3108 3595 667
2198 3596 474
3566 3596 144
1941 3597 277
2928 3597 280
1675 3598 248
2094 3598 341
1099 3599 404
1981 3599 784
1242 3600 178
2119 3600 377
1058 3601 176
2128 3601 201
2345 3602 334
3379 3602 541
1765 3603 309
2393 3603 396
1022 3604 158
661 3605 920
2072 3605 404
1958 3606 233
1964 3606 163
225 3607 182
1410 3607 308
2458 3608 178
1665 3609 322
585 3610 125
1518 3610 123
1559 3611 631
2976 3611 436
2464 3612 172
1375 3613 187
1888 3613 186
658 3614 599
3415 3614 559
2546 3615 148
2920 3615 290
2225 3616 274
2287 3616 176
830 3618 346
3469 3618 135
2752 3619 333
3379 3619 221
3024 3620 157
3079 3620 208
1425 3621 649
682 3622 145
1474 3623 137
2066 3624 150
2899 3624 144
121 3625 963
1389 3625 693
1053 3626 429
521 3627 105
3466 3627 922
1279 3629 296
3519 3629 310
587 3630 430
1805 3631 145
316 3632 504
2355 3632 282
3214 3633 407
2654 3634 371
2172 3635 141
193 3636 335
780 3636 548
2685 3637 247
203 3638 482
2070 3638 331
1247 3639 567
1405 3639 412
1128 3640 271
1484 3640 582
1910 3641 367
2734 3641 319
17 3642 289
1785 3642 214
3481 3643 109
1587 3644 745
2655 3644 487
2809 3645 112
1005 3646 144
3631 3648 221
763 3649 484
2110 3649 427
1120 3650 492
1988 3650 882
2885 3651 296
1504 3652 485
3138 3652 122
2084 3653 360
1478 3655 243
1884 3655 234
1355 3656 119
99 3657 156
128 3657 147
233 3658 969
3111 3658 513
1647 3659 275
2645 3659 359
180 3660 460
542 3661 292
3039 3661 238
974 3662 106
2009 3662 101
3194 3663 592
1673 3665 971
3261 3665 442
1510 3666 124
777 3667 249
2273 3667 335
3443 3668 151
2424 3669 595
918 3670 239
1549 3671 207
1582 3671 194
1194 3673 296
1779 3673 488
1916 3674 266
1327 3675 281
1822 3675 375
2571 3676 298
2583 3676 431
673 3677 160
1908 3677 747
2174 3678 291
2265 3680 347
3626 3680 467
82 3681 246
2598 3681 571
2322 3682 954
3246 3682 700
2538 3683 272
3205 3683 368
827 3684 147
746 3685 923
2967 3685 390
1755 3686 663
2775 3686 625
214 3687 233
3088 3688 802
2206 3689 607
523 3691 185
1986 3692 140
480 3693 444
664 3693 136
1268 3694 269
3060 3694 209
1378 3695 558
3411 3696 129
433 3697 256
3338 3697 819
2237 3698 451
2442 3699 283
3491 3700 314
1351 3701 131
2245 3701 113
1503 3702 117
672 3703 555
1149 3703 435
1531 3704 110
2816 3704 111
524 3705 920
2762 3705 107
2549 3706 100
1381 3707 380
3004 3707 162
1595 3708 133
3134 3708 152
1700 3709 443
3151 3709 524
382 3710 266
48 3711 345
2461 3711 904
3411 3712 121
2380 3713 283
1384 3714 233
3320 3715 251
191 3716 230
1173 3716 309
2392 3717 234
3377 3717 226
137 3718 531
2627 3718 135
179 3719 339
1753 3719 502
1080 3720 216
1737 3721 545
3481 3722 112
2376 3723 293
3349 3724 103
1708 3725 731
2252 3725 315
260 3726 449
2550 3726 537
1709 3727 205
2163 3727 214
339 3728 729
1246 3728 863
1237 3729 678
3520 3729 113
90 3731 238
3664 3731 182
279 3732 111
483 3733 189
770 3733 170
2163 3734 299
3072 3734 335
686 3735 283
1044 3736 218
3327 3736 191
368 3737 222
2349 3738 471
2746 3738 262
143 3740 440
1746 3740 591
3684 3741 149
3484 3742 106
820 3743 230
3284 3743 659
2351 3744 383
2986 3744 401
343 3745 340
3269 3745 667
1968 3746 221
3442 3746 161
640 3747 101
2870 3748 540
1094 3749 132
406 3750 157
408 3751 102
1051 3751 104
536 3752 653
1259 3752 312
3332 3753 282
281 3754 872
2555 3754 121
272 3755 389
1601 3755 253
148 3756 597
3020 3756 253
2867 3757 223
739 3758 227
1106 3758 301
1025 3759 227
1493 3759 321
724 3760 232
1684 3760 419
519 3761 695
2944 3762 803
1483 3764 108
1879 3765 664
1981 3765 383
383 3766 153
2677 3767 571
3309 3767 413
3253 3770 635
1431 3771 288
2156 3771 272
3739 3772 416
2418 3773 196
356 3774 314
2692 3774 273
460 3775 125
961 3775 315
2090 3776 257
1310 3777 172
1121 3778 760
62 3779 472
1061 3780 805
3389 3780 271
1810 3781 121
3540 3781 112
84 3782 545
3592 3783 275
2639 3784 244
3017 3784 225
2743 3785 891
371 3786 621
2606 3786 488
1339 3787 369
1864 3788 138
2173 3788 645
18 3790 979
1699 3790 103
1296 3791 322
528 3792 241
3060 3792 231
979 3793 613
3013 3793 240
713 3794 233
1019 3794 195
1441 3795 417
586 3796 745
1027 3796 528
2688 3797 169
3569 3797 194
43 3798 144
2553 3800 115
1274 3801 102
761 3802 102
1072 3802 534
317 3803 180
2365 3804 157
1472 3806 393
2864 3806 260
1961 3807 385
599 3808 158
747 3808 134
582 3809 316
3653 3809 643
107 3810 436
1544 3810 824
515 3811 226
3075 3811 220
2225 3813 305
647 3814 442
1227 3814 674
3094 3815 173
2303 3816 166
814 3818 281
331 3819 551
3414 3819 239
2123 3820 143
2612 3820 155
287 3821 525
1030 3821 539
3702 3822 127
1546 3823 231
2588 3823 377
2133 3824 365
2949 3824 215
1679 3825 171
3390 3825 225
1236 3826 331
1508 3826 357
886 3827 361
1901 3827 902
3540 3828 105
3692 3828 116
1003 3829 685
1749 3829 474
1715 3830 660
3378 3830 611
501 3831 128
1157 3832 175
833 3833 191
1794 3833 252
1338 3834 134
1455 3834 111
634 3835 238
1576 3835 336
1332 3836 554
2822 3836 405
394 3837 187
2157 3838 475
1106 3839 254
3217 3839 890
2308 3840 931
906 3841 231
3778 3841 777
1010 3842 560
2717 3842 807
1986 3843 192
3840 3843 333
2567 3844 924
2594 3844 815
2957 3845 456
1713 3846 243
2044 3846 947
617 3847 119
1837 3847 105
19 3848 839
3155 3848 134
758 3849 145
34 3850 174
1427 3851 168
822 3852 157
2921 3853 248
3032 3854 231
3572 3854 197
1574 3855 233
1581 3855 479
1426 3856 150
1460 3856 183
3417 3857 195
3654 3857 215
29 3858 194
762 3859 446
1770 3859 367
49 3861 133
117 3862 534
2803 3862 812
3420 3863 555
2636 3864 198
3818 3864 198
2770 3865 170
2861 3865 116
270 3866 681
841 3867 917
1007 3867 781
2129 3868 374
3224 3868 810
1638 3869 278
3278 3869 862
3233 3870 260
3679 3870 154
627 3871 204
1516 3871 168
2375 3872 643
2638 3872 362
2054 3873 971
2451 3874 234
2528 3874 230
751 3875 170
2046 3875 164
3059 3876 573
1989 3877 136
2288 3877 105
2188 3878 134
2564 3879 105
331 3880 252
1403 3881 130
2018 3881 145
874 3882 139
2068 3882 212
1124 3883 285
2496 3884 118
3590 3884 123
445 3886 287
3799 3886 138
1412 3887 223
3575 3887 396
2209 3888 234
786 3889 557
1704 3889 465
3817 3890 169
1317 3891 755
2407 3892 239
3585 3892 211
3220 3893 119
385 3894 481
1325 3895 242
2853 3896 519
3189 3896 390
808 3897 523
3314 3897 820
2711 3898 279
1389 3899 231
1993 3899 316
919 3900 101
1436 3900 607
3656 3901 127
2273 3902 407
2880 3902 534
2280 3903 359
1724 3904 426
3242 3904 476
1277 3905 318
3131 3905 242
745 3906 351
948 3906 279
2744 3907 373
3512 3907 127
2626 3908 504
1254 3909 142
1321 3909 188
1885 3910 690
2442 3910 664
110 3911 179
3406 3911 156
3688 3912 572
3908 3912 101
11 3913 233
703 3913 213
1006 3914 114
1473 3915 310
2877 3915 217
2505 3916 239
1896 3917 127
91 3918 535
98 3918 571
206 3919 256
2419 3919 284
2150 3920 594
2395 3920 206
1089 3921 565
1592 3921 256
3812 3922 103
3894 3922 458
523 3923 175
3293 3923 188
144 3924 319
1362 3925 246
1750 3925 208
2067 3926 178
3160 3927 958
3204 3927 333
1940 3928 139
1521 3929 935
1584 3929 858
2490 3930 105
3385 3930 580
3294 3931 135
3393 3931 161
560 3932 489
678 3932 442
160 3933 301
2367 3933 160
3713 3934 513
3782 3934 503
2190 3936 311
789 3937 308
1405 3937 394
1056 3938 143
1546 3938 172
3690 3939 421
989 3940 301
2633 3940 532
2601 3941 152
2959 3941 139
190 3942 246
446 3942 329
2397 3943 825
3203 3943 668
380 3944 136
536 3944 117
2087 3945 807
2873 3946 347
3558 3947 304
569 3948 146
2161 3948 136
1580 3949 153
3129 3950 521
3502 3950 479
962 3951 335
3291 3951 348
1750 3952 230
2243 3953 131
3787 3953 759
3456 3954 413
2773 3955 177
3807 3955 704
684 3956 147
2443 3956 199
1429 3957 161
3617 3958 146
785 3959 248
342 3960 187
853 3961 406
1495 3961 348
230 3962 162
1152 3962 152
2326 3963 253
3851 3963 193
1497 3964 445
1862 3964 143
2396 3965 106
211 3966 353
3482 3966 610
648 3967 137
1080 3968 468
2199 3968 295
1708 3969 140
2812 3969 798
3270 3970 353
3399 3970 202
327 3971 185
1920 3971 206
1922 3972 150
3861 3972 145
2354 3973 268
3032 3973 265
2280 3974 394
96 3975 342
2290 3975 296
24 3976 371
396 3976 424
2484 3977 129
3645 3978 116
3712 3978 117
3849 3980 805
2 3982 153
2070 3983 251
1747 3984 348
3634 3984 441
3219 3985 856
3392 3985 140
338 3987 592
3947 3987 391
3460 3988 574
2210 3989 392
3739 3989 465
980 3990 346
3879 3990 517
2233 3991 775
3891 3991 190
3722 3992 128
924 3993 687
1159 3993 269
2352 3994 410
854 3995 544
1693 3995 498
3917 3996 123
666 3998 234
3268 3998 266
2305 3999 398
3530 3999 303
460 4000 589
941 4001 224
1074 4001 206
96 4002 104
694 4002 582
468 4003 780
2821 4004 495
3462 4005 857
258 4006 255
3983 4006 203
1802 4007 654
2227 4007 135
1734 4008 152
1964 4009 134
2999 4009 108
1850 4011 379
2175 4011 154
1403 4012 144
3822 4012 130
3883 4013 581
680 4014 610
234 4015 218
2108 4015 287
3779 4016 231
3785 4016 284
1695 4017 171
3850 4017 166
51 4018 336
522 4018 414
1573 4019 741
3812 4019 717
870 4020 123
1364 4020 621
138 4021 300
1410 4021 202
436 4022 442
2942 4023 234
1951 4024 717
1005 4025 404
1660 4026 612
3301 4026 366
2173 4027 961
4004 4027 506
147 4028 425
3473 4028 575
1028 4029 193
1676 4029 166
1067 4030 221
3039 4030 243
788 4031 212
1017 4032 250
2459 4032 564
1104 4033 473
2935 4034 596
3114 4035 328
3342 4036 251
1794 4037 292
2054 4037 638
249 4038 466
962 4038 746
555 4040 276
1112 4041 260
3418 4041 205
228 4042 570
3098 4042 852
783 4043 257
1775 4043 412
2237 4044 109
73 4045 197
2499 4045 210
61 4047 195
1097 4047 194
1495 4048 301
4035 4048 258
1963 4049 361
1001 4050 339
3853 4050 221
131 4051 109
3623 4051 110
736 4052 682
3112 4052 259
1461 4053 436
3946 4053 373
1093 4054 282
2339 4054 659
1443 4056 141
3878 4056 148
105 4057 506
2635 4058 117
2687 4058 117
769 4059 197
2529 4059 188
643 4060 302
1544 4060 415
2821 4062 409
1187 4063 146
1278 4063 313
335 4064 105
2012 4064 104
1186 4065 194
1911 4065 153
508 4066 998
2682 4066 125
77 4067 174
1956 4067 211
297 4068 241
871 4068 399
304 4069 167
834 4069 155
2164 4070 166
3664 4070 176
1266 4071 711
1760 4071 292
2168 4072 244
3773 4072 197
812 4073 464
1682 4073 300
836 4074 330
3215 4074 614
3225 4075 119
1434 4076 361
1739 4076 472
194 4077 831
2617 4077 214
509 4078 114
2820 4079 177
1141 4080 518
1629 4081 141
2062 4081 687
1256 4082 291
3769 4082 222
453 4083 202
1586 4083 206
178 4084 260
2369 4084 211
3028 4085 174
412 4086 278
618 4086 296
1337 4087 179
2210 4087 229
3837 4089 221
578 4090 527
2646 4091 136
105 4092 132
1414 4092 107
1775 4093 406
3628 4093 898
202 4094 901
1452 4094 142
930 4095 365
2630 4095 382
3803 4096 149
3980 4096 129
755 4097 323
2023 4097 316
1542 4098 102
3724 4098 107
2769 4099 657
4061 4099 536
1014 4100 650
3470 4100 499
3737 4102 290
4046 4102 327
181 4103 243
572 4103 207
2996 4104 305
486 4105 365
3460 4105 125
3539 4106 175
3696 4106 144
100 4107 560
4078 4107 750
1707 4108 440
2469 4108 480
3698 4109 457
4049 4109 248
3420 4110 439
3689 4110 467
2965 4111 477
716 4112 126
1760 4113 729
1898 4113 288
857 4114 183
1829 4114 164
1841 4115 164
3179 4115 199
738 4116 196
2992 4116 220
75 4117 124
3914 4117 111
1959 4118 161
3447 4118 144
1413 4119 355
3314 4119 355
3401 4120 235
3496 4120 250
1950 4121 325
3493 4121 200
1294 4122 128
1742 4122 134
1204 4124 152
533 4125 413
2706 4126 639
449 4127 118
2777 4127 448
1499 4128 185
1011 4129 248
2623 4129 367
3029 4130 759
3241 4130 866
2218 4131 414
2398 4131 498
2838 4132 325
681 4133 616
1860 4133 747
1061 4134 248
366 4135 741
1074 4136 241
1800 4137 153
3622 4137 187
3335 4138 285
3243 4139 920
3457 4139 116
2804 4140 191
3236 4140 151
177 4141 526
1915 4142 613
2441 4142 309
1157 4143 133
1213 4143 115
2785 4144 401
3646 4145 897
3860 4145 670
1683 4146 605
2440 4146 237
3282 4147 284
3404 4147 338
1288 4148 472
2219 4148 519
1609 4149 299
1592 4150 555
4079 4150 317
381 4151 779
1235 4151 187
1442 4152 664
1650 4153 173
2162 4153 107
3437 4154 208
2247 4155 139
2873 4155 367
1928 4156 167
3587 4156 167
1206 4157 127
2144 4157 650
2625 4158 201
3310 4158 185
3245 4159 168
3715 4159 222
847 4160 142
2958 4160 136
1188 4161 543
2375 4161 472
3035 4162 130
3945 4162 548
70 4163 185
2010 4163 194
742 4164 353
1757 4164 423
3123 4165 260
3222 4165 335
595 4166 189
1903 4166 215
2197 4167 392
3198 4167 386
1825 4168 168
712 4169 721
758 4169 104
287 4170 532
1001 4170 326
1830 4171 352
3459 4171 462
863 4172 257
2901 4173 107
2934 4173 204
2148 4174 145
2293 4174 243
2929 4175 304
3660 4175 231
307 4176 397
4141 4176 425
1177 4177 126
205 4178 391
3979 4178 280
119 4179 441
4104 4179 514
1103 4180 676
1327 4180 423
3516 4181 127
1408 4182 260
2652 4182 191
493 4183 549
2232 4183 746
2648 4184 156
238 4185 337
2376 4185 301
2929 4186 253
3647 4186 340
1470 4187 721
3185 4188 107
3706 4188 711
1368 4189 111
3542 4189 800
457 4190 330
1744 4190 273
772 4191 242
832 4191 705
2053 4192 709
2257 4193 925
3283 4194 459
3423 4194 172
1626 4195 500
3538 4195 341
4040 4196 212
2086 4197 184
3479 4197 157
578 4198 464
3451 4198 677
437 4199 214
2718 4199 147
2107 4200 399
4138 4200 370
1009 4201 520
2473 4201 155
1220 4202 773
2642 4202 488
2620 4203 399
3981 4203 330
849 4204 255
1280 4204 175
3483 4205 130
1323 4206 195
2411 4206 108
3858 4207 183
794 4208 142
2671 4208 207
1208 4209 109
1931 4209 132
3037 4210 132
436 4211 224
205 4212 106
3710 4212 560
455 4213 375
1830 4213 484
2810 4214 216
3477 4214 226
757 4215 256
2131 4215 232
1 4216 175
1983 4216 147
89 4217 480
301 4217 496
691 4218 546
2580 4218 999
2639 4219 250
4023 4219 220
988 4220 674
1819 4220 246
3353 4221 223
3562 4221 169
815 4222 240
1408 4222 567
831 4223 196
1617 4224 171
3766 4224 198
2764 4225 189
3211 4225 165
1281 4226 190
3347 4226 219
898 4227 534
4123 4227 836
1159 4228 138
2337 4228 390
1218 4229 486
1772 4229 252
804 4230 134
3556 4230 106
1711 4231 206
2950 4231 257
2189 4232 522
3817 4232 620
3666 4233 704
3078 4234 143
440 4235 155
2319 4235 192
366 4236 370
1855 4236 417
1238 4237 265
2950 4237 188
1353 4238 120
3263 4238 697
3885 4239 303
3072 4240 538
1977 4241 155
2662 4241 172
1795 4242 116
3340 4242 476
3081 4243 563
598 4244 111
2263 4245 316
3721 4245 398
3265 4246 208
3328 4246 191
1774 4247 542
1747 4248 357
2811 4248 437
1063 4249 101
3264 4249 231
1380 4250 168
3800 4250 128
2547 4251 269
662 4252 156
802 4252 155
316 4253 339
1733 4253 557
1098 4254 287
3196 4254 592
663 4255 155
142 4256 278
1136 4257 264
3025 4257 264
1411 4258 574
2427 4258 408
1261 4259 106
2238 4260 252
2907 4261 315
3212 4261 206
3049 4262 408
3201 4262 501
2248 4263 363
1869 4264 665
2742 4264 120
2660 4265 297
3885 4265 878
514 4266 105
893 4267 158
1783 4267 128
1729 4268 540
1974 4269 234
3557 4269 345
3110 4270 259
4089 4271 327
2758 4272 539
2833 4272 146
2410 4273 787
3988 4273 979
208 4274 294
2854 4274 255
404 4275 487
2857 4275 305
621 4276 354
2271 4276 271
1496 4277 436
3608 4277 268
520 4278 265
2970 4279 140
3199 4279 864
654 4280 187
2203 4280 280
1536 4281 507
2721 4281 498
1399 4282 167
3550 4282 187
1758 4283 145
4172 4283 989
97 4284 146
2538 4285 616
3783 4285 292
816 4287 420
4152 4287 398
1672 4288 788
1668 4289 393
3799 4290 861
443 4291 180
732 4291 233
3533 4292 106
3890 4292 114
3880 4293 291
4286 4294 126
727 4295 240
1938 4295 518
2139 4297 308
4005 4297 594
742 4298 501
1086 4298 274
1171 4299 183
2755 4299 224
104 4300 234
2747 4300 543
1016 4301 152
2383 4301 151
432 4302 401
2839 4302 492
3504 4303 550
4286 4303 920
806 4304 108
1054 4304 300
2895 4305 120
3996 4305 857
1864 4306 979
3035 4306 966
502 4307 191
1467 4307 158
1310 4308 234
1407 4308 195
386 4309 854
1975 4309 295
215 4310 127
1796 4310 225
2171 4311 181
2664 4311 226
2518 4312 176
3609 4312 274
195 4313 162
2727 4313 174
1196 4314 670
1923 4314 240
545 4315 212
2156 4315 214
788 4316 232
879 4317 324
311 4318 334
3037 4318 125
2485 4319 325
1923 4320 892
4240 4320 105
2932 4321 187
3730 4321 393
855 4322 161
2595 4322 178
2390 4323 203
3654 4323 200
3226 4324 236
3403 4324 162
913 4325 159
1520 4325 161
1466 4326 369
3427 4326 328
430 4327 405
1349 4328 132
1614 4329 542
4327 4329 528
3668 4330 168
4111 4330 479
4101 4331 208
3866 4332 481
3789 4333 582
89 4334 704
330 4334 628
2068 4335 164
1642 4336 200
3251 4336 198
2814 4337 102
3747 4337 932
3375 4338 569
3749 4338 784
796 4339 929
2343 4339 785
773 4340 118
4181 4340 115
496 4341 348
3459 4341 251
103 4342 198
267 4342 694
551 4343 279
3328 4343 277
476 4344 195
1479 4344 157
398 4345 363
3337 4345 249
539 4346 429
2532 4346 846
749 4347 139
3098 4347 149
2126 4348 933
3036 4348 521
1659 4349 130
3742 4349 217
591 4350 847
890 4351 125
2644 4351 283
204 4352 211
3119 4352 680
362 4354 264
957 4354 130
881 4355 393
2081 4355 360
400 4356 283
1131 4356 250
2 4357 152
2470 4357 127
723 4358 135
239 4359 260
444 4359 551
3764 4360 402
1148 4361 130
3547 4361 100
410 4362 150
2733 4362 258
1802 4363 137
2097 4363 105
2875 4364 258
3266 4364 262
1275 4365 238
3691 4365 195
3277 4366 191
596 4367 904
2795 4367 975
3103 4368 125
2578 4369 171
1515 4370 716
4296 4370 443
1370 4371 371
1827 4371 304
2479 4372 252
2542 4372 252
696 4373 894
3617 4373 364
938 4374 199
4270 4374 229
1287 4375 181
3750 4375 141
2337 4376 294
3204 4376 807
134 4377 107
430 4378 401
593 4378 321
76 4379 267
1068 4379 199
1821 4380 119
2045 4380 111
3860 4381 578
2896 4382 933
4243 4382 686
158 4383 328
1203 4383 113
1386 4384 269
2697 4384 320
67 4385 297
4353 4385 426
740 4386 101
1947 4386 133
748 4387 449
910 4387 802
998 4388 254
4251 4388 267
879 4389 323
1196 4389 343
150 4390 985
1466 4390 103
3135 4391 550
1037 4392 742
4135 4392 384
34 4393 204
2099 4394 189
2137 4394 216
66 4395 642
3895 4395 628
3873 4396 717
968 4397 171
4317 4397 188
341 4398 159
2036 4398 196
467 4399 542
3898 4399 324
3366 4400 373
571 4401 418
1692 4401 241
1083 4403 212
4205 4403 583
665 4404 243
2722 4405 277
3723 4405 242
1251 4406 328
2048 4406 422
1009 4407 492
1304 4407 377
1063 4408 933
3125 4408 706
1187 4409 152
3252 4409 157
3061 4410 211
3720 4410 364
1333 4411 713
3958 4411 254
122 4412 179
2680 4412 230
3219 4413 175
4075 4413 388
2056 4414 194
2158 4414 120
1556 4415 221
822 4416 157
466 4417 169
847 4417 144
332 4418 100
1730 4418 129
3549 4419 183
3967 4419 177
4000 4420 358
4101 4420 264
1611 4421 131
3340 4421 175
579 4422 218
3936 4422 223
2591 4423 156
3011 4423 189
2870 4424 616
4046 4424 411
363 4425 450
865 4425 115
663 4426 222
3924 4426 170
471 4427 227
3207 4427 187
3244 4428 153
4008 4428 150
3030 4429 758
141 4430 205
3564 4430 779
505 4431 279
1515 4431 725
1110 4432 225
1992 4432 354
588 4433 258
3757 4433 400
1176 4434 110
1678 4434 530
2291 4435 574
2664 4435 387
291 4436 677
1383 4436 732
2395 4437 398
3436 4437 292
3960 4438 155
1451 4439 107
2075 4439 260
268 4440 575
1320 4440 670
25 4441 356
3952 4442 287
21 4443 203
3377 4443 165
2242 4444 122
2677 4444 820
1726 4445 287
117 4446 777
4381 4446 525
457 4447 204
1396 4447 275
106 4448 110
3141 4448 129
283 4449 252
3714 4449 299
1229 4450 199
3158 4450 211
2051 4451 161
4055 4451 150
963 4452 437
3669 4452 422
1116 4453 138
3337 4453 168
3052 4454 122
3376 4454 115
2918 4455 172
3768 4455 257
1498 4456 112
4112 4456 139
3119 4457 411
3776 4457 258
3310 4458 200
533 4459 452
1015 4459 484
653 4460 360
1603 4460 710
1225 4461 402
2255 4461 387
1526 4462 350
1702 4463 140
4415 4463 150
315 4464 164
2518 4464 185
1092 4465 280
1726 4465 285
582 4466 437
697 4466 338
52 4467 869
1652 4467 365
756 4468 240
2980 4468 241
769 4469 138
1904 4469 149
2653 4470 974
1215 4471 197
2611 4471 220
1342 4472 496
3350 4472 246
644 4473 393
700 4473 313
568 4474 437
2981 4474 646
1076 4475 262
2095 4475 322
639 4476 295
4256 4476 386
3380 4477 371
3674 4477 360
1322 4478 893
1507 4478 835
2968 4479 194
3358 4479 218
851 4480 998
2282 4481 112
2773 4482 100
1815 4483 238
2463 4483 254
311 4484 485
2858 4484 740
3954 4485 414
4482 4485 895
3383 4486 232
2312 4487 130
3397 4489 254
4031 4489 271
2259 4490 265
4039 4490 246
837 4491 365
4260 4491 380
66 4492 139
1493 4492 473
1058 4493 193
3478 4493 189
3255 4494 196
3295 4494 637
1265 4495 369
2504 4495 286
3648 4496 179
4293 4496 246
839 4497 134
1991 4498 191
3494 4498 184
1856 4499 330
2420 4500 644
2775 4500 869
3522 4501 265
3876 4501 355
869 4502 713
1654 4503 452
2551 4503 564
3690 4504 559
3748 4504 640
958 4505 227
4036 4505 240
1478 4506 119
3633 4506 616
1180 4507 307
4057 4507 577
134 4508 119
4480 4508 867
683 4509 268
730 4510 891
56 4511 649
4462 4511 367
944 4512 561
965 4512 662
426 4513 187
1784 4513 206
1891 4514 918
3763 4515 245
4488 4515 200
475 4516 120
3322 4516 133
901 4517 264
2549 4517 291
2182 4518 114
3732 4518 103
2783 4519 154
3637 4519 218
2443 4520 255
2843 4520 394
3332 4521 223
3507 4521 159
2178 4522 847
2582 4522 526
859 4523 389
2515 4523 654
221 4524 148
2834 4524 179
265 4525 204
2456 4525 214
652 4526 295
3143 4526 490
1823 4527 301
2372 4528 705
4332 4528 473
165 4529 146
2845 4529 251
4402 4530 219
4502 4530 345
651 4531 798
319 4532 109
954 4532 466
2557 4533 151
3297 4533 213
4192 4534 162
4353 4534 556
232 4535 542
1081 4535 304
3479 4536 168
4331 4536 172
504 4537 509
1645 4538 216
2076 4539 333
2349 4539 631
118 4540 520
1663 4540 407
1533 4541 205
3476 4541 209
635 4542 462
4014 4542 629
4335 4543 233
4538 4543 203
1125 4544 197
2487 4544 254
1070 4545 275
1651 4545 420
123 4546 927
799 4547 305
1170 4547 284
1172 4548 103
1534 4548 581
1301 4549 282
2729 4549 267
2294 4550 151
3413 4550 189
1949 4551 124
3080 4551 197
579 4552 197
777 4552 234
1129 4553 975
2741 4553 100
854 4554 786
1138 4554 786
479 4555 228
3177 4555 165
372 4556 590
2195 4556 336
2181 4558 370
2878 4558 354
30 4559 292
4393 4559 216
1017 4560 749
1114 4561 551
3324 4561 328
2044 4562 451
4404 4562 306
357 4563 624
2895 4563 587
1681 4564 493
3888 4564 552
3044 4565 273
4239 4565 377
597 4566 546
1054 4566 112
2236 4567 194
4366 4567 183
2409 4568 110
3635 4568 441
277 4569 591
4266 4569 112
649 4570 203
1645 4570 222
1861 4571 130
4223 4571 157
1302 4572 227
2235 4572 469
3341 4573 857
3322 4574 139
4486 4574 186
2171 4575 156
2370 4575 128
166 4576 133
1419 4576 137
1877 4577 434
2261 4577 308
600 4578 908
2758 4578 356
245 4579 112
2917 4579 355
1717 4580 177
3019 4580 213
2521 4581 178
4055 4581 177
2007 4582 980
2544 4582 177
2047 4583 450
3378 4583 519
1082 4584 822
3816 4585 183
2771 4586 908
4271 4586 916
425 4587 442
619 4587 236
2560 4588 123
3423 4588 475
1268 4589 249
3679 4590 159
3901 4590 125
145 4591 557
2681 4591 636
1619 4592 934
3298 4592 239
64 4593 368
2996 4593 414
1902 4594 219
3251 4594 232
258 4595 224
3663 4595 532
1048 4596 834
3852 4596 255
1102 4597 308
1721 4597 198
1623 4598 105
1735 4598 127
695 4599 603
892 4599 338
354 4600 265
3735 4600 235
1548 4601 189
3281 4601 193
945 4602 224
2536 4602 258
3115 4603 730
355 4604 248
3678 4604 275
3798 4605 426
4458 4605 233
256 4606 178
2591 4606 180
1739 4607 164
3185 4607 142
3023 4608 575
4514 4608 501
605 4609 873
3150 4609 145
388 4610 115
2506 4610 125
1969 4611 364
3308 4611 111
298 4612 322
3050 4612 380
689 4613 177
708 4613 185
793 4614 243
2100 4614 216
92 4615 100
1423 4615 711
93 4616 292
2151 4616 277
494 4617 200
2207 4617 145
348 4618 164
2509 4618 169
805 4619 969
2118 4619 753
2995 4620 206
3399 4620 272
3845 4621 543
3959 4621 458
1319 4622 464
3770 4623 115
851 4624 363
1363 4624 468
734 4625 314
932 4625 632
2158 4626 140
2281 4626 104
1107 4627 395
1896 4627 240
1384 4628 400
3795 4628 226
1075 4629 776
2292 4630 174
2824 4630 144
793 4631 233
1591 4631 256
1681 4632 270
2764 4632 226
333 4633 306
335 4633 168
1710 4634 112
2160 4634 114
130 4635 112
1409 4636 107
2814 4636 107
1444 4637 192
3096 4637 231
417 4638 199
3500 4638 176
1566 4639 137
2341 4639 142
1851 4640 278
3339 4640 238
1936 4641 147
4369 4641 174
2074 4642 375
2579 4642 711
1171 4643 149
3672 4643 152
842 4644 207
3355 4644 189
816 4645 329
1084 4645 534
1023 4646 369
1445 4647 456
1644 4647 455
2642 4648 108
2842 4648 451
2745 4649 363
3939 4649 591
2447 4650 100
2784 4650 567
898 4651 784
1227 4651 410
1431 4652 321
1282 4653 124
2726 4653 123
4184 4654 177
4196 4654 192
838 4655 254
1076 4655 291
1219 4656 221
1616 4657 437
2039 4657 100
1843 4658 110
3407 4658 120
111 4659 195
3012 4659 456
2909 4660 970
4134 4660 399
70 4661 199
2136 4661 166
4168 4662 170
1303 4663 397
2307 4663 399
1279 4664 786
3000 4664 616
3928 4665 165
2501 4666 583
3271 4666 399
740 4667 597
3593 4667 371
2020 4668 364
2892 4668 331
679 4669 269
2354 4669 285
1365 4670 370
4278 4671 344
470 4672 187
853 4672 172
512 4673 211
3021 4673 297
1741 4674 409
2412 4674 325
2520 4675 151
3805 4675 450
9 4676 359
2550 4676 571
1372 4677 458
3789 4678 425
4527 4678 315
976 4679 227
3893 4679 402
3133 4680 143
4207 4680 150
456 4681 118
4358 4681 118
1935 4682 115
4635 4682 117
1060 4683 362
650 4684 138
3815 4684 140
2947 4685 253
26 4686 626
2220 4686 955
172 4687 864
1716 4687 440
1613 4688 143
2009 4688 123
4090 4689 367
1245 4690 150
2214 4690 153
759 4691 869
3997 4691 208
3187 4692 225
3227 4692 156
2983 4693 451
4080 4693 118
2674 4694 375
2881 4694 252
3335 4695 287
4360 4695 349
3700 4696 361
4062 4696 319
4233 4697 107
4294 4697 563
2686 4698 820
3357 4698 742
787 4699 214
4316 4699 162
3069 4700 177
1900 4701 406
4560 4701 379
3132 4702 191
3448 4702 104
1577 4703 503
2378 4703 460
333 4704 558
2666 4704 129
2917 4705 456
3558 4705 371
2525 4706 268
3621 4706 273
1735 4707 131
632 4708 213
3986 4708 200
328 4709 268
3341 4709 276
3228 4710 785
3981 4710 229
2435 4711 414
4010 4711 309
172 4712 158
3699 4712 983
1040 4713 494
222 4714 259
4677 4714 377
149 4715 255
1397 4715 286
4187 4716 772
2542 4717 181
2740 4717 206
1529 4718 510
3334 4718 599
445 4719 251
2882 4719 165
1151 4720 193
3548 4720 196
2262 4721 181
4531 4722 387
4721 4722 255
2428 4723 888
4003 4723 376
2953 4724 160
3604 4724 126
1417 4725 676
2964 4725 916
565 4726 495
2368 4726 400
2117 4727 854
2368 4727 555
418 4728 947
4442 4728 344
4025 4729 306
4154 4729 215
171 4730 773
1490 4730 512
836 4731 289
3475 4731 368
1379 4732 631
3831 4732 298
1995 4733 673
2823 4733 725
1226 4734 292
4234 4734 437
1826 4735 460
2849 4735 209
1899 4736 635
3647 4736 461
737 4737 217
4662 4737 195
1570 4738 273
4685 4738 254
2706 4739 367
3979 4739 270
1010 4740 328
1586 4740 253
246 4741 184
1638 4741 209
4268 4742 226
4713 4742 123
2057 4743 302
3372 4743 552
88 4744 974
916 4744 101
2270 4745 199
969 4746 167
1326 4746 202
779 4747 179
1263 4747 176
2790 4748 374
3331 4748 701
925 4749 159
1406 4749 167
2077 4750 297
2155 4750 425
2937 4751 207
3992 4751 135
2115 4752 208
3517 4752 248
324 4753 980
956 4753 983
276 4754 107
2400 4754 594
1890 4755 282
3168 4755 103
1233 4756 196
3769 4756 213
1886 4757 105
2833 4757 438
3965 4758 120
4244 4758 173
2494 4759 295
2938 4759 615
1124 4760 715
2421 4760 151
1985 4761 295
4652 4761 403
542 4762 356
3056 4762 462
1502 4763 879
2791 4763 129
2694 4764 615
4125 4764 538
1687 4765 452
4700 4765 622
461 4766 247
1502 4766 534
1449 4767 322
2516 4767 342
1437 4768 484
3832 4768 255
2541 4769 128
3321 4769 337
1496 4770 626
2212 4770 117
2948 4771 147
3612 4771 184
2656 4772 118
3315 4772 117
1224 4773 515
4589 4773 393
235 4774 146
3863 4774 111
3186 4775 202
3670 4775 230
3416 4776 177
1395 4777 901
3156 4777 420
2182 4778 129
4402 4778 157
2274 4779 172
2922 4779 193
3073 4780 793
3763 4781 281
4683 4781 775
264 4782 219
3982 4782 220
791 4783 235
4429 4783 311
3089 4784 224
4333 4784 665
1912 4785 517
4671 4785 105
2083 4786 430
3230 4786 613
434 4787 897
3174 4787 147
2979 4789 322
4377 4789 402
1175 4790 302
1630 4790 385
701 4791 275
902 4791 186
558 4792 142
4289 4792 410
442 4793 489
959 4793 218
1733 4794 404
684 4795 150
3672 4795 126
3408 4796 285
3299 4797 689
4193 4797 881
1081 4798 846
1248 4798 344
1811 4799 139
2782 4799 138
3183 4800 114
4350 4800 885
2026 4801 346
2078 4801 375
1883 4802 649
4509 4802 579
2149 4803 315
4013 4803 674
412 4804 205
2609 4804 248
2313 4805 330
4656 4805 388
1618 4806 267
1909 4806 427
3695 4807 958
4259 4807 503
511 4808 258
797 4808 301
2006 4809 261
2474 4809 438
1615 4810 349
3120 4811 934
4088 4811 729
1770 4812 497
4716 4812 412
4546 4813 778
121 4814 191
4024 4814 509
476 4815 151
4211 4815 266
1094 4816 172
4149 4816 334
4557 4817 130
557 4818 514
686 4818 319
569 4819 124
1607 4819 148
1158 4820 436
3730 4820 238
3741 4821 127
4817 4821 142
515 4822 277
313 4823 380
4810 4823 391
546 4824 192
2160 4824 149
531 4825 421
4210 4825 114
4085 4826 222
4144 4826 327
1025 4827 167
4124 4827 167
1186 4828 680
4033 4828 987
850 4829 108
2624 4829 435
555 4830 257
1526 4830 352
1354 4831 217
1639 4831 235
2861 4832 925
4603 4832 951
682 4833 173
3926 4833 142
654 4834 219
3986 4834 189
736 4835 588
3903 4835 428
550 4836 203
1229 4836 164
162 4837 850
3772 4837 135
2399 4838 327
3761 4838 997
3057 4839 168
3777 4839 216
1158 4840 212
1892 4840 248
1392 4841 414
4263 4842 894
4745 4842 116
2778 4843 266
2849 4843 366
3628 4844 242
4707 4844 201
2387 4845 459
3957 4845 938
348 4846 176
503 4846 183
706 4847 110
3376 4847 932
495 4848 470
4646 4848 312
942 4849 221
2660 4849 311
2932 4850 206
1042 4851 222
3949 4851 152
1357 4852 100
2372 4853 770
2461 4853 181
1929 4854 556
4044 4854 553
95 4855 628
2217 4855 670
288 4856 780
3467 4856 857
662 4857 848
4296 4857 707
1078 4858 344
4010 4858 519
2842 4859 424
4128 4859 239
1154 4860 279
948 4861 228
1844 4861 240
252 4862 512
4034 4862 139
2259 4863 241
2451 4863 235
3547 4864 841
4622 4864 499
416 4865 392
3651 4865 607
2649 4866 516
661 4867 174
4416 4867 164
1179 4868 211
1192 4869 464
4368 4869 161
401 4870 506
2108 4870 333
2707 4871 157
2830 4871 159
2058 4872 147
3997 4872 470
1643 4873 412
4441 4873 442
4061 4874 428
4665 4874 235
3687 4875 244
4488 4875 194
1399 4876 128
2816 4876 121
1756 4877 411
1912 4877 408
1021 4878 202
1123 4878 167
3016 4879 301
2690 4880 885
3403 4880 976
3553 4881 144
3813 4881 181
234 4882 209
2994 4882 197
642 4883 133
2964 4883 612
100 4884 440
3109 4884 328
1100 4885 312
2713 4885 540
2286 4886 156
2778 4886 149
933 4887 144
3935 4887 355
1266 4888 360
4288 4888 674
1462 4889 588
4573 4889 754
13 4890 239
502 4890 163
2693 4891 280
4400 4891 316
1180 4892 336
1373 4892 454
2782 4893 109
3489 4893 115
1261 4894 744
4794 4894 585
1752 4895 210
4396 4895 404
1221 4896 101
1492 4896 278
1713 4897 735
2425 4897 303
1457 4898 966
2523 4898 153
477 4899 256
1346 4899 412
735 4900 247
4136 4900 226
2972 4901 315
3333 4901 307
2316 4902 115
2913 4902 103
251 4903 791
778 4903 216
959 4904 165
4088 4904 300
3801 4905 109
3977 4905 104
949 4906 453
2715 4906 588
3753 4907 551
4481 4907 290
1083 4908 116
4780 4908 183
693 4909 399
1634 4909 338
61 4910 149
1181 4910 200
1640 4911 425
3974 4911 332
1742 4912 127
4438 4912 146
3382 4913 278
4499 4913 445
1780 4914 433
3193 4914 908
4284 4915 238
4670 4915 190
1430 4916 338
4796 4916 331
163 4917 121
4497 4917 832
4126 4918 402
4813 4918 111
3455 4919 271
4788 4919 277
2063 4920 123
3643 4920 121
873 4921 457
2483 4921 282
1552 4922 123
2342 4922 695
2560 4923 929
3176 4923 366
513 4924 486
1714 4924 152
424 4925 140
1717 4926 159
717 4927 672
1084 4927 324
1895 4928 521
4537 4928 288
867 4929 157
2104 4929 134
451 4930 318
1238 4930 269
373 4931 157
413 4931 140
156 4932 209
1718 4932 142
1337 4933 181
1903 4933 150
744 4934 199
4487 4934 179
2405 4935 486
2417 4935 477
68 4936 168
4255 4936 101
2085 4937 388
2420 4937 479
1050 4938 305
3063 4938 292
506 4939 253
1781 4939 207
1640 4940 391
2433 4940 477
3804 4941 125
4091 4941 133
1561 4942 602
4925 4942 765
2725 4943 526
4022 4943 447
3031 4944 161
3359 4944 143
2637 4945 273
3805 4945 410
881 4946 287
3274 4946 341
3630 4947 653
4584 4947 269
51 4948 275
1917 4948 208
2347 4949 238
2680 4949 181
1029 4950 122
1858 4950 137
2090 4951 275
4629 4951 329
4841 4952 188
4926 4952 214
1898 4953 361
3054 4953 212
1000 4954 290
1089 4954 500
1883 4955 268
4177 4955 156
1581 4956 239
4039 4956 330
3916 4957 255
4822 4957 260
1324 4958 361
3076 4958 226
416 4959 292
4860 4959 281
658 4960 307
2029 4960 251
1336 4961 223
1642 4961 209
1573 4962 737
4510 4962 450
3935 4963 201
4290 4963 169
1293 4964 561
3121 4964 688
1029 4965 133
4328 4965 144
645 4966 235
3197 4966 207
2239 4967 116
4391 4967 444
2480 4968 100
4852 4968 970
455 4969 288
4776 4969 256
1927 4970 132
3586 4970 816
1600 4971 202
3413 4971 196
4445 4972 260
4788 4972 266
2877 4973 165
4557 4973 151
1731 4974 246
3490 4974 343
1753 4975 269
2919 4975 571
767 4976 463
3239 4976 234
845 4977 171
2138 4977 138
330 4978 208
2973 4978 287
887 4979 966
2412 4979 106
1904 4980 141
4850 4980 148
2298 4981 492
3234 4981 647
1363 4982 354
2311 4982 663
317 4983 267
4247 4983 327
623 4984 324
1281 4984 204
2033 4985 173
4868 4985 177
549 4986 584
3383 4986 362
2036 4987 274
3791 4987 744
581 4988 633
4132 4988 358
169 4989 278
3082 4989 110
4470 4990 322
4866 4990 505
1352 4991 213
2181 4991 255
3762 4992 811
3994 4992 564
2936 4993 140
3205 4993 187
862 4994 124
4623 4994 703
1277 4995 335
4319 4995 319
3120 4996 491
4879 4996 471
4585 4997 636
4689 4997 114
171 4998 825
1315 4998 366
142 4999 568
3838 4999 404
3768 5000 376
4123 5000 480
