1
0
1
1
1000000
0
0
0
0
1
6 62 310
47 63 607
10 64 224
63 76 332
35 96 296
44 97 330
40 101 182
63 116 174
101 117 574
108 126 172
153 156 637
25 158 805
45 159 956
7 167 213
117 190 638
32 196 215
82 207 350
164 211 369
58 214 420
20 217 352
209 217 334
201 222 153
110 227 973
106 228 905
198 229 339
161 233 240
8 241 476
177 242 438
152 244 194
217 250 286
17 251 753
92 251 398
122 252 396
185 253 303
176 258 313
145 260 103
176 262 162
258 262 150
187 266 209
224 270 244
2 271 359
226 279 130
15 282 878
93 282 232
278 288 683
149 290 127
238 293 135
189 294 471
10 295 200
218 296 116
228 301 499
226 305 623
83 306 256
102 309 300
147 313 241
6 315 480
38 315 413
30 317 142
42 317 105
239 317 532
261 318 303
188 320 477
289 321 154
70 325 532
198 335 322
78 343 865
257 343 166
326 348 401
148 349 614
250 351 846
216 354 867
153 358 287
338 360 130
9 361 911
183 362 111
105 369 204
165 369 187
263 371 295
281 373 339
263 378 295
243 381 453
222 383 169
356 387 109
33 390 272
221 390 298
100 392 269
127 394 714
243 394 374
308 394 138
79 399 656
290 399 614
52 401 256
374 401 425
283 402 972
387 404 177
267 407 200
395 412 596
32 414 345
195 414 261
78 415 273
257 415 112
216 418 456
202 421 167
107 423 358
205 424 364
397 424 153
21 429 663
136 430 395
25 432 227
295 433 753
340 436 330
270 438 126
280 438 459
274 439 325
62 441 401
322 442 347
227 443 106
345 445 663
314 447 158
224 449 557
280 449 107
299 449 767
279 450 321
204 451 214
133 453 732
71 457 198
297 458 423
440 458 283
213 460 458
259 463 234
89 464 436
417 465 439
417 466 480
137 469 250
193 469 333
232 477 298
240 477 545
283 478 230
469 478 255
225 479 437
321 480 537
396 480 171
260 481 760
340 481 325
236 485 190
145 487 282
260 487 179
365 488 929
177 489 330
228 495 424
253 495 279
301 495 750
423 496 406
281 500 546
416 501 227
154 506 141
69 510 178
371 510 116
221 511 110
328 511 805
94 512 272
159 513 305
65 514 410
131 516 207
429 516 376
180 517 318
140 518 238
168 522 522
106 523 468
249 523 425
311 523 110
105 524 448
296 526 167
446 530 376
89 531 128
452 532 488
309 533 163
364 534 749
108 536 487
406 536 253
35 537 200
173 538 615
278 541 430
521 544 203
187 545 282
8 546 255
242 546 296
319 546 948
136 547 658
343 547 188
415 547 741
334 549 126
378 553 404
143 554 196
168 554 213
104 558 177
260 558 179
481 558 939
350 559 726
389 560 490
321 561 173
350 561 361
544 561 102
559 561 365
68 562 137
97 566 257
231 568 961
203 570 166
341 570 374
86 571 287
168 573 323
505 574 522
333 578 104
518 578 186
209 580 175
43 585 127
346 585 691
235 587 173
488 588 690
479 591 215
488 591 179
483 594 252
113 595 724
436 595 891
263 597 290
553 597 180
48 599 161
167 600 297
214 601 422
380 602 209
199 605 455
601 605 854
141 606 219
596 606 278
296 608 976
211 609 291
327 610 239
595 610 218
601 612 976
188 614 117
320 614 360
467 616 111
33 617 951
334 617 434
340 618 130
568 620 725
575 620 229
59 622 384
218 624 230
398 626 387
45 630 104
424 631 448
341 632 512
252 633 517
604 633 214
158 635 334
297 635 205
157 637 180
609 637 206
247 638 532
252 638 868
633 638 603
66 639 190
82 639 553
219 640 274
349 640 415
525 640 877
552 640 231
416 641 851
262 642 683
399 642 130
354 646 263
528 647 146
405 652 377
380 653 595
295 655 232
144 656 316
168 660 642
554 660 214
100 661 418
312 661 230
643 663 361
151 664 139
153 664 259
15 665 214
362 667 129
606 668 164
180 669 339
10 671 291
361 671 134
377 671 113
158 672 366
354 678 804
507 679 786
595 680 637
633 681 211
638 681 151
314 682 141
520 683 125
587 683 343
22 686 238
287 686 512
606 687 131
680 690 706
271 692 432
40 694 132
439 694 169
143 696 234
522 696 347
554 696 385
660 696 175
185 697 282
495 697 258
58 700 849
250 701 145
687 702 110
176 704 244
50 707 156
250 708 251
517 708 247
486 709 159
428 711 312
136 712 236
430 712 196
547 712 243
203 715 431
299 715 315
244 716 785
46 717 269
163 718 132
580 718 333
669 718 127
92 719 256
673 723 152
448 724 324
630 725 423
235 726 101
219 727 319
555 728 895
676 729 220
174 730 649
490 730 196
152 731 172
716 731 288
133 732 261
182 733 903
506 733 566
30 734 358
42 734 110
102 734 231
147 735 179
426 737 947
404 738 225
149 739 147
500 740 143
311 742 398
523 742 287
567 744 197
189 745 270
508 746 623
404 747 123
690 747 466
589 748 242
82 749 703
207 749 738
639 749 125
656 750 929
1 751 228
104 752 389
145 752 907
260 752 193
481 752 117
487 752 373
558 752 211
625 753 121
221 754 305
75 756 110
121 756 244
46 757 439
193 757 269
22 759 122
314 759 343
74 760 306
126 760 167
223 760 305
79 763 271
149 763 271
705 765 227
316 766 550
67 768 274
267 769 108
339 770 289
225 772 419
397 772 637
591 772 234
692 776 608
171 779 258
271 781 343
579 786 183
391 787 285
51 788 613
225 789 216
623 790 424
450 791 236
132 792 302
98 793 657
244 795 724
731 795 439
62 796 262
246 799 110
493 799 146
773 799 434
161 803 288
486 803 168
95 804 459
135 806 237
542 806 147
323 807 148
214 808 161
612 808 106
502 809 203
569 809 351
601 810 350
695 810 472
42 811 855
364 811 471
134 812 826
253 812 703
667 813 101
29 814 487
44 815 110
399 816 216
290 818 154
399 818 933
642 818 223
436 819 277
618 819 113
429 824 541
744 824 194
485 825 186
586 826 157
167 827 303
325 827 516
375 829 461
14 831 290
95 835 189
129 836 113
300 836 393
79 837 771
149 837 772
290 837 499
763 837 500
818 837 104
628 838 341
64 840 491
492 843 105
629 844 134
557 845 762
675 849 242
113 850 126
296 851 362
741 852 430
805 854 245
214 855 698
700 855 265
810 855 147
157 856 403
388 856 317
130 857 336
779 857 230
582 858 153
842 861 595
107 863 312
800 864 116
370 865 153
272 866 562
858 868 865
448 869 449
757 869 316
307 870 409
422 870 653
741 870 404
852 870 258
65 871 136
166 872 125
254 875 200
810 875 402
67 876 578
166 877 263
712 877 120
314 878 317
464 881 104
476 882 928
783 883 611
249 884 402
135 886 116
213 886 284
106 887 121
249 887 782
301 887 467
742 887 590
99 888 443
230 888 132
880 889 978
316 890 316
841 890 512
178 893 197
765 893 492
829 894 322
84 895 121
352 896 513
490 898 183
546 899 293
794 900 249
210 901 129
836 901 696
389 902 323
91 903 111
56 904 302
279 906 165
282 906 687
277 907 603
52 908 139
192 909 352
476 911 688
664 911 256
237 912 958
266 912 224
545 912 507
720 913 245
58 914 177
101 914 449
328 914 425
903 914 944
579 915 133
105 917 202
664 917 874
272 918 460
632 918 305
237 919 194
790 919 350
61 920 162
876 920 646
155 921 183
531 922 203
223 923 367
435 924 204
741 925 327
870 925 765
259 927 223
72 928 198
87 930 378
300 931 119
472 931 146
901 931 422
330 932 370
509 932 529
459 933 260
726 933 668
904 936 107
69 937 795
176 938 147
258 938 327
884 938 952
906 939 384
284 940 265
787 940 296
859 940 538
55 941 529
473 941 622
58 942 122
298 942 716
328 942 231
592 942 638
872 943 216
79 944 295
290 944 168
739 944 148
763 944 268
376 945 141
615 946 113
363 947 508
19 948 304
110 948 217
163 949 200
701 949 786
775 950 384
410 951 158
258 953 395
262 953 245
642 953 313
816 953 399
595 954 826
580 957 492
669 958 215
451 959 446
706 959 453
232 960 192
240 960 159
367 961 193
190 963 295
504 964 544
649 964 359
736 964 282
257 965 262
343 965 264
415 965 150
547 965 762
40 966 204
82 967 175
77 968 251
581 968 433
658 969 182
860 970 120
732 972 514
925 973 246
103 974 223
573 974 112
789 975 509
860 977 275
420 978 501
661 978 311
838 978 241
175 979 111
674 980 185
946 980 471
405 981 352
126 983 201
392 985 389
678 985 389
56 986 717
438 986 321
186 987 134
303 988 276
543 990 464
185 991 991
253 991 204
618 991 689
697 991 183
362 992 592
981 993 447
170 994 568
261 997 885
460 997 305
474 997 307
956 998 723
482 999 103
634 1000 183
353 1001 447
403 1001 109
469 1001 475
765 1001 684
66 1002 557
639 1002 134
645 1003 494
466 1004 250
98 1006 806
996 1007 261
817 1008 467
955 1008 796
215 1009 344
521 1010 823
559 1010 152
561 1010 517
131 1011 236
76 1012 128
255 1012 386
563 1012 934
319 1013 841
899 1013 114
117 1015 379
570 1015 179
942 1015 429
50 1016 150
94 1016 129
995 1017 493
134 1018 455
390 1019 569
893 1020 273
666 1021 160
188 1022 400
974 1023 460
333 1025 216
743 1025 216
349 1027 980
947 1027 636
342 1028 243
611 1029 171
670 1029 333
178 1030 174
197 1031 141
193 1032 286
412 1034 912
644 1034 125
839 1035 222
61 1037 562
672 1038 420
778 1038 506
705 1040 143
892 1041 980
232 1042 277
240 1042 752
545 1042 647
208 1043 211
562 1044 690
806 1045 245
51 1046 115
402 1046 686
461 1046 160
128 1047 247
713 1048 138
937 1049 909
982 1049 111
437 1050 245
353 1051 402
66 1052 231
124 1054 412
346 1055 302
631 1055 113
921 1055 492
253 1056 225
340 1056 831
436 1056 116
819 1056 160
991 1056 213
759 1057 913
998 1058 229
344 1059 140
511 1059 193
1 1060 456
636 1060 188
394 1061 102
689 1061 117
243 1064 474
175 1065 108
367 1065 406
950 1065 317
348 1066 744
51 1068 286
461 1068 331
285 1069 378
698 1069 558
598 1070 286
268 1071 135
621 1071 136
120 1072 533
572 1072 477
309 1073 131
252 1074 887
856 1075 279
349 1076 396
947 1076 142
1014 1076 188
125 1077 126
485 1077 101
382 1078 109
724 1078 163
496 1079 264
387 1081 201
238 1084 252
868 1084 225
374 1085 380
791 1085 376
26 1086 199
549 1088 351
449 1089 199
146 1090 730
1036 1090 175
172 1091 121
182 1091 241
218 1093 747
608 1093 289
673 1093 611
852 1093 376
539 1094 381
604 1094 840
633 1094 298
320 1095 374
1022 1095 297
434 1096 399
842 1096 431
961 1098 388
576 1101 385
973 1102 136
260 1103 255
340 1103 176
481 1103 179
618 1103 455
819 1103 678
387 1104 173
404 1104 428
680 1104 189
690 1104 725
990 1105 104
442 1107 454
148 1108 154
539 1109 137
820 1109 130
228 1111 395
301 1111 103
523 1111 173
742 1111 305
887 1111 364
75 1112 218
608 1112 453
372 1113 661
287 1115 564
430 1116 279
872 1116 338
943 1116 182
44 1117 275
248 1117 174
357 1117 127
78 1118 143
136 1118 251
343 1118 571
415 1118 171
1054 1119 625
604 1120 264
638 1120 106
1053 1121 494
84 1122 149
443 1124 202
710 1124 162
751 1124 234
962 1124 378
648 1126 268
691 1127 118
149 1128 873
763 1128 601
837 1128 101
944 1128 208
214 1129 246
989 1129 147
112 1131 316
164 1132 220
269 1133 592
300 1133 142
761 1133 458
34 1134 318
632 1134 106
866 1134 171
1058 1135 354
326 1136 135
254 1137 187
49 1138 279
396 1138 392
256 1139 649
324 1139 742
755 1139 241
653 1140 568
341 1141 352
662 1141 209
748 1141 142
776 1141 232
471 1142 151
616 1142 173
1092 1142 468
114 1143 289
344 1144 376
390 1144 455
511 1144 536
372 1145 467
351 1147 958
701 1147 411
708 1147 355
322 1148 244
788 1148 228
1107 1148 131
660 1151 100
186 1153 117
823 1153 145
398 1154 177
391 1155 143
525 1155 264
711 1156 374
647 1157 689
1149 1157 553
758 1158 319
106 1160 441
249 1160 398
523 1160 268
887 1160 320
1038 1161 666
478 1162 212
705 1162 248
551 1164 114
154 1165 505
37 1166 905
8 1168 145
867 1168 303
899 1168 530
447 1169 935
1057 1169 134
375 1170 159
534 1170 211
158 1171 598
458 1171 234
124 1172 474
187 1173 362
477 1173 581
556 1174 292
326 1175 161
556 1175 426
910 1176 125
292 1177 187
1126 1177 345
403 1178 648
469 1178 497
532 1179 435
1054 1179 306
200 1180 135
797 1180 778
273 1181 487
1026 1181 129
139 1182 432
332 1182 175
919 1182 294
690 1184 365
483 1185 101
174 1186 606
490 1186 153
130 1187 439
541 1187 122
875 1189 241
12 1190 365
773 1192 110
842 1192 415
512 1193 259
677 1194 285
792 1194 199
951 1194 144
192 1195 228
602 1195 600
846 1196 733
100 1197 457
670 1197 883
834 1198 896
1168 1199 320
1123 1200 315
706 1201 202
853 1202 302
532 1203 549
691 1203 364
1149 1203 878
909 1204 255
1113 1204 508
57 1205 568
948 1206 123
80 1207 257
599 1207 147
1024 1208 116
20 1210 544
132 1210 660
714 1210 263
831 1210 275
178 1211 589
979 1211 223
606 1212 260
85 1214 199
358 1214 671
54 1215 934
593 1215 422
885 1216 358
359 1217 457
988 1217 495
276 1218 745
56 1219 418
592 1219 246
550 1222 136
904 1222 204
1192 1222 434
1006 1225 674
902 1226 107
177 1227 363
241 1227 443
835 1227 652
340 1229 396
436 1229 726
481 1229 428
487 1229 298
558 1229 136
1103 1229 136
205 1230 946
397 1230 306
631 1230 104
907 1231 540
104 1232 460
145 1232 162
481 1232 189
487 1232 445
558 1232 283
1229 1232 146
177 1234 319
232 1234 253
684 1234 159
835 1234 209
786 1235 252
915 1235 303
554 1236 247
771 1239 335
137 1240 645
976 1241 254
1113 1242 134
1204 1242 129
192 1243 194
53 1244 329
970 1244 824
1203 1245 132
868 1247 488
1059 1248 266
259 1249 203
345 1251 268
381 1251 409
1082 1252 237
1088 1252 229
557 1253 337
51 1254 345
184 1254 322
428 1254 326
275 1255 621
489 1256 183
50 1257 115
57 1257 173
335 1257 162
761 1258 280
368 1260 100
1253 1260 101
379 1262 101
42 1263 186
1261 1263 638
110 1264 158
596 1264 655
1206 1264 499
1137 1266 343
703 1267 650
286 1269 251
830 1270 190
1033 1270 298
175 1271 344
520 1272 440
251 1274 417
1195 1275 298
1172 1276 133
1183 1276 987
1166 1277 201
785 1278 118
185 1279 367
228 1279 809
301 1279 418
495 1279 343
697 1279 851
1214 1279 300
440 1280 260
1171 1280 309
366 1281 230
883 1281 819
78 1282 621
136 1282 459
343 1282 148
547 1282 393
712 1282 282
965 1282 115
1118 1282 205
296 1283 553
498 1283 112
624 1283 586
973 1283 273
1102 1283 136
786 1284 264
915 1284 238
772 1287 236
789 1287 178
1058 1287 106
725 1288 137
1159 1288 317
432 1290 707
1012 1290 268
465 1292 464
584 1292 222
1270 1292 376
77 1293 720
473 1293 875
1276 1293 420
1092 1294 555
302 1295 383
393 1295 374
952 1295 143
559 1296 233
561 1296 131
446 1297 161
278 1298 863
641 1299 784
913 1299 148
127 1300 109
603 1300 302
797 1301 206
1269 1302 570
74 1303 308
654 1303 101
736 1304 227
1031 1304 946
1277 1305 936
1216 1306 200
1255 1306 328
526 1307 212
851 1307 265
879 1307 491
688 1308 196
1243 1308 235
537 1309 292
462 1310 261
732 1310 885
315 1311 374
517 1312 236
949 1312 463
78 1313 289
257 1313 113
415 1313 162
965 1313 148
1118 1313 172
1001 1314 426
1051 1314 380
898 1315 106
498 1316 220
741 1316 408
991 1316 504
1102 1316 283
548 1318 443
632 1318 747
239 1319 203
999 1319 232
77 1320 546
451 1320 223
706 1320 230
824 1320 408
799 1321 494
1305 1321 346
188 1322 175
257 1322 144
320 1322 302
1095 1322 720
768 1324 165
1146 1324 270
1063 1325 952
1114 1326 190
1043 1328 150
81 1329 371
234 1330 126
987 1330 168
753 1331 180
509 1332 854
1049 1332 399
420 1334 217
926 1334 345
165 1335 538
150 1336 863
668 1336 355
672 1336 436
843 1336 102
462 1337 110
911 1337 323
1269 1337 690
456 1338 152
1142 1338 138
1224 1338 271
302 1340 454
666 1340 259
817 1341 178
85 1342 401
917 1342 231
1143 1342 420
273 1343 618
1213 1343 615
459 1344 308
726 1344 115
907 1344 923
755 1345 129
883 1345 137
336 1346 112
1250 1346 342
796 1347 286
1044 1347 209
1311 1347 397
1223 1349 149
567 1350 212
826 1350 437
139 1351 217
332 1351 858
379 1352 990
1035 1352 129
1171 1354 361
945 1356 149
99 1357 515
211 1357 185
311 1357 213
663 1358 372
1034 1359 862
427 1362 142
853 1362 525
1140 1363 459
1278 1364 358
3 1365 150
7 1366 697
27 1366 214
767 1366 999
74 1367 116
133 1367 466
419 1367 141
47 1368 237
19 1369 110
895 1369 562
1122 1369 455
51 1370 187
634 1370 213
220 1371 288
616 1373 317
677 1373 704
951 1373 274
1209 1373 504
112 1374 480
384 1375 213
434 1375 398
764 1375 647
625 1376 250
687 1376 716
286 1377 221
815 1377 187
1337 1377 222
31 1378 334
169 1378 155
513 1379 297
182 1380 871
1033 1380 381
848 1381 343
928 1381 369
1062 1382 483
1131 1383 420
1374 1383 567
103 1384 847
974 1384 308
355 1385 193
468 1385 196
1218 1385 341
30 1386 889
42 1386 337
534 1386 223
559 1388 780
561 1388 415
193 1389 521
727 1389 408
1088 1390 272
1276 1390 129
666 1391 300
1166 1391 411
659 1393 210
1302 1393 863
1341 1394 183
150 1395 144
874 1395 475
1354 1395 120
1080 1396 367
1237 1396 262
1392 1396 525
83 1397 283
810 1397 262
903 1397 151
963 1397 218
1177 1397 229
518 1398 720
589 1398 279
1210 1398 501
1209 1399 249
1273 1399 201
649 1400 167
784 1400 247
1092 1401 120
1294 1401 434
745 1404 288
1258 1404 106
349 1405 447
727 1405 366
1014 1405 203
1108 1405 455
681 1406 166
192 1407 439
863 1407 517
1195 1407 211
643 1408 185
961 1408 249
1358 1408 196
662 1410 404
659 1411 994
601 1412 228
82 1413 498
639 1413 555
278 1414 108
549 1415 310
627 1415 214
1319 1415 173
691 1416 920
1245 1416 285
1153 1417 256
1379 1417 510
258 1418 396
704 1418 327
884 1418 775
938 1418 680
58 1420 139
808 1420 118
1087 1420 285
542 1421 217
1039 1421 134
1045 1421 229
114 1422 516
917 1422 105
628 1423 135
814 1424 171
75 1425 210
925 1425 378
1316 1425 118
296 1426 185
498 1426 128
1112 1426 238
113 1427 954
813 1428 847
916 1428 127
1297 1430 205
1344 1430 107
455 1431 512
729 1431 199
1097 1432 103
1423 1432 310
50 1433 361
123 1433 657
188 1434 106
320 1434 584
1022 1434 507
1322 1434 282
1129 1435 102
99 1436 458
1132 1436 931
166 1437 138
739 1437 268
872 1437 130
1176 1438 236
1329 1438 896
620 1439 271
463 1440 527
1115 1440 278
1246 1440 154
848 1441 612
324 1442 467
549 1443 155
617 1443 152
1119 1443 447
1172 1443 186
252 1445 139
568 1445 185
33 1446 207
189 1447 302
930 1447 450
316 1448 381
1212 1448 305
359 1449 752
785 1449 217
1364 1449 261
1228 1450 106
1261 1450 174
66 1451 349
82 1451 214
639 1451 159
1062 1451 431
650 1452 431
1050 1453 248
1263 1453 117
1183 1454 449
1390 1454 302
510 1455 151
309 1456 340
535 1456 203
1073 1456 471
11 1457 486
92 1458 331
338 1458 301
1004 1458 110
50 1459 184
53 1459 549
1223 1459 706
112 1460 324
1383 1460 429
556 1461 264
174 1462 315
175 1462 106
471 1462 178
1194 1462 258
834 1463 107
619 1464 280
865 1465 367
646 1466 587
678 1466 404
828 1466 452
591 1467 145
756 1467 327
444 1469 565
853 1469 135
22 1470 503
805 1470 557
1177 1470 807
194 1471 948
476 1471 175
1041 1471 168
198 1473 252
480 1473 138
811 1473 995
1204 1473 954
192 1474 304
366 1476 132
435 1476 180
501 1476 872
641 1476 551
952 1476 236
648 1477 281
854 1477 165
1177 1477 105
281 1478 844
740 1478 419
911 1478 171
521 1479 268
559 1479 401
753 1480 135
783 1482 537
1281 1482 156
1086 1483 133
46 1484 181
599 1484 100
143 1485 279
168 1485 129
522 1485 393
660 1485 130
929 1485 167
181 1486 329
847 1486 477
1209 1487 358
289 1488 282
379 1491 150
444 1491 444
853 1491 365
1259 1492 526
330 1494 400
1455 1494 888
689 1495 387
1339 1495 170
607 1496 749
933 1496 131
1402 1498 328
526 1499 291
851 1499 344
880 1500 251
1135 1500 168
14 1502 480
312 1502 114
1097 1502 140
1220 1503 263
1488 1503 258
1361 1504 173
393 1505 783
439 1506 255
934 1506 428
87 1507 122
189 1507 352
300 1507 808
472 1507 703
844 1507 195
444 1508 151
209 1509 603
1083 1509 400
1419 1509 291
853 1510 383
282 1511 129
986 1511 305
1219 1511 409
497 1512 196
821 1513 457
897 1513 138
972 1514 239
206 1515 459
634 1515 767
696 1516 763
929 1516 114
1236 1516 216
285 1517 967
213 1519 836
849 1519 595
176 1520 191
258 1520 121
262 1520 288
642 1520 395
704 1520 534
816 1520 125
1175 1521 370
313 1522 791
735 1522 169
1303 1522 166
331 1523 443
916 1523 179
1412 1524 811
1435 1524 151
1416 1525 278
31 1527 341
169 1527 145
435 1527 296
415 1528 152
547 1528 785
712 1528 164
965 1528 234
1118 1528 323
535 1529 802
1050 1530 414
137 1531 338
515 1531 229
1178 1531 137
151 1532 806
524 1532 607
917 1532 307
918 1533 357
236 1534 365
807 1534 238
825 1534 361
162 1535 129
1436 1535 599
488 1536 732
1096 1536 403
654 1537 182
923 1537 116
897 1538 147
29 1539 134
1424 1539 182
95 1540 356
118 1540 121
546 1540 104
651 1540 619
16 1541 185
385 1541 230
398 1541 163
439 1541 278
799 1542 191
308 1543 154
502 1543 147
721 1544 375
1215 1544 398
755 1545 841
976 1545 244
1114 1546 360
663 1547 339
1040 1547 390
1210 1547 367
1408 1547 162
385 1548 882
1289 1548 516
588 1549 236
1135 1549 159
769 1550 199
497 1551 163
1274 1551 142
333 1552 235
743 1552 197
862 1553 475
552 1554 147
1553 1554 107
321 1555 128
533 1555 616
1196 1555 105
573 1559 282
660 1559 415
1236 1559 746
70 1560 195
397 1560 122
598 1560 203
20 1561 683
743 1561 249
1267 1562 377
1078 1563 876
200 1564 267
1064 1565 338
1556 1565 386
274 1566 273
898 1566 444
86 1567 464
90 1567 259
81 1568 187
906 1569 155
294 1570 579
585 1570 216
466 1571 618
1508 1573 227
115 1574 174
674 1574 232
1035 1574 902
1202 1574 236
1496 1574 105
251 1575 352
497 1575 440
502 1575 749
504 1576 168
1400 1576 294
892 1577 427
1478 1577 954
199 1578 188
1435 1578 356
192 1579 250
1469 1580 429
376 1581 502
751 1581 285
484 1582 273
1453 1583 131
179 1585 664
256 1585 124
848 1586 189
1274 1586 242
1353 1586 278
777 1587 549
969 1587 165
36 1588 163
212 1588 223
1468 1589 729
111 1590 143
718 1590 102
1080 1590 143
549 1591 917
627 1591 484
1119 1591 511
1017 1592 266
1075 1592 325
1200 1592 169
220 1594 697
209 1595 311
1237 1595 623
97 1596 566
443 1597 979
710 1597 402
322 1598 544
656 1598 247
985 1599 270
176 1600 359
704 1600 280
816 1600 352
953 1600 467
1418 1600 468
1520 1600 227
1339 1601 241
1295 1602 200
1299 1602 179
1476 1602 809
749 1603 192
1382 1603 982
1451 1603 930
577 1604 501
855 1604 123
989 1604 680
355 1605 117
546 1605 182
1256 1605 176
547 1606 974
712 1606 340
877 1606 219
1528 1606 176
1457 1607 126
1092 1608 465
927 1609 281
689 1610 190
310 1611 461
997 1611 455
1328 1611 493
1436 1611 347
13 1612 712
1557 1612 582
678 1613 982
828 1613 146
832 1613 381
1005 1613 118
1221 1613 807
1265 1614 388
1363 1614 482
68 1615 748
302 1615 106
913 1615 334
1602 1615 132
92 1616 308
345 1616 239
394 1616 332
505 1616 191
584 1616 714
1300 1616 151
180 1617 432
1312 1617 350
109 1618 939
516 1618 848
586 1618 164
1115 1618 205
143 1619 989
168 1619 310
929 1619 133
499 1620 691
823 1620 101
1233 1621 586
1250 1621 220
1257 1622 739
1286 1622 504
1413 1622 156
1451 1622 827
383 1623 126
1068 1624 974
53 1625 789
229 1625 289
583 1626 626
767 1627 275
1070 1627 187
775 1628 420
961 1628 217
78 1629 249
257 1629 109
1022 1629 190
1095 1629 106
1313 1629 396
1434 1629 316
106 1630 286
185 1630 252
301 1630 303
697 1630 296
1279 1630 114
427 1631 145
853 1631 546
1580 1631 147
163 1632 179
958 1632 405
463 1633 474
744 1633 644
927 1633 228
1115 1633 143
366 1634 309
66 1636 171
967 1636 482
1052 1636 403
1286 1636 878
1603 1636 428
822 1638 737
1610 1638 619
1530 1639 370
527 1641 362
1430 1641 121
820 1643 105
274 1644 271
413 1644 499
1106 1644 321
1223 1645 108
1349 1645 258
1422 1646 108
1084 1647 269
1187 1647 809
1384 1647 820
34 1648 165
1589 1648 209
1417 1649 323
25 1650 166
635 1650 880
249 1651 366
311 1651 169
742 1651 229
884 1651 359
887 1651 288
1111 1651 761
1160 1651 319
269 1652 276
294 1652 372
794 1653 424
1331 1653 123
655 1654 222
1245 1654 130
39 1655 243
1362 1655 193
1491 1655 506
784 1656 157
1031 1656 313
156 1657 398
165 1657 104
1288 1658 216
1463 1658 143
522 1659 695
573 1659 495
660 1659 171
929 1659 469
1236 1659 138
392 1660 487
1197 1660 264
474 1661 266
845 1661 138
366 1662 520
1378 1662 264
1539 1662 194
507 1663 360
1646 1663 793
5 1664 194
18 1665 243
939 1666 475
1166 1666 538
1569 1666 247
367 1667 187
1098 1667 382
59 1668 712
1324 1668 173
1594 1668 402
994 1669 224
1189 1669 524
737 1670 726
1320 1670 192
549 1671 213
1082 1671 147
498 1672 717
879 1672 247
23 1673 411
1372 1673 219
262 1675 176
399 1675 441
642 1675 860
816 1675 171
818 1675 137
1520 1675 464
1600 1675 180
23 1676 219
330 1678 267
371 1678 457
937 1678 328
1345 1679 243
1545 1679 288
1385 1680 102
108 1681 898
406 1681 324
1091 1681 266
48 1683 165
108 1683 316
406 1683 819
459 1684 529
907 1684 454
935 1685 211
1255 1685 302
413 1686 205
1106 1686 272
1289 1686 234
409 1687 212
1225 1687 981
1134 1688 391
1410 1688 203
847 1689 325
1366 1689 766
1558 1689 123
1634 1689 358
127 1690 376
308 1690 290
762 1690 536
702 1691 103
900 1691 199
198 1692 407
1130 1692 803
588 1693 105
111 1695 334
718 1695 551
957 1695 213
1577 1696 725
605 1697 289
391 1698 374
1076 1698 163
1348 1698 187
1105 1699 107
1676 1699 164
337 1700 407
782 1700 414
1558 1700 212
657 1701 270
1481 1701 243
1076 1702 904
256 1703 502
1442 1703 106
1394 1704 194
119 1705 388
657 1705 223
1323 1705 407
467 1706 377
471 1706 244
126 1708 466
455 1708 359
185 1709 379
618 1709 349
697 1709 970
819 1709 462
991 1709 280
1311 1709 112
1145 1710 595
1492 1710 263
903 1711 251
1047 1712 175
1201 1712 420
1320 1712 169
603 1713 237
719 1713 147
1616 1713 430
527 1714 114
1344 1714 233
800 1715 340
542 1716 381
1039 1716 298
1164 1716 517
1592 1716 229
1677 1717 168
1011 1718 111
1455 1719 336
484 1720 575
1448 1720 232
1649 1720 367
149 1721 107
872 1721 216
943 1721 147
1128 1721 205
1437 1721 229
619 1722 964
815 1722 350
1337 1722 591
465 1723 235
584 1723 410
1458 1723 361
520 1724 195
587 1724 413
1067 1724 407
1714 1724 256
160 1725 385
1277 1725 200
1703 1725 217
554 1726 348
1516 1726 317
1559 1726 176
1619 1726 446
1659 1726 368
807 1727 580
622 1729 452
1079 1729 491
140 1730 323
780 1730 159
53 1731 383
1025 1733 563
1552 1733 376
221 1734 968
1019 1734 697
403 1735 299
1314 1735 236
676 1736 367
760 1736 122
1317 1736 366
519 1737 384
1008 1737 249
665 1738 966
861 1738 378
373 1739 116
476 1739 379
1478 1739 138
1534 1740 317
412 1741 582
450 1741 636
644 1741 243
1492 1742 327
1710 1742 634
64 1743 287
671 1743 923
581 1744 404
615 1744 229
183 1745 629
440 1745 519
667 1745 247
1428 1745 162
1119 1746 116
1390 1746 407
1504 1746 647
519 1747 132
725 1748 241
1464 1748 468
1658 1748 544
679 1749 127
1563 1749 174
236 1750 175
862 1750 813
955 1750 432
1341 1750 102
1554 1750 118
1740 1750 127
723 1751 580
756 1751 158
129 1752 157
300 1752 491
1258 1752 178
359 1753 609
766 1753 254
1009 1753 219
542 1754 250
1200 1754 787
1305 1755 548
1679 1755 137
748 1756 115
919 1756 273
1173 1756 112
1623 1756 151
291 1757 982
373 1757 119
327 1758 353
850 1758 880
1123 1758 119
1427 1758 134
822 1759 352
1707 1760 221
253 1761 122
495 1761 401
697 1761 143
1056 1761 347
1279 1761 583
1709 1761 464
443 1762 143
1356 1762 369
682 1763 712
135 1764 612
542 1764 284
1164 1764 420
409 1765 324
69 1766 192
1719 1766 556
233 1767 268
1213 1767 868
1327 1768 464
539 1769 125
896 1769 299
770 1770 325
1136 1770 978
70 1771 169
767 1771 105
1387 1771 229
1585 1772 102
236 1773 970
323 1773 118
685 1773 322
1344 1773 230
592 1774 344
936 1774 125
1188 1774 303
1603 1775 266
8 1776 188
867 1776 129
1707 1776 194
358 1777 130
1053 1778 371
164 1779 452
400 1780 473
1221 1780 344
75 1781 127
121 1781 127
90 1782 135
245 1783 172
1021 1783 331
1241 1783 364
298 1784 136
328 1784 231
1015 1784 221
643 1785 354
24 1786 201
337 1786 827
782 1786 366
183 1787 555
317 1788 888
693 1788 328
722 1788 739
149 1789 514
739 1789 198
872 1789 573
1128 1789 138
1437 1789 703
1721 1789 159
686 1790 510
881 1790 189
974 1791 429
1023 1791 307
1647 1791 390
417 1792 570
1004 1792 115
1571 1792 152
629 1793 143
1507 1793 186
1752 1793 100
1349 1794 114
284 1795 165
787 1795 139
859 1795 336
163 1796 108
1083 1796 327
1123 1798 607
1412 1799 349
1697 1799 206
144 1800 276
442 1800 500
1254 1800 138
1326 1801 128
1546 1801 298
1717 1801 423
802 1802 155
1687 1802 391
741 1803 557
852 1803 127
217 1804 343
237 1804 189
1391 1805 366
499 1806 685
823 1806 127
1109 1807 530
1643 1807 392
505 1808 333
525 1808 325
1556 1808 423
109 1809 118
287 1809 384
118 1810 354
1199 1810 303
60 1811 575
1157 1811 203
860 1812 133
792 1813 397
1210 1813 318
38 1814 211
68 1814 128
381 1815 267
574 1815 152
352 1816 123
1560 1816 412
1661 1817 181
1682 1817 750
1061 1818 308
1601 1818 451
529 1820 204
1115 1820 417
1099 1821 310
1145 1821 413
1099 1822 593
242 1823 104
651 1823 202
65 1824 124
1028 1824 138
1132 1824 725
1475 1824 186
1225 1825 279
1001 1826 317
1020 1826 246
1785 1826 108
480 1827 173
1242 1827 155
365 1828 997
772 1828 138
96 1829 633
526 1829 844
537 1829 166
1101 1830 401
1643 1830 108
1816 1830 203
304 1831 560
277 1832 127
1262 1832 352
1655 1832 136
873 1833 568
1732 1833 415
60 1834 881
295 1834 300
1203 1834 408
1654 1834 290
184 1835 568
788 1835 214
1350 1836 314
1609 1836 306
1633 1836 203
1820 1836 357
583 1837 178
665 1837 188
772 1837 346
842 1837 502
1467 1837 435
253 1838 585
340 1838 136
436 1838 103
618 1838 267
991 1838 198
1056 1838 219
1103 1838 313
1709 1838 815
43 1839 139
224 1839 124
550 1839 152
658 1841 453
1037 1841 475
1061 1842 361
1495 1842 233
1610 1842 370
87 1843 300
583 1843 211
1467 1843 468
248 1844 278
566 1844 991
1422 1844 263
1577 1844 292
307 1845 165
780 1845 354
1701 1846 341
839 1847 268
1352 1847 837
1510 1847 262
51 1848 568
104 1848 519
145 1848 221
487 1848 504
558 1848 342
1232 1848 588
341 1849 323
1318 1849 114
1497 1850 383
1605 1850 168
37 1851 358
1277 1851 146
739 1852 173
763 1852 137
944 1852 131
1128 1852 770
1721 1852 565
821 1853 126
972 1854 233
236 1855 353
862 1855 589
1077 1855 545
1007 1856 307
249 1857 551
311 1857 153
523 1857 125
742 1857 413
884 1857 148
1160 1857 152
801 1858 196
1549 1858 254
472 1860 278
645 1861 117
1079 1861 158
181 1862 218
337 1862 264
408 1862 133
435 1862 230
847 1862 158
1101 1862 275
1558 1862 684
265 1863 149
671 1863 673
793 1863 192
1225 1863 128
508 1864 115
777 1864 136
905 1865 239
1489 1865 883
1704 1865 382
306 1866 655
570 1866 421
643 1867 131
1405 1867 437
1271 1868 209
1484 1868 189
1044 1869 326
1311 1869 769
326 1870 909
339 1870 929
1066 1870 205
1253 1870 152
1770 1870 128
203 1871 548
280 1871 142
299 1871 327
1133 1871 369
1222 1871 106
1866 1871 292
474 1872 283
849 1872 638
1099 1873 319
1257 1873 226
1572 1873 831
21 1874 251
464 1874 391
1011 1874 253
1483 1875 296
1501 1875 252
1069 1876 740
834 1877 911
1381 1877 332
1174 1878 115
1253 1878 100
1460 1878 400
275 1879 272
1030 1879 256
1142 1879 177
1667 1879 431
1272 1880 257
201 1881 131
1067 1881 370
453 1882 228
882 1882 240
1739 1882 454
1757 1882 422
1856 1882 403
511 1883 243
519 1883 288
433 1884 127
1834 1884 248
1568 1885 174
74 1886 223
592 1887 650
936 1887 181
1188 1887 285
684 1888 140
804 1888 309
919 1888 180
1355 1888 169
1326 1889 300
1546 1889 167
104 1890 674
188 1890 325
614 1890 120
623 1891 933
919 1891 299
1163 1891 101
503 1892 162
1235 1892 356
204 1893 181
516 1893 391
1320 1893 635
280 1894 575
1542 1894 103
1866 1894 170
1009 1895 304
1452 1896 482
150 1897 263
1331 1897 585
1444 1897 166
1674 1897 150
453 1898 100
757 1898 176
996 1898 292
1856 1898 276
1744 1899 114
431 1900 160
734 1900 278
846 1900 143
199 1901 608
1144 1901 404
171 1902 172
758 1902 459
1167 1902 280
1694 1902 211
1859 1902 372
440 1903 274
889 1903 275
1500 1903 122
610 1904 163
954 1904 137
1754 1904 378
1272 1905 134
709 1906 303
1146 1906 192
15 1907 643
93 1907 322
1786 1907 377
1828 1907 602
1063 1908 134
1149 1908 361
543 1909 309
1265 1909 424
188 1910 132
614 1910 154
1022 1910 268
1095 1910 290
1434 1910 239
1890 1910 135
41 1911 391
100 1911 358
1613 1911 186
1691 1911 223
682 1912 443
764 1912 469
1391 1912 548
488 1913 140
908 1913 209
970 1914 231
1544 1914 107
1189 1915 158
1526 1915 639
357 1916 421
1478 1916 387
699 1917 612
198 1918 225
612 1919 189
1259 1920 385
1529 1920 178
1827 1920 338
1005 1921 145
1779 1921 250
1798 1921 133
27 1922 143
767 1922 100
1387 1922 223
78 1923 190
343 1923 277
1022 1923 356
1313 1923 161
1322 1923 131
1434 1923 151
1629 1923 165
513 1924 220
1029 1924 363
521 1925 508
1388 1925 618
54 1926 136
820 1927 364
1807 1927 102
1542 1928 265
336 1929 124
421 1929 296
1753 1930 668
1902 1931 147
106 1932 484
185 1932 547
228 1932 393
495 1932 306
1630 1932 197
361 1933 435
1802 1933 892
266 1934 975
71 1935 608
1929 1935 315
831 1936 328
334 1937 151
1415 1937 285
386 1938 331
511 1938 632
754 1938 258
1248 1938 222
1825 1940 237
335 1941 398
1193 1941 283
573 1942 178
660 1942 145
1023 1942 168
1516 1942 380
1619 1942 166
1726 1942 279
140 1943 139
578 1943 802
1561 1943 118
1346 1944 124
1593 1944 162
1621 1944 618
1929 1944 112
653 1945 344
1268 1945 233
791 1946 774
1913 1946 444
538 1947 407
310 1948 536
460 1948 224
493 1949 611
1805 1949 121
1638 1950 197
1759 1950 159
48 1951 157
1078 1951 155
1646 1951 389
1898 1951 179
173 1952 141
1198 1952 160
1947 1952 390
740 1953 122
911 1953 527
445 1954 300
505 1954 282
717 1955 485
1409 1955 190
1867 1955 140
78 1956 133
257 1956 491
343 1956 474
965 1956 311
1322 1956 193
1434 1956 475
1923 1956 324
305 1957 146
401 1957 903
926 1958 512
1732 1958 111
216 1959 218
678 1959 147
1005 1959 363
1958 1959 373
494 1960 245
1152 1960 405
21 1961 109
287 1961 195
824 1961 624
783 1962 390
1281 1962 303
1777 1963 448
611 1964 147
670 1964 143
1924 1964 442
1465 1965 346
1179 1966 102
1671 1966 310
722 1967 158
829 1967 270
1125 1967 167
128 1968 266
256 1968 101
1021 1968 371
1772 1968 329
863 1969 192
1195 1969 325
1098 1972 360
1868 1972 978
411 1973 524
571 1973 343
1228 1973 371
382 1974 374
1951 1974 828
175 1975 136
275 1975 395
885 1975 260
1306 1975 102
1972 1975 961
1851 1976 385
950 1977 387
1389 1977 616
1628 1977 420
1974 1977 125
422 1978 406
870 1978 106
925 1978 294
1102 1978 138
1425 1978 833
1040 1979 866
1162 1979 305
1785 1979 734
89 1980 833
447 1980 670
922 1980 764
1277 1980 149
321 1981 232
533 1981 165
734 1981 515
1170 1981 635
191 1982 925
471 1982 224
1014 1983 937
470 1984 558
1189 1984 334
1526 1984 429
1514 1985 472
879 1986 545
1309 1986 280
1499 1986 624
312 1987 119
1025 1987 273
1468 1988 489
1533 1988 443
503 1989 216
1284 1989 132
1342 1989 105
136 1990 270
415 1990 107
430 1990 124
1118 1990 278
1282 1990 730
1528 1990 448
1606 1990 131
326 1991 212
474 1991 662
675 1991 528
1043 1991 261
1136 1992 161
1640 1992 881
410 1993 668
456 1993 321
565 1993 275
1032 1993 461
1142 1993 307
336 1994 340
346 1995 567
1652 1995 111
1512 1996 259
24 1997 208
181 1997 219
337 1997 263
1860 1997 949
49 1998 595
1170 1998 223
1259 1998 221
297 1999 220
668 1999 148
565 2000 434
642 2000 636
1110 2000 274
1142 2000 335
703 2001 441
1562 2001 473
771 2002 419
1664 2002 178
1930 2002 214
44 2003 554
566 2003 481
1596 2003 281
898 2004 254
38 2005 138
355 2005 145
468 2005 162
562 2005 824
1256 2005 739
1529 2006 159
1728 2006 795
226 2007 355
395 2007 158
993 2007 542
1741 2007 100
146 2008 194
234 2008 354
725 2008 139
985 2008 148
1036 2008 925
1417 2008 332
1464 2008 161
285 2009 133
1301 2009 498
1876 2009 438
116 2010 661
404 2010 840
1104 2010 412
1472 2010 682
1819 2010 181
1444 2011 182
1674 2011 341
434 2012 547
550 2012 462
1277 2012 345
1976 2012 106
72 2013 716
359 2013 182
766 2013 278
988 2013 220
1165 2013 303
1877 2013 233
292 2014 357
306 2014 513
1397 2014 784
257 2015 137
320 2015 295
925 2015 113
1022 2015 218
1095 2015 789
1313 2015 235
1322 2015 693
1629 2015 275
1956 2015 186
201 2017 750
919 2017 238
1067 2017 313
1163 2017 162
1934 2017 232
48 2018 856
724 2018 169
1335 2018 355
895 2019 149
1122 2019 427
1206 2019 395
1346 2019 162
1333 2020 321
1334 2020 186
1174 2021 179
1374 2021 917
1461 2021 207
420 2022 452
2016 2022 190
2020 2022 253
2 2023 518
548 2023 656
632 2023 137
377 2024 276
1743 2024 704
419 2025 130
676 2025 242
1360 2026 434
541 2027 817
327 2028 376
728 2028 265
995 2028 276
1764 2028 827
410 2029 268
26 2030 501
1782 2030 553
406 2031 529
455 2031 222
647 2032 656
1182 2032 254
1811 2032 170
245 2033 506
1703 2033 280
51 2034 697
1624 2034 314
16 2035 297
966 2035 492
1154 2035 126
584 2036 308
1360 2036 140
1876 2036 175
696 2037 204
1236 2037 419
681 2038 177
1584 2038 573
188 2039 184
320 2039 293
614 2039 668
1090 2039 493
1095 2039 804
17 2040 269
1575 2040 907
1753 2040 525
1198 2041 518
1463 2041 618
360 2042 342
2026 2042 199
779 2043 493
1694 2043 274
377 2044 332
1063 2044 902
1863 2044 286
1269 2045 148
1393 2045 119
329 2046 312
1678 2046 233
241 2047 340
1199 2047 199
475 2048 191
997 2048 804
1872 2048 563
1348 2049 395
1702 2049 134
209 2050 399
718 2050 241
1080 2050 201
1237 2050 305
1649 2050 458
47 2051 133
264 2051 209
149 2052 110
290 2052 165
739 2052 365
837 2052 333
944 2052 185
1789 2052 162
1852 2052 538
713 2053 353
8 2054 145
1707 2054 238
1107 2055 498
1370 2055 115
1603 2056 729
75 2057 507
608 2057 244
673 2057 777
851 2057 305
1751 2057 655
65 2058 495
141 2058 343
674 2059 394
946 2059 108
260 2060 221
436 2060 267
481 2060 297
487 2060 418
618 2060 431
819 2060 544
1103 2060 476
54 2061 168
229 2061 811
721 2061 986
208 2062 491
1328 2062 129
101 2063 129
190 2063 770
304 2063 297
1470 2063 148
138 2064 711
560 2064 252
1372 2065 558
1853 2065 556
456 2066 298
1504 2066 608
1781 2066 306
212 2067 623
779 2067 170
1151 2067 369
1190 2067 699
1931 2067 587
871 2068 523
1278 2068 927
1720 2068 222
20 2069 791
307 2069 310
348 2070 412
368 2070 331
1521 2070 581
437 2071 998
1518 2071 131
2 2072 132
632 2072 248
692 2072 205
1141 2072 874
1192 2072 147
1285 2072 145
106 2073 308
301 2073 281
887 2073 186
1111 2073 177
1160 2073 133
1279 2073 136
1630 2073 219
1711 2073 846
1932 2073 175
1361 2074 686
1746 2074 543
2066 2074 504
128 2075 350
941 2075 263
1712 2075 279
1893 2075 460
482 2076 254
1728 2076 554
43 2077 376
346 2077 188
1570 2077 165
1880 2078 217
1905 2078 570
496 2079 233
1275 2079 167
1308 2079 138
1627 2080 420
1643 2080 263
1769 2080 618
472 2081 372
844 2081 125
861 2081 413
143 2082 262
168 2082 147
696 2082 279
929 2082 150
1152 2082 178
1236 2082 180
1942 2082 248
260 2083 310
340 2083 231
436 2083 264
487 2083 490
819 2083 128
1229 2083 191
1232 2083 448
2060 2083 531
1978 2084 228
16 2085 983
385 2085 142
565 2086 942
971 2086 266
1032 2086 755
1339 2086 258
398 2087 955
1677 2087 507
760 2088 311
983 2088 576
1317 2088 676
596 2089 463
984 2089 324
1971 2090 112
987 2091 141
1620 2091 149
1806 2091 119
1856 2091 317
41 2092 332
1221 2092 467
1737 2093 472
1746 2093 569
1747 2093 220
104 2094 302
145 2094 415
614 2094 175
1848 2094 217
2039 2094 108
564 2095 278
962 2095 416
635 2096 742
672 2096 774
1161 2096 420
802 2097 970
1765 2097 528
1840 2098 301
1917 2098 381
510 2099 209
533 2099 288
829 2099 664
347 2100 680
386 2100 376
1883 2100 224
1024 2101 237
775 2102 146
1977 2102 147
234 2103 266
1463 2103 170
1649 2103 788
230 2104 166
637 2104 540
1123 2104 348
1436 2104 284
580 2105 405
1036 2105 205
1464 2105 135
717 2106 363
1409 2106 105
1867 2106 556
142 2107 320
732 2107 124
1269 2107 121
1380 2107 440
235 2108 632
530 2108 225
1826 2109 310
249 2110 124
311 2110 411
704 2110 276
884 2110 277
938 2110 287
1418 2110 355
1857 2110 426
136 2111 604
430 2111 208
877 2111 551
1116 2111 300
1528 2111 115
1606 2111 164
1990 2111 333
343 2112 118
785 2112 218
1364 2112 458
754 2113 475
1734 2113 727
29 2114 200
169 2114 186
1424 2114 115
1003 2115 291
2090 2115 201
119 2116 635
1984 2116 474
905 2117 175
1059 2117 225
1179 2117 114
1489 2117 235
1704 2117 447
531 2118 214
759 2118 132
1106 2118 873
1455 2119 779
1494 2119 109
909 2120 304
1119 2121 617
136 2122 125
166 2122 273
430 2122 857
712 2122 111
877 2122 971
1116 2122 364
1606 2122 229
1487 2123 254
1813 2123 220
1845 2123 218
255 2124 145
1797 2124 814
1506 2125 174
1717 2125 226
2087 2125 533
703 2126 129
1562 2126 160
2062 2126 301
468 2127 214
996 2128 220
1856 2128 347
2105 2128 670
195 2129 294
1518 2129 734
1268 2130 867
532 2131 350
726 2131 999
1496 2131 355
1411 2132 105
2025 2132 357
7 2133 282
70 2133 508
352 2133 136
767 2133 584
827 2133 620
1028 2134 772
1132 2134 540
694 2135 461
1114 2135 417
1677 2135 353
568 2136 723
1218 2137 107
292 2138 974
626 2138 183
1126 2138 148
330 2139 367
766 2140 192
890 2140 412
1930 2140 506
407 2141 129
699 2141 267
401 2142 315
405 2142 414
993 2142 509
1741 2142 667
1913 2142 223
408 2143 181
576 2143 785
256 2144 502
1765 2144 241
426 2145 948
968 2145 137
714 2146 171
1399 2146 404
321 2147 298
746 2147 206
846 2147 232
611 2148 512
1221 2148 817
1660 2148 388
304 2149 213
491 2149 482
1150 2149 141
330 2150 480
1559 2150 954
79 2151 138
399 2151 517
816 2151 267
917 2151 242
953 2151 131
1675 2151 958
178 2152 595
275 2152 130
833 2152 969
115 2153 175
590 2153 556
1092 2153 111
2004 2153 234
82 2154 159
639 2154 104
1062 2154 117
508 2155 295
521 2155 446
561 2155 141
420 2156 159
873 2156 235
926 2156 482
1097 2156 224
1136 2156 238
1498 2156 289
1732 2156 825
496 2157 304
602 2157 138
1407 2157 271
2079 2157 711
2120 2157 136
1085 2158 998
1946 2158 297
1158 2159 231
1187 2159 941
1298 2159 315
205 2160 367
921 2160 730
1101 2160 398
1939 2161 148
79 2162 436
204 2162 176
290 2162 170
642 2162 239
763 2162 707
818 2162 159
837 2162 120
2151 2162 575
133 2163 547
1310 2163 485
2128 2163 449
143 2164 897
573 2164 360
660 2164 320
1236 2164 353
1726 2164 455
2037 2164 349
2082 2164 172
683 2165 383
1341 2165 380
1430 2165 322
2078 2165 493
196 2166 291
1501 2166 272
372 2167 209
375 2167 329
396 2167 294
192 2168 351
1208 2168 319
1583 2168 100
1156 2169 278
2055 2169 415
859 2170 289
1155 2170 209
1081 2171 944
348 2172 392
772 2173 113
1280 2173 156
1428 2173 140
1693 2173 169
370 2174 687
363 2175 266
1076 2175 994
1983 2175 183
1250 2176 314
683 2177 666
790 2177 158
1228 2178 155
1371 2178 207
828 2179 671
832 2179 594
326 2180 199
1992 2180 318
2172 2180 152
1880 2181 211
1905 2181 371
102 2182 223
431 2182 177
1971 2183 579
353 2184 729
402 2184 675
469 2184 286
1240 2184 681
581 2185 495
615 2185 275
1899 2185 685
72 2186 104
215 2186 267
874 2187 173
1354 2187 422
4 2188 247
139 2189 142
332 2189 104
528 2189 694
1309 2189 189
1746 2189 814
909 2190 192
1550 2190 168
1885 2190 521
1593 2191 501
1601 2191 922
313 2192 746
735 2192 136
1537 2192 271
886 2193 196
1436 2193 420
2134 2193 288
1658 2194 161
1589 2195 412
1510 2196 620
10 2197 602
1703 2197 122
1863 2197 362
594 2198 589
2174 2198 152
63 2199 119
739 2200 148
872 2200 404
943 2200 187
1128 2200 208
1721 2200 187
1852 2200 131
510 2201 158
366 2202 812
924 2202 189
1830 2203 393
1860 2203 260
355 2204 665
1869 2204 256
2137 2204 154
320 2205 285
1022 2205 207
1095 2205 892
1890 2205 196
1910 2205 602
2039 2205 882
2094 2205 995
1538 2206 916
1715 2206 334
155 2207 929
408 2207 165
1055 2207 402
672 2208 391
778 2208 476
409 2209 462
2097 2209 273
2144 2209 372
139 2210 328
905 2210 142
73 2211 772
620 2211 109
529 2212 210
1115 2212 227
1246 2212 103
249 2213 312
311 2213 223
742 2213 174
884 2213 899
938 2213 994
1651 2213 540
1433 2214 665
1775 2214 276
1939 2214 184
251 2215 288
1635 2215 208
910 2216 118
1048 2216 257
1130 2216 195
694 2217 829
934 2217 117
777 2218 447
1226 2218 411
1670 2219 243
504 2220 310
1970 2220 765
186 2221 189
630 2221 285
1330 2221 155
227 2222 941
962 2222 188
2112 2222 176
166 2223 584
430 2223 128
872 2223 184
877 2223 204
943 2223 326
1116 2223 150
1437 2223 197
2122 2223 214
304 2224 337
314 2224 241
464 2224 180
491 2224 358
693 2225 436
2099 2225 587
1209 2226 113
1210 2226 530
1730 2226 128
2123 2226 906
2146 2226 953
721 2227 395
1572 2227 141
162 2228 147
886 2228 967
1436 2228 743
120 2229 377
374 2229 387
572 2229 320
782 2230 217
525 2231 555
1702 2231 334
1867 2231 169
2170 2231 110
1669 2232 329
2116 2232 333
522 2233 292
554 2233 168
573 2233 931
1516 2233 477
1559 2233 189
1619 2233 803
2037 2233 259
1481 2234 121
1846 2234 219
839 2235 154
980 2235 477
1712 2235 100
2059 2235 102
854 2236 160
1711 2236 198
1130 2237 278
1452 2237 428
489 2238 170
2005 2238 607
2127 2238 843
662 2239 371
1285 2239 175
1238 2240 567
1627 2240 253
452 2241 103
922 2241 138
1644 2241 236
1686 2241 574
1883 2241 605
677 2242 350
730 2242 140
1186 2242 984
402 2243 104
1813 2243 288
2109 2243 267
684 2244 355
804 2244 944
1355 2244 451
1413 2245 216
1603 2245 144
1285 2246 815
1533 2246 259
201 2247 217
919 2247 962
1325 2247 306
2177 2247 412
289 2248 261
1125 2248 148
850 2249 145
1427 2249 367
222 2250 199
1934 2250 523
1422 2251 218
1892 2251 144
268 2252 200
992 2252 839
1291 2252 368
2136 2252 317
431 2253 107
1010 2253 673
1196 2253 169
2147 2253 142
2182 2254 136
47 2255 100
120 2256 143
444 2256 333
572 2256 863
2158 2256 327
145 2257 868
614 2257 843
752 2257 177
1848 2257 308
1890 2257 204
2039 2257 174
2094 2257 909
6 2258 432
441 2258 522
796 2258 140
1597 2259 335
1637 2259 526
1762 2259 480
18 2260 446
1353 2260 787
256 2261 195
613 2261 316
976 2261 179
1021 2261 567
1340 2261 417
1893 2261 556
685 2262 378
955 2262 918
2210 2262 135
1441 2263 106
1457 2263 171
619 2264 557
1302 2264 161
1337 2264 211
1207 2265 122
1484 2265 169
1867 2265 173
198 2266 482
229 2266 143
707 2266 147
1016 2266 159
1642 2266 886
106 2267 349
228 2267 258
301 2267 240
523 2267 119
742 2267 168
1111 2267 136
1160 2267 927
1932 2267 134
1947 2267 274
119 2268 154
1323 2268 174
1901 2268 235
698 2269 225
1564 2269 736
1876 2269 258
2026 2269 112
1097 2270 225
1402 2270 386
5 2271 278
1854 2271 389
103 2272 537
1384 2272 853
1942 2272 681
9 2273 504
377 2273 106
1940 2273 261
28 2274 454
613 2274 591
1340 2274 316
573 2275 379
1485 2275 231
1559 2275 320
1619 2275 507
2037 2275 390
2082 2275 214
344 2276 318
221 2277 299
452 2277 122
1747 2277 322
338 2278 197
830 2278 836
1294 2279 212
107 2280 298
380 2280 306
688 2280 109
1195 2280 361
1275 2280 334
1308 2280 305
1474 2280 399
1914 2280 121
2120 2280 407
2157 2280 960
454 2281 384
528 2281 431
1834 2281 535
253 2282 348
436 2282 239
618 2282 753
697 2282 327
819 2282 380
1056 2282 122
1709 2282 424
1761 2282 470
376 2283 235
443 2283 345
596 2283 130
751 2283 571
1356 2283 526
2131 2284 600
160 2285 874
1805 2285 589
2027 2286 199
364 2287 697
894 2287 880
166 2288 142
430 2288 329
877 2288 405
943 2288 233
1116 2288 506
1606 2288 186
2111 2288 350
880 2289 500
998 2289 642
1828 2289 634
1742 2290 198
1920 2290 111
2287 2290 332
5 2291 108
154 2291 140
182 2291 148
1239 2291 791
1854 2291 218
2002 2291 927
275 2292 383
833 2292 155
1685 2292 645
793 2293 178
802 2293 100
1933 2293 143
2188 2294 257
339 2295 275
1066 2295 387
1231 2296 444
1344 2296 406
277 2297 171
993 2297 128
1202 2297 385
746 2298 214
2099 2298 242
166 2299 417
877 2299 154
943 2299 326
1116 2299 509
1437 2299 556
2200 2299 138
2288 2299 560
36 2300 186
494 2300 436
1494 2300 116
480 2301 921
569 2301 742
1635 2301 105
329 2302 351
425 2302 671
1694 2302 357
371 2303 217
1719 2303 286
191 2304 389
456 2304 241
2029 2304 122
393 2305 615
1634 2305 838
176 2306 198
258 2306 333
311 2306 118
704 2306 264
884 2306 145
938 2306 504
2213 2306 104
172 2307 264
1165 2307 357
1073 2308 401
1864 2308 787
411 2309 370
2130 2309 259
400 2310 801
1466 2310 596
1599 2310 310
1092 2311 755
1365 2311 161
1608 2311 390
2153 2311 356
801 2312 418
889 2312 253
1397 2313 196
1477 2313 321
434 2314 176
493 2314 697
764 2314 157
1277 2314 260
1391 2314 236
55 2315 269
426 2315 453
1712 2315 699
104 2316 336
145 2316 380
558 2316 159
614 2316 209
752 2316 527
1890 2316 329
2257 2316 124
208 2317 127
460 2317 146
1267 2317 440
60 2318 115
454 2318 465
807 2318 251
501 2319 160
952 2319 271
79 2320 632
290 2320 637
399 2320 231
763 2320 361
818 2320 909
944 2320 232
2052 2320 472
2151 2320 494
774 2321 119
1067 2321 421
1163 2321 269
104 2322 279
1848 2322 240
1890 2322 272
1910 2322 136
2039 2322 853
2094 2322 231
2205 2322 764
2316 2322 569
176 2323 133
311 2323 272
704 2323 111
1418 2323 216
1857 2323 287
2110 2323 138
2213 2323 490
2306 2323 153
284 2324 696
1251 2324 161
1638 2324 100
1815 2324 242
17 2325 141
891 2325 373
2215 2325 153
1000 2326 160
1046 2326 263
1156 2326 613
1370 2326 191
38 2327 337
276 2327 240
265 2328 614
2044 2328 178
852 2329 547
1426 2329 315
1978 2329 771
2084 2329 543
199 2330 540
812 2330 279
1018 2330 241
453 2331 266
1191 2331 110
1337 2331 201
1768 2331 297
303 2332 103
316 2332 217
1379 2332 485
2013 2332 543
1063 2333 160
1127 2333 930
1203 2333 247
1884 2333 874
574 2334 275
822 2334 269
1950 2334 393
552 2335 701
1975 2335 258
2152 2335 634
39 2336 135
1491 2336 249
1508 2336 439
144 2337 369
750 2337 260
1598 2337 105
297 2338 103
625 2338 251
687 2338 710
1075 2338 105
1331 2338 705
2058 2338 184
135 2339 209
4 2340 474
1840 2340 756
577 2341 892
605 2341 440
286 2342 841
2045 2342 316
766 2343 312
1463 2343 369
1895 2343 143
248 2344 358
357 2344 311
1130 2345 135
1382 2345 381
319 2346 277
931 2346 761
748 2347 369
1468 2347 726
1648 2347 208
2195 2347 411
1818 2348 278
1935 2348 288
2191 2348 808
251 2349 309
502 2349 274
569 2349 125
750 2349 178
1635 2349 305
2260 2349 759
88 2350 164
439 2350 160
1566 2350 145
1325 2351 385
2281 2351 333
80 2352 295
193 2352 253
1683 2352 480
1183 2353 220
1612 2353 632
1671 2353 117
185 2354 882
228 2354 360
253 2354 215
495 2354 641
991 2354 108
1630 2354 164
1761 2354 337
1932 2354 335
1860 2355 297
158 2356 912
432 2356 335
2208 2356 115
130 2357 973
540 2357 130
1023 2357 244
956 2358 266
1058 2358 355
2289 2358 448
682 2359 474
878 2359 650
93 2360 202
842 2360 216
1413 2361 104
1636 2361 251
470 2362 169
1266 2362 259
132 2363 192
714 2363 204
17 2364 389
1661 2364 268
1872 2364 285
1053 2365 468
1099 2365 585
1544 2365 576
13 2366 284
1557 2366 154
546 2367 127
2054 2367 971
2346 2367 109
601 2368 291
695 2368 111
1919 2368 258
386 2369 136
1403 2369 553
1419 2370 517
1617 2370 348
2050 2370 113
13 2371 169
1454 2371 158
1557 2371 112
11 2372 574
460 2372 206
1607 2372 100
2263 2372 258
261 2373 179
474 2373 398
1817 2373 313
496 2374 121
602 2374 182
91 2375 332
963 2375 740
2316 2375 146
194 2376 112
1739 2376 411
2344 2376 486
421 2377 397
636 2377 350
1233 2377 311
1944 2377 212
119 2378 324
504 2378 398
649 2378 357
1400 2378 524
1970 2378 443
1524 2379 157
1578 2379 467
571 2380 363
1474 2380 134
96 2381 263
851 2381 629
1672 2381 846
590 2382 286
202 2383 147
1929 2383 180
1994 2383 234
179 2384 164
256 2384 262
613 2384 538
49 2385 878
1145 2385 407
1033 2386 324
1493 2386 147
2271 2386 754
87 2387 504
269 2387 357
1227 2387 195
1995 2387 295
309 2388 130
2076 2388 436
2254 2388 552
2385 2388 588
265 2389 545
2197 2389 359
1239 2390 640
1514 2390 151
1854 2390 146
767 2391 406
1238 2391 182
34 2392 661
1988 2392 253
2246 2392 700
874 2393 183
1444 2393 501
1674 2393 341
2058 2393 552
864 2394 299
2294 2394 300
1341 2395 182
1727 2395 899
17 2396 464
72 2396 190
538 2396 272
1620 2396 320
2041 2396 165
644 2397 158
652 2397 379
2142 2397 752
92 2398 544
394 2398 568
1543 2398 275
1565 2398 130
331 2399 221
1787 2399 461
1244 2400 234
1244 2401 380
1047 2402 183
1201 2402 427
1490 2402 148
258 2403 254
262 2403 405
704 2403 323
816 2403 251
938 2403 582
953 2403 650
1418 2403 651
1600 2403 604
417 2404 555
1493 2404 783
1854 2404 170
2307 2404 314
685 2405 107
1394 2405 149
2210 2405 135
131 2406 858
1718 2406 434
1874 2406 575
221 2407 100
328 2407 709
532 2407 211
1403 2407 305
318 2408 201
475 2408 431
997 2408 320
615 2409 102
737 2409 172
2145 2409 172
2366 2409 354
1026 2410 312
1450 2410 166
1965 2410 367
2183 2410 125
170 2411 117
657 2411 113
1429 2411 241
551 2412 371
1764 2412 659
2339 2412 336
243 2413 734
1970 2413 235
1474 2414 209
2120 2414 210
2380 2414 749
1361 2415 371
1737 2415 581
2130 2415 113
2407 2415 323
462 2416 831
1191 2416 811
1288 2416 652
831 2417 966
1987 2417 975
143 2418 223
510 2418 927
522 2418 336
929 2418 111
1516 2418 343
1726 2418 321
2037 2418 215
33 2419 235
1443 2419 118
2121 2419 182
939 2420 879
1569 2420 140
2360 2420 257
555 2421 328
954 2421 214
1764 2421 348
238 2422 743
530 2423 118
726 2423 683
1409 2423 215
2284 2423 162
2296 2423 359
1389 2424 288
1698 2424 189
1287 2425 993
1626 2425 176
1837 2425 223
155 2426 321
337 2426 526
2355 2426 609
773 2427 216
1511 2427 502
1871 2427 122
514 2428 382
1582 2428 340
1185 2429 121
1243 2429 119
2053 2429 853
1060 2430 447
1110 2430 979
1142 2430 159
1224 2430 291
1323 2431 423
1481 2431 455
1846 2431 553
503 2432 282
1963 2432 136
2251 2432 461
263 2433 355
371 2433 260
509 2433 581
932 2433 111
982 2433 343
2150 2433 149
2201 2433 148
146 2434 926
159 2434 969
725 2434 461
1159 2434 225
636 2435 104
1593 2435 195
19 2436 254
564 2436 584
984 2436 600
2283 2436 348
152 2437 155
246 2437 588
1340 2437 671
1725 2437 364
1887 2437 574
848 2438 302
1353 2438 118
1607 2438 173
1045 2439 358
2101 2440 411
2183 2440 263
317 2441 401
1138 2441 199
2385 2441 168
522 2442 418
554 2442 108
721 2442 648
1485 2442 251
1516 2442 779
1559 2442 637
1659 2442 276
1782 2442 380
2037 2442 134
514 2443 739
756 2443 542
871 2443 191
1330 2443 171
2112 2443 436
347 2444 282
470 2444 435
1526 2444 307
197 2445 126
504 2445 232
649 2445 191
1304 2445 172
1656 2445 459
2378 2445 165
2413 2445 254
280 2446 230
1089 2446 322
1542 2446 277
2375 2446 128
539 2447 481
896 2447 307
2391 2447 305
875 2448 148
1137 2448 239
1901 2448 118
1984 2448 241
2362 2448 299
2411 2448 244
355 2449 209
1680 2449 884
1850 2449 159
79 2450 243
262 2450 102
642 2450 171
816 2450 257
818 2450 520
953 2450 142
2151 2450 105
2162 2450 680
1 2451 847
457 2451 333
1339 2451 722
1929 2451 224
77 2452 178
2219 2452 235
1679 2453 266
1703 2453 906
1962 2453 133
812 2454 135
1018 2454 506
2379 2454 379
314 2455 158
491 2455 198
1763 2455 233
878 2456 341
1790 2456 467
1831 2456 130
2224 2456 354
16 2457 763
88 2457 238
439 2457 234
456 2458 239
1032 2458 128
14 2459 372
1936 2459 486
2417 2459 151
661 2460 356
770 2460 509
1498 2460 615
1987 2460 245
420 2461 156
628 2461 238
873 2461 232
2016 2461 112
168 2462 127
929 2462 425
1659 2462 444
1942 2462 272
2164 2462 447
2275 2462 489
2418 2462 313
2442 2462 232
604 2463 461
31 2464 474
355 2464 108
1505 2464 374
1602 2464 235
1132 2465 299
1475 2465 209
1535 2465 631
1921 2465 478
696 2466 167
1485 2466 212
1559 2466 301
1619 2466 318
1942 2466 198
2233 2466 112
2418 2466 156
83 2467 460
2313 2467 192
2454 2467 358
173 2468 249
1947 2468 127
166 2469 406
739 2469 537
943 2469 497
1437 2469 268
1789 2469 338
1852 2469 554
2200 2469 685
2299 2469 824
1725 2470 377
1755 2470 290
72 2471 891
1441 2471 144
1665 2471 474
1996 2471 106
2034 2471 185
2349 2471 174
676 2472 312
760 2472 213
1411 2472 409
1431 2472 101
1708 2472 420
338 2473 310
1180 2473 599
1270 2473 598
1301 2473 224
1564 2473 168
1876 2473 164
274 2474 852
1541 2474 145
1548 2474 173
1429 2475 139
1901 2475 114
388 2476 593
609 2476 651
670 2476 181
1357 2476 402
143 2477 940
522 2477 207
573 2477 790
929 2477 182
1236 2477 349
2037 2477 345
2275 2477 458
2466 2477 269
330 2478 336
371 2478 115
597 2478 470
932 2478 338
937 2478 259
1049 2478 168
1125 2478 185
1678 2478 694
2139 2478 309
2357 2478 279
331 2479 220
916 2479 439
1549 2479 576
1745 2479 999
1787 2479 461
2312 2479 206
845 2480 168
1461 2480 184
1870 2480 276
148 2481 129
798 2481 862
1027 2481 582
1663 2481 259
885 2482 124
1172 2482 102
1740 2482 104
702 2483 288
900 2483 549
1653 2483 120
1720 2483 195
2338 2483 677
2428 2483 139
80 2484 227
679 2484 221
757 2484 182
1563 2484 693
1663 2484 136
1951 2484 173
1696 2485 136
1916 2485 546
223 2486 365
1886 2486 417
142 2487 401
286 2487 121
1327 2487 269
1314 2488 190
1370 2488 171
1515 2488 273
2034 2488 134
972 2489 285
2271 2489 129
484 2490 524
832 2490 564
1005 2490 301
30 2491 368
829 2491 500
894 2491 177
1202 2492 483
2196 2492 587
138 2493 164
1639 2493 877
492 2494 380
672 2494 569
2187 2494 204
157 2495 208
388 2495 873
1075 2495 125
153 2496 219
369 2496 279
917 2496 127
1657 2496 195
1963 2496 106
1100 2497 199
1646 2497 341
1974 2497 344
172 2498 219
1165 2498 312
1683 2498 413
654 2499 228
923 2499 703
1411 2499 245
246 2500 114
795 2500 529
1321 2500 490
