1
0
1
1
1000000
0
0
0
0
1
7 64 185
32 81 160
42 101 253
56 105 710
72 134 138
93 148 340
63 162 271
161 167 245
67 181 140
57 183 176
80 188 137
69 190 157
117 195 182
106 201 634
99 216 481
100 216 128
146 220 672
165 257 362
200 265 222
69 266 192
224 267 295
151 269 514
21 272 544
79 279 212
211 280 163
173 283 225
232 288 154
17 291 125
158 293 563
259 297 266
89 299 768
202 299 106
51 301 794
71 316 181
3 317 122
226 329 131
243 329 189
291 332 462
277 335 148
194 337 138
320 354 206
280 359 135
45 361 202
123 362 166
357 362 109
73 363 123
39 367 345
364 376 155
351 378 546
56 383 115
223 384 218
146 389 321
60 395 747
154 395 115
8 414 104
300 418 445
65 419 152
29 424 268
342 426 104
86 430 732
333 430 643
285 438 591
66 439 319
397 441 465
14 444 328
402 449 180
110 450 226
314 451 359
423 453 291
25 455 229
296 462 176
318 467 255
68 476 746
394 476 179
252 484 201
102 486 373
242 486 126
282 487 330
222 492 140
189 498 175
116 502 119
83 512 125
250 516 794
245 518 118
242 519 493
353 529 350
281 530 219
484 538 170
316 539 386
428 539 205
307 540 168
450 540 674
161 542 181
503 546 516
317 555 144
524 561 137
79 566 221
465 568 223
144 570 186
115 574 425
230 575 111
183 578 171
470 579 229
389 585 202
8 587 139
155 596 342
176 597 101
147 598 175
271 600 130
189 601 268
70 603 162
562 605 487
429 606 244
226 610 431
303 610 131
185 612 758
338 612 299
429 617 186
100 620 158
373 620 324
109 624 167
558 625 135
507 635 560
199 637 179
599 638 144
313 642 244
360 645 199
351 653 110
140 660 212
91 662 150
495 677 196
602 678 173
570 684 187
466 686 196
51 691 443
288 692 174
379 692 135
137 693 156
287 693 198
239 696 299
576 697 117
390 698 800
157 699 102
433 699 357
236 702 168
77 705 225
323 705 125
258 706 258
374 707 779
574 709 525
111 712 254
248 712 387
628 713 147
491 716 184
695 717 324
209 719 112
714 719 120
468 721 239
17 723 205
464 729 141
19 731 209
393 733 114
92 735 147
729 736 179
495 737 363
358 738 237
381 738 136
405 740 104
305 742 112
164 743 801
490 743 188
55 744 330
402 745 148
184 754 402
471 755 317
296 756 351
381 758 654
457 759 346
687 760 315
724 762 305
335 763 323
277 764 198
392 772 225
590 772 470
347 773 226
130 777 124
8 780 373
155 780 114
274 781 300
532 781 103
470 782 216
55 784 194
732 788 190
230 790 122
732 791 156
355 795 232
514 796 155
302 798 338
679 802 193
786 804 983
435 805 214
10 810 302
66 811 279
167 812 110
84 814 148
187 816 316
3 817 248
680 818 242
135 819 149
245 821 301
645 822 206
427 823 123
577 824 128
36 825 101
528 829 754
614 833 632
661 834 153
580 835 252
628 835 212
63 838 973
191 840 105
571 841 480
630 843 691
247 844 122
13 846 151
690 846 984
674 849 127
71 852 790
366 857 173
648 865 221
56 867 305
370 870 144
748 871 119
225 876 446
279 878 396
123 879 691
475 882 390
483 886 596
659 886 149
207 889 7513
477 893 163
851 894 244
850 896 193
880 901 119
437 902 118
363 903 795
125 905 102
510 905 498
806 907 256
769 908 134
96 909 126
756 913 156
22 915 667
445 918 104
73 919 179
476 921 405
425 926 270
6 930 165
850 932 117
404 933 142
214 939 965
192 940 620
570 940 942
626 941 424
241 942 170
793 942 260
348 944 500
114 945 177
595 948 259
816 950 186
901 951 198
726 954 372
25 955 293
665 956 185
777 956 194
284 958 660
824 959 155
39 961 598
396 965 147
528 967 106
939 968 173
779 970 127
496 973 208
75 975 218
514 976 104
525 977 277
469 978 327
49 979 268
807 981 135
716 982 108
982 983 278
465 984 126
12 985 470
286 987 136
291 989 146
391 989 130
404 991 667
563 992 478
936 994 163
709 1000 137
328 1002 111
785 1004 186
206 1005 136
725 1010 181
695 1012 112
6 1013 490
746 1013 235
204 1014 372
174 1015 190
974 1015 268
987 1017 749
488 1018 207
1002 1019 106
799 1020 147
61 1021 159
128 1021 130
923 1022 165
99 1025 955
182 1027 112
614 1028 158
700 1029 222
606 1033 966
53 1034 176
909 1034 504
685 1035 159
852 1038 425
883 1039 258
725 1040 968
104 1041 129
23 1042 210
489 1042 126
640 1047 274
634 1049 117
87 1051 152
859 1053 183
650 1054 784
102 1057 185
982 1058 515
597 1059 741
212 1060 194
530 1063 125
639 1067 212
1043 1068 152
537 1069 115
141 1071 696
305 1072 277
178 1074 389
621 1074 986
928 1076 126
333 1077 167
132 1079 282
633 1080 319
202 1082 355
906 1086 329
507 1087 140
446 1088 567
827 1088 386
715 1090 276
43 1094 282
169 1095 228
349 1098 103
670 1100 467
803 1100 350
542 1102 184
876 1105 352
34 1106 499
96 1106 838
219 1108 246
189 1109 112
481 1110 209
758 1110 101
656 1112 525
800 1112 209
1058 1113 168
227 1116 163
239 1117 128
722 1117 177
292 1118 157
768 1119 720
59 1123 266
715 1123 182
218 1125 143
374 1126 124
659 1126 175
290 1127 594
832 1128 887
777 1129 154
136 1131 182
554 1132 377
796 1134 261
394 1135 430
457 1136 186
370 1137 718
807 1138 430
407 1139 678
964 1140 169
417 1142 422
326 1144 146
621 1146 135
821 1147 434
1146 1148 110
491 1149 162
830 1150 222
138 1151 621
980 1152 136
443 1153 199
23 1154 187
98 1154 103
446 1154 157
48 1155 758
549 1156 779
199 1157 381
541 1157 365
1114 1160 393
851 1161 149
802 1166 141
877 1168 104
117 1169 115
759 1169 306
83 1170 216
322 1170 102
868 1172 893
751 1173 282
936 1173 277
511 1174 128
535 1176 428
577 1178 110
399 1179 198
1140 1179 158
961 1180 381
696 1181 227
703 1187 115
107 1188 995
1171 1188 102
197 1189 175
238 1189 626
208 1191 609
643 1192 163
873 1194 783
285 1196 102
954 1197 231
804 1201 137
964 1202 113
661 1203 105
1020 1203 278
495 1204 102
733 1204 177
33 1205 114
195 1206 531
431 1207 215
703 1207 161
652 1208 120
256 1209 518
603 1211 166
646 1213 282
1024 1214 115
193 1215 638
116 1216 445
1062 1217 324
20 1218 471
205 1219 121
753 1221 540
1025 1221 134
1107 1223 233
658 1226 186
550 1227 147
1017 1228 103
1112 1228 352
47 1229 756
579 1229 213
1027 1230 145
72 1233 119
610 1234 320
177 1235 110
825 1236 155
758 1237 100
187 1241 229
135 1242 912
276 1242 135
523 1243 491
1133 1243 349
278 1245 113
307 1245 516
651 1246 386
419 1249 155
506 1249 939
636 1249 151
50 1251 103
132 1251 295
792 1251 253
1143 1253 129
121 1255 627
482 1258 150
159 1260 258
1006 1261 128
924 1262 434
520 1263 326
223 1264 190
440 1265 153
874 1265 212
1050 1266 265
1118 1267 100
445 1268 262
1190 1271 102
845 1273 192
266 1274 124
911 1275 761
1078 1275 242
1080 1275 259
171 1276 193
335 1276 107
813 1280 171
981 1280 200
1082 1282 146
11 1283 113
960 1283 187
383 1284 869
403 1285 152
434 1285 109
1175 1286 220
1063 1287 216
1254 1287 111
16 1289 300
611 1289 173
1023 1290 242
472 1291 182
453 1292 659
1223 1292 264
170 1293 150
657 1294 196
1153 1294 475
293 1297 190
368 1298 177
1295 1298 732
1176 1299 116
175 1300 100
543 1300 195
1059 1300 596
590 1303 374
1282 1303 147
1040 1304 345
1237 1307 102
608 1308 144
1016 1309 278
238 1310 307
463 1311 498
38 1312 141
1121 1312 202
486 1313 212
31 1314 129
367 1314 169
237 1315 129
501 1315 315
666 1317 103
527 1318 940
469 1319 151
1263 1319 259
648 1320 174
403 1321 299
902 1322 242
1111 1323 175
1152 1324 171
16 1325 734
1264 1328 183
887 1329 218
261 1330 269
339 1331 356
1020 1331 124
724 1332 185
157 1333 129
444 1333 117
655 1334 151
1177 1334 150
82 1335 383
734 1335 210
211 1337 245
569 1337 193
1008 1338 255
129 1339 249
765 1340 601
1327 1340 448
413 1341 460
521 1342 217
38 1343 258
261 1345 113
716 1346 126
1147 1346 213
294 1348 172
869 1349 415
251 1350 107
497 1351 220
654 1352 514
1326 1353 191
542 1355 620
1011 1357 132
759 1358 983
801 1358 297
52 1361 215
447 1361 243
573 1362 344
896 1362 132
103 1363 138
1137 1365 103
37 1367 222
90 1367 172
98 1368 130
1132 1369 331
46 1370 447
599 1370 112
421 1371 194
1330 1371 147
607 1373 619
702 1373 167
369 1375 123
430 1376 183
390 1378 274
1012 1378 265
608 1379 668
858 1382 304
475 1385 746
1354 1386 143
1068 1388 117
667 1389 113
1098 1390 123
119 1391 214
1001 1391 228
584 1394 514
742 1394 151
426 1398 183
112 1399 181
1376 1399 227
633 1400 438
688 1400 475
1317 1402 150
639 1403 349
797 1403 534
1326 1403 254
1065 1404 103
822 1405 574
962 1406 164
1361 1407 264
971 1410 439
80 1411 137
109 1411 621
1320 1411 127
865 1413 134
442 1414 105
1255 1414 477
533 1415 165
343 1416 200
558 1416 986
591 1417 977
619 1419 139
1109 1421 183
1286 1422 240
20 1425 887
1009 1425 136
31 1427 170
599 1428 629
519 1429 115
892 1429 164
536 1431 264
883 1431 168
727 1432 224
1322 1432 121
1091 1434 325
1119 1435 458
384 1436 218
1077 1437 119
78 1439 194
815 1441 164
1351 1441 254
1235 1442 151
757 1443 211
831 1444 119
1261 1445 292
1295 1445 105
1193 1446 146
34 1447 594
65 1447 918
711 1448 398
503 1449 132
760 1449 103
645 1451 118
841 1451 108
613 1453 143
1140 1453 501
560 1456 301
922 1456 661
1415 1456 149
528 1457 389
235 1459 228
323 1459 294
37 1460 693
1061 1460 142
809 1461 940
630 1462 164
383 1463 266
1094 1463 569
64 1465 279
697 1466 224
1264 1466 153
36 1468 128
220 1469 252
329 1469 573
783 1471 114
861 1471 334
630 1472 390
426 1473 254
1142 1473 109
949 1474 207
1196 1474 257
886 1475 118
1130 1475 133
1232 1477 135
43 1478 170
1071 1478 102
195 1479 200
592 1480 209
234 1481 131
790 1483 118
99 1484 318
218 1484 125
368 1484 172
1120 1485 164
479 1488 237
863 1488 112
721 1489 201
1481 1490 137
701 1494 138
359 1495 433
1122 1495 168
152 1496 409
250 1496 660
1214 1497 283
451 1500 269
10 1504 197
1406 1504 119
664 1505 523
566 1506 570
1200 1508 248
679 1509 199
803 1511 219
1259 1511 487
1111 1512 480
922 1513 106
727 1514 731
731 1514 128
687 1515 368
1402 1515 473
1290 1516 880
374 1521 265
820 1521 335
861 1521 237
194 1523 138
106 1524 228
1482 1524 219
400 1525 124
988 1526 640
242 1528 148
262 1528 317
775 1529 101
908 1530 104
1240 1530 279
1414 1531 277
1118 1532 159
10 1533 275
1458 1533 417
257 1534 272
278 1534 131
448 1535 162
449 1535 427
813 1536 691
471 1537 132
881 1537 125
283 1538 594
496 1538 262
561 1539 874
966 1539 243
1082 1539 187
283 1540 569
526 1540 795
131 1542 231
522 1543 333
973 1544 147
1167 1544 331
676 1545 770
672 1547 139
392 1548 160
571 1549 132
1270 1550 146
1523 1552 161
311 1553 145
488 1553 436
655 1554 129
711 1554 230
1182 1556 168
1026 1558 757
806 1559 220
1172 1559 984
1046 1561 102
792 1562 317
1556 1564 188
1219 1565 288
342 1566 153
603 1566 444
127 1568 206
624 1569 132
934 1571 249
1554 1571 228
617 1572 112
1418 1573 153
998 1574 262
1197 1574 156
894 1575 174
866 1576 664
304 1578 151
893 1579 182
1395 1580 168
863 1581 192
1393 1581 216
1531 1581 166
507 1582 116
325 1586 997
1486 1586 760
809 1587 300
1381 1588 245
1467 1588 153
1222 1591 139
347 1592 187
1048 1592 165
454 1593 172
1274 1593 167
892 1594 977
572 1595 107
794 1596 255
1380 1596 476
356 1599 266
1049 1599 621
441 1600 131
429 1601 249
1127 1601 198
31 1603 793
753 1603 246
902 1605 163
447 1607 164
924 1607 168
559 1608 132
1153 1608 303
5 1609 338
517 1609 297
765 1610 456
208 1612 108
1143 1613 193
812 1615 122
578 1616 231
1447 1616 123
1461 1617 427
150 1618 242
41 1619 654
1508 1620 261
1155 1621 614
254 1622 134
941 1622 138
497 1623 726
1412 1623 455
420 1624 101
1551 1624 306
159 1625 174
577 1627 163
787 1627 229
1059 1628 159
113 1630 270
535 1632 110
1185 1632 964
1042 1634 146
1347 1635 221
1282 1638 360
770 1640 139
1594 1640 154
175 1642 129
933 1642 520
1317 1643 101
1634 1643 524
387 1644 549
1449 1644 111
287 1645 140
1161 1647 174
382 1648 292
1269 1650 357
750 1651 297
1221 1651 342
367 1652 116
474 1652 182
852 1652 165
1181 1653 209
1586 1653 135
308 1654 334
809 1655 142
917 1655 186
741 1660 452
583 1661 140
849 1661 926
1286 1662 334
479 1663 122
588 1663 190
600 1664 156
1547 1664 114
435 1665 666
572 1666 124
1189 1668 191
1405 1671 421
470 1672 150
601 1672 207
1358 1673 195
1446 1673 202
1498 1674 110
307 1676 724
1617 1676 184
949 1677 106
1033 1678 208
1489 1678 569
40 1679 970
339 1680 323
1116 1680 537
350 1681 366
1038 1682 149
1518 1682 164
950 1683 179
1230 1683 461
1309 1683 124
1462 1684 657
873 1685 589
907 1685 289
1537 1685 115
347 1686 193
865 1687 124
1075 1691 375
1561 1691 158
275 1692 145
1071 1692 592
203 1693 506
1090 1693 101
389 1694 289
1541 1694 190
1158 1695 228
1192 1695 222
681 1696 142
1195 1696 348
201 1697 240
1569 1697 536
1397 1698 434
15 1699 114
20 1699 122
1136 1700 440
1612 1700 474
998 1701 135
818 1702 601
1418 1703 255
1518 1703 106
813 1704 248
916 1704 232
1313 1705 183
309 1706 205
410 1706 166
331 1707 191
1165 1707 135
914 1710 161
1271 1711 172
1284 1712 268
957 1713 567
1097 1713 139
268 1715 648
1159 1716 224
27 1717 108
934 1717 286
1334 1717 110
506 1718 120
999 1722 569
1719 1722 244
1045 1723 288
1470 1723 115
442 1724 119
89 1728 433
1273 1728 542
1567 1729 187
406 1730 175
477 1731 419
783 1731 158
843 1732 259
1454 1732 562
81 1733 309
1248 1733 175
427 1734 953
991 1734 248
213 1736 284
1162 1736 357
1388 1736 229
885 1737 516
1549 1737 174
1408 1738 225
547 1739 331
1043 1740 134
1362 1740 111
489 1742 112
112 1744 411
1202 1744 277
248 1745 946
887 1745 103
176 1746 139
1266 1748 129
643 1749 386
819 1751 131
1083 1751 720
102 1752 227
904 1753 361
1526 1753 558
1343 1754 139
134 1756 289
240 1757 177
479 1758 140
519 1758 216
1529 1758 165
1748 1759 601
1036 1760 160
1279 1760 119
701 1761 446
751 1761 123
1193 1762 542
1430 1762 171
524 1765 259
675 1766 174
879 1766 207
1314 1766 135
1670 1767 142
1433 1768 533
904 1769 654
667 1771 396
1641 1772 187
292 1773 483
1057 1774 278
1655 1776 257
781 1777 308
52 1778 133
1324 1778 243
1614 1778 196
593 1779 454
499 1782 122
882 1782 104
1747 1782 106
1538 1783 153
887 1784 245
926 1785 400
1424 1785 498
725 1787 134
1065 1787 210
128 1788 163
717 1789 275
1420 1790 144
334 1791 146
829 1791 163
1374 1794 455
1208 1795 134
1400 1796 202
1506 1796 946
1186 1797 334
972 1798 250
1035 1799 617
1379 1799 475
399 1800 294
1486 1800 147
536 1801 180
854 1803 818
1648 1803 534
137 1804 100
1013 1804 335
894 1805 111
1051 1806 144
1130 1806 279
1177 1806 390
411 1807 141
236 1809 101
11 1810 119
647 1810 176
400 1811 206
350 1814 164
505 1815 246
337 1816 481
1520 1817 137
526 1818 311
1430 1819 121
265 1820 307
498 1822 205
12 1823 187
26 1823 195
19 1824 217
89 1825 333
771 1825 100
1182 1826 148
1231 1826 184
597 1829 137
1095 1829 143
1687 1829 119
231 1830 103
1520 1830 110
1703 1835 138
256 1836 210
1407 1837 109
264 1838 242
806 1838 405
1133 1838 216
334 1839 129
650 1839 575
257 1840 190
380 1840 673
1324 1840 552
293 1841 109
853 1842 155
1667 1842 788
937 1843 192
1803 1844 428
1209 1845 482
671 1846 418
911 1846 299
675 1847 726
188 1848 280
1765 1849 120
1175 1851 200
478 1853 328
1147 1853 282
165 1854 163
449 1854 413
482 1854 138
185 1855 194
1553 1855 108
1566 1855 171
308 1858 348
321 1858 186
1580 1858 241
1229 1859 449
1689 1859 498
1506 1863 144
680 1864 124
166 1865 156
1510 1865 161
723 1866 487
68 1868 184
952 1869 121
441 1870 102
881 1872 577
1691 1873 118
658 1874 419
1570 1874 996
134 1875 335
544 1875 107
1409 1876 123
985 1877 194
1525 1878 408
1701 1879 597
1397 1880 126
969 1881 940
1297 1881 114
1159 1882 139
419 1883 358
1769 1883 846
962 1884 139
1747 1884 119
568 1885 184
1217 1885 378
1852 1886 122
1719 1887 171
34 1888 196
120 1889 582
1115 1890 102
613 1891 152
647 1893 131
1522 1893 383
118 1894 183
1891 1895 604
1073 1897 866
512 1898 128
1428 1898 188
1804 1900 120
1872 1901 149
364 1902 160
1448 1902 183
719 1903 338
906 1903 157
303 1904 286
1626 1904 137
1573 1905 220
294 1906 464
1833 1906 249
27 1907 173
409 1907 259
661 1908 499
224 1909 239
685 1909 162
714 1910 491
1517 1910 745
408 1911 208
113 1912 934
214 1913 184
215 1913 436
1424 1914 751
1262 1915 251
1871 1915 160
355 1918 163
1552 1918 143
7 1919 168
766 1919 851
1720 1919 146
574 1921 151
203 1923 115
683 1924 494
1701 1924 285
951 1925 146
1722 1925 682
485 1927 565
543 1927 142
1311 1927 224
150 1928 256
339 1928 367
1602 1928 118
876 1929 181
1620 1929 147
52 1931 477
1399 1931 190
663 1932 940
1293 1933 192
249 1934 175
1844 1934 187
1306 1935 113
1868 1935 576
587 1936 167
1628 1939 121
1618 1940 269
1349 1941 362
1647 1943 286
444 1944 168
458 1944 991
755 1944 173
1109 1945 238
576 1946 136
878 1946 144
145 1947 129
814 1947 251
1646 1948 616
860 1949 630
1243 1949 407
580 1950 116
1654 1951 178
1708 1951 619
364 1952 797
1418 1953 243
1849 1953 159
961 1954 572
1930 1955 157
860 1956 140
1281 1957 125
1565 1957 128
676 1958 151
1798 1958 247
1917 1959 348
448 1960 393
718 1960 147
1143 1960 229
1267 1961 852
179 1962 415
1446 1962 200
213 1963 123
724 1963 187
459 1964 194
1222 1965 167
1752 1966 141
18 1967 219
184 1968 199
1325 1969 340
918 1970 871
775 1971 280
1860 1971 204
1009 1972 141
644 1973 352
1041 1973 393
582 1974 667
1238 1974 767
773 1975 186
745 1976 112
51 1977 851
1278 1978 241
1280 1978 322
1629 1978 122
235 1979 242
983 1979 135
1228 1980 245
1305 1980 190
509 1981 162
1662 1981 148
432 1983 284
436 1983 762
1019 1984 717
1625 1984 110
1711 1984 166
1409 1985 144
1126 1986 151
1278 1987 533
237 1988 378
375 1990 288
458 1990 149
1047 1991 219
1962 1991 135
61 1993 101
975 1994 139
711 1995 198
1794 1995 246
1545 1996 145
1946 1996 265
265 1998 237
1367 1998 118
1543 1999 136
1922 2000 512
564 2001 135
1965 2002 234
14 2003 128
1305 2003 316
1507 2004 195
1348 2005 606
1230 2006 255
1390 2008 279
336 2009 201
1515 2009 947
952 2010 224
972 2010 230
1651 2011 766
261 2012 257
1269 2012 284
120 2013 160
1886 2013 357
938 2014 120
1992 2014 974
433 2016 157
1383 2016 156
152 2017 229
1298 2017 246
1349 2018 203
955 2019 555
1220 2019 147
866 2020 133
975 2020 125
275 2022 176
1700 2022 175
1593 2023 989
142 2026 234
1236 2026 464
1764 2026 212
505 2027 308
654 2027 127
1491 2027 131
1615 2028 376
1702 2028 168
832 2030 133
1987 2030 373
955 2031 102
14 2032 207
1715 2032 152
1950 2032 164
142 2033 252
37 2034 153
1163 2035 211
1364 2035 279
853 2036 594
878 2036 243
1073 2037 204
1356 2038 125
1798 2038 269
455 2039 712
763 2039 243
1377 2040 340
428 2041 314
609 2041 382
1144 2042 858
1129 2043 126
264 2044 422
560 2044 175
1224 2044 141
320 2045 636
1545 2046 110
462 2047 179
1038 2048 178
145 2049 413
997 2050 162
1232 2050 462
1688 2050 249
827 2051 301
35 2052 981
1277 2052 323
1986 2052 228
2002 2053 172
792 2054 115
854 2056 301
896 2056 355
1610 2056 152
131 2057 451
1567 2057 254
564 2058 431
708 2059 264
1689 2059 106
720 2060 501
1746 2060 757
1797 2060 639
421 2061 128
673 2062 886
931 2062 122
1857 2062 139
186 2064 105
1510 2064 172
739 2067 424
843 2067 169
1074 2067 545
862 2068 708
1425 2068 160
1577 2069 150
2053 2070 108
767 2071 298
1159 2071 158
1499 2072 158
1832 2074 106
824 2075 354
1876 2075 409
2023 2076 245
273 2077 171
883 2078 178
153 2080 176
2081 2083 270
575 2084 163
1102 2085 540
351 2086 157
785 2087 145
1874 2087 126
811 2089 111
1365 2089 433
1480 2090 222
1770 2091 393
2 2092 473
703 2092 320
437 2093 109
142 2094 179
1761 2094 256
1813 2095 281
1339 2097 675
1111 2098 196
1223 2098 119
1339 2098 178
1822 2099 155
98 2100 118
115 2100 154
1519 2100 104
684 2102 224
1096 2102 287
1901 2102 111
1238 2103 249
58 2104 983
1788 2104 166
1644 2105 118
663 2107 610
924 2107 103
587 2108 106
1212 2108 158
1668 2108 875
1369 2109 233
1820 2109 428
108 2110 124
1626 2111 837
75 2112 190
1002 2113 221
1291 2113 155
922 2114 240
2043 2116 167
244 2117 621
581 2117 287
2001 2118 168
26 2120 112
282 2120 532
160 2121 112
672 2121 145
1472 2121 289
830 2123 103
1258 2123 915
366 2124 252
377 2124 117
1961 2125 169
369 2126 281
1199 2126 716
1550 2126 216
1101 2128 524
1210 2128 104
1658 2128 108
1810 2129 358
1976 2130 137
416 2131 300
1423 2131 346
1451 2132 180
1989 2133 204
1081 2134 191
2101 2134 445
616 2135 154
615 2136 584
1471 2136 200
1514 2137 184
888 2139 116
1186 2139 144
1740 2139 384
1335 2141 106
397 2142 164
2070 2142 404
1085 2143 946
423 2144 605
1821 2144 107
859 2145 363
974 2145 223
198 2146 145
1218 2147 885
49 2148 464
1892 2148 252
1423 2149 471
2041 2149 122
805 2150 190
875 2151 257
815 2152 133
823 2152 433
1281 2153 241
1404 2153 328
1889 2154 716
1149 2155 859
956 2156 320
953 2157 305
1663 2157 981
521 2158 688
209 2159 215
623 2159 100
534 2160 687
791 2160 146
1412 2161 874
516 2162 158
701 2162 220
677 2163 377
1519 2163 486
139 2164 301
1005 2164 208
1999 2164 119
1047 2165 321
1326 2165 301
1343 2165 962
42 2166 253
958 2166 108
1420 2166 303
1419 2167 374
54 2168 190
169 2168 103
1092 2168 223
1712 2169 796
736 2170 251
880 2170 131
1929 2170 117
1516 2171 208
466 2172 219
1517 2172 485
1435 2173 140
87 2174 267
2090 2174 158
21 2175 479
1669 2175 661
356 2176 126
1997 2176 110
1669 2177 381
935 2178 324
1518 2179 152
1557 2179 849
1827 2180 122
1909 2180 235
1965 2180 211
1476 2181 135
1744 2181 572
101 2182 146
267 2182 154
1526 2183 359
46 2184 190
828 2185 733
869 2185 190
2081 2185 156
1536 2186 966
136 2187 100
564 2190 224
1650 2191 116
1802 2193 241
186 2194 817
2106 2194 917
900 2196 328
172 2198 179
1548 2199 145
2198 2199 165
857 2200 121
322 2201 165
35 2202 114
277 2202 963
1474 2202 100
344 2203 264
1779 2203 168
1263 2204 915
774 2205 205
1375 2205 414
1496 2206 182
2101 2206 116
617 2207 156
2068 2208 248
1454 2210 282
1483 2210 158
2106 2211 128
1985 2212 155
213 2213 136
549 2213 126
192 2215 596
1148 2215 172
302 2216 122
405 2216 993
1694 2216 168
546 2217 123
1043 2217 189
2073 2218 219
555 2219 103
1882 2219 300
799 2220 152
1355 2220 105
109 2221 199
288 2222 233
276 2223 486
1646 2223 380
1716 2223 788
174 2224 702
793 2224 111
140 2226 546
469 2227 414
1256 2227 133
1557 2229 202
1964 2229 236
1751 2230 279
1850 2230 138
1125 2231 243
1187 2231 663
411 2232 149
1864 2232 141
360 2233 301
778 2233 138
1093 2234 149
1436 2234 211
1819 2234 202
1133 2235 117
1588 2235 639
1595 2235 161
550 2237 206
640 2237 418
1455 2237 216
986 2238 325
2040 2238 212
1869 2239 364
1992 2239 182
1353 2240 107
1502 2240 217
706 2241 240
1371 2241 120
1504 2242 291
377 2243 128
1464 2244 108
2109 2245 132
2195 2245 880
508 2246 193
1659 2247 238
360 2249 213
1762 2249 300
1863 2250 112
1027 2253 228
737 2254 181
741 2254 170
898 2255 203
2250 2256 106
338 2257 109
629 2257 141
382 2258 201
1164 2258 481
1364 2259 108
514 2260 387
1791 2260 555
1878 2261 585
2255 2261 312
30 2262 147
901 2262 227
483 2263 268
1564 2264 246
1892 2264 336
1370 2265 263
466 2266 317
600 2266 110
1583 2267 581
2171 2267 192
543 2269 357
2037 2269 395
2141 2269 139
626 2270 406
2146 2270 108
761 2271 176
1218 2271 151
262 2272 350
517 2272 196
1157 2272 113
1108 2273 364
1656 2273 244
2188 2273 204
1591 2274 256
1707 2274 127
2033 2274 461
634 2275 537
2186 2275 185
2215 2276 374
553 2277 488
653 2278 143
1089 2278 170
1958 2278 196
607 2279 181
596 2280 101
1454 2280 573
1585 2281 488
2255 2281 274
455 2282 158
754 2282 131
1527 2282 139
2114 2283 848
2047 2284 135
1072 2285 220
190 2286 141
97 2287 265
1725 2287 283
439 2288 345
1268 2289 944
1306 2289 304
2076 2289 375
833 2290 121
1640 2290 270
2162 2290 900
1917 2291 501
613 2292 206
290 2293 118
1622 2293 148
713 2294 164
1615 2294 174
971 2295 581
1807 2295 227
1942 2295 152
2099 2296 460
1968 2297 252
1476 2298 190
2188 2298 164
1310 2299 133
1495 2299 121
1145 2300 688
1460 2300 100
1641 2300 350
2082 2302 623
2111 2303 472
320 2304 136
1773 2304 167
847 2305 163
1570 2305 343
234 2306 337
644 2306 474
176 2307 103
2265 2308 566
275 2309 233
459 2309 134
2025 2309 434
274 2310 193
1350 2310 251
281 2311 463
510 2312 191
1801 2313 225
1833 2313 937
2249 2313 731
1577 2314 841
262 2315 522
1185 2317 165
2 2318 987
770 2318 229
1171 2319 225
740 2320 369
1024 2321 439
1636 2321 133
1851 2321 265
197 2322 159
1018 2322 150
1104 2322 789
1201 2323 911
1628 2323 577
918 2324 215
1599 2324 646
1690 2324 499
1355 2325 397
1576 2325 199
225 2326 412
472 2326 121
1121 2327 151
637 2328 447
817 2328 690
632 2329 151
199 2330 145
2294 2331 145
1329 2332 931
2029 2332 184
168 2333 704
1052 2334 219
1649 2334 227
1862 2334 267
149 2335 167
965 2336 479
1217 2337 309
1236 2337 134
1184 2338 100
384 2339 143
2049 2339 111
2281 2339 123
728 2340 450
1432 2340 563
4 2341 135
767 2341 129
1351 2342 180
166 2343 269
637 2343 391
1532 2343 407
784 2344 149
1174 2344 141
1247 2344 244
984 2345 146
1849 2345 323
342 2346 117
835 2347 150
2088 2347 303
304 2349 429
858 2349 138
1897 2349 440
361 2350 123
1421 2350 182
1743 2351 108
636 2352 374
1801 2352 281
1448 2353 187
76 2354 240
91 2355 207
416 2356 150
1284 2357 114
325 2359 180
1501 2359 141
1783 2359 244
1431 2360 148
515 2361 105
1579 2361 249
1754 2361 110
515 2362 144
2315 2362 237
1937 2363 129
453 2364 152
983 2364 145
1679 2365 145
1755 2365 185
1846 2365 217
371 2366 172
425 2367 404
795 2367 172
1839 2367 264
278 2368 147
344 2370 281
353 2370 235
529 2371 301
216 2373 187
1987 2374 638
2015 2374 143
2304 2374 152
930 2375 370
1567 2375 410
306 2376 146
669 2376 100
780 2376 143
30 2377 122
1190 2378 363
870 2379 135
1172 2379 390
1813 2379 390
1638 2380 110
501 2381 441
1500 2381 130
547 2382 842
1167 2382 144
1856 2383 635
348 2384 128
1026 2384 201
1922 2385 178
321 2386 240
446 2387 268
1895 2387 184
573 2388 164
2178 2388 306
160 2389 193
1332 2389 401
2137 2389 550
297 2390 147
1380 2392 281
1932 2392 132
925 2393 117
1167 2393 122
1302 2393 125
1220 2394 122
1686 2394 464
406 2395 451
1359 2395 128
1497 2396 106
129 2399 113
2055 2399 117
1254 2400 996
76 2401 159
1726 2401 435
135 2402 415
1344 2402 123
1439 2404 278
345 2405 538
1589 2405 196
212 2406 115
559 2406 204
875 2407 465
306 2408 143
440 2408 116
527 2408 939
576 2409 261
443 2410 921
643 2410 257
418 2411 116
447 2411 274
1587 2412 213
2369 2412 115
71 2413 219
53 2414 129
458 2414 116
1604 2414 113
1882 2415 344
1602 2416 140
86 2417 160
94 2417 637
382 2418 312
1028 2419 151
2233 2419 112
895 2420 103
2403 2420 258
1125 2421 596
149 2422 305
251 2422 257
914 2423 169
74 2424 168
1784 2424 300
2119 2424 272
2303 2425 152
1959 2426 201
1030 2427 365
1033 2427 137
1183 2428 581
1199 2428 106
2135 2428 276
746 2429 163
1825 2429 136
43 2430 464
1340 2430 198
177 2432 372
1659 2432 128
1665 2432 191
200 2433 409
1555 2433 244
1381 2434 137
1774 2434 184
379 2435 143
1549 2435 718
312 2436 158
1821 2436 938
1920 2436 641
966 2437 151
1463 2437 750
2208 2438 120
2375 2438 794
1085 2439 457
1250 2439 206
967 2440 187
44 2441 317
890 2441 208
1359 2442 247
2368 2442 237
2440 2442 536
1966 2443 737
2143 2443 187
2284 2443 123
1017 2445 195
1853 2446 137
286 2447 173
1896 2448 132
1259 2449 942
1681 2449 201
222 2450 593
1246 2450 101
220 2451 248
1440 2451 349
768 2452 317
1168 2452 122
2130 2452 125
241 2453 113
1103 2453 994
891 2454 147
1814 2454 607
1696 2455 127
1642 2456 162
2438 2456 175
23 2457 108
1739 2457 213
1307 2459 101
323 2460 325
2407 2460 538
1997 2461 125
2248 2462 193
166 2463 183
1127 2463 367
1645 2463 140
1649 2464 317
1684 2464 152
2217 2464 607
1638 2465 222
1808 2465 208
22 2466 164
710 2466 227
391 2467 162
443 2468 249
1137 2469 973
310 2470 143
2115 2470 195
884 2471 185
2222 2471 135
2045 2472 120
789 2473 281
424 2474 174
957 2474 948
1485 2475 543
1029 2476 289
1250 2477 400
2063 2478 310
464 2479 513
1053 2479 105
712 2480 137
735 2481 520
1196 2481 183
341 2482 512
873 2482 245
1191 2483 220
900 2484 273
1010 2484 482
1149 2484 516
345 2486 355
410 2486 203
880 2487 170
1908 2487 159
30 2488 144
1955 2488 614
898 2489 213
1281 2489 315
2016 2490 208
532 2491 173
1188 2491 207
2445 2492 167
2323 2493 433
210 2494 208
855 2495 172
584 2497 320
2308 2497 254
915 2498 252
1677 2498 112
1857 2498 259
158 2499 143
1405 2499 171
1429 2499 125
1852 2500 357
187 2501 449
1341 2502 100
2053 2503 297
9 2504 126
22 2505 248
779 2505 273
2002 2505 124
1084 2506 410
1442 2506 333
766 2507 104
1661 2508 188
2247 2509 112
2412 2509 383
1894 2511 344
2134 2511 111
1062 2512 138
2445 2512 202
494 2514 531
608 2515 160
100 2516 284
253 2516 248
1674 2517 219
1886 2517 135
710 2518 205
254 2519 180
1040 2520 123
1206 2520 287
1881 2520 186
2051 2521 121
50 2522 126
1378 2522 169
1569 2522 126
1215 2523 957
1637 2524 106
1935 2524 182
585 2525 138
2017 2525 798
1930 2526 185
346 2527 161
1561 2527 215
2338 2527 254
1225 2528 136
627 2529 162
1749 2529 707
2495 2529 150
297 2530 203
1091 2530 154
582 2531 181
1134 2531 179
1595 2532 490
1800 2532 448
633 2533 310
907 2533 143
340 2534 133
2512 2534 924
1633 2535 349
240 2537 916
477 2537 280
1107 2537 213
548 2538 167
1606 2538 127
2421 2538 185
437 2539 251
537 2539 232
2446 2540 165
523 2541 591
541 2541 159
228 2542 139
1670 2542 170
2280 2542 182
24 2543 198
133 2543 137
2288 2543 214
1726 2544 923
2177 2544 181
1119 2546 487
2031 2547 180
2519 2548 552
359 2550 417
678 2550 279
129 2551 156
436 2552 164
489 2552 118
1116 2553 134
1138 2553 191
1693 2555 348
138 2556 159
567 2556 127
1320 2556 194
1507 2557 198
1877 2558 227
243 2559 361
427 2559 381
1613 2560 410
2553 2560 109
1417 2561 107
1634 2562 171
157 2563 511
2490 2563 172
119 2564 103
727 2564 115
1488 2565 123
1864 2565 150
794 2566 146
1426 2566 152
1770 2566 701
330 2568 118
2417 2568 287
874 2569 699
1777 2569 661
1781 2569 214
1529 2570 101
1590 2570 136
911 2571 370
1321 2571 552
471 2572 141
893 2572 138
958 2572 196
897 2573 377
1489 2573 243
2229 2574 102
492 2575 156
1433 2575 214
1580 2575 105
1543 2576 485
1775 2578 436
1867 2578 117
258 2579 107
2079 2579 136
1046 2580 388
1104 2580 238
1856 2580 353
1198 2581 139
1992 2581 270
2546 2581 104
1023 2582 288
1937 2582 239
2558 2582 154
1861 2583 199
356 2584 143
1544 2584 248
2419 2584 134
1466 2585 154
1037 2586 355
1921 2587 155
2433 2587 917
1597 2588 819
2437 2588 298
890 2590 316
940 2591 150
2504 2591 948
372 2593 199
839 2593 348
2093 2595 273
1848 2596 451
2263 2596 148
2000 2597 306
2378 2598 177
2455 2598 628
463 2599 123
664 2599 273
9 2600 688
2577 2600 286
1373 2601 166
2079 2601 147
1347 2602 228
2090 2602 151
1562 2604 414
305 2605 254
862 2605 134
1647 2605 177
1926 2606 321
1949 2606 321
2117 2606 138
1023 2607 126
534 2608 128
730 2609 209
2021 2609 489
60 2610 117
2480 2610 227
326 2611 287
686 2611 200
517 2612 135
1440 2613 125
1122 2614 116
2155 2614 117
2007 2615 174
111 2616 176
2525 2616 135
1297 2617 996
1503 2617 223
2172 2618 113
2252 2618 192
2377 2618 104
1376 2619 163
2360 2619 990
315 2620 139
2532 2620 198
1468 2622 107
1648 2622 282
233 2623 279
808 2624 172
1636 2624 188
2351 2624 115
32 2625 144
2473 2625 431
2074 2626 478
2614 2626 323
5 2627 102
2292 2628 187
178 2629 534
1124 2631 309
2088 2631 268
1212 2632 321
1461 2632 581
309 2633 154
1546 2633 284
459 2634 302
1206 2635 102
2355 2635 914
1239 2636 109
1709 2636 975
1384 2637 995
1049 2638 231
2081 2638 120
1772 2639 191
1366 2640 143
2118 2640 172
1513 2641 302
848 2642 588
2125 2643 148
488 2644 100
967 2645 118
1025 2645 147
1747 2645 127
461 2646 800
689 2647 523
1738 2647 270
2183 2647 215
1828 2648 100
996 2649 511
1961 2650 246
2390 2650 470
2576 2650 492
1585 2651 229
2018 2651 145
2563 2651 233
343 2653 187
556 2653 150
869 2654 262
1925 2654 113
2502 2655 244
2110 2657 186
1719 2658 263
2311 2659 168
2447 2659 115
156 2660 347
1279 2660 293
671 2661 637
1052 2661 281
2444 2661 312
2198 2662 385
2341 2662 100
62 2663 387
978 2663 122
2587 2663 173
1565 2664 976
1750 2664 497
2586 2664 160
164 2665 174
2011 2665 120
2176 2665 478
163 2666 259
1535 2666 131
1452 2667 272
2127 2668 163
44 2669 178
2421 2669 121
370 2671 302
986 2671 100
774 2672 541
927 2672 116
1161 2672 401
27 2673 181
1277 2673 233
746 2674 307
1720 2674 649
2045 2675 201
1834 2676 279
1076 2677 151
1200 2677 157
1248 2678 743
1039 2679 110
2297 2679 173
1904 2680 710
765 2681 208
920 2681 129
2478 2682 345
627 2683 249
1234 2684 279
2181 2685 151
376 2686 265
820 2686 247
1835 2687 236
708 2688 163
903 2688 918
504 2690 244
2000 2691 492
730 2692 111
97 2693 173
646 2693 121
1256 2693 699
484 2694 100
1078 2694 752
1889 2695 128
117 2696 174
1387 2696 108
2549 2697 348
369 2698 614
1635 2698 103
808 2699 116
2013 2699 713
1336 2700 315
1208 2701 460
826 2702 158
842 2702 310
2385 2702 292
1445 2703 110
85 2704 135
174 2704 324
332 2705 697
987 2705 117
1250 2705 510
221 2706 176
2655 2706 116
1356 2707 167
1548 2707 638
2455 2707 152
1988 2708 122
2371 2709 167
1089 2710 127
1232 2710 168
2123 2711 117
191 2712 319
290 2712 664
1009 2712 481
1386 2713 252
456 2714 361
1597 2714 928
2161 2714 295
5 2715 226
1645 2715 463
2639 2715 513
885 2716 111
969 2716 620
705 2717 213
2554 2717 975
41 2718 555
2611 2718 110
2630 2718 168
26 2720 225
1346 2720 237
1759 2720 230
340 2721 548
452 2721 129
1899 2721 151
2116 2722 303
1190 2723 166
1621 2723 531
2104 2723 963
375 2724 277
789 2724 133
452 2725 190
1809 2726 183
513 2727 242
2551 2727 323
1258 2728 147
2296 2728 682
499 2729 125
259 2730 138
2692 2730 839
875 2731 359
2207 2732 918
1311 2733 200
1624 2734 289
279 2735 278
829 2735 287
840 2735 259
1575 2737 205
2356 2737 117
173 2738 133
1427 2738 607
1558 2738 119
618 2739 845
1322 2739 194
64 2740 188
112 2742 135
126 2742 370
416 2742 993
730 2743 583
2347 2743 126
139 2744 328
2184 2744 135
943 2745 328
1268 2746 255
1725 2746 112
513 2747 119
2105 2747 324
2358 2747 137
29 2748 415
694 2748 199
2082 2749 218
1103 2750 100
988 2752 536
1582 2752 100
438 2753 973
585 2753 168
1498 2754 302
1664 2754 212
1328 2755 778
1832 2755 570
66 2756 429
377 2756 200
2025 2756 149
2194 2757 566
2751 2757 170
1141 2758 237
2644 2758 177
1692 2759 213
2392 2759 303
2348 2760 513
2630 2760 107
272 2761 119
1715 2761 109
623 2762 113
868 2763 530
2496 2763 138
1387 2764 154
2179 2764 203
2621 2764 142
130 2765 239
1932 2765 263
2024 2765 357
1444 2766 156
1786 2766 162
888 2767 677
2285 2767 112
2360 2767 731
544 2768 961
682 2768 245
980 2768 181
1203 2769 239
2533 2769 220
2577 2770 309
1795 2771 115
2252 2771 480
2477 2771 145
2541 2772 694
1967 2773 166
960 2774 294
1391 2774 107
269 2775 474
947 2775 482
2346 2775 944
778 2776 142
2380 2776 100
2107 2777 149
2209 2777 305
284 2778 264
1384 2778 254
888 2779 524
968 2779 159
492 2780 212
1900 2780 185
1256 2781 209
2711 2781 131
58 2782 178
1698 2782 277
144 2783 934
945 2783 226
751 2784 165
2031 2784 529
842 2785 123
2726 2785 129
554 2786 239
1573 2787 260
1830 2787 129
2401 2787 244
625 2788 105
2404 2788 215
45 2789 274
518 2789 466
1134 2790 176
1475 2791 847
249 2792 557
409 2792 109
2310 2792 642
300 2793 398
664 2793 101
2158 2793 520
775 2794 107
1592 2794 615
1245 2795 127
2169 2795 120
161 2797 150
1530 2797 139
2510 2797 157
40 2798 191
1272 2798 141
1769 2798 269
1342 2799 103
1670 2799 135
337 2800 220
1850 2800 394
1940 2800 109
481 2801 224
1577 2801 119
306 2802 293
1406 2802 214
1459 2803 119
1847 2803 241
480 2804 196
2398 2804 219
252 2805 238
2286 2805 164
180 2806 273
2015 2806 296
1121 2807 190
1299 2807 172
2083 2807 171
562 2808 103
1812 2809 460
2506 2809 302
1508 2810 101
2683 2810 862
2493 2811 302
2588 2811 288
164 2812 127
1413 2812 154
1253 2813 335
2809 2813 513
733 2814 636
1945 2814 283
263 2815 805
802 2815 294
1885 2815 335
152 2816 125
749 2816 707
847 2818 122
1241 2818 951
2411 2818 271
927 2819 151
895 2820 129
2656 2820 345
735 2821 208
1786 2821 142
2679 2821 141
539 2822 568
2369 2822 414
1056 2823 122
1578 2823 466
2111 2823 124
2244 2824 238
2377 2824 112
1859 2825 100
2345 2825 162
246 2826 272
1485 2826 210
2224 2827 115
2462 2827 135
41 2828 180
2042 2828 171
2731 2828 368
1923 2829 108
567 2830 188
1824 2830 175
2555 2830 198
2096 2831 169
2690 2831 767
990 2832 834
1997 2832 300
820 2833 199
1394 2833 184
941 2834 263
1880 2834 161
1988 2834 116
953 2835 103
1146 2835 200
654 2836 223
1108 2837 532
2451 2837 303
1922 2838 146
2191 2838 247
2521 2838 106
2048 2839 444
2597 2839 582
787 2840 126
256 2842 130
2137 2842 384
193 2843 245
1386 2843 540
1502 2844 171
2391 2844 255
1389 2845 164
1450 2845 619
1774 2845 273
1930 2846 115
682 2847 499
1291 2847 152
569 2848 114
1845 2849 134
1875 2849 426
996 2850 206
1315 2850 240
77 2852 129
1248 2852 134
1948 2852 149
95 2853 154
1465 2853 777
2808 2853 112
13 2854 320
1308 2854 189
1244 2855 223
156 2856 235
373 2856 469
121 2857 283
1211 2858 315
552 2859 124
1947 2859 304
2136 2859 452
432 2860 133
182 2861 157
2009 2861 111
1999 2862 217
786 2863 124
1225 2864 375
2681 2864 123
1831 2865 237
2481 2866 175
2657 2866 562
353 2867 221
482 2867 205
1941 2867 612
965 2868 134
1899 2868 209
1120 2869 168
2475 2869 265
390 2870 242
2012 2870 144
786 2871 212
2736 2871 130
1257 2872 344
1951 2872 594
2091 2872 144
122 2873 166
2483 2873 646
464 2874 150
788 2874 299
2513 2874 350
1439 2875 270
2482 2875 177
2550 2875 237
47 2876 316
1066 2876 209
789 2877 138
1210 2877 174
565 2878 144
1115 2878 691
1541 2878 146
1995 2879 105
2722 2879 558
1842 2880 218
2741 2880 877
931 2881 321
1589 2881 469
1037 2882 145
1851 2882 253
1590 2883 115
2317 2883 163
181 2884 104
1366 2884 461
2133 2884 364
206 2886 768
2382 2886 124
1550 2887 108
2503 2887 157
2018 2888 109
2352 2888 105
2200 2889 168
847 2890 227
467 2891 180
556 2891 955
2150 2891 884
818 2892 240
1536 2892 130
2328 2892 285
2528 2893 722
493 2894 222
1660 2894 139
1878 2894 153
1000 2895 176
771 2896 269
1377 2897 150
2337 2897 146
2886 2897 184
713 2898 369
2416 2898 158
104 2899 288
1316 2899 326
658 2900 101
2887 2900 168
621 2901 413
2088 2901 277
1926 2902 212
2708 2902 159
1101 2903 304
2781 2903 623
149 2904 285
624 2905 114
1296 2905 684
1865 2906 633
2739 2906 182
413 2907 190
146 2908 272
2791 2908 113
1185 2909 129
1369 2909 153
412 2910 981
828 2910 595
762 2911 548
897 2911 187
2014 2912 199
50 2913 151
899 2913 109
1397 2913 386
652 2914 200
1022 2915 287
88 2917 155
739 2917 513
2565 2917 163
1260 2918 806
2609 2918 799
204 2919 549
208 2919 172
1942 2919 278
1233 2920 217
1771 2920 258
877 2921 164
2070 2921 496
2568 2922 141
882 2923 478
1057 2923 147
1503 2923 438
773 2924 411
1482 2924 160
520 2925 239
1743 2925 893
1902 2925 983
522 2926 331
1332 2926 336
2007 2926 130
838 2927 248
302 2930 160
976 2930 411
1010 2931 221
1797 2932 148
1757 2933 134
1867 2933 243
225 2934 559
2413 2934 118
2795 2934 617
2023 2935 429
2600 2936 140
223 2937 110
698 2937 184
478 2938 172
271 2939 205
1626 2939 208
2356 2939 546
1669 2940 965
2916 2940 109
65 2941 143
2549 2941 157
859 2942 895
2510 2942 201
127 2943 176
487 2943 153
230 2944 196
652 2944 107
689 2944 497
388 2945 299
2595 2945 552
2643 2945 262
1814 2946 157
233 2947 343
2549 2947 895
742 2949 289
2469 2950 649
2574 2950 118
2889 2950 218
2741 2951 148
662 2952 335
1557 2953 488
1866 2953 133
309 2954 591
2678 2954 130
63 2955 337
1021 2955 216
2302 2955 236
162 2956 135
454 2956 106
336 2957 122
1975 2957 979
412 2958 839
525 2959 181
1767 2960 113
1916 2960 354
2594 2960 211
1374 2961 365
2954 2961 565
200 2962 818
2801 2962 587
48 2963 136
2066 2963 207
524 2964 138
2746 2964 360
752 2965 139
1231 2965 216
2496 2965 773
1006 2966 212
2784 2966 114
2931 2966 348
1462 2967 435
980 2968 621
986 2969 109
1345 2969 212
2907 2969 166
289 2970 162
2008 2971 122
1465 2972 253
85 2973 182
999 2973 146
1032 2973 110
289 2974 606
1971 2974 929
2301 2974 115
25 2975 221
124 2975 583
233 2976 199
885 2976 122
2024 2976 994
475 2977 170
1202 2977 360
1494 2977 474
95 2978 502
2602 2978 125
2921 2978 148
1285 2979 907
1954 2979 169
867 2980 104
139 2981 135
1408 2981 437
2188 2981 861
1608 2982 195
2299 2982 357
246 2983 102
968 2983 171
1390 2983 127
1350 2984 148
1646 2984 296
2590 2984 406
704 2985 374
1131 2985 291
1360 2986 349
2253 2986 610
726 2987 600
1675 2987 985
2953 2988 275
589 2989 197
2592 2989 207
2654 2989 312
1956 2990 198
13 2991 160
2885 2991 148
2431 2992 225
2685 2992 129
2077 2993 951
2500 2994 263
2824 2994 123
232 2995 198
1026 2996 204
2639 2996 735
285 2997 502
594 2997 205
1938 2997 596
398 2998 349
2266 2998 641
593 2999 296
1440 2999 224
254 3000 687
1637 3000 957
1907 3000 149
456 3001 175
1656 3001 114
1637 3002 317
2084 3002 159
647 3003 193
694 3003 132
1104 3003 686
2238 3004 149
2952 3004 300
675 3005 108
747 3006 199
2857 3006 228
1998 3007 154
2972 3007 158
2987 3007 999
1591 3008 411
2927 3008 152
1396 3009 274
1502 3010 200
2993 3010 168
2296 3011 352
2342 3011 101
1503 3012 989
2350 3012 130
2766 3012 405
338 3014 121
2187 3014 861
864 3015 983
928 3015 620
1752 3015 300
508 3016 160
2214 3016 261
341 3017 179
365 3018 282
1970 3018 420
1274 3019 177
2373 3019 173
1757 3020 117
128 3022 190
1574 3022 165
515 3023 123
799 3023 209
1956 3023 153
245 3024 321
653 3024 405
463 3025 233
1709 3025 142
1976 3026 826
2740 3026 403
2995 3026 218
1187 3027 334
2653 3027 410
1145 3028 117
2819 3028 111
127 3029 100
622 3029 169
1772 3029 679
511 3030 332
1437 3030 172
105 3031 168
1458 3031 257
2890 3031 326
1643 3032 193
2644 3032 460
2851 3032 290
314 3033 164
1077 3033 136
1674 3033 393
3002 3034 156
2072 3035 341
2474 3035 124
2968 3035 274
205 3036 121
738 3037 349
1979 3037 358
2478 3037 821
388 3038 121
2669 3038 158
913 3039 285
401 3040 188
1939 3040 379
732 3041 397
2138 3041 226
295 3042 252
677 3042 520
1327 3042 106
825 3043 269
925 3043 114
1240 3043 135
1833 3044 142
2554 3044 575
2387 3045 114
2439 3045 224
1383 3046 289
2256 3046 128
1733 3047 138
1044 3048 175
1075 3049 237
70 3050 849
2212 3050 121
714 3051 177
1458 3052 307
1541 3053 190
1711 3053 153
646 3055 415
1482 3055 174
2251 3055 485
1088 3056 406
1779 3056 294
2548 3056 127
218 3057 476
2734 3057 284
531 3058 321
2916 3058 125
357 3059 335
3050 3059 288
1102 3060 511
1353 3060 199
1003 3061 709
115 3063 723
889 3063 177
1802 3063 177
2291 3064 139
1385 3065 454
2358 3065 436
794 3066 119
217 3067 594
2810 3067 246
3066 3067 314
327 3068 133
3049 3068 202
3052 3068 164
505 3069 554
1091 3069 144
2087 3069 298
2708 3070 160
1426 3071 258
196 3072 425
797 3072 257
2494 3072 102
581 3073 672
2330 3073 363
2656 3073 201
1867 3074 564
2186 3074 292
1401 3075 304
2319 3075 158
1658 3076 247
244 3077 154
1136 3077 164
1817 3077 221
2096 3078 139
248 3079 140
628 3079 159
1883 3080 114
2967 3080 240
529 3082 145
2938 3082 427
854 3083 252
2760 3083 277
2895 3084 420
1860 3085 129
558 3086 140
2413 3086 760
2748 3086 388
327 3087 406
667 3087 117
2521 3087 725
1359 3088 166
1630 3088 273
2173 3088 167
44 3089 522
579 3089 499
1097 3089 271
67 3090 105
2472 3090 255
1483 3091 199
1843 3091 201
1209 3092 318
2288 3092 615
2604 3092 282
2418 3093 252
2562 3093 305
1096 3094 168
2789 3095 434
803 3096 337
1408 3096 188
3013 3096 112
354 3097 195
388 3097 968
1076 3098 226
2689 3098 423
748 3099 210
1837 3099 267
2865 3099 253
697 3101 931
774 3101 433
2306 3101 955
2567 3102 130
3036 3102 479
88 3103 176
1525 3103 142
2559 3104 755
6 3105 110
1986 3105 273
2245 3105 222
1783 3106 358
2335 3106 134
268 3107 273
407 3107 631
1036 3108 179
1524 3108 115
49 3109 158
1086 3109 183
502 3110 259
2685 3110 315
548 3111 793
1753 3111 234
2267 3111 278
156 3112 234
761 3112 108
1831 3112 274
314 3113 448
1487 3113 199
2218 3113 319
1299 3114 412
1714 3114 571
1808 3114 303
300 3115 158
2915 3115 427
92 3116 149
2029 3116 244
2381 3116 103
1404 3117 223
3030 3117 145
602 3118 145
1407 3118 201
1742 3118 147
7 3119 231
155 3119 568
1636 3119 152
920 3120 138
1270 3120 175
1442 3121 116
2497 3122 168
808 3123 265
917 3123 204
2467 3123 250
1046 3124 995
2398 3124 530
510 3125 348
1716 3125 439
2084 3125 368
2276 3126 230
1199 3127 224
1727 3127 127
800 3128 644
1114 3128 525
672 3129 315
2819 3129 114
59 3130 971
203 3130 135
919 3130 263
782 3131 158
1822 3131 111
2635 3131 155
1158 3132 662
1492 3132 150
706 3133 935
2772 3133 632
3054 3133 306
246 3134 115
771 3134 995
589 3135 156
1795 3135 115
1113 3136 120
2005 3136 197
2006 3136 273
247 3137 146
547 3137 205
2308 3137 635
948 3138 188
2779 3138 116
1493 3139 278
2906 3139 129
160 3140 183
966 3140 273
62 3141 172
2244 3141 220
953 3142 108
2461 3142 823
1903 3143 182
2033 3144 129
2152 3144 199
2964 3144 162
435 3145 648
821 3145 377
1079 3146 118
1247 3146 181
513 3147 245
586 3147 251
3126 3147 968
2682 3148 279
3036 3148 348
349 3149 217
915 3149 522
1457 3149 117
1861 3150 677
90 3151 238
1821 3151 468
229 3152 219
612 3152 138
1667 3152 234
15 3153 115
977 3153 126
2941 3153 210
1360 3154 155
1487 3154 994
2307 3154 262
2383 3155 272
2420 3155 192
286 3156 766
1420 3156 349
3078 3156 152
294 3157 304
1014 3157 202
884 3158 238
2142 3158 222
263 3159 143
874 3159 168
532 3160 235
133 3161 194
2028 3161 276
2396 3161 116
822 3162 856
2453 3162 136
618 3163 184
1003 3163 131
2101 3163 223
949 3164 151
988 3164 312
57 3165 174
1030 3165 146
1338 3167 991
2320 3167 154
1450 3168 121
2150 3168 152
2283 3168 719
1916 3169 183
2599 3169 404
137 3170 426
1552 3170 159
2129 3170 320
506 3171 979
2046 3171 252
1016 3172 111
172 3173 115
1873 3173 394
2773 3173 724
1214 3174 176
2132 3174 114
362 3175 230
1272 3176 366
2802 3176 309
942 3177 386
2589 3178 329
47 3179 184
385 3179 392
101 3180 543
2836 3180 374
3017 3180 394
358 3181 426
2034 3181 170
431 3182 283
678 3182 233
3084 3182 106
2713 3183 227
3022 3183 674
992 3184 134
2929 3184 145
2911 3185 430
3160 3185 150
557 3186 156
1768 3186 103
313 3187 194
690 3187 203
1145 3187 802
380 3188 235
1860 3188 272
1657 3189 483
2147 3189 150
2736 3189 136
1152 3190 478
2042 3190 199
2195 3191 114
2257 3191 111
93 3192 120
401 3192 132
2251 3192 151
2501 3193 124
2812 3193 977
1957 3194 339
2030 3194 224
2692 3194 144
2004 3195 113
2020 3195 182
2796 3196 186
2893 3196 150
1912 3197 182
812 3198 433
3197 3198 145
2085 3199 118
2225 3199 258
1993 3200 691
629 3201 175
1500 3201 301
12 3202 126
2514 3202 123
2586 3202 719
40 3203 114
346 3203 175
1048 3203 310
33 3204 231
837 3204 136
3166 3204 142
728 3205 181
3178 3205 190
255 3206 127
2039 3206 162
2426 3206 802
133 3207 450
196 3207 139
2776 3207 189
946 3208 239
287 3209 944
2125 3209 134
2643 3209 126
215 3211 996
554 3211 143
1064 3212 161
2316 3212 219
1270 3213 380
3134 3213 569
1584 3214 341
2066 3214 965
1582 3215 158
2054 3215 202
1277 3216 286
2706 3216 119
572 3217 219
1312 3217 428
2922 3217 344
595 3218 109
2287 3218 103
1008 3219 146
1366 3219 136
394 3220 393
764 3220 160
2540 3221 796
1972 3222 991
1834 3223 905
2668 3223 349
1551 3225 139
284 3226 198
1792 3226 146
2848 3226 117
183 3227 207
331 3227 285
1184 3227 909
2862 3228 943
932 3229 194
1165 3229 159
2226 3229 138
143 3230 311
2470 3231 115
2849 3231 109
2980 3231 298
365 3232 386
1468 3232 257
315 3233 189
1309 3233 112
556 3234 852
586 3234 158
2627 3234 338
311 3235 515
1241 3235 683
627 3236 991
1936 3236 240
91 3237 195
1570 3237 192
1841 3238 250
2369 3238 311
3034 3238 246
138 3239 402
1497 3239 322
217 3240 611
2851 3240 104
1288 3241 515
405 3242 912
1186 3242 119
2701 3242 154
509 3243 275
641 3243 129
2754 3243 169
2305 3244 232
2686 3244 714
2972 3244 114
2143 3245 196
2595 3245 129
3148 3245 612
2673 3246 333
2759 3246 151
588 3247 180
1666 3247 114
2261 3247 222
243 3248 246
3106 3248 158
253 3249 111
665 3249 476
1799 3250 283
2675 3250 303
173 3251 459
884 3251 213
2496 3251 178
2940 3252 248
310 3253 152
3135 3253 202
760 3254 290
2301 3254 571
2441 3254 119
1675 3255 114
194 3256 181
2508 3256 245
2548 3256 317
622 3257 319
1688 3257 338
3121 3257 129
107 3258 134
1542 3258 164
70 3259 101
2594 3259 917
1540 3260 610
2655 3260 234
1811 3261 164
1966 3261 288
2970 3261 629
1254 3262 110
124 3263 302
178 3263 116
1793 3264 103
2710 3265 288
3093 3265 121
58 3266 920
1509 3267 139
2603 3267 457
2914 3267 991
227 3268 427
917 3268 101
947 3268 604
2021 3269 141
2082 3269 117
963 3270 225
2490 3270 102
1522 3271 137
3065 3271 154
315 3272 446
1107 3272 117
270 3273 277
1690 3273 239
1880 3273 177
2057 3274 631
2552 3274 664
1379 3275 202
1433 3275 210
2431 3275 653
154 3276 420
172 3276 119
3271 3276 819
2024 3277 730
2719 3277 297
251 3278 316
666 3278 147
3100 3278 105
862 3279 305
1816 3279 218
2632 3279 297
1959 3280 269
571 3281 118
1857 3281 255
75 3282 498
618 3282 675
2122 3282 249
207 3283 402
836 3283 339
398 3284 197
2908 3284 790
929 3285 167
2814 3285 977
126 3286 167
252 3286 300
2225 3286 338
354 3287 189
2262 3287 232
2870 3287 195
2881 3288 245
1064 3289 102
3122 3289 121
3140 3289 226
1325 3290 257
1877 3290 201
2883 3290 185
1583 3291 120
1964 3291 126
2734 3291 524
844 3292 100
1098 3292 142
1623 3292 120
1011 3293 143
2189 3293 792
1606 3294 140
2251 3294 153
2687 3294 990
657 3295 348
1843 3295 311
768 3296 924
3236 3296 224
778 3297 112
2130 3297 332
2403 3298 304
3141 3298 146
951 3299 219
1898 3299 349
2206 3299 430
604 3300 282
770 3300 184
1499 3300 154
153 3301 288
1975 3301 430
2283 3301 850
498 3302 368
2479 3302 229
2674 3303 321
2820 3303 153
1871 3304 434
2075 3305 130
3222 3305 671
425 3306 689
1257 3306 180
2688 3306 130
168 3307 105
1817 3307 191
2928 3307 169
638 3308 117
1666 3308 147
2805 3308 106
431 3309 275
3215 3309 249
2488 3310 109
2545 3310 175
474 3311 633
1007 3311 152
1686 3311 189
2935 3312 237
2085 3313 146
2105 3313 151
465 3314 595
2637 3314 180
1917 3315 390
2456 3315 190
2755 3315 202
1072 3316 218
2298 3316 495
3143 3316 106
1915 3317 231
2258 3317 175
1073 3318 439
2928 3318 266
1252 3319 129
1728 3319 364
2518 3319 123
1807 3320 218
1977 3320 154
2535 3320 577
2140 3321 300
2531 3321 508
404 3322 437
1162 3322 899
454 3323 318
631 3323 274
3004 3323 407
1398 3324 158
1587 3324 290
755 3325 142
2097 3325 120
605 3326 106
744 3326 280
2671 3327 144
620 3328 369
108 3329 183
154 3329 125
1095 3329 153
344 3330 158
1364 3330 202
318 3331 144
1754 3332 931
2684 3332 179
2856 3332 219
1200 3333 997
1562 3333 208
2719 3333 171
834 3334 214
1144 3334 348
3314 3334 725
1363 3335 144
3174 3335 178
607 3336 375
845 3336 205
520 3337 681
2503 3337 204
845 3338 149
2391 3339 116
2489 3339 147
2652 3339 188
490 3340 118
1289 3340 138
2574 3340 151
1375 3341 903
1056 3342 178
1087 3342 214
2898 3342 129
186 3343 107
3053 3344 165
752 3345 167
959 3345 179
2399 3345 220
1835 3346 124
1323 3347 114
1926 3347 908
2054 3347 119
239 3348 239
2440 3348 159
2667 3348 154
4 3349 185
830 3349 121
3322 3349 136
352 3350 165
1395 3350 363
1710 3350 112
2301 3351 701
3132 3351 469
1760 3352 202
2409 3352 195
839 3353 298
2106 3353 192
2362 3353 942
930 3354 175
2790 3354 509
3327 3354 211
211 3355 687
1067 3355 933
851 3356 131
1422 3357 124
1933 3357 135
3281 3357 135
346 3358 110
1415 3358 163
2524 3358 231
767 3359 381
2430 3359 440
739 3360 342
1598 3360 241
622 3361 108
2189 3361 109
2626 3361 312
2658 3362 272
500 3363 393
586 3363 219
1201 3363 152
2915 3364 857
502 3365 260
1283 3365 648
785 3366 664
1032 3366 319
1905 3366 558
1382 3367 235
2515 3367 101
2622 3367 212
2951 3368 258
313 3369 167
1560 3369 142
2259 3369 951
439 3370 126
710 3370 321
1085 3370 238
442 3371 405
1090 3371 107
3115 3371 983
1 3372 189
776 3372 939
232 3373 492
1409 3373 111
3054 3373 722
1171 3374 106
3166 3374 270
1969 3375 886
2598 3375 235
478 3376 155
3218 3376 202
1763 3377 289
2483 3377 167
2670 3377 230
474 3378 146
1721 3378 200
24 3379 151
1434 3379 162
2857 3379 183
2675 3380 146
1410 3381 149
1759 3381 128
295 3382 113
1083 3382 328
1809 3383 939
2073 3384 104
2214 3384 196
3248 3384 239
1455 3385 393
1559 3385 247
2607 3385 574
1705 3386 164
1792 3386 609
2457 3386 490
54 3387 133
1070 3387 141
1344 3387 184
1219 3388 143
2980 3388 208
120 3389 968
545 3389 497
3057 3389 626
1253 3390 200
2221 3390 186
3169 3390 193
545 3391 127
1169 3391 268
1269 3391 124
1625 3392 167
920 3393 265
1676 3393 299
1815 3393 403
57 3394 110
1389 3394 195
929 3395 116
1477 3395 566
1912 3396 259
1943 3396 108
9 3397 125
407 3397 214
581 3397 303
1914 3398 197
3098 3398 166
3103 3398 214
1240 3399 112
2848 3399 308
352 3400 119
993 3400 241
2948 3400 445
448 3401 163
3090 3401 528
3145 3401 103
1001 3402 193
1654 3402 120
276 3403 134
1493 3404 151
304 3405 140
3200 3405 187
3298 3405 461
1213 3406 125
235 3407 142
640 3407 211
1192 3407 366
328 3408 306
932 3408 116
2979 3408 228
2061 3409 182
396 3410 992
1665 3410 637
148 3411 490
331 3411 121
2429 3411 114
1323 3412 298
2397 3412 266
108 3413 207
1598 3413 329
2252 3413 252
198 3414 175
1879 3414 132
540 3415 154
2634 3415 612
2827 3415 129
341 3416 380
379 3416 339
1001 3417 112
1237 3417 158
582 3418 182
1337 3418 137
1590 3418 121
823 3419 103
2920 3419 171
844 3420 130
2346 3420 145
2625 3421 951
3071 3421 430
592 3422 753
1916 3423 335
3380 3423 891
593 3424 452
2858 3424 127
468 3425 244
683 3425 345
531 3426 304
919 3426 595
2745 3426 202
2762 3427 215
381 3428 544
537 3428 264
1911 3428 164
1727 3429 341
3021 3429 140
118 3430 139
2253 3430 105
905 3431 209
1247 3431 497
97 3432 244
2318 3432 102
704 3433 388
2585 3433 152
2829 3433 169
421 3434 531
1563 3434 479
417 3435 129
1006 3435 154
611 3436 129
2246 3436 156
2319 3436 388
552 3437 228
1115 3437 169
2699 3437 137
2329 3438 135
2418 3438 160
3020 3438 114
114 3439 112
1731 3439 268
2069 3439 296
158 3440 489
2326 3440 284
2713 3440 283
1477 3441 102
2573 3442 197
1296 3443 177
1612 3443 129
2366 3443 922
2079 3444 159
273 3445 115
641 3445 703
937 3445 285
2190 3446 741
2749 3446 218
1546 3447 115
2567 3447 139
67 3448 342
1306 3448 209
2579 3448 218
319 3449 246
1891 3449 256
1341 3450 358
2312 3450 101
639 3451 222
994 3451 139
1377 3451 108
1293 3452 353
535 3453 598
926 3453 200
2007 3453 143
2372 3454 145
2627 3454 107
94 3455 214
2207 3455 104
2902 3455 372
912 3456 173
1895 3456 191
1273 3457 241
1422 3457 115
2982 3457 223
826 3458 187
1078 3458 723
3041 3458 169
319 3459 104
1790 3459 152
2471 3459 278
165 3461 142
1194 3461 106
1606 3461 115
584 3462 398
3240 3462 451
3412 3462 117
969 3463 141
1834 3463 810
3159 3463 793
240 3464 247
831 3464 815
1542 3465 307
308 3466 103
614 3466 167
2689 3466 430
567 3467 264
2193 3467 343
1151 3468 204
3190 3469 166
3310 3469 137
1301 3470 702
2096 3470 582
2617 3470 207
3183 3471 149
148 3472 200
1158 3472 583
1279 3473 135
2348 3473 747
2378 3473 136
1639 3474 125
2151 3474 438
807 3475 209
1937 3475 550
3124 3475 855
1621 3476 215
3336 3476 105
1602 3477 113
3028 3477 168
2116 3478 200
2732 3478 231
1303 3479 341
3352 3479 244
1255 3480 358
1607 3480 203
3351 3480 178
631 3481 109
1480 3481 229
1906 3481 135
1697 3482 911
2395 3482 185
766 3483 932
2167 3483 160
3010 3483 808
1436 3484 158
167 3485 217
3346 3485 150
1094 3486 124
2095 3486 570
2850 3486 163
1061 3487 254
1656 3487 204
1764 3487 467
1994 3488 811
3127 3488 183
3362 3489 138
378 3490 175
1667 3490 235
170 3491 215
2006 3491 208
2648 3491 125
2462 3492 217
3009 3492 130
198 3493 284
340 3493 471
2962 3494 190
3085 3494 204
573 3495 486
3197 3495 147
2523 3496 526
3223 3496 146
533 3497 106
1294 3497 127
3224 3497 140
663 3498 531
2058 3498 328
2019 3499 178
3338 3499 293
575 3500 807
2571 3500 155
2858 3501 743
2970 3501 166
3303 3501 195
2758 3502 871
3079 3502 156
68 3503 722
1066 3503 954
527 3504 113
3434 3504 118
420 3505 944
2741 3505 105
372 3506 178
2567 3506 264
3246 3506 588
181 3507 134
445 3507 258
904 3507 512
1301 3508 203
1356 3508 102
1745 3508 291
734 3509 163
2487 3509 448
3199 3509 146
249 3510 203
912 3510 106
2558 3510 310
1182 3511 684
3395 3511 362
914 3512 187
2133 3512 167
2682 3512 483
928 3513 510
1110 3513 122
3447 3513 105
1259 3514 649
2214 3514 141
385 3515 376
2003 3515 322
1313 3516 100
2709 3516 133
2975 3516 400
1770 3517 134
2551 3517 153
2905 3517 144
241 3518 123
1848 3518 245
2169 3518 934
1106 3519 534
2458 3519 142
1092 3520 278
2507 3520 289
2689 3520 373
1563 3522 440
2001 3522 271
740 3523 265
1197 3523 172
3427 3523 276
363 3524 157
669 3524 988
3070 3524 144
3049 3525 218
3166 3525 194
273 3526 113
298 3526 194
1481 3527 898
1704 3527 160
2613 3527 141
2203 3528 608
2909 3528 293
3200 3528 187
2841 3529 167
3034 3529 155
1166 3530 423
1493 3530 544
2338 3530 434
1594 3531 225
2936 3531 952
485 3532 763
2256 3532 425
1470 3533 149
2492 3533 107
2704 3534 938
385 3535 236
1103 3535 630
1318 3535 475
2078 3536 393
93 3537 144
192 3537 949
1709 3537 304
1129 3538 121
3158 3538 467
151 3539 120
656 3539 273
2325 3539 670
696 3540 403
831 3540 205
78 3541 177
1763 3541 115
615 3542 242
990 3542 340
1392 3542 169
1943 3543 335
2652 3543 179
497 3544 213
921 3544 137
88 3545 179
311 3546 109
605 3546 107
3492 3547 254
2333 3548 126
1519 3549 153
2327 3549 125
467 3550 136
1558 3550 199
2191 3550 238
634 3551 102
810 3551 705
839 3552 813
855 3552 128
2277 3552 176
2877 3553 201
3444 3553 131
536 3554 362
3429 3554 917
3545 3554 103
312 3555 219
361 3555 142
1820 3555 290
2264 3556 156
2495 3556 355
750 3557 140
2066 3557 224
2990 3557 878
116 3558 229
162 3558 861
1252 3558 259
3344 3559 557
1050 3560 202
2959 3560 329
1327 3561 152
1520 3561 150
909 3562 363
997 3562 243
2841 3562 248
113 3563 275
2459 3563 240
3219 3563 430
602 3564 139
3048 3564 397
1845 3565 138
2177 3565 110
3546 3565 140
788 3566 158
1195 3566 233
1869 3566 670
2722 3567 301
2873 3567 157
921 3568 977
2276 3568 122
3019 3568 214
468 3569 450
1174 3569 127
1729 3569 192
2901 3570 107
39 3571 284
1863 3571 596
1054 3572 171
1787 3572 904
2695 3573 132
411 3574 107
2485 3574 439
3005 3574 195
989 3575 158
1081 3575 201
3018 3575 280
11 3576 186
1058 3576 236
2649 3576 178
2519 3577 559
3122 3577 203
414 3578 128
1097 3578 175
1207 3579 104
3214 3579 161
82 3580 199
2592 3580 198
3431 3580 378
17 3581 392
1096 3581 425
1619 3582 202
3108 3582 161
301 3583 109
1816 3583 159
2385 3583 377
1421 3584 404
1832 3584 185
2990 3584 279
493 3585 159
1818 3585 180
3402 3585 166
1555 3586 766
3162 3586 155
3309 3586 390
631 3587 920
3016 3587 124
3184 3587 168
779 3588 283
2071 3588 519
761 3589 188
871 3589 168
3330 3589 253
408 3590 295
707 3591 386
1793 3591 118
828 3592 590
1179 3592 253
2786 3592 373
3262 3593 101
3531 3593 167
33 3594 972
860 3594 120
3471 3594 197
1135 3595 200
2243 3595 253
2684 3595 380
1028 3596 278
2317 3596 316
3559 3596 124
1105 3597 260
1897 3597 155
1969 3597 238
853 3598 204
891 3598 257
1837 3599 517
3505 3599 152
848 3600 598
1985 3600 105
2193 3600 171
229 3601 190
1224 3601 104
1579 3601 149
611 3602 173
2690 3602 171
841 3603 387
2402 3603 363
3051 3603 255
393 3604 222
1444 3604 282
2151 3604 183
121 3605 104
2612 3605 353
2769 3605 465
2473 3606 482
2526 3606 210
3548 3606 178
159 3607 422
1631 3607 477
2174 3607 118
125 3608 155
1177 3608 647
1079 3609 149
1435 3609 184
1583 3609 439
1434 3610 272
1585 3610 349
3464 3610 114
461 3611 463
2386 3611 219
3522 3611 146
691 3612 281
1008 3612 590
3519 3612 183
743 3613 130
2065 3613 113
1138 3614 241
1410 3614 329
1494 3614 570
301 3615 285
635 3615 686
280 3616 881
2363 3616 109
2510 3616 259
391 3617 516
2589 3617 280
24 3618 327
2680 3618 178
3598 3618 132
619 3619 398
895 3620 216
3305 3620 134
3420 3620 543
1160 3621 233
3167 3621 146
1163 3622 160
3176 3622 207
3406 3622 168
970 3623 399
1546 3623 279
2700 3623 137
1348 3624 147
2837 3624 329
3196 3624 145
858 3625 225
2995 3625 232
460 3626 298
927 3626 177
2871 3626 121
490 3627 193
1528 3627 273
2649 3627 894
836 3628 105
3066 3628 412
317 3629 235
2094 3629 169
2400 3629 514
122 3630 289
2312 3630 194
1267 3631 204
1372 3631 215
2254 3631 235
1499 3632 257
1635 3633 144
2384 3633 252
1195 3634 126
3356 3634 159
2277 3635 694
3008 3635 223
764 3636 352
1464 3636 107
2279 3636 132
673 3637 193
1884 3637 381
2835 3637 727
150 3638 177
438 3638 152
2778 3638 144
651 3639 130
1173 3639 251
2695 3639 991
2336 3640 107
2803 3640 776
750 3641 637
1729 3641 140
2619 3641 153
3383 3642 250
330 3643 283
3084 3643 177
3264 3643 132
1031 3644 150
1913 3644 130
3085 3644 132
590 3646 104
1039 3646 126
2660 3646 190
207 3647 222
491 3647 152
3021 3647 968
795 3648 232
1035 3648 432
2628 3648 143
2592 3649 280
3051 3649 189
616 3650 134
2931 3650 295
80 3651 162
2832 3651 151
3302 3651 213
569 3652 642
2526 3652 177
1847 3653 116
2607 3653 154
2971 3653 386
2629 3654 332
2670 3654 152
551 3655 159
1041 3655 198
1417 3655 242
2058 3656 159
2110 3656 301
2422 3656 182
3403 3657 759
473 3658 971
1437 3658 233
2963 3658 156
676 3659 149
2729 3659 263
3564 3659 124
2502 3660 131
685 3661 158
1204 3661 100
872 3662 337
2899 3662 523
3335 3662 109
674 3663 450
3514 3663 277
2112 3664 418
2557 3664 894
2192 3665 100
1132 3666 127
1605 3666 386
2744 3666 257
74 3667 123
1328 3667 272
1556 3667 363
741 3668 421
1777 3668 170
1796 3668 334
400 3669 130
2555 3669 138
963 3670 200
1739 3670 726
3645 3670 161
1310 3672 111
2072 3672 114
692 3673 244
838 3673 265
533 3674 349
985 3674 554
2998 3674 195
2119 3675 203
3157 3675 166
2601 3676 172
3364 3676 144
1151 3677 240
3465 3677 988
668 3678 656
737 3678 929
2211 3678 478
552 3679 248
2862 3679 144
238 3680 154
957 3680 263
1387 3680 413
1776 3681 652
1679 3682 115
2988 3682 323
2078 3683 117
2368 3683 144
3074 3684 174
1005 3685 268
2115 3685 189
2468 3685 205
3064 3686 167
3435 3686 104
3526 3686 608
1534 3687 185
3288 3687 730
1805 3688 136
3277 3688 211
1213 3689 115
1914 3689 456
3270 3689 504
578 3690 991
2146 3690 200
3220 3690 150
72 3691 151
826 3691 122
3039 3691 102
772 3692 382
3107 3692 292
3255 3692 412
609 3693 191
1413 3693 107
1649 3693 388
1374 3694 168
3216 3694 122
3561 3694 564
881 3695 120
2634 3695 156
2794 3695 517
1617 3696 145
1921 3696 514
3312 3696 233
473 3697 387
939 3697 116
3296 3697 109
2659 3698 482
2833 3698 375
3671 3698 106
299 3699 171
3293 3699 116
1246 3700 118
2476 3700 144
659 3701 240
1330 3701 305
1982 3702 344
2912 3702 219
1677 3703 124
3024 3703 407
3424 3703 131
204 3704 150
549 3704 806
3262 3704 127
1053 3705 376
2187 3705 162
2263 3705 123
1438 3706 110
228 3707 313
3602 3707 113
655 3708 220
3179 3708 128
3442 3708 530
695 3709 134
1014 3709 132
3109 3710 397
2590 3711 239
3663 3711 137
110 3712 120
295 3712 378
1749 3712 223
1438 3713 106
1563 3713 193
1044 3714 590
1699 3714 172
559 3715 215
1794 3716 683
2578 3716 131
2197 3717 274
3671 3717 138
336 3718 252
1584 3718 287
1672 3718 372
1194 3719 129
943 3720 379
1721 3720 793
997 3721 114
2222 3721 343
3110 3721 226
1139 3722 144
2687 3722 274
1288 3723 316
3441 3723 365
434 3724 105
1708 3724 168
2005 3724 487
473 3725 172
3338 3725 161
105 3726 170
757 3726 177
358 3727 971
518 3727 195
3714 3728 438
687 3729 120
1352 3729 303
2366 3729 137
175 3730 958
1688 3730 372
1239 3731 480
2135 3732 203
2751 3732 134
721 3733 507
2246 3733 200
3477 3733 160
1124 3734 201
1571 3734 213
1698 3734 125
45 3735 354
1287 3735 343
2240 3735 798
1517 3736 111
1605 3736 122
1771 3737 223
2236 3737 106
2783 3737 146
583 3738 102
1070 3738 111
2623 3738 231
1045 3739 707
2156 3739 302
2904 3739 350
2904 3740 251
3489 3740 102
1357 3741 261
1512 3741 420
890 3742 995
1870 3742 384
2286 3742 817
1522 3743 125
2992 3743 139
747 3744 121
1467 3744 139
1918 3745 124
3498 3745 192
1318 3746 129
1708 3746 127
977 3747 153
1215 3747 161
3456 3747 141
2155 3748 119
3175 3748 326
3450 3748 104
312 3749 145
434 3749 129
3198 3749 135
74 3750 221
2589 3750 241
3743 3750 141
2415 3751 984
3139 3751 928
2454 3752 315
2628 3752 404
2063 3753 115
2847 3753 186
1069 3754 126
3559 3754 113
553 3755 983
1388 3755 117
2711 3755 279
892 3756 252
1725 3756 120
3344 3756 102
522 3757 245
1650 3757 339
145 3758 400
2703 3758 346
3619 3758 164
2140 3759 257
2560 3759 207
3664 3759 100
231 3760 924
376 3760 121
2603 3760 152
1029 3761 291
2144 3761 112
485 3762 117
1492 3762 280
2896 3762 118
3097 3763 218
3494 3763 104
3736 3763 782
3484 3764 181
3496 3764 162
3671 3764 195
103 3765 295
1775 3765 530
1576 3766 219
1994 3766 240
2035 3766 295
938 3767 860
2391 3767 191
3138 3767 478
1993 3768 113
3048 3768 256
480 3769 117
1007 3769 716
2259 3769 204
1453 3770 199
2173 3770 475
2500 3770 104
1741 3771 385
2077 3771 106
3541 3772 103
3657 3772 197
1212 3773 520
1416 3773 279
1555 3773 335
210 3774 134
568 3774 258
3230 3774 131
2621 3775 287
2937 3775 304
2055 3776 189
2226 3776 398
3399 3776 341
910 3777 355
1165 3777 219
1896 3777 110
1630 3778 282
2154 3778 362
3272 3778 225
509 3779 285
745 3779 115
1510 3779 707
682 3780 138
979 3780 450
3588 3780 261
923 3781 106
2405 3781 133
3082 3781 505
1511 3782 160
1641 3782 160
2228 3782 185
671 3783 236
2225 3783 658
504 3784 240
2546 3784 799
412 3785 242
3775 3785 151
2021 3786 101
2204 3786 458
3409 3786 113
1509 3787 383
1768 3787 253
2880 3787 430
3060 3788 108
3172 3788 353
550 3789 125
811 3789 626
3545 3789 122
959 3790 293
1934 3790 269
2175 3791 112
2753 3791 686
722 3792 281
898 3792 388
1168 3793 118
2316 3793 461
126 3794 112
1216 3794 213
2536 3794 199
636 3795 232
2633 3795 133
2698 3795 104
1015 3796 266
3751 3796 251
1755 3797 248
2303 3797 228
2629 3797 124
691 3798 360
3210 3798 548
1093 3799 121
1780 3800 122
2435 3800 473
3160 3800 182
2613 3801 544
3005 3801 306
1614 3802 123
3252 3802 130
1148 3803 121
3536 3803 149
998 3804 191
3295 3804 146
642 3805 349
1551 3805 297
3757 3805 344
561 3806 407
1989 3806 109
1610 3807 521
2311 3807 578
3806 3807 104
215 3808 111
1181 3808 106
1512 3809 113
3423 3809 134
1234 3810 493
3328 3810 341
3634 3810 190
253 3811 153
386 3811 163
2460 3811 614
937 3812 917
1584 3812 105
3321 3812 382
417 3813 142
1183 3813 176
2297 3813 263
296 3814 115
2888 3814 899
2092 3815 132
2097 3815 151
1714 3816 346
1720 3816 385
3710 3816 139
1473 3817 106
2371 3817 120
3549 3817 302
132 3818 596
2231 3818 361
406 3819 319
996 3819 130
2528 3819 836
1639 3820 243
1724 3820 204
450 3821 112
3044 3821 761
1262 3822 183
1743 3822 150
3014 3822 144
209 3823 116
1423 3823 152
3213 3823 185
2446 3824 747
2591 3824 117
1156 3825 161
2785 3825 114
1888 3826 282
2189 3826 269
3801 3826 511
227 3827 117
866 3827 273
995 3827 354
428 3828 269
1099 3828 187
1812 3828 149
73 3829 706
3380 3829 122
1808 3830 112
2958 3830 675
3570 3830 429
1227 3831 160
2046 3831 291
2248 3831 204
2425 3832 177
2677 3832 195
791 3833 280
978 3833 314
3252 3833 109
402 3834 210
1507 3834 342
2991 3834 369
2247 3835 214
3052 3835 426
322 3836 129
2942 3836 203
962 3837 447
1308 3837 424
2192 3837 144
651 3838 226
2089 3838 191
2540 3838 121
316 3839 151
3835 3839 912
592 3840 171
1430 3840 529
842 3841 843
2373 3841 132
2612 3841 174
2241 3842 175
2988 3842 229
3532 3842 160
1870 3843 260
1890 3843 249
2523 3843 108
260 3844 183
1936 3844 342
2055 3844 158
1292 3845 137
201 3846 100
2119 3846 147
2737 3846 136
267 3847 136
2271 3847 113
2922 3847 265
995 3848 428
2804 3849 170
2932 3849 147
3785 3849 200
1940 3850 162
2729 3850 274
3719 3850 207
1675 3851 213
2208 3851 146
1741 3852 176
2390 3852 176
3121 3852 201
147 3853 196
2140 3853 106
1657 3854 254
2315 3854 189
3551 3854 110
19 3855 158
3706 3855 116
908 3856 632
1381 3856 173
3633 3856 135
563 3857 178
1888 3857 280
224 3858 375
1239 3858 235
2947 3858 336
401 3859 231
3129 3859 100
3396 3859 110
1288 3860 190
2284 3860 441
2732 3860 213
1176 3861 175
2752 3861 142
944 3862 699
2022 3862 217
2314 3862 121
1139 3863 333
2583 3863 960
2796 3863 270
2275 3864 315
2893 3864 358
1713 3865 125
332 3866 143
1457 3866 943
3649 3866 242
4 3867 257
855 3867 309
1135 3868 103
3188 3868 159
3266 3868 540
170 3869 384
2701 3869 212
2927 3869 122
1272 3870 151
2843 3870 452
3225 3870 309
303 3871 163
2637 3871 302
2199 3872 262
2570 3872 271
3727 3872 184
1180 3873 775
2494 3873 859
2668 3873 534
649 3874 358
2740 3874 323
2929 3874 127
1982 3875 186
3471 3875 391
1718 3876 274
3521 3876 692
563 3877 119
1184 3877 216
1873 3877 194
496 3878 160
2354 3878 138
1016 3879 138
3175 3879 299
1128 3880 107
1589 3880 135
2846 3880 250
114 3881 187
2065 3881 170
2248 3881 591
2516 3882 542
3593 3882 463
936 3883 264
3681 3883 222
3741 3883 180
632 3884 563
2817 3884 117
3495 3884 142
606 3885 505
649 3885 119
95 3886 130
1393 3887 219
1618 3887 125
1710 3887 135
1572 3888 188
2799 3888 172
3613 3888 534
1316 3889 320
1467 3889 464
1746 3889 539
2396 3890 231
3171 3890 904
3536 3890 136
684 3891 305
1780 3891 338
3525 3891 183
702 3892 121
1673 3892 128
3467 3892 356
1695 3893 178
2138 3893 220
2666 3893 152
1604 3894 243
2620 3894 371
2943 3894 117
700 3895 625
1742 3895 201
2330 3895 890
393 3896 179
736 3896 115
3578 3896 342
717 3897 105
2545 3897 154
2842 3897 148
1627 3898 206
2504 3898 201
1061 3899 503
2197 3899 300
3715 3899 262
247 3900 170
591 3900 115
3683 3900 279
910 3901 198
1402 3901 778
3832 3901 784
3419 3902 423
3829 3902 171
456 3903 111
2648 3903 165
1905 3904 263
2967 3904 542
551 3905 232
3699 3905 210
3820 3905 462
871 3906 247
1868 3906 136
3392 3906 144
457 3907 314
694 3907 987
2201 3908 424
2822 3908 126
1572 3909 165
2855 3909 658
372 3910 175
1788 3910 152
3304 3910 682
1290 3911 273
3258 3911 111
566 3912 164
1748 3912 211
3081 3912 121
1266 3913 177
2268 3913 367
2788 3913 167
210 3914 182
3186 3914 155
3796 3914 131
689 3915 756
2985 3915 758
3799 3915 583
3102 3916 280
3792 3916 477
704 3917 182
757 3917 421
2132 3917 998
1007 3918 177
2604 3918 137
3886 3918 246
2129 3919 151
2745 3919 138
3474 3919 189
787 3920 204
1305 3920 226
2564 3921 426
2829 3921 123
1505 3922 196
2480 3922 251
2597 3922 266
1836 3923 592
3383 3923 131
234 3924 634
3269 3924 151
3669 3924 109
324 3925 185
656 3925 842
1492 3925 273
562 3926 108
798 3926 397
143 3927 636
1260 3927 170
1478 3927 706
1304 3928 421
1329 3928 631
2383 3928 293
440 3929 151
995 3929 649
2293 3929 107
1597 3930 115
1996 3930 957
3250 3930 244
107 3931 265
913 3931 159
1142 3931 200
111 3932 117
1452 3932 178
690 3933 596
2370 3933 146
3784 3933 394
2043 3934 765
2469 3934 387
3903 3934 992
343 3935 190
2398 3935 326
2642 3935 174
1080 3936 601
1393 3936 111
2585 3936 571
1653 3937 401
1866 3937 103
2113 3937 491
616 3938 102
1178 3938 305
1357 3938 103
268 3939 143
1175 3939 137
3047 3939 227
999 3940 153
2608 3940 775
2813 3940 955
589 3941 144
1093 3941 110
1784 3941 244
1785 3942 117
3824 3942 103
1464 3943 122
3020 3943 151
350 3944 319
3017 3944 616
644 3945 109
2662 3945 188
177 3946 119
516 3946 268
1124 3947 367
2167 3947 104
3241 3947 153
595 3948 782
3582 3948 106
371 3949 147
1345 3949 583
3504 3949 200
415 3950 455
2364 3950 179
3640 3950 370
565 3951 779
3818 3951 174
1122 3952 103
1365 3952 129
3059 3952 180
688 3953 375
2641 3953 246
591 3954 303
1170 3954 313
151 3955 271
318 3955 199
2918 3955 107
76 3956 134
399 3956 302
1244 3956 109
205 3957 614
396 3957 119
615 3957 159
1953 3958 104
2486 3958 693
3652 3958 207
521 3959 183
783 3959 160
1892 3959 264
1730 3960 353
1980 3960 178
1099 3961 102
2268 3961 144
3341 3961 120
1372 3962 507
1455 3962 105
3469 3962 241
163 3963 262
793 3963 124
872 3963 124
96 3964 141
124 3964 701
228 3964 106
993 3965 352
1876 3965 122
2086 3965 303
526 3966 202
1092 3966 142
2320 3966 132
580 3967 380
3529 3967 425
3943 3967 801
493 3968 174
2201 3968 304
3421 3968 375
1301 3969 114
1815 3969 139
2358 3969 292
153 3970 123
1490 3970 114
3954 3970 183
1894 3971 304
947 3972 157
2327 3972 511
2475 3972 850
202 3973 261
1750 3973 460
2192 3973 340
415 3974 276
2353 3974 206
3731 3974 343
729 3975 122
805 3975 113
69 3976 442
84 3976 372
3210 3976 126
1257 3977 440
3288 3977 330
3427 3977 116
1156 3978 706
1973 3978 563
3534 3978 308
263 3979 245
2530 3979 366
3081 3979 180
259 3980 259
3946 3980 645
2485 3981 238
2860 3981 434
944 3982 369
3581 3982 496
2099 3983 147
3177 3983 137
3313 3983 139
143 3984 188
1680 3984 174
3534 3984 178
244 3985 627
976 3985 186
1619 3985 132
3241 3986 110
3570 3986 202
271 3987 221
3556 3987 164
2924 3988 214
3740 3988 166
1398 3989 108
2427 3989 166
2876 3989 162
18 3990 234
848 3990 105
3265 3990 129
1968 3991 535
2515 3991 239
3617 3991 478
523 3992 584
1955 3992 742
626 3993 963
1412 3993 222
2861 3993 401
1100 3994 947
1295 3994 160
850 3995 216
3790 3995 137
352 3996 897
2621 3996 360
3809 3996 148
77 3997 705
355 3997 289
668 3998 127
846 3998 648
1034 3998 157
319 3999 234
1307 3999 546
1611 3999 239
310 4000 687
861 4000 287
2386 4000 124
1604 4001 536
1727 4001 181
2774 4001 825
1302 4002 315
2691 4002 374
2936 4002 147
832 4003 173
2680 4003 286
3468 4003 172
1781 4004 183
2048 4004 477
3754 4004 110
59 4005 257
433 4005 113
3368 4005 158
1738 4006 250
2932 4006 109
3997 4006 106
94 4007 128
3864 4007 193
78 4008 565
707 4008 170
2640 4008 102
594 4009 125
1419 4009 122
2147 4009 165
551 4010 111
2736 4010 124
3878 4010 206
1120 4011 141
1452 4011 581
3080 4011 262
2236 4012 125
3266 4012 193
3465 4012 503
979 4013 140
3046 4013 508
3178 4013 224
118 4014 131
1055 4014 218
3547 4014 219
1227 4015 342
2890 4015 124
3326 4015 684
87 4016 153
460 4016 205
1372 4016 186
494 4017 231
709 4017 197
3013 4017 303
171 4018 234
1671 4018 341
1131 4019 133
2458 4019 134
2879 4020 713
197 4021 262
1939 4021 195
3237 4021 105
422 4022 139
1224 4022 132
3845 4022 212
255 4023 176
688 4023 290
2461 4023 132
718 4024 288
3731 4024 384
3632 4025 157
3753 4025 186
258 4026 257
1160 4026 445
3104 4026 698
1735 4027 122
2615 4027 101
856 4028 133
2761 4028 175
3577 4028 491
1818 4029 107
2750 4029 157
1657 4030 107
3761 4030 220
1036 4031 355
2493 4031 132
1786 4032 213
3011 4032 542
349 4033 205
422 4033 356
3553 4033 867
1321 4034 129
856 4035 790
933 4035 258
1084 4035 341
1479 4036 212
2331 4036 230
3579 4036 386
801 4037 477
2534 4037 941
2860 4037 492
1501 4038 670
3009 4038 102
3249 4038 120
798 4039 100
1210 4039 158
2733 4039 167
2242 4040 120
2912 4040 453
3356 4040 117
1226 4041 864
1908 4041 181
3916 4041 309
544 4042 958
899 4042 143
641 4043 142
1620 4043 221
4024 4043 293
796 4044 254
1347 4044 102
2864 4044 210
423 4045 186
1611 4045 221
2610 4045 128
2083 4046 126
3343 4046 214
3907 4046 302
365 4047 317
480 4047 151
3388 4047 177
699 4048 203
1671 4048 224
2971 4048 244
531 4049 472
1395 4049 140
2536 4049 134
946 4050 128
1427 4050 103
2153 4050 103
1568 4051 328
2004 4051 908
3573 4051 297
1802 4052 557
2064 4052 154
3744 4052 606
180 4053 126
2103 4053 207
3064 4053 195
1923 4054 156
3630 4054 350
264 4055 459
2448 4055 107
3346 4055 123
991 4056 190
2354 4056 230
2914 4057 253
3378 4057 249
1689 4058 107
2074 4058 270
2228 4058 976
274 4059 150
912 4059 629
3489 4059 296
85 4060 326
2691 4060 169
2949 4060 994
877 4061 198
2816 4061 274
3615 4061 216
348 4062 110
1117 4062 236
2227 4062 179
452 4063 933
3861 4063 391
3876 4063 153
2314 4064 174
3195 4064 109
3857 4064 186
1222 4065 362
2196 4065 112
3788 4065 998
1862 4066 536
2118 4066 779
3625 4066 334
324 4067 685
3720 4067 692
182 4068 146
462 4068 369
3654 4068 167
1767 4069 138
2448 4069 302
2716 4069 716
1368 4070 362
3684 4070 349
2697 4071 140
3660 4071 220
3688 4071 364
424 4072 136
1723 4072 296
3768 4072 239
29 4073 258
1598 4073 954
3045 4073 109
119 4074 139
2885 4074 190
3381 4074 345
328 4075 231
2120 4075 226
2697 4075 266
3328 4076 131
598 4077 161
2423 4077 298
2508 4078 156
2726 4078 408
2889 4078 129
1983 4079 470
3280 4079 751
3538 4079 174
891 4080 311
2773 4080 463
1316 4081 156
3808 4081 483
3971 4081 216
698 4082 480
2355 4082 225
3848 4082 977
916 4083 150
1000 4083 187
2025 4083 132
217 4084 223
1756 4084 233
3645 4084 196
3210 4085 131
3511 4085 188
511 4086 154
3500 4086 190
122 4087 181
681 4087 305
2444 4087 112
2265 4088 100
2865 4088 107
668 4089 702
3062 4089 118
3165 4089 140
1531 4090 205
4067 4090 142
952 4091 202
2896 4091 111
54 4092 188
916 4092 220
1233 4092 103
103 4093 839
900 4093 215
2197 4093 240
1487 4094 210
2770 4094 131
3799 4094 557
188 4095 302
2431 4095 160
4070 4095 203
816 4096 709
2095 4096 152
1633 4097 120
2232 4097 992
2700 4097 253
2949 4098 154
4031 4098 246
4090 4098 240
2038 4099 106
2049 4099 120
3953 4099 644
660 4100 243
2652 4100 104
2885 4100 311
2388 4101 577
2782 4101 324
3304 4101 625
1812 4102 522
3488 4102 242
512 4103 182
565 4103 424
1050 4103 172
1048 4104 149
3665 4104 127
683 4105 185
3374 4105 207
92 4106 127
4076 4106 157
2811 4107 427
3902 4107 152
910 4108 135
1211 4108 145
2946 4108 134
1737 4109 154
1890 4109 120
3476 4109 149
2336 4110 316
2717 4110 231
2993 4110 323
221 4111 440
950 4111 322
2141 4111 138
398 4112 107
1099 4112 324
1491 4112 125
3091 4113 912
3177 4113 233
4107 4113 915
414 4114 177
1575 4114 240
3836 4114 345
292 4115 184
1578 4115 707
2895 4115 690
669 4116 581
971 4116 932
2434 4116 116
38 4117 250
2725 4117 248
530 4118 195
3722 4118 102
3732 4118 243
1805 4119 753
2112 4119 142
2127 4119 123
2065 4120 415
2221 4120 190
1862 4121 518
2762 4121 890
387 4122 393
1724 4122 446
2149 4122 259
800 4123 198
1055 4123 314
1776 4123 190
1568 4124 805
1827 4124 601
2205 4124 131
700 4125 339
1826 4125 149
3701 4125 308
81 4126 273
136 4126 109
3201 4126 148
219 4127 206
1823 4127 304
1629 4128 203
3324 4128 117
4054 4128 444
144 4129 109
2122 4129 271
2656 4129 284
395 4130 152
2751 4130 253
2952 4130 434
753 4131 209
2683 4131 141
3128 4131 321
2509 4132 961
3225 4132 397
3673 4132 357
1044 4133 109
3208 4133 503
3981 4133 167
196 4134 120
3619 4134 144
1828 4135 358
2472 4135 236
2786 4135 115
929 4136 160
2196 4136 658
4076 4136 219
236 4137 397
3853 4137 142
903 4138 285
2204 4138 110
3677 4138 439
330 4139 313
3255 4139 995
837 4140 148
2037 4140 382
3992 4140 260
1055 4141 156
1150 4141 421
2703 4141 234
1193 4142 313
1811 4142 122
3923 4142 254
715 4143 170
934 4143 520
3006 4143 206
503 4144 102
1220 4144 343
2115 4144 188
2425 4145 103
2616 4145 854
2841 4145 174
392 4146 523
1523 4146 283
2407 4146 303
169 4147 111
1354 4147 154
2329 4147 531
2719 4148 246
4105 4148 237
2211 4149 113
3502 4149 243
1004 4150 181
1383 4150 801
1424 4150 992
1896 4151 213
2015 4151 137
4020 4151 346
954 4152 504
2603 4152 146
2996 4152 125
1659 4153 151
2357 4153 256
3224 4153 186
83 4154 313
1401 4154 143
1718 4154 145
1564 4155 132
3172 4155 271
3921 4155 133
1081 4156 984
2154 4156 592
4137 4156 184
3120 4157 104
3143 4157 612
642 4158 130
946 4158 119
1603 4158 253
3460 4159 384
4007 4159 288
3274 4160 223
3460 4160 176
4086 4160 292
403 4161 333
413 4161 135
726 4161 131
546 4162 123
731 4162 280
596 4163 162
1114 4163 136
2342 4163 936
1018 4164 113
1319 4164 256
1658 4164 133
2 4165 181
1054 4165 105
1609 4165 219
2161 4166 555
2728 4166 109
3793 4166 196
131 4167 272
386 4167 229
1382 4167 113
1714 4168 153
2372 4168 980
3076 4168 242
325 4169 142
635 4169 177
1600 4169 119
649 4170 256
3104 4170 165
386 4171 122
2034 4171 353
2694 4171 110
1678 4172 262
3765 4172 336
3882 4172 491
728 4173 196
3783 4173 346
231 4174 150
2576 4174 905
2696 4174 269
179 4175 452
3454 4175 210
3798 4175 957
817 4176 244
3142 4176 945
3932 4176 329
260 4177 125
889 4177 276
1130 4177 704
28 4178 363
2547 4178 137
357 4179 602
1639 4179 112
4032 4179 194
432 4180 113
3460 4180 135
1368 4181 133
1690 4181 765
2063 4181 352
534 4182 542
1087 4182 242
2492 4182 208
378 4183 174
560 4183 933
1231 4183 251
974 4184 433
1938 4184 228
3490 4184 738
62 4185 382
2397 4185 196
3960 4185 181
2307 4186 222
2946 4186 180
3590 4186 154
2159 4187 130
2270 4187 230
3078 4187 724
1225 4188 261
2986 4188 107
3650 4188 159
180 4189 116
992 4189 349
1600 4189 172
3632 4190 143
3865 4190 100
804 4191 604
1954 4191 496
2724 4191 315
1155 4192 157
2657 4192 180
3547 4192 224
747 4193 615
2562 4193 190
3544 4193 594
1302 4194 169
2380 4194 177
2863 4194 272
1443 4195 288
1861 4195 973
2184 4195 710
1003 4196 133
1952 4196 698
3484 4196 290
3416 4197 211
3987 4197 260
4148 4197 825
2468 4198 106
2507 4198 241
3803 4198 298
1948 4199 284
2404 4199 159
3468 4199 329
451 4200 134
984 4200 480
2866 4200 204
380 4201 212
3070 4201 114
3432 4201 281
110 4202 297
2423 4202 103
3094 4202 144
1065 4203 289
3259 4203 165
4077 4203 999
1920 4204 364
2772 4204 155
2817 4204 209
557 4205 117
1789 4205 323
3521 4205 141
867 4206 149
3283 4206 220
3745 4206 269
545 4207 473
1827 4207 171
2808 4207 159
625 4208 204
2178 4208 409
3417 4208 149
594 4209 342
2051 4209 553
2239 4209 144
2646 4210 267
3081 4210 147
4030 4210 287
723 4211 114
1560 4211 100
3804 4211 135
2242 4212 374
2243 4212 444
3567 4212 377
686 4213 231
1705 4213 200
3572 4213 101
752 4214 415
1893 4214 171
1933 4214 423
36 4215 176
1030 4215 747
1180 4215 380
648 4216 991
2209 4216 814
3076 4216 398
221 4217 367
282 4217 279
670 4217 205
2863 4218 297
3151 4218 122
1950 4219 263
2230 4219 213
2458 4219 135
670 4220 984
1086 4220 316
2994 4220 455
1067 4221 169
3392 4221 687
4042 4221 137
345 4222 103
2477 4222 120
619 4223 113
762 4223 380
2213 4223 210
397 4224 202
1342 4224 292
2220 4224 389
179 4225 206
2476 4225 761
3728 4225 662
970 4226 326
2615 4226 347
4106 4226 228
1547 4227 137
2076 4227 298
3875 4227 132
2103 4228 119
2157 4228 172
3191 4228 286
1011 4229 991
2219 4229 148
1271 4230 175
1470 4231 319
1819 4231 160
4056 4231 170
2011 4232 348
3264 4232 271
1354 4233 828
3452 4233 208
3904 4233 451
79 4234 894
3414 4234 375
3479 4234 371
925 4235 499
1352 4235 132
1069 4236 127
2517 4236 113
4117 4236 166
1338 4237 116
1990 4237 487
2869 4237 339
123 4238 218
1763 4238 163
3710 4238 251
28 4239 319
673 4239 167
1532 4239 299
2040 4240 194
3224 4240 251
3719 4240 386
1887 4241 191
3100 4241 202
3682 4241 912
2817 4242 119
3994 4242 292
4218 4242 114
665 4243 272
1527 4243 166
3364 4243 151
1265 4244 311
1360 4244 225
4127 4244 244
460 4245 344
2333 4245 601
3926 4245 155
666 4246 152
2826 4246 112
3325 4246 929
555 4247 343
1945 4247 300
2513 4247 403
632 4248 151
1380 4248 151
3442 4248 115
270 4249 317
1019 4249 161
3839 4249 293
42 4250 248
2951 4250 219
3117 4250 166
2780 4251 142
3825 4251 141
1331 4252 125
2210 4252 634
4230 4252 935
130 4253 122
1952 4253 112
3039 4253 388
935 4254 102
2916 4254 259
3318 4254 238
660 4255 330
1498 4255 169
629 4256 999
819 4256 195
2353 4256 178
1732 4257 557
2335 4257 457
3375 4257 150
1486 4258 143
2403 4258 190
3687 4258 175
1443 4259 966
1516 4259 207
3706 4259 129
548 4260 311
1060 4260 489
2938 4260 286
420 4261 171
1261 4261 494
3885 4261 144
501 4262 172
1613 4262 483
2091 4262 113
681 4263 192
1712 4263 202
2544 4263 337
1631 4264 301
3362 4264 280
3425 4264 234
140 4265 593
1735 4265 519
3083 4265 180
1363 4266 255
1789 4266 466
3150 4266 152
814 4267 121
2554 4267 234
2757 4267 171
472 4268 353
1831 4268 347
3205 4268 200
541 4269 185
1781 4269 163
3331 4269 380
3230 4270 235
3422 4270 221
3599 4270 444
28 4271 108
538 4271 631
3665 4271 129
2709 4272 153
2743 4272 162
3821 4272 307
1963 4273 309
3341 4273 651
2332 4274 810
3212 4274 151
3540 4274 190
226 4275 195
756 4275 191
3684 4275 139
870 4276 545
897 4276 303
1910 4276 248
601 4277 112
3211 4277 241
3446 4277 255
993 4278 270
1991 4278 550
2158 4278 216
718 4279 144
2930 4279 392
3285 4279 244
499 4280 116
1911 4280 166
3848 4280 164
872 4281 111
1278 4281 219
141 4282 422
418 4282 203
2646 4282 134
272 4283 311
3317 4283 195
4020 4283 348
1296 4284 818
1974 4284 102
368 4285 151
1887 4285 128
1051 4286 174
1750 4286 160
387 4287 105
598 4287 101
1022 4287 127
53 4288 184
237 4288 176
2854 4288 204
948 4289 143
1756 4289 198
1942 4289 233
720 4290 297
784 4290 710
4149 4290 172
1735 4291 106
3047 4291 112
3515 4291 430
1062 4292 151
1981 4292 276
2557 4292 100
3025 4293 137
3280 4293 154
3635 4293 130
1469 4294 185
2236 4294 250
3911 4294 111
1 4295 228
840 4295 142
3642 4295 347
863 4296 248
2561 4296 280
2608 4296 167
782 4297 349
4157 4297 696
4255 4297 119
3 4298 105
2426 4298 649
3228 4298 128
1105 4299 953
1813 4299 111
2348 4299 136
16 4300 994
810 4300 236
3726 4300 225
46 4301 137
1684 4301 120
3661 4301 178
2447 4302 181
2948 4302 150
3404 4302 281
2513 4303 191
3062 4303 152
4121 4303 138
1967 4304 206
2467 4304 138
3221 4304 553
327 4305 406
1198 4305 264
538 4306 375
2844 4306 122
3715 4306 160
1631 4307 342
2195 4307 123
4104 4307 156
500 4308 237
833 4308 104
4027 4308 159
1850 4309 124
2727 4309 226
3482 4309 138
171 4310 122
1198 4310 192
3879 4310 135
1872 4311 555
2047 4311 385
3409 4311 202
963 4312 382
2882 4312 780
4180 4312 283
3232 4313 206
3951 4313 264
557 4314 128
857 4314 203
4139 4314 136
1242 4315 396
1687 4315 148
2593 4315 136
801 4316 423
1871 4316 262
2961 4316 433
298 4317 301
1183 4317 874
1726 4318 269
2279 4318 316
4057 4318 145
1793 4319 182
2127 4319 730
3851 4319 285
662 4320 144
1505 4320 245
3543 4320 104
266 4321 295
720 4321 232
1790 4321 168
1075 4322 197
1836 4322 332
2059 4322 455
749 4323 289
2285 4323 264
3263 4323 588
763 4324 343
769 4324 531
1089 4324 866
1792 4325 239
2182 4325 529
2397 4325 515
1682 4326 102
3430 4326 241
4281 4326 263
1775 4327 113
2190 4327 162
4317 4327 136
1479 4328 119
1616 4328 911
2596 4328 377
935 4329 171
2400 4329 120
366 4330 254
410 4330 145
4251 4330 115
638 4331 304
650 4331 156
2372 4331 215
1970 4332 378
3185 4332 107
3711 4332 107
1513 4333 346
3235 4333 649
3898 4333 994
899 4334 178
2200 4334 922
3394 4334 121
2316 4335 146
2630 4335 456
3365 4335 177
1276 4336 330
2268 4336 225
3675 4336 477
1024 4337 247
4034 4337 267
2340 4338 298
2840 4338 116
190 4339 237
2449 4339 175
3920 4339 141
1450 4340 140
2825 4340 779
3855 4340 275
1668 4341 467
2539 4341 260
3472 4341 234
260 4342 399
2535 4342 509
3208 4342 165
1 4343 180
3126 4343 299
3337 4343 308
298 4344 108
2678 4344 207
3975 4344 131
500 4345 223
3327 4345 122
3676 4345 104
2036 4346 101
2577 4346 268
2935 4346 124
1441 4347 235
1938 4347 151
4088 4347 133
754 4348 467
1037 4348 210
2183 4348 144
1066 4349 312
2406 4349 124
4229 4349 664
2831 4350 124
3054 4350 211
604 4351 427
3590 4351 498
4329 4351 131
1012 4352 124
2138 4352 420
3181 4352 602
1773 4353 146
3094 4353 533
3493 4353 141
18 4354 162
3228 4354 498
4080 4354 143
1527 4355 113
2725 4355 412
3621 4355 584
1611 4356 130
2080 4356 194
2910 4356 479
2010 4357 944
2636 4357 114
4019 4357 188
981 4358 124
1780 4358 130
3945 4358 600
3062 4359 429
3404 4359 301
3485 4359 214
1629 4360 132
3628 4360 190
3660 4360 123
1141 4361 443
1178 4361 288
1476 4361 263
797 4362 261
827 4362 252
2958 4362 235
744 4363 478
1333 4363 405
3095 4363 342
84 4364 890
1438 4364 378
3021 4364 344
1128 4365 210
1941 4365 408
3146 4365 163
623 4366 157
1901 4366 314
2260 4366 395
588 4367 126
1764 4367 392
2459 4367 167
219 4368 607
2903 4368 398
3155 4368 403
2796 4369 175
2956 4369 325
3679 4369 426
3100 4370 155
3193 4370 181
4029 4370 207
422 4371 126
2124 4371 161
1216 4372 216
3222 4372 910
3716 4372 894
1384 4373 471
2416 4373 292
3406 4373 614
1336 4374 696
2363 4374 521
4170 4374 251
125 4375 184
409 4375 133
3681 4375 211
184 4376 339
1031 4376 124
2907 4376 201
1064 4377 182
1396 4377 401
2148 4377 124
815 4378 546
2733 4378 119
4102 4378 283
1392 4379 265
2731 4379 457
3403 4379 255
1491 4380 159
2209 4380 300
3713 4380 146
1601 4381 188
3845 4381 557
4232 4381 140
776 4382 515
3995 4382 256
1166 4383 121
3449 4383 141
3772 4383 365
333 4384 145
1101 4384 112
2749 4384 232
2410 4385 101
2670 4385 150
2730 4385 217
749 4386 136
3642 4386 183
3707 4386 398
35 4387 230
960 4387 948
1113 4387 606
3312 4388 160
3672 4388 654
3909 4388 152
972 4389 220
3040 4389 168
4284 4389 152
212 4390 180
2676 4390 153
3791 4390 164
1238 4391 578
2061 4391 300
2444 4391 525
2501 4392 788
3499 4392 448
289 4393 100
375 4393 117
2929 4393 486
790 4394 211
964 4394 455
973 4394 215
415 4395 163
3239 4395 145
4178 4395 409
1004 4396 452
3359 4396 207
4392 4396 137
2415 4397 115
2968 4397 113
3867 4397 235
255 4398 243
1396 4398 148
1123 4399 113
2855 4399 145
2999 4399 214
250 4400 184
1920 4400 121
2948 4400 335
679 4401 395
3284 4401 111
4222 4401 148
525 4402 196
2080 4402 116
3871 4402 118
1899 4403 160
2218 4403 103
2791 4403 397
1032 4404 241
2331 4404 164
3368 4404 187
1490 4405 295
2536 4405 983
3001 4405 225
1150 4406 134
1164 4406 215
1856 4406 162
214 4407 271
3657 4407 177
3982 4407 285
1045 4408 130
1304 4408 104
2763 4408 279
1900 4409 353
2638 4409 182
3164 4409 101
104 4410 137
1721 4410 384
4371 4410 551
1844 4411 597
2466 4411 105
3150 4411 213
1060 4412 221
2131 4412 999
2029 4413 272
2171 4413 104
2750 4413 233
168 4414 180
2959 4414 128
3725 4414 118
163 4415 597
1841 4415 471
3441 4415 225
2840 4416 927
3372 4416 198
4190 4416 171
1244 4417 862
1931 4417 185
3709 4417 122
1205 4418 222
3410 4418 198
3840 4418 132
1681 4419 318
1730 4419 101
2160 4419 216
281 4420 501
3886 4420 283
3942 4420 468
461 4421 274
508 4421 304
2093 4421 290
994 4422 104
2839 4422 152
4091 4422 124
708 4423 930
2409 4423 363
3061 4423 619
868 4424 756
1191 4424 158
2928 4424 228
1596 4425 298
2583 4425 236
3591 4425 388
1824 4426 834
2836 4426 192
3521 4426 202
229 4427 231
2623 4427 196
2770 4427 122
106 4428 959
3752 4428 207
4286 4428 949
2594 4429 207
2790 4429 206
3095 4429 353
147 4430 126
1828 4430 381
3560 4430 171
1879 4431 238
2485 4431 120
3814 4431 314
2163 4432 226
2777 4432 875
4313 4432 294
2086 4433 628
2518 4433 784
2846 4433 245
326 4434 348
1141 4434 566
4096 4434 757
2145 4435 120
2561 4435 612
3233 4435 157
837 4436 838
3027 4436 135
4025 4436 852
722 4437 680
879 4437 101
3013 4437 569
1252 4438 246
2851 4438 238
3988 4438 183
2491 4439 120
3986 4439 129
4235 4439 103
206 4440 153
1235 4440 130
4382 4440 601
1164 4441 530
3331 4441 135
4034 4441 227
553 4442 625
990 4442 254
2676 4442 309
269 4443 159
693 4443 393
2069 4443 153
1632 4444 996
3571 4444 203
4173 4444 247
2114 4445 256
4305 4445 359
4337 4445 285
222 4446 352
680 4446 766
849 4446 156
3746 4447 219
4338 4447 201
4412 4447 140
193 4448 111
1614 4448 132
2957 4448 152
185 4449 289
1660 4449 194
3980 4449 177
734 4450 424
943 4450 165
3533 4450 184
334 4451 106
2465 4451 149
4162 4451 144
1226 4452 187
1977 4452 159
3948 4452 352
324 4453 285
906 4453 553
3608 4453 350
1162 4454 191
2357 4454 396
3548 4454 362
373 4455 182
2933 4455 202
3645 4455 115
408 4456 174
674 4456 113
3728 4456 256
481 4457 165
1982 4457 857
2073 4457 146
86 4458 230
3253 4458 157
3478 4458 970
834 4459 690
864 4459 349
2394 4459 106
371 4460 135
2228 4460 322
3815 4460 126
504 4461 170
1662 4461 205
4273 4461 300
3452 4462 117
4085 4462 285
4159 4462 304
48 4463 207
4134 4463 103
4350 4463 186
2156 4464 340
2641 4464 308
3061 4464 821
1426 4465 653
1734 4465 733
1765 4465 100
1533 4466 102
2351 4466 990
3071 4466 107
1052 4467 316
2547 4467 144
3075 4467 409
3376 4468 276
3802 4468 110
3908 4468 343
2806 4469 217
3343 4469 170
3503 4469 270
141 4470 240
3355 4470 129
3865 4470 197
604 4471 217
1063 4471 302
3038 4471 464
1070 4472 948
3723 4472 167
3944 4472 443
769 4473 494
2545 4473 117
4230 4473 802
487 4474 891
3360 4474 188
4398 4474 284
90 4475 291
3260 4475 153
3573 4475 654
321 4476 115
856 4476 376
1472 4476 166
945 4477 187
2008 4477 201
4120 4477 398
1068 4478 230
1702 4478 146
3297 4478 102
82 4479 226
191 4479 636
1989 4479 160
1031 4480 108
1852 4480 190
2302 4480 871
15 4481 220
1056 4481 222
1205 4481 810
1401 4482 239
2450 4482 194
2667 4482 119
436 4483 582
1344 4483 173
1385 4483 501
1163 4484 128
2212 4484 321
2291 4484 679
1706 4485 407
1755 4485 130
2900 4485 428
32 4486 199
1501 4486 166
3702 4486 663
931 4487 145
1972 4487 104
4018 4487 436
1392 4488 156
3221 4488 313
4285 4488 487
609 4489 107
748 4489 684
3730 4489 171
2292 4490 374
2631 4490 405
2658 4490 263
61 4491 131
3058 4491 184
3700 4491 126
657 4492 419
1336 4492 231
2250 4492 192
21 4493 225
1428 4493 360
3971 4493 638
270 4494 346
1084 4494 104
2511 4494 105
60 4495 178
1560 4495 140
2868 4495 179
583 4496 125
923 4496 997
2642 4496 475
55 4497 659
483 4497 826
836 4497 314
1633 4498 388
1924 4498 126
3717 4498 366
776 4499 133
2122 4499 560
3444 4499 177
864 4500 351
938 4500 169
3422 4500 225
