1
0
1
1
1000000
0
0
0
0
1
34 47 421
46 54 272
43 61 104
25 79 592
19 102 536
29 113 245
55 130 930
125 142 298
15 150 425
16 157 125
118 170 445
2 188 362
128 189 147
169 208 216
192 209 182
205 215 326
197 218 106
140 229 106
133 242 196
14 256 173
163 259 201
172 275 378
126 278 118
177 279 830
185 279 293
57 280 279
191 282 208
124 303 712
193 304 362
271 338 198
330 338 326
16 339 357
318 365 176
285 366 276
147 371 391
147 372 719
92 377 112
219 386 360
305 394 334
223 399 791
335 399 331
240 402 652
18 404 255
317 408 363
50 413 105
333 416 942
273 423 275
107 427 108
90 439 171
246 439 105
30 442 331
433 455 319
359 461 114
374 466 278
385 467 144
463 471 124
24 476 588
180 477 912
29 480 990
398 483 250
161 496 582
179 496 307
234 497 204
469 498 322
274 501 248
428 502 401
96 506 552
70 508 231
237 509 455
279 517 915
10 519 148
425 520 149
113 524 352
364 527 254
164 533 185
485 533 354
258 534 128
79 536 272
78 538 601
191 539 220
314 545 596
77 548 201
356 550 913
413 553 341
531 559 433
105 563 174
108 568 125
181 570 981
286 577 103
562 585 354
212 590 163
49 594 316
482 598 186
223 606 911
224 607 463
423 613 650
258 617 414
60 621 143
393 622 111
88 628 751
164 629 148
273 634 402
319 635 891
566 635 124
258 644 227
357 656 434
174 658 278
260 660 323
509 661 197
306 674 268
572 675 240
672 677 114
496 678 651
504 682 147
317 689 529
375 691 318
610 692 171
175 696 683
354 697 201
88 700 647
232 702 131
111 712 226
331 712 496
345 722 391
602 729 915
408 730 133
560 731 865
268 732 137
381 737 917
306 740 659
194 741 107
409 743 194
342 744 129
68 746 693
217 747 195
265 750 525
713 751 290
345 755 332
726 756 209
315 759 236
82 766 261
719 774 364
153 776 826
45 781 475
687 782 198
746 783 137
86 785 917
48 786 524
468 786 348
606 787 100
68 788 401
521 789 402
683 791 498
109 792 108
71 799 754
100 800 274
653 801 560
623 808 383
152 810 732
296 813 547
549 820 204
663 821 390
536 828 428
775 832 388
398 837 153
547 837 909
814 837 971
836 840 173
18 842 374
309 850 525
39 852 307
215 852 349
742 854 308
113 856 309
5 858 218
186 862 899
616 870 468
120 872 214
502 875 322
358 881 772
723 883 138
110 887 266
855 887 166
580 890 343
422 894 167
154 900 119
597 900 102
394 902 740
326 907 115
371 908 320
486 908 104
189 913 343
281 914 241
606 914 176
553 915 114
401 922 248
529 924 200
765 925 684
780 927 392
154 934 131
198 934 817
614 940 793
82 943 183
532 945 618
934 945 222
11 955 227
881 957 516
562 959 128
522 961 167
835 964 204
475 966 429
869 970 406
951 986 297
693 989 142
554 991 771
623 994 279
720 994 105
321 995 330
931 1000 414
540 1003 107
873 1004 285
338 1012 263
541 1013 886
175 1015 705
390 1017 133
826 1017 511
844 1021 200
292 1024 236
587 1025 457
26 1026 241
381 1026 183
253 1032 100
897 1035 350
294 1039 709
227 1041 328
788 1045 355
482 1049 235
971 1049 257
293 1052 146
701 1053 984
85 1055 731
610 1055 224
87 1058 483
970 1060 522
473 1063 189
872 1063 433
606 1065 538
962 1070 205
334 1072 138
420 1072 555
351 1073 647
13 1084 110
150 1084 117
638 1085 316
1064 1085 366
280 1086 574
766 1087 422
205 1089 221
17 1090 837
953 1095 876
535 1099 142
34 1100 406
268 1101 905
253 1102 806
42 1106 538
165 1108 517
973 1112 849
691 1113 255
703 1115 132
1034 1118 179
699 1119 158
1059 1119 348
245 1120 225
681 1121 248
719 1126 142
415 1132 208
341 1137 104
528 1141 260
700 1141 280
947 1147 545
978 1147 128
238 1148 359
643 1149 117
125 1150 444
879 1150 911
12 1152 547
822 1152 377
262 1154 302
15 1155 191
122 1158 133
916 1158 732
489 1160 229
679 1160 145
1046 1161 243
611 1162 335
568 1163 264
867 1164 421
682 1167 139
1074 1177 944
329 1178 311
589 1185 381
897 1186 112
1120 1186 453
73 1188 344
255 1189 411
851 1191 319
117 1194 122
1060 1196 189
312 1197 116
830 1201 213
1190 1202 550
910 1204 534
996 1205 157
1190 1205 377
254 1209 101
115 1210 140
986 1212 496
885 1214 814
93 1216 304
334 1218 176
847 1218 147
199 1221 422
302 1222 116
269 1223 262
458 1223 562
655 1225 292
600 1226 198
1083 1226 302
164 1227 262
1099 1235 346
957 1240 527
834 1242 109
449 1255 916
580 1255 893
874 1257 147
185 1260 630
904 1261 230
500 1262 192
1077 1262 243
273 1264 489
980 1272 141
1078 1272 929
1182 1274 332
786 1277 513
448 1279 626
21 1281 152
162 1289 320
245 1289 111
1028 1290 418
684 1291 224
874 1291 992
108 1293 176
303 1296 235
1060 1296 219
120 1299 353
913 1299 517
302 1302 949
677 1304 123
968 1304 939
807 1305 124
374 1306 502
999 1306 378
253 1309 196
258 1309 120
1240 1310 109
869 1311 185
41 1312 288
173 1312 322
1042 1314 164
301 1317 152
1073 1317 362
727 1318 942
728 1318 574
758 1318 363
348 1320 160
333 1321 749
367 1322 723
196 1323 149
294 1323 222
1307 1323 466
861 1324 114
1258 1324 312
1254 1326 492
1297 1330 456
414 1332 199
457 1332 285
1049 1333 203
723 1335 164
377 1337 203
272 1338 351
686 1338 508
1208 1339 159
320 1340 309
346 1340 545
276 1341 656
869 1342 525
1013 1343 285
538 1345 269
175 1347 359
652 1351 360
768 1355 395
784 1355 123
1250 1357 884
610 1358 175
1307 1358 137
453 1359 446
63 1360 414
752 1361 476
802 1362 726
1027 1362 414
893 1363 457
320 1364 170
407 1365 987
1165 1365 620
158 1366 839
471 1366 130
987 1369 613
212 1371 246
298 1373 227
421 1373 266
758 1373 148
576 1377 527
739 1377 532
599 1381 221
1012 1381 572
668 1382 193
772 1386 701
1242 1388 108
1189 1392 390
814 1396 175
887 1396 712
669 1402 928
275 1404 322
665 1404 244
1381 1405 510
1101 1406 205
94 1407 326
963 1407 270
1196 1409 158
799 1418 152
173 1423 463
940 1423 100
975 1424 247
1186 1426 364
809 1429 317
324 1430 138
457 1430 132
20 1431 503
323 1432 421
947 1432 110
685 1433 415
813 1433 272
510 1437 802
322 1438 224
627 1439 179
1246 1439 285
21 1443 290
1021 1443 129
596 1444 296
353 1446 921
1394 1447 188
24 1452 992
503 1453 277
164 1454 220
792 1454 501
136 1455 537
724 1456 326
514 1457 348
952 1460 166
424 1461 626
671 1462 547
1211 1471 312
121 1472 138
1273 1472 300
1201 1474 252
498 1475 103
1012 1476 250
1205 1476 206
785 1478 270
1229 1479 197
722 1483 180
917 1483 207
1266 1484 297
459 1487 163
949 1492 885
59 1494 483
608 1494 444
399 1496 213
1142 1500 110
585 1503 750
680 1503 347
546 1506 454
991 1506 543
1309 1507 866
988 1509 144
221 1510 151
1154 1511 216
650 1512 367
1183 1512 377
1499 1513 755
1302 1514 132
429 1515 560
521 1515 127
950 1516 419
1030 1518 397
1353 1518 564
1453 1519 365
688 1520 243
801 1520 292
183 1522 964
779 1522 106
53 1523 287
1097 1523 208
82 1524 960
1517 1524 294
1441 1529 303
1424 1530 712
1416 1531 108
826 1532 303
134 1533 305
965 1533 173
803 1538 338
1057 1539 136
464 1541 399
745 1541 528
1389 1542 746
74 1544 863
569 1546 186
1149 1546 121
1347 1546 335
387 1548 191
174 1549 822
165 1550 323
445 1550 406
1187 1556 664
1343 1558 451
1520 1558 327
1112 1560 103
824 1561 192
1552 1567 275
275 1568 290
1175 1568 323
1242 1569 943
632 1575 182
183 1578 263
739 1580 397
1049 1580 470
685 1581 219
895 1581 177
104 1582 203
1581 1586 418
355 1589 115
1234 1589 859
793 1592 205
1253 1595 658
1510 1595 185
539 1597 790
857 1598 213
971 1598 175
1068 1598 313
1385 1598 119
56 1600 448
669 1602 990
590 1603 678
741 1603 245
69 1604 252
726 1604 353
583 1605 130
132 1608 245
773 1608 823
1361 1610 883
876 1612 131
271 1614 371
1324 1615 800
1223 1617 523
1411 1620 224
994 1622 288
734 1631 475
648 1634 228
763 1635 206
1535 1636 260
363 1638 679
1270 1638 333
1462 1639 260
1365 1641 537
494 1643 455
562 1643 467
536 1645 155
1507 1645 537
550 1646 647
552 1650 589
1615 1650 160
505 1652 167
920 1653 200
1398 1656 368
116 1657 435
1316 1657 218
670 1658 430
705 1658 472
1033 1659 191
617 1660 107
1126 1661 184
125 1662 140
1664 1667 160
213 1668 142
568 1672 207
1303 1672 103
1327 1673 123
1052 1674 190
1065 1674 112
1030 1675 741
1313 1675 180
981 1678 563
1518 1678 662
164 1680 439
1085 1681 353
1417 1681 417
1516 1681 130
518 1682 241
751 1684 288
332 1685 286
1399 1685 885
67 1687 268
72 1688 804
780 1688 917
1159 1691 973
958 1692 222
908 1693 347
1025 1695 162
1016 1699 796
197 1701 157
1058 1702 240
1086 1702 234
665 1703 345
698 1704 555
1174 1704 261
1094 1705 179
1563 1708 269
196 1709 171
591 1712 134
596 1712 524
1470 1712 196
118 1713 548
1069 1715 440
1400 1715 217
255 1717 181
318 1721 223
1604 1723 892
1705 1724 728
1572 1725 194
1696 1727 104
75 1729 164
208 1731 159
957 1732 127
227 1736 193
1540 1740 117
1294 1742 989
1392 1742 367
1254 1743 325
1149 1748 154
759 1749 243
1151 1749 399
804 1750 903
404 1751 228
683 1751 705
1284 1752 415
732 1754 123
432 1755 299
1171 1755 505
1730 1757 213
1085 1758 516
359 1762 291
987 1765 147
1411 1766 594
888 1767 742
1434 1771 206
192 1772 162
1049 1772 279
1325 1772 354
115 1774 354
88 1776 159
1155 1779 106
228 1780 101
59 1781 519
61 1781 192
352 1782 273
1612 1783 212
1709 1788 335
239 1789 265
323 1790 196
765 1791 799
102 1792 552
1539 1793 197
1554 1794 249
1360 1795 124
831 1796 206
1066 1797 363
1384 1797 185
218 1799 236
421 1800 104
817 1801 153
664 1802 358
426 1803 371
1213 1803 291
211 1804 122
370 1804 187
1394 1805 125
621 1810 560
1132 1811 111
841 1813 212
885 1813 532
707 1815 147
1529 1816 562
223 1818 189
1518 1819 107
602 1825 210
4 1826 341
1075 1826 119
106 1827 948
316 1827 159
1247 1827 156
311 1829 358
1365 1829 120
243 1831 364
1323 1832 122
258 1833 444
998 1834 324
410 1838 864
1318 1838 273
1168 1839 268
839 1840 885
854 1842 377
894 1843 194
1428 1843 156
519 1844 296
469 1845 292
414 1846 129
224 1847 141
647 1849 739
679 1849 147
1099 1851 415
1596 1852 146
522 1855 202
575 1856 556
887 1859 864
681 1860 170
1017 1861 952
434 1862 496
484 1864 170
1386 1866 245
323 1870 801
1051 1870 146
1416 1872 158
1618 1875 675
755 1876 401
1689 1877 180
1293 1878 114
9 1879 509
562 1879 699
571 1879 380
1162 1879 120
158 1880 636
816 1881 148
860 1883 180
309 1885 698
1770 1885 250
673 1888 538
1393 1893 344
877 1894 151
1371 1895 213
112 1898 221
645 1899 230
533 1900 836
862 1901 542
18 1903 251
588 1906 349
1267 1906 306
735 1907 377
1532 1908 325
1867 1908 387
100 1911 295
951 1913 248
831 1914 356
133 1916 369
276 1917 501
340 1918 227
249 1920 245
1792 1920 382
380 1921 134
888 1921 837
1624 1921 473
125 1923 754
1176 1923 681
1732 1924 504
1456 1926 586
1490 1926 238
1529 1926 581
1685 1926 601
378 1927 176
841 1929 291
433 1930 208
794 1931 316
1137 1932 107
375 1934 269
905 1936 110
1157 1936 182
438 1937 617
1799 1937 549
1834 1938 251
1692 1939 226
1022 1940 945
1607 1941 339
251 1943 794
537 1944 118
1576 1945 822
103 1946 156
917 1946 304
1795 1946 260
1155 1947 111
1105 1948 146
217 1949 268
340 1949 155
622 1949 159
1812 1949 132
1682 1953 296
403 1955 192
428 1957 420
768 1958 160
778 1959 171
1809 1962 354
1347 1963 352
786 1964 132
772 1965 315
1470 1968 625
519 1969 216
803 1969 119
1919 1970 526
1826 1971 802
862 1972 263
548 1974 626
41 1978 214
853 1978 212
304 1981 232
926 1981 290
929 1983 241
1506 1986 674
1500 1989 159
1228 1993 262
1052 1994 157
388 1996 334
1016 1999 542
1561 1999 201
1607 1999 204
441 2000 328
1026 2000 952
1034 2000 236
1263 2000 145
1504 2000 359
16 2001 715
1307 2002 124
1179 2003 155
68 2007 114
72 2008 636
160 2008 174
752 2010 272
1386 2010 103
1803 2016 438
77 2021 143
1513 2023 483
1928 2023 323
96 2024 467
1920 2024 271
236 2025 369
332 2026 706
1495 2027 182
1199 2029 341
1350 2032 810
1168 2036 225
1933 2036 380
266 2039 868
1126 2039 587
1595 2039 611
1017 2040 227
515 2043 171
347 2044 354
392 2044 370
824 2045 184
1098 2045 314
1761 2046 374
505 2049 232
989 2049 172
476 2050 336
98 2051 315
1177 2051 182
1879 2051 219
1479 2053 144
1459 2055 292
1917 2057 271
2009 2059 236
212 2061 449
889 2061 477
1314 2062 122
2028 2062 106
359 2063 213
708 2063 493
1700 2063 463
1715 2067 373
767 2068 126
1663 2068 248
165 2069 253
122 2070 221
880 2071 803
1393 2071 299
721 2072 123
1029 2073 264
1527 2073 206
1669 2074 585
2056 2074 440
1913 2075 123
1325 2076 120
1724 2078 177
1728 2078 126
1307 2079 669
1734 2079 338
1226 2083 833
193 2084 149
231 2086 911
246 2089 118
916 2090 182
1950 2091 238
2026 2092 230
1891 2094 115
641 2096 330
2088 2096 288
207 2097 277
333 2099 307
1334 2099 152
1662 2099 171
1161 2100 170
783 2101 369
149 2102 240
1335 2102 319
551 2103 288
630 2105 291
1128 2105 283
1337 2105 349
138 2107 177
129 2110 246
64 2111 307
350 2111 135
1086 2112 243
246 2113 336
748 2113 584
1197 2113 966
1085 2114 245
1239 2115 421
694 2116 857
63 2117 103
2028 2117 302
991 2118 431
1824 2118 423
777 2120 186
1338 2120 358
1224 2123 292
2068 2123 169
112 2125 359
1629 2129 121
755 2133 547
312 2137 253
763 2138 839
1399 2139 784
248 2141 405
849 2141 223
651 2144 257
1308 2145 149
435 2147 143
1196 2150 115
2050 2150 296
856 2152 126
1203 2152 148
1237 2153 149
1364 2153 781
4 2154 634
6 2155 163
30 2156 246
746 2157 155
763 2158 279
556 2162 317
369 2163 281
357 2165 350
1405 2166 592
1535 2166 282
1520 2167 280
1817 2167 876
668 2168 903
1717 2168 289
780 2169 102
1007 2171 728
1113 2171 308
1951 2172 158
2022 2173 129
1000 2176 167
274 2177 256
626 2177 517
1961 2177 113
2058 2177 608
2044 2178 130
160 2179 530
400 2180 514
411 2181 246
1060 2181 529
1995 2182 164
2141 2183 311
313 2185 549
1259 2185 576
1595 2186 146
1965 2187 519
1486 2188 116
1898 2188 239
2018 2188 220
901 2189 250
673 2193 164
95 2194 201
1071 2195 159
518 2197 428
1010 2197 483
718 2199 296
1234 2199 379
912 2200 192
156 2201 571
651 2202 209
852 2202 144
984 2202 148
1571 2203 108
318 2204 162
628 2204 114
421 2205 183
415 2206 257
1478 2206 386
652 2207 406
889 2207 343
100 2208 532
885 2208 249
1645 2209 156
471 2210 130
831 2212 131
567 2213 184
1197 2213 736
1852 2215 195
1289 2218 453
1737 2218 199
328 2219 813
938 2220 668
187 2225 613
207 2226 166
903 2226 179
639 2228 210
1620 2228 218
1122 2230 599
187 2231 194
2101 2231 722
1018 2232 349
638 2233 101
317 2234 110
2053 2234 761
558 2235 395
1959 2238 206
2005 2240 365
856 2241 293
1278 2241 250
1159 2242 614
270 2243 133
1520 2244 252
1564 2246 168
1980 2246 118
93 2248 426
891 2249 636
1836 2251 250
1933 2251 287
999 2252 131
1600 2252 129
2125 2252 112
2030 2253 102
465 2254 202
1368 2255 279
1565 2255 169
1830 2255 311
406 2257 296
863 2259 367
1061 2259 301
1646 2259 162
1835 2260 989
38 2261 787
1539 2262 249
1995 2263 230
1820 2264 303
668 2265 406
1004 2265 661
517 2268 338
1056 2268 436
601 2269 227
33 2270 100
731 2277 416
1954 2278 157
1360 2279 116
379 2281 260
1805 2282 534
1640 2283 244
1755 2283 468
1513 2285 650
1990 2285 173
731 2286 320
1246 2287 244
1924 2289 560
227 2290 450
1734 2291 956
400 2292 125
2079 2292 157
1924 2293 840
18 2294 231
1425 2296 121
1778 2297 992
255 2298 963
941 2298 277
1900 2298 403
1968 2298 258
1689 2299 461
310 2300 226
1927 2300 823
2164 2300 260
2143 2301 370
761 2302 147
2134 2302 179
283 2305 350
398 2306 360
829 2306 151
1569 2308 307
1327 2309 188
1490 2310 185
463 2312 309
932 2313 617
532 2314 661
1047 2314 183
1116 2315 197
211 2317 327
615 2319 403
906 2319 170
633 2320 153
1623 2320 293
2265 2321 570
1854 2323 228
1845 2324 222
786 2325 289
2129 2325 568
186 2326 123
496 2327 494
1873 2328 217
939 2329 590
960 2330 160
1474 2335 117
286 2336 429
261 2337 115
1546 2338 443
2124 2340 535
1415 2342 182
203 2343 295
1256 2343 474
479 2344 297
2313 2344 161
404 2345 190
1776 2346 765
1836 2347 269
697 2348 845
1424 2348 233
341 2349 287
1847 2349 425
1594 2350 906
1090 2352 349
1672 2352 123
11 2353 471
312 2355 127
1614 2356 155
1292 2357 366
710 2359 263
1903 2359 400
211 2360 122
2097 2360 476
846 2361 240
1476 2361 448
403 2362 123
1720 2362 436
1114 2363 822
539 2365 832
1738 2365 688
438 2366 121
1823 2366 511
1669 2369 266
199 2371 490
492 2372 164
1566 2372 779
39 2373 172
974 2373 459
2175 2373 297
1319 2374 290
1957 2374 254
1762 2375 886
1442 2376 825
344 2377 217
1038 2378 539
1341 2378 114
534 2380 108
1459 2382 308
2058 2382 198
1067 2385 799
2263 2386 744
935 2387 206
413 2389 109
1564 2390 396
66 2391 761
310 2392 245
1492 2393 144
827 2394 116
1276 2394 135
1324 2397 131
1531 2398 134
32 2399 118
919 2399 117
2247 2400 343
265 2403 481
1653 2403 528
1968 2406 231
2276 2409 401
1021 2411 769
2038 2411 961
2274 2412 100
1356 2413 313
166 2414 417
328 2415 336
954 2415 198
314 2416 518
2288 2417 152
947 2419 296
669 2420 544
2146 2421 155
609 2422 319
307 2423 641
1530 2424 170
300 2425 257
998 2426 418
1201 2426 242
2049 2427 191
2417 2427 321
519 2429 235
961 2431 127
1139 2431 298
2160 2432 663
795 2433 395
694 2434 686
131 2436 124
267 2436 221
2240 2437 369
474 2438 198
1000 2438 994
2026 2439 788
1742 2440 463
1389 2441 909
1678 2442 199
1721 2442 135
231 2443 383
1690 2444 440
1280 2445 140
1883 2445 336
249 2446 185
359 2446 792
877 2448 210
1198 2450 118
784 2451 141
824 2452 132
550 2456 898
1568 2457 171
1 2458 533
135 2460 554
405 2462 914
1206 2462 285
1645 2463 108
331 2464 233
2316 2465 318
1797 2466 226
1950 2466 847
408 2468 664
683 2468 119
1261 2469 145
85 2470 139
226 2472 490
440 2472 234
898 2472 104
870 2473 723
1131 2473 144
1561 2474 244
2124 2474 322
447 2475 355
1932 2476 310
1865 2477 227
152 2479 420
1248 2480 531
2154 2481 394
511 2482 447
244 2483 156
1924 2483 479
1368 2484 434
563 2485 109
155 2487 315
868 2488 307
1171 2489 283
1313 2489 431
1390 2489 652
1742 2489 552
1969 2490 202
50 2492 267
1967 2492 201
1861 2494 270
939 2495 130
2388 2497 346
574 2499 195
505 2500 637
2060 2501 130
1780 2502 845
792 2503 157
1147 2504 280
1569 2504 108
1204 2505 479
2115 2505 408
422 2506 145
899 2507 179
1437 2509 572
513 2510 110
573 2510 368
1172 2512 252
1679 2515 280
1718 2515 108
883 2517 118
1413 2517 268
1508 2518 191
1628 2519 230
790 2520 978
698 2523 232
1974 2524 399
1536 2525 279
1348 2526 604
653 2527 181
1234 2528 329
274 2529 112
1463 2529 325
2459 2529 229
2462 2530 197
1014 2531 252
1167 2531 134
603 2534 552
1410 2534 652
2338 2536 221
1997 2537 182
1942 2538 465
428 2539 264
2304 2539 132
2151 2540 167
345 2541 143
1864 2543 953
200 2544 119
1943 2545 916
916 2546 107
1613 2549 370
1745 2549 271
1836 2550 978
177 2551 126
734 2553 147
2053 2553 678
2433 2554 569
3 2555 326
1350 2555 360
79 2557 345
1234 2557 277
788 2559 301
1869 2559 556
624 2560 125
716 2561 115
1711 2562 926
1824 2562 395
1847 2562 104
1462 2563 300
1905 2563 144
2168 2564 141
2379 2564 135
1273 2565 278
684 2566 114
799 2568 125
2488 2568 341
662 2569 854
57 2570 176
1708 2570 316
1512 2571 114
1640 2572 286
2223 2572 273
919 2574 201
2398 2575 173
927 2576 445
872 2577 335
1144 2578 273
1767 2578 862
2123 2578 130
923 2579 497
744 2580 101
45 2583 285
2498 2583 358
1546 2584 276
1210 2585 169
1518 2587 481
415 2589 706
876 2589 243
493 2590 863
1125 2591 808
1245 2591 188
614 2592 669
324 2593 315
474 2594 850
1445 2594 198
1037 2595 159
2394 2596 319
869 2597 271
604 2598 434
2147 2598 257
564 2599 336
897 2599 140
2283 2599 352
1438 2601 982
1685 2601 440
2191 2602 108
789 2604 274
1845 2605 321
2557 2605 501
1097 2607 177
786 2608 203
909 2608 210
2490 2608 971
2125 2609 661
848 2610 338
1130 2610 169
494 2611 728
1607 2612 129
172 2613 130
302 2613 205
443 2613 767
1498 2613 659
435 2614 165
1346 2615 218
1159 2616 186
1617 2616 172
2131 2616 334
1692 2617 249
1169 2619 221
1956 2619 645
478 2620 137
129 2621 138
1041 2623 470
2253 2623 232
1553 2624 475
2203 2624 144
599 2625 855
2163 2626 282
112 2629 339
1327 2629 100
2213 2631 122
2164 2632 377
964 2633 127
2052 2634 155
2399 2634 245
2054 2635 170
96 2639 514
2420 2639 431
45 2643 468
990 2643 144
1932 2643 465
16 2645 247
2129 2646 567
47 2647 259
1692 2647 101
335 2648 628
1129 2651 153
2244 2651 658
779 2652 618
602 2654 217
1319 2654 300
1570 2654 265
1673 2655 198
266 2656 105
724 2656 134
512 2657 145
1279 2657 428
1533 2658 841
297 2659 640
1073 2659 153
1626 2660 196
2332 2660 531
773 2661 379
2532 2661 323
2200 2662 186
2030 2663 376
433 2664 100
1864 2665 966
2496 2668 151
125 2669 900
862 2670 160
1271 2670 380
2457 2670 328
798 2672 504
2523 2672 252
22 2673 166
450 2673 102
277 2674 501
351 2675 127
72 2677 182
1584 2677 413
2555 2677 200
1880 2678 135
1304 2679 140
1716 2680 506
2144 2680 547
1377 2681 463
1567 2682 996
2634 2682 137
1348 2683 236
297 2684 196
244 2686 240
512 2686 213
865 2687 107
1104 2687 147
980 2688 177
928 2689 841
2316 2689 232
797 2690 123
2089 2690 505
2344 2691 231
902 2692 130
2198 2692 149
709 2693 312
1382 2694 111
2037 2694 201
1753 2697 452
2514 2697 497
118 2699 404
2083 2699 526
1464 2700 629
1973 2700 453
1574 2701 479
1523 2702 393
2576 2704 456
2207 2705 122
1086 2706 304
1971 2707 627
133 2708 128
538 2708 222
642 2709 907
1072 2712 429
977 2713 252
2058 2713 657
2151 2713 225
2245 2713 363
2063 2714 229
1359 2715 282
452 2716 297
36 2717 461
555 2717 339
593 2717 189
581 2718 517
1021 2719 116
1595 2719 194
2014 2719 115
2236 2719 299
1950 2721 659
187 2723 611
750 2724 484
2155 2724 501
2278 2725 498
2185 2727 758
763 2728 121
942 2729 202
1211 2729 121
778 2730 425
1271 2732 219
2476 2732 100
2699 2733 339
773 2735 323
1550 2736 315
1966 2736 147
2143 2738 310
1354 2739 106
2426 2739 179
694 2740 162
315 2741 403
1893 2741 184
219 2742 159
1131 2742 676
165 2744 218
7 2747 370
1121 2747 608
1744 2747 434
1787 2748 133
2555 2748 205
1813 2749 604
654 2750 653
659 2751 157
2334 2751 178
913 2753 383
690 2754 795
1194 2755 518
1215 2757 156
2589 2757 165
751 2758 105
650 2760 338
1984 2760 598
844 2761 236
717 2762 450
1611 2762 139
177 2763 134
1567 2764 446
718 2765 410
2723 2766 138
99 2767 118
668 2768 266
2059 2768 132
600 2770 439
985 2771 426
2671 2772 855
298 2773 473
549 2774 130
1573 2774 266
2455 2774 153
827 2775 433
2708 2775 968
2039 2776 253
1359 2777 536
1553 2777 120
840 2778 426
1329 2778 156
597 2780 110
883 2781 599
1199 2781 230
82 2782 286
1010 2782 388
1544 2782 238
1193 2783 194
1530 2784 809
2646 2785 694
1352 2788 462
90 2789 159
1780 2789 264
2733 2791 204
2140 2792 666
110 2793 355
913 2793 486
1451 2793 785
1698 2793 180
2216 2793 197
117 2794 148
835 2796 123
1279 2796 839
1329 2796 405
1798 2796 781
2083 2797 475
2664 2797 484
1051 2798 332
1946 2798 395
2392 2800 153
618 2801 197
677 2802 384
2015 2803 175
52 2804 107
498 2807 173
891 2807 489
2329 2814 310
1853 2815 105
380 2816 118
418 2817 469
908 2817 705
2586 2819 331
1880 2820 321
1040 2821 305
837 2822 256
1293 2822 374
2650 2822 553
681 2824 335
2073 2824 342
2288 2825 407
1857 2826 771
1745 2828 329
1120 2831 522
2400 2831 167
1403 2833 219
247 2836 574
370 2836 742
860 2836 598
1543 2836 104
1769 2836 251
954 2837 154
702 2839 585
2290 2840 431
996 2841 313
1252 2842 275
2707 2843 171
565 2844 498
678 2844 117
823 2844 206
1747 2844 150
514 2845 412
2384 2845 135
656 2846 688
160 2847 222
2173 2847 217
2742 2848 193
147 2849 202
1189 2850 132
293 2852 106
1165 2852 154
2214 2852 295
391 2854 572
459 2854 102
2013 2855 281
997 2856 354
1082 2856 379
415 2859 342
329 2860 211
1387 2860 704
1503 2861 960
1268 2863 180
2636 2863 566
901 2864 207
189 2865 383
220 2866 283
1038 2867 131
258 2868 341
512 2868 631
813 2868 451
1524 2869 605
323 2870 167
474 2870 106
1875 2870 559
2810 2870 865
684 2871 145
5 2872 146
1482 2873 861
1783 2873 129
2180 2873 157
2065 2874 334
911 2875 539
1982 2875 456
221 2876 331
204 2877 738
2227 2877 503
630 2878 538
1238 2878 303
1806 2879 359
2405 2879 298
590 2880 176
1085 2881 471
662 2882 968
2275 2882 312
2652 2885 165
458 2886 104
2727 2886 211
427 2887 134
613 2889 268
1284 2893 214
2362 2894 113
2615 2894 192
1041 2895 132
2541 2896 512
123 2897 136
1212 2898 614
2877 2898 500
796 2899 164
2148 2900 114
1155 2901 797
1236 2903 121
1460 2905 109
288 2906 283
2128 2906 394
67 2907 342
1003 2908 349
306 2911 932
1962 2913 180
1195 2914 545
226 2915 416
1195 2915 393
2130 2915 342
2469 2915 260
1711 2916 212
1508 2917 200
2218 2918 596
640 2919 255
1636 2921 718
9 2922 134
1493 2922 999
2192 2922 229
1336 2923 778
1615 2923 417
1942 2923 798
2074 2924 603
1323 2925 331
270 2926 263
1532 2927 677
1613 2927 742
579 2929 388
1393 2929 921
780 2931 194
1153 2931 171
1827 2931 163
72 2932 227
1049 2932 191
1351 2932 601
62 2933 672
349 2933 963
401 2933 247
2616 2933 596
2737 2935 376
886 2936 221
2878 2936 535
374 2940 144
1633 2940 109
476 2943 490
2438 2943 278
1599 2944 234
1842 2944 328
1023 2945 193
168 2947 126
392 2947 324
979 2947 383
103 2948 279
1563 2948 125
2078 2948 733
2143 2949 245
2102 2950 225
2493 2951 140
1134 2952 601
1043 2953 274
1832 2953 420
2514 2958 641
2548 2960 151
2586 2960 980
67 2961 344
1697 2961 113
2830 2961 164
614 2962 144
2403 2962 306
2514 2962 325
2930 2962 236
11 2963 102
2166 2963 137
1187 2964 411
522 2968 644
2711 2968 378
1850 2969 218
2640 2970 134
615 2971 496
295 2972 334
1427 2974 156
308 2975 239
2110 2975 668
607 2976 275
440 2978 444
2431 2978 182
261 2979 107
1845 2979 339
871 2980 479
1465 2980 408
771 2982 140
1869 2982 220
2506 2982 556
1932 2983 142
240 2984 254
1230 2985 398
2468 2986 582
148 2987 227
2280 2987 245
230 2988 137
663 2988 219
2755 2988 357
2743 2989 196
1163 2990 262
1192 2992 129
807 2994 178
2691 2994 114
304 2995 518
1879 2996 254
1126 2997 266
1286 2997 175
1842 2997 265
1344 2998 525
1747 3000 883
1352 3001 103
1612 3002 113
167 3003 423
1883 3003 483
2691 3004 436
2502 3005 195
370 3006 901
1865 3006 137
601 3009 235
1147 3010 100
2129 3010 869
2930 3010 122
234 3012 649
2838 3013 104
509 3015 168
1236 3015 173
1107 3016 216
240 3017 137
397 3017 163
1224 3017 312
1642 3017 150
1687 3018 215
158 3020 116
2125 3022 148
2731 3022 128
2843 3023 104
2859 3023 369
136 3024 539
160 3024 845
60 3025 215
1756 3025 141
1251 3026 181
1593 3026 107
80 3027 371
1039 3027 413
2824 3027 351
2979 3030 431
247 3031 282
1323 3031 260
266 3032 519
2283 3033 272
1153 3034 370
2092 3034 161
2561 3034 737
2662 3034 452
1942 3035 534
2146 3035 744
2018 3036 114
2126 3036 206
2739 3036 103
925 3037 218
2513 3037 324
722 3038 422
993 3039 513
2954 3039 770
410 3040 218
564 3040 206
890 3041 134
1585 3041 177
2372 3041 390
100 3043 276
962 3044 405
2148 3044 884
2556 3044 748
1895 3045 584
2140 3046 255
1318 3047 398
145 3048 269
2191 3048 830
346 3050 639
799 3050 459
1165 3050 381
2300 3050 184
2653 3050 309
121 3052 131
691 3052 431
268 3053 320
423 3053 280
833 3054 194
1019 3054 556
1351 3054 210
2274 3054 185
1899 3055 112
2768 3055 246
1371 3056 327
1892 3056 368
2821 3056 227
2950 3056 352
1321 3059 131
1346 3059 249
1755 3059 286
1052 3062 330
2685 3062 112
243 3064 153
689 3065 805
1444 3065 118
30 3066 260
1566 3067 226
1822 3068 162
2368 3068 222
2628 3068 258
233 3070 968
565 3070 205
994 3070 583
1431 3071 397
1974 3071 446
771 3072 503
1127 3074 303
2420 3075 694
2501 3075 428
1684 3076 389
2236 3077 439
2172 3078 102
1040 3079 188
2076 3080 195
452 3081 476
641 3081 121
797 3082 158
1765 3083 220
1796 3083 931
2897 3084 612
2013 3085 267
196 3086 941
2723 3086 164
2812 3087 373
2126 3089 501
2625 3090 222
1327 3092 148
414 3093 353
626 3094 450
592 3095 379
1091 3095 307
56 3096 263
640 3096 630
1510 3097 504
1774 3097 670
2249 3097 265
1668 3098 786
2910 3098 121
2184 3100 317
2322 3100 471
2878 3100 819
637 3101 261
152 3102 342
1291 3102 120
1348 3102 191
104 3104 697
1166 3104 184
2911 3104 205
2034 3105 160
1820 3106 659
3041 3108 104
2437 3109 296
3018 3109 722
2055 3110 184
506 3111 254
801 3112 498
1969 3112 477
2537 3113 187
1771 3115 203
2407 3115 770
1143 3116 425
574 3117 220
1127 3117 796
2757 3117 472
1475 3119 384
1681 3119 928
2157 3120 186
2584 3120 791
1004 3122 106
2254 3124 318
2455 3126 692
485 3127 115
1764 3127 500
277 3128 201
1259 3130 674
337 3132 177
809 3132 612
1881 3133 141
310 3134 334
942 3134 128
2486 3134 333
141 3135 216
2927 3135 128
3046 3137 352
3051 3137 687
346 3138 483
2273 3139 439
2053 3140 315
1689 3142 371
1694 3142 298
566 3143 188
2717 3145 174
334 3146 172
2132 3146 163
732 3147 522
1341 3149 132
417 3151 340
1840 3152 194
2537 3152 337
2818 3154 632
1461 3155 546
3013 3155 502
1572 3158 462
1957 3158 103
2414 3158 522
1628 3159 387
1092 3160 136
1416 3161 219
548 3163 121
1550 3163 401
769 3164 160
785 3164 243
2501 3164 171
2916 3165 133
2739 3166 769
3024 3168 184
1133 3169 204
1365 3169 670
1166 3171 231
3153 3171 790
440 3172 619
3157 3172 135
1067 3173 107
2421 3174 161
721 3175 222
812 3175 890
1442 3176 276
2959 3178 153
1692 3180 414
2232 3181 936
1013 3183 119
948 3184 226
1327 3185 170
1956 3186 567
3110 3186 698
243 3188 231
510 3190 183
2471 3190 627
163 3191 931
315 3191 305
2534 3191 536
2167 3192 516
2051 3193 444
3182 3194 200
2709 3195 225
97 3196 225
495 3196 280
1954 3197 260
2522 3197 442
2644 3197 160
3045 3198 470
398 3200 385
1764 3200 383
1979 3200 172
316 3201 917
468 3201 977
1619 3201 671
2000 3201 769
491 3203 228
2729 3203 142
1408 3204 503
967 3206 220
2080 3206 109
100 3207 315
1536 3207 405
840 3208 255
2359 3209 117
1220 3211 250
1233 3211 252
2170 3212 511
2274 3212 218
3205 3212 101
1590 3213 142
2687 3213 318
483 3214 403
1675 3214 846
1275 3215 173
3138 3215 115
3181 3215 371
3076 3216 262
176 3218 201
845 3218 431
3047 3220 111
914 3221 724
928 3221 561
2460 3221 101
394 3222 138
476 3223 213
300 3224 184
102 3225 209
206 3225 191
650 3226 566
1052 3226 310
1936 3226 219
2558 3226 171
2210 3227 409
1921 3228 240
1735 3230 223
2842 3230 128
2974 3230 312
2276 3231 111
2120 3232 826
1166 3233 406
2774 3234 761
2967 3234 568
3049 3234 437
565 3235 574
2758 3235 522
2107 3238 389
3021 3238 336
3045 3238 269
346 3239 361
1531 3239 595
3162 3239 511
2874 3240 132
2474 3241 122
1150 3242 152
2431 3242 257
1917 3243 533
114 3245 228
2630 3245 975
286 3246 319
285 3247 220
2208 3249 297
407 3250 286
2525 3250 125
1320 3251 132
2186 3252 230
2591 3253 525
329 3254 189
1555 3254 274
2181 3254 559
330 3256 519
2720 3256 451
1469 3257 203
1695 3259 215
205 3261 680
1241 3262 426
3146 3262 133
660 3263 408
2531 3265 225
655 3266 172
1886 3266 215
2676 3266 175
2817 3266 108
2287 3268 165
1026 3270 115
654 3271 114
918 3271 106
3269 3271 236
2190 3273 212
652 3274 638
2766 3274 259
3038 3275 315
1016 3276 104
2416 3276 854
2843 3276 317
1529 3277 546
1953 3277 262
1868 3278 286
1149 3280 245
1488 3280 574
1740 3281 176
2583 3281 146
3021 3281 205
1001 3283 279
1121 3283 316
1272 3284 554
1562 3284 232
2003 3284 107
1044 3285 540
2385 3285 924
2672 3285 188
2802 3285 363
1214 3286 402
2548 3286 199
2644 3286 766
846 3287 299
52 3288 186
804 3290 185
2650 3290 495
150 3291 195
247 3291 129
1573 3291 540
1201 3292 436
1470 3293 553
311 3294 352
1841 3296 196
1906 3296 451
15 3297 245
1328 3298 438
796 3299 705
229 3300 577
2978 3300 210
2000 3301 171
2161 3301 245
2211 3301 337
1728 3303 436
1411 3304 123
2416 3306 314
3217 3307 116
101 3309 123
2168 3309 358
19 3310 702
1719 3311 326
2535 3311 239
2837 3311 129
1253 3312 425
3251 3312 133
2172 3313 290
1004 3314 388
430 3317 132
2360 3318 217
2273 3319 261
3099 3320 148
1469 3321 212
2037 3321 327
2539 3322 662
892 3324 109
1007 3324 783
2533 3325 619
2397 3326 171
443 3327 180
1767 3327 412
2001 3327 385
2850 3327 222
896 3328 183
2076 3328 472
2964 3329 411
628 3330 651
1242 3330 488
3269 3331 629
3246 3332 879
2588 3334 211
3305 3334 283
510 3336 704
573 3336 332
2070 3336 561
1212 3337 283
1505 3337 425
2188 3337 287
1070 3338 771
701 3339 329
744 3340 215
1098 3340 266
2638 3340 392
2588 3341 153
2112 3342 205
3267 3342 225
2387 3343 269
2899 3343 694
1892 3344 351
1466 3345 337
1985 3345 197
2928 3345 518
2697 3346 148
3021 3347 219
2310 3348 710
1676 3349 113
3038 3351 233
283 3352 227
2059 3353 909
1456 3354 310
148 3355 411
3002 3356 331
70 3357 347
1971 3357 510
722 3358 107
1230 3358 115
1457 3358 515
736 3359 228
1655 3360 117
1905 3360 524
250 3361 598
2561 3361 278
64 3362 312
2010 3362 161
2024 3362 257
3244 3362 328
1672 3363 167
1501 3365 454
2688 3365 725
1930 3367 117
681 3368 168
2748 3371 560
1106 3372 170
1491 3374 927
2735 3374 393
2613 3375 736
341 3376 194
2458 3376 444
2161 3377 430
2019 3378 481
1139 3380 212
1899 3383 868
3308 3383 213
2512 3384 187
1722 3385 316
1342 3386 132
1885 3386 101
2891 3386 333
553 3387 290
1048 3387 191
2329 3387 120
1056 3388 153
1399 3390 298
1402 3390 346
3088 3390 100
611 3391 231
660 3391 199
2307 3392 157
2786 3392 109
2956 3392 158
2565 3393 258
3343 3393 413
587 3394 405
1542 3394 100
906 3395 349
2413 3395 140
635 3396 173
2283 3396 182
1069 3397 121
2965 3397 421
1874 3400 127
3369 3400 442
2251 3401 305
2819 3401 769
1494 3402 299
2887 3402 350
143 3403 554
167 3403 421
1821 3404 609
163 3406 256
139 3407 347
749 3407 188
1355 3407 496
1804 3407 202
262 3408 274
794 3409 160
2790 3409 358
3386 3409 357
1077 3411 907
3200 3411 566
1595 3412 146
1987 3412 359
3145 3412 452
94 3413 451
1682 3414 578
2310 3414 123
2983 3414 578
3293 3414 120
1690 3416 363
820 3419 333
412 3420 128
1805 3420 137
2081 3420 221
2238 3421 363
2532 3421 242
406 3423 251
768 3423 279
1489 3424 206
625 3425 127
443 3426 433
792 3426 195
1331 3426 455
1395 3426 251
917 3428 322
3295 3429 160
1541 3430 497
1644 3430 135
2048 3431 456
1158 3433 224
3210 3433 283
404 3434 127
3286 3434 161
1446 3435 124
2377 3435 479
817 3436 339
1596 3437 217
2382 3439 290
2859 3439 412
2266 3440 138
3384 3440 255
223 3441 626
666 3441 598
3241 3441 392
1252 3442 728
1461 3442 260
2773 3442 464
3108 3442 131
3220 3442 196
837 3443 132
2061 3443 392
1573 3444 962
2808 3445 379
3095 3445 493
2112 3447 496
1249 3448 322
2368 3448 238
970 3450 120
1676 3450 988
752 3451 285
1453 3452 296
2787 3452 235
491 3453 173
1502 3453 435
2928 3453 447
3190 3454 657
1011 3455 380
1213 3456 203
1589 3456 618
2957 3457 485
3011 3457 100
3282 3457 374
186 3458 109
2414 3460 131
584 3461 277
2310 3461 162
1019 3463 316
3058 3463 183
380 3464 532
1212 3466 477
3411 3466 475
3029 3467 164
1258 3469 143
1425 3469 877
2626 3470 329
2735 3470 294
1551 3471 340
1696 3472 211
2310 3472 162
2454 3472 329
573 3474 182
1992 3474 168
2121 3474 285
3254 3475 113
1991 3476 578
1691 3477 145
2191 3477 285
2894 3477 190
3004 3479 304
1976 3480 827
1640 3481 984
577 3482 364
1592 3482 392
1733 3483 144
1762 3483 462
1033 3484 255
1380 3485 143
1592 3485 202
1740 3485 285
2670 3485 177
3143 3485 256
85 3486 100
1070 3486 331
2040 3487 377
1451 3488 108
2987 3488 515
2995 3488 189
3366 3489 723
3290 3491 649
379 3493 143
1085 3493 278
1472 3493 139
1861 3494 200
1068 3495 392
1090 3495 969
1465 3495 141
3337 3496 894
1154 3497 840
1849 3498 178
119 3499 386
286 3499 233
1173 3499 172
202 3500 136
2061 3500 505
319 3501 115
374 3501 211
1401 3501 148
760 3503 510
1046 3504 320
3149 3504 190
2679 3505 107
236 3506 670
966 3506 487
1225 3506 202
1064 3507 199
1588 3507 212
743 3508 379
1687 3508 476
1815 3508 396
472 3509 256
577 3509 213
921 3509 124
1860 3509 517
2941 3509 865
1095 3510 949
2389 3510 579
176 3511 339
2038 3512 346
3294 3512 156
522 3513 328
1116 3513 126
1930 3514 301
3445 3515 938
221 3516 198
1005 3517 309
930 3518 684
296 3519 433
921 3519 219
1095 3520 158
2131 3521 414
2580 3524 303
1440 3527 861
2616 3527 736
1217 3528 173
2283 3528 328
2703 3528 118
1947 3529 527
2180 3529 127
3161 3530 220
782 3531 218
3199 3531 889
1331 3532 115
3285 3532 172
613 3535 168
592 3536 190
2408 3537 429
2811 3538 148
2880 3538 593
5 3541 368
142 3542 273
2087 3542 266
2525 3543 188
2881 3543 296
10 3544 951
3202 3544 197
253 3545 474
1648 3545 379
2269 3545 440
3090 3546 212
3384 3546 305
1482 3548 199
2318 3548 114
2718 3549 206
3034 3550 148
1232 3551 403
2993 3551 258
3206 3552 246
1739 3553 301
1671 3554 241
2582 3555 327
73 3556 534
3429 3558 111
2261 3559 443
2493 3559 210
3305 3559 166
2844 3560 406
2082 3561 109
105 3562 207
1467 3562 216
940 3563 446
1067 3563 296
2117 3563 318
2501 3563 220
2085 3564 576
2743 3564 458
2019 3565 217
3455 3565 365
410 3566 360
736 3566 469
900 3567 106
2977 3567 368
2706 3569 586
430 3571 106
2106 3572 447
3430 3572 218
467 3574 115
2154 3574 218
2576 3574 116
2885 3574 101
8 3575 191
381 3575 888
1458 3575 132
1935 3575 282
1357 3576 618
1495 3576 141
3247 3576 326
431 3577 361
1552 3577 709
2998 3577 596
542 3578 526
2401 3579 148
2118 3580 199
2301 3580 535
3566 3580 644
257 3582 103
294 3582 184
123 3584 131
2635 3584 446
1436 3585 126
3254 3586 132
2703 3587 567
1031 3588 725
1340 3588 329
2750 3588 529
3339 3588 145
1577 3589 306
2486 3589 783
58 3590 319
758 3590 176
1346 3591 814
1370 3591 721
2265 3591 511
985 3592 534
2222 3592 268
1121 3595 109
1920 3595 196
3263 3595 221
3370 3595 286
2212 3596 251
833 3597 118
910 3597 184
2235 3597 760
3202 3597 245
2542 3598 100
2618 3598 323
142 3599 369
2022 3599 252
2475 3600 164
2935 3601 180
3109 3602 198
638 3603 223
1461 3603 248
2354 3603 177
2697 3603 128
1898 3604 717
2843 3604 774
574 3605 152
2568 3607 157
3167 3607 942
2209 3608 175
2450 3608 210
1115 3610 521
756 3611 144
555 3612 282
3346 3612 171
117 3613 238
199 3614 428
1609 3614 653
1537 3615 218
1757 3616 562
2134 3616 164
181 3617 830
1554 3617 371
2322 3618 362
2205 3620 374
2940 3620 113
341 3621 278
1534 3621 329
295 3622 186
3440 3623 101
1124 3625 382
2185 3625 535
2583 3625 411
858 3627 141
655 3628 132
1940 3629 211
19 3630 358
836 3630 620
1359 3630 356
2474 3630 107
3532 3630 242
412 3631 141
2489 3631 429
115 3632 211
257 3633 327
1344 3635 268
2932 3635 685
3509 3635 174
1925 3636 153
3617 3637 512
965 3638 167
3177 3638 197
1670 3639 646
3012 3639 931
1474 3640 423
2212 3640 172
933 3641 286
3354 3642 653
2342 3643 169
229 3644 108
2609 3644 767
2788 3644 358
3468 3644 196
1419 3645 860
1612 3645 148
2697 3645 496
206 3646 244
2906 3646 626
159 3647 261
374 3647 137
1574 3648 111
3286 3648 144
3521 3649 284
856 3651 463
3609 3651 708
1111 3652 235
132 3653 187
1143 3653 290
452 3654 775
148 3655 438
3091 3655 116
1625 3656 115
2797 3656 315
906 3657 991
2427 3657 810
477 3658 344
2329 3658 246
1526 3659 976
1242 3660 106
1323 3660 111
1010 3661 473
3197 3661 209
454 3662 165
2769 3662 675
3329 3662 610
346 3663 227
1325 3663 127
2195 3663 158
2324 3663 187
2454 3663 121
3074 3663 170
3267 3664 105
469 3665 158
715 3665 120
2087 3665 170
40 3666 475
768 3667 578
3619 3667 125
1297 3668 116
654 3669 152
764 3669 238
461 3670 941
3010 3671 244
535 3672 376
1646 3672 344
1542 3674 825
2643 3675 176
3526 3676 219
2261 3677 703
817 3679 366
1221 3679 254
1649 3679 284
3678 3679 288
3530 3680 948
390 3681 981
468 3681 170
1359 3681 337
2342 3681 643
3141 3681 505
632 3682 435
43 3684 908
1436 3684 114
783 3685 174
2164 3685 105
3573 3685 465
160 3686 797
3149 3687 969
3657 3687 899
1977 3688 120
2690 3688 844
3492 3688 261
2223 3689 103
3379 3689 330
1522 3690 357
1592 3692 215
2467 3692 100
1909 3693 168
2088 3695 791
3674 3696 159
618 3697 172
914 3698 811
1376 3698 295
2783 3698 282
1490 3699 343
2499 3700 144
2552 3700 232
112 3701 677
1299 3701 703
1370 3701 120
2135 3701 341
1590 3702 283
2056 3702 298
2858 3702 187
3355 3704 337
354 3705 459
2061 3705 719
344 3706 154
488 3706 238
858 3706 135
1178 3707 180
1720 3707 218
3472 3707 949
3574 3707 552
3685 3707 252
2810 3708 132
3501 3708 114
517 3709 328
1500 3709 122
3305 3709 175
2601 3710 198
1749 3711 104
83 3712 756
373 3712 359
950 3712 509
3031 3712 972
1435 3713 159
85 3715 516
2653 3715 728
137 3716 254
3500 3716 140
3527 3716 255
1643 3717 474
2366 3718 659
2792 3719 583
2250 3720 192
3683 3720 134
1324 3721 928
857 3723 203
1695 3723 904
714 3724 151
476 3726 386
1768 3727 598
455 3728 648
179 3729 571
3402 3729 251
1910 3730 305
3118 3731 124
1906 3732 163
84 3733 139
2059 3733 136
3674 3733 311
2297 3736 600
2759 3736 893
2964 3736 328
3519 3736 428
3683 3736 165
108 3738 380
365 3738 316
419 3738 624
1368 3739 763
2750 3739 350
735 3740 290
1570 3741 172
2463 3742 205
2613 3742 685
3549 3742 146
912 3743 213
1107 3743 824
809 3744 120
3557 3745 178
1904 3746 680
1703 3747 161
2455 3747 286
3136 3747 182
3051 3748 486
825 3749 476
193 3750 120
3118 3750 228
1161 3751 476
15 3752 947
3063 3752 157
3020 3754 385
3375 3755 103
3144 3756 469
2011 3757 512
2647 3757 960
168 3758 193
2987 3758 156
3264 3758 192
1909 3759 397
2031 3760 313
2361 3760 176
3725 3760 581
896 3761 349
2912 3761 103
361 3762 143
2884 3762 122
3081 3762 122
1422 3763 153
297 3764 404
3108 3764 419
727 3765 530
2042 3765 224
73 3766 188
945 3766 741
3724 3767 405
3433 3768 184
2206 3769 477
112 3770 329
399 3771 393
1464 3771 441
3409 3771 188
894 3772 339
946 3772 186
360 3774 219
2009 3775 332
2006 3776 400
2226 3776 330
2322 3776 382
1319 3778 140
2660 3778 242
2879 3778 104
654 3779 941
572 3780 915
3315 3781 283
1287 3784 236
1489 3784 318
3131 3784 448
1306 3785 300
1995 3786 346
1531 3787 193
3572 3788 138
263 3789 183
1105 3790 110
2910 3790 369
3517 3790 243
1988 3791 178
3335 3791 309
172 3792 339
3371 3792 288
304 3793 597
686 3793 130
2109 3793 548
1232 3795 459
3466 3795 787
3531 3795 222
2365 3796 791
1507 3797 777
249 3798 135
1528 3799 104
3057 3799 968
1535 3801 140
1490 3802 221
972 3803 356
2212 3803 261
1530 3804 196
1975 3804 925
3740 3804 248
3772 3804 211
2801 3805 296
667 3806 219
3518 3806 337
198 3807 391
228 3807 303
1241 3807 243
217 3808 297
61 3809 144
2308 3809 673
3192 3810 237
3653 3810 168
3299 3811 149
2149 3813 769
462 3814 440
1173 3814 297
3050 3814 670
323 3816 284
3205 3816 557
3495 3816 179
715 3818 226
805 3818 265
1970 3818 164
3545 3819 656
649 3820 425
1138 3821 269
2581 3821 222
2495 3822 277
592 3823 436
1840 3824 164
1676 3826 132
2150 3826 468
3284 3826 265
1036 3827 359
1062 3828 261
1937 3828 559
2412 3829 249
3143 3830 937
3181 3830 874
12 3831 216
474 3831 269
698 3831 396
2082 3831 332
1470 3832 323
137 3833 281
929 3833 994
552 3834 383
415 3835 391
1676 3835 831
1961 3835 342
2840 3835 145
3645 3835 150
77 3836 158
868 3836 911
909 3836 270
1181 3836 173
346 3839 390
643 3839 215
2600 3839 164
2473 3840 126
1160 3841 371
2755 3841 179
2494 3842 108
387 3843 204
808 3843 281
1630 3843 135
963 3844 475
479 3845 231
1254 3845 139
730 3846 310
1509 3846 305
1639 3846 149
1503 3847 292
1604 3847 239
3219 3847 270
1700 3848 631
2061 3849 356
114 3850 538
1076 3850 353
1833 3850 495
3123 3850 393
2567 3851 574
3703 3851 872
1027 3852 318
2956 3852 280
2554 3853 456
469 3854 805
2336 3854 918
2359 3854 179
1839 3855 593
2142 3855 609
2410 3856 187
2622 3856 101
40 3857 127
3854 3857 507
3123 3859 186
984 3861 645
1167 3861 154
2775 3861 894
1054 3862 291
1212 3862 385
3347 3862 419
2231 3863 175
2570 3864 199
2023 3865 333
3309 3865 544
3783 3865 441
2773 3867 321
2985 3867 321
2520 3868 305
2276 3869 168
3259 3869 107
3581 3869 103
1245 3870 129
3187 3870 244
3375 3871 821
2271 3873 522
2284 3873 912
3787 3873 232
1184 3874 196
171 3875 554
1951 3875 447
519 3876 840
1295 3876 133
2084 3876 735
2904 3876 244
131 3877 193
291 3877 204
569 3878 287
2924 3878 162
3585 3878 109
3874 3880 110
3465 3881 258
1998 3882 486
3462 3882 392
3537 3882 494
2410 3883 166
2419 3883 237
2581 3883 179
2811 3884 848
2732 3885 857
3362 3885 366
88 3887 365
2663 3887 131
3150 3887 267
725 3888 240
862 3890 101
400 3891 240
1664 3893 558
3350 3893 406
2811 3895 141
1890 3896 703
2415 3896 350
2418 3896 868
784 3897 199
2541 3897 439
1034 3898 186
3193 3902 682
3356 3902 273
1147 3903 893
1010 3904 412
1863 3905 376
2442 3906 437
256 3907 199
1115 3907 316
3874 3907 196
832 3908 452
3404 3909 499
496 3910 306
2199 3910 355
3900 3911 346
2441 3912 493
3908 3912 321
1068 3913 229
1704 3913 245
284 3914 201
84 3915 123
2435 3915 322
2433 3916 213
1694 3918 467
1828 3919 251
2733 3920 365
3217 3921 918
3298 3921 491
228 3922 275
3656 3922 169
3687 3922 111
1426 3923 334
1501 3923 482
1517 3925 447
1543 3926 277
2764 3926 327
139 3927 929
2567 3927 559
430 3928 170
735 3929 231
837 3930 211
2133 3930 200
2458 3930 427
1639 3931 191
516 3932 693
1760 3932 264
3053 3932 180
2566 3933 527
156 3934 162
3849 3936 105
819 3938 175
1228 3938 249
2736 3938 229
3139 3939 200
1455 3940 121
1510 3941 377
2490 3941 105
3029 3941 148
8 3942 178
822 3942 235
2956 3942 117
2700 3943 322
3547 3944 379
1717 3945 605
3285 3945 135
3818 3945 180
1576 3946 847
2331 3946 198
967 3948 227
2851 3948 101
1566 3949 105
2909 3949 938
3655 3950 437
968 3951 211
1679 3951 682
206 3952 295
2060 3953 303
866 3954 279
978 3954 151
2444 3955 696
3489 3955 386
2462 3957 921
3777 3957 585
1357 3958 483
1448 3958 124
2859 3958 356
3319 3958 899
1053 3959 204
1130 3959 185
1243 3960 352
3014 3960 483
3295 3960 483
1570 3961 194
2229 3962 132
495 3963 432
1898 3963 960
3538 3964 553
1871 3965 825
720 3966 228
3964 3966 534
1478 3967 115
3643 3967 366
3752 3967 156
2270 3968 315
2497 3968 424
1784 3969 450
2347 3969 208
2474 3969 103
2605 3969 421
437 3971 591
841 3972 636
1022 3973 987
1645 3974 193
1860 3974 178
1274 3975 142
2992 3976 169
342 3977 337
2637 3977 217
2715 3977 221
738 3978 198
1367 3978 164
1206 3979 615
3346 3979 180
3401 3979 889
2646 3980 457
3424 3981 170
2321 3982 330
2246 3983 313
985 3984 392
2934 3984 228
949 3985 246
3326 3985 662
702 3986 140
1694 3987 463
2649 3988 268
368 3989 548
2854 3989 144
643 3990 213
2888 3990 633
480 3991 346
804 3991 936
985 3991 467
1148 3991 410
1419 3991 418
1684 3992 160
2788 3992 199
2428 3993 110
2470 3993 239
60 3994 149
1951 3994 604
207 3995 296
456 3996 375
1703 3997 320
2176 3998 450
3233 3998 793
57 3999 233
227 3999 194
236 3999 280
849 4000 131
2381 4000 153
2447 4000 114
2130 4001 413
2263 4002 148
2542 4002 125
1660 4003 379
2438 4003 167
3612 4003 805
3825 4003 178
91 4004 681
2995 4004 312
225 4005 402
838 4005 221
3594 4005 236
3290 4006 174
1322 4007 115
2417 4008 443
3860 4008 719
801 4009 385
1368 4009 179
3533 4009 681
3662 4010 214
958 4013 182
2084 4013 468
1283 4014 140
2657 4014 451
1688 4015 335
619 4016 229
3449 4017 580
1568 4018 265
2765 4018 455
233 4019 497
323 4019 231
3756 4020 633
2726 4021 271
3924 4021 540
2404 4022 209
3602 4022 734
3734 4022 143
733 4023 561
3820 4024 879
1001 4025 629
1229 4025 687
2115 4025 477
3323 4025 271
1009 4026 425
2854 4026 951
324 4027 272
1145 4028 192
1573 4028 508
2196 4028 920
3419 4028 749
1405 4029 372
3152 4029 402
3986 4029 110
877 4030 218
2552 4030 789
3009 4030 234
439 4031 439
1091 4031 159
4002 4031 261
2163 4032 225
3126 4032 319
2907 4033 379
1617 4034 224
1206 4035 451
1286 4035 511
1933 4037 108
3539 4038 118
2046 4040 376
207 4041 121
343 4041 904
4005 4041 101
757 4042 433
1142 4042 233
1564 4042 516
4027 4043 338
1433 4044 253
3236 4044 847
3674 4044 243
1420 4045 133
2043 4045 458
628 4046 183
3432 4047 226
225 4048 206
303 4048 131
2656 4048 282
92 4049 143
3312 4049 978
1632 4050 371
2014 4050 535
3133 4050 284
3624 4050 206
1154 4052 165
3115 4052 550
3166 4052 133
76 4053 259
438 4053 876
1452 4055 505
1854 4055 437
2204 4055 567
1013 4056 176
3125 4056 217
2458 4057 753
3806 4058 103
135 4059 259
1505 4059 419
1022 4060 163
387 4061 276
1255 4061 524
583 4062 197
2991 4062 603
3329 4062 102
876 4064 959
2799 4066 361
2917 4066 291
1576 4068 234
2853 4068 914
1146 4069 107
3107 4069 230
3437 4070 329
615 4071 999
2269 4072 151
3247 4072 315
70 4073 252
1657 4074 557
190 4075 279
1193 4075 320
1243 4076 329
2413 4077 232
673 4078 385
2907 4079 583
988 4080 261
1457 4080 368
3713 4080 339
86 4082 985
695 4082 302
1242 4082 794
743 4083 159
848 4084 896
892 4085 292
2079 4085 842
2184 4085 127
2282 4085 408
3275 4085 628
2858 4086 281
2382 4087 328
3174 4087 298
1385 4089 932
3391 4089 603
3681 4089 613
3403 4090 123
185 4091 329
31 4092 103
343 4092 113
424 4092 304
1063 4092 137
1565 4092 862
1638 4092 492
1640 4092 474
3787 4092 343
3985 4092 150
65 4093 226
1807 4093 138
2087 4093 177
3418 4093 286
2450 4094 181
2547 4094 330
1815 4095 432
2148 4097 135
1654 4098 115
2623 4099 277
1309 4100 382
1427 4100 824
463 4102 296
1088 4104 285
2339 4104 378
3229 4104 155
431 4105 186
530 4106 103
2516 4106 142
641 4107 184
1366 4107 147
1668 4107 984
853 4108 129
1081 4108 357
1796 4108 116
3686 4108 348
1844 4110 844
976 4112 221
2196 4112 117
1358 4113 304
1655 4116 230
2219 4116 806
1683 4117 179
3490 4117 377
2773 4118 254
3827 4118 397
1212 4119 352
1642 4120 714
2771 4120 282
3473 4120 277
456 4121 311
1468 4121 140
3934 4122 135
254 4123 147
299 4124 445
969 4125 140
2339 4125 260
3714 4125 111
1544 4126 527
1597 4126 420
977 4127 433
213 4128 186
2745 4128 996
3841 4128 406
2871 4129 121
2406 4130 139
3472 4131 130
2358 4132 228
3067 4132 295
2530 4133 310
2840 4134 238
4115 4135 632
1765 4136 307
4073 4136 164
2817 4137 445
325 4138 358
1975 4138 204
2779 4139 499
66 4140 966
1378 4140 134
3730 4140 236
4116 4140 120
1038 4141 107
1095 4142 681
3959 4142 255
1138 4143 105
2107 4143 253
1792 4144 559
1195 4145 142
1613 4145 269
1704 4146 160
3599 4146 223
1654 4148 143
1748 4149 248
94 4150 294
653 4150 237
3037 4151 190
82 4152 148
1505 4152 153
2731 4152 505
3564 4152 254
3228 4153 309
559 4154 482
2954 4154 416
3339 4154 381
2170 4155 956
398 4156 491
861 4156 111
1079 4156 684
3383 4156 183
21 4157 372
2301 4157 428
2333 4157 162
2952 4157 111
3819 4157 645
621 4158 151
1595 4159 309
444 4160 145
3349 4161 137
3487 4161 266
2115 4162 783
2872 4164 219
3566 4164 135
138 4165 957
921 4165 171
3935 4165 284
3864 4166 883
1062 4167 257
598 4168 428
1721 4168 374
3413 4168 305
3894 4168 207
3325 4169 353
3684 4169 483
4015 4170 265
989 4172 163
2828 4173 208
1266 4174 599
2006 4174 294
522 4175 152
1946 4175 205
2818 4175 434
1399 4176 392
2027 4176 117
3165 4176 200
3291 4176 938
490 4177 189
1395 4177 753
3456 4177 893
95 4178 286
2958 4178 162
224 4180 519
1524 4180 146
2310 4180 235
3101 4180 194
620 4181 404
1869 4181 432
2147 4181 253
1852 4182 597
3497 4182 281
1322 4183 159
1803 4184 609
2594 4184 221
3649 4184 104
3956 4184 315
402 4186 159
1482 4186 131
1573 4187 373
2970 4188 715
3957 4188 192
1637 4190 235
225 4191 404
389 4191 184
2173 4191 458
2192 4191 191
807 4192 205
1763 4192 159
3937 4192 597
236 4193 224
1543 4193 161
2578 4193 247
3618 4194 394
3397 4195 248
173 4196 214
3386 4196 134
364 4197 179
2242 4198 233
1135 4199 191
1853 4199 243
2047 4199 108
2817 4199 121
3579 4199 612
956 4200 783
1377 4200 345
1764 4201 121
1820 4202 435
2072 4202 195
3182 4202 285
926 4203 677
1485 4203 167
3036 4203 525
797 4204 461
556 4205 544
2664 4205 281
3965 4205 300
1023 4206 244
186 4207 223
1567 4207 287
4006 4208 757
3704 4209 938
2294 4212 210
1904 4213 434
2180 4214 973
883 4215 333
3055 4215 215
1751 4216 124
2939 4216 315
4174 4217 260
3597 4218 160
1772 4219 230
3773 4219 509
1018 4220 497
1549 4221 590
2602 4221 274
4007 4221 202
1971 4222 145
2635 4222 304
1939 4223 374
3135 4223 813
2663 4224 426
4093 4225 278
1862 4226 313
1567 4227 190
2255 4228 211
3992 4228 135
214 4229 321
2294 4229 708
1747 4230 226
3178 4231 206
3321 4232 436
376 4233 839
862 4233 943
2040 4234 745
3034 4234 110
1850 4235 226
1958 4235 380
1054 4236 358
3361 4236 560
1101 4237 535
2386 4238 902
882 4239 282
2221 4239 558
343 4240 119
581 4240 185
2934 4240 104
1437 4242 876
856 4243 508
1719 4243 280
3532 4244 426
536 4245 216
1179 4245 233
3170 4245 466
3634 4246 721
132 4247 439
2583 4248 289
2743 4248 200
4067 4248 947
1572 4250 299
678 4252 506
3980 4253 188
3801 4254 110
395 4255 188
1344 4255 852
106 4256 873
612 4256 648
49 4257 265
234 4257 194
3141 4257 202
3333 4257 111
2003 4258 315
2128 4258 220
1798 4259 359
255 4261 130
3230 4261 241
3770 4261 267
460 4262 295
3155 4262 480
393 4263 147
1045 4263 116
18 4264 503
1637 4264 204
2101 4264 216
2432 4265 170
596 4266 136
4090 4267 191
502 4268 519
1170 4269 296
1545 4269 167
1078 4270 270
2203 4270 113
3942 4270 134
250 4271 247
669 4271 216
3671 4271 313
4234 4272 170
1580 4273 455
3256 4273 233
1000 4274 619
2024 4274 524
2313 4274 338
3779 4274 452
2231 4275 205
3583 4275 117
2089 4276 695
4269 4276 121
2327 4277 717
753 4278 165
944 4278 157
2017 4278 545
2451 4278 284
1108 4279 388
2019 4279 437
2271 4279 199
2746 4279 284
3534 4279 615
1301 4280 461
1397 4280 274
2511 4280 223
3715 4280 315
2320 4281 305
1598 4282 419
1365 4284 131
1257 4285 353
1284 4285 221
2779 4285 206
1342 4286 151
3403 4286 107
1763 4287 269
2847 4287 275
2964 4287 425
2790 4288 516
299 4289 517
458 4289 209
3389 4290 260
3828 4290 694
2728 4291 446
3427 4291 156
239 4292 162
612 4293 935
2455 4293 223
399 4294 751
1945 4294 469
2911 4294 286
3366 4295 148
3505 4295 251
3915 4296 940
540 4297 378
3418 4297 357
3870 4298 357
2072 4299 217
2625 4299 282
3994 4299 257
1592 4300 589
1666 4300 466
1882 4302 314
2258 4302 199
4301 4302 229
2630 4303 332
3836 4303 273
1105 4304 478
2932 4305 521
4209 4305 151
1386 4306 118
2765 4306 172
4157 4307 364
2944 4308 588
3708 4308 158
2190 4309 254
2999 4309 202
1037 4310 179
3905 4310 125
372 4311 131
1912 4311 264
3939 4312 850
3601 4313 132
1881 4314 545
2449 4315 148
272 4316 409
2497 4316 259
3738 4316 199
604 4317 293
1630 4317 274
4296 4317 193
3217 4318 152
310 4319 387
1517 4319 362
1417 4320 111
1584 4321 480
2096 4323 483
2756 4323 129
2809 4323 196
2437 4324 129
3069 4324 832
3782 4324 342
1679 4325 100
2606 4325 257
882 4326 701
3038 4326 117
3542 4326 235
3737 4326 666
121 4327 195
2364 4327 352
1283 4328 373
1217 4329 101
3615 4329 169
105 4330 220
2411 4330 264
4124 4330 538
1050 4331 286
2813 4331 230
2868 4331 934
3357 4331 117
1267 4332 135
1335 4332 154
1503 4333 740
1698 4334 602
871 4335 474
1181 4335 642
1081 4336 308
2201 4336 360
2655 4336 175
2127 4337 240
2542 4337 713
3042 4338 559
4068 4338 203
1004 4339 273
1595 4339 439
2027 4339 295
2982 4339 376
1156 4340 195
2224 4340 167
2899 4340 326
982 4341 125
1907 4341 152
2122 4341 449
3155 4341 640
3724 4341 777
19 4342 695
3633 4343 261
3333 4344 348
489 4345 343
1707 4345 355
3438 4345 160
336 4346 350
1368 4346 146
2004 4347 141
3255 4347 143
2393 4348 101
2873 4348 711
1311 4349 201
1634 4350 562
1607 4351 328
630 4352 517
3719 4353 215
1777 4354 116
3477 4355 110
4352 4356 121
2272 4357 347
3290 4357 511
1954 4358 139
3792 4358 119
1112 4359 684
1413 4359 170
1735 4359 537
3358 4359 216
2016 4360 305
3962 4360 392
3647 4361 154
325 4362 390
652 4362 668
4106 4363 139
862 4365 618
878 4365 116
1814 4365 707
1621 4366 739
3040 4366 414
3883 4366 287
1758 4367 154
2641 4367 406
2995 4367 260
335 4368 388
2442 4369 250
113 4370 327
1210 4370 849
1453 4370 153
1856 4370 351
1942 4370 910
3405 4370 185
445 4371 249
4185 4371 110
1210 4372 227
4051 4372 996
638 4373 648
1037 4373 796
1850 4373 193
2535 4373 234
1436 4375 120
3186 4375 222
1475 4376 962
3522 4376 330
3858 4376 762
2491 4377 243
3766 4377 246
2832 4378 123
3574 4378 522
3094 4379 303
2119 4380 122
2135 4381 232
3058 4382 774
1177 4383 146
3543 4383 318
1025 4384 436
2442 4384 203
2823 4384 716
1598 4385 477
3186 4385 377
609 4386 183
3007 4386 746
3357 4386 139
3658 4386 319
3105 4387 250
1920 4389 939
3248 4389 168
4103 4389 135
2069 4390 755
2354 4390 272
2876 4390 284
4161 4391 305
2412 4392 177
2924 4392 261
4300 4392 897
2341 4393 179
2995 4393 119
1368 4394 239
1522 4394 142
4149 4394 280
2041 4395 542
2911 4395 169
3404 4395 194
119 4396 265
1123 4396 280
3422 4396 400
3592 4396 101
3866 4396 216
3554 4398 370
425 4399 192
3141 4399 771
4154 4399 478
4211 4400 254
2751 4401 150
922 4403 197
3292 4403 995
3522 4403 124
4362 4404 389
1712 4405 544
3890 4405 151
75 4406 400
552 4406 122
2440 4407 288
3594 4407 721
3773 4407 208
151 4408 538
460 4408 261
3742 4408 412
1017 4409 198
176 4410 268
935 4411 821
1094 4411 246
2588 4412 589
2327 4413 122
1513 4414 640
3647 4414 169
952 4415 192
697 4416 380
1304 4416 707
3501 4416 981
4025 4417 311
3376 4418 424
3738 4418 375
481 4419 109
3646 4419 203
3681 4419 123
119 4420 487
890 4420 346
3314 4421 362
1474 4422 107
444 4423 275
1508 4424 391
200 4425 666
1833 4425 247
1952 4425 309
1387 4426 179
3224 4427 266
1651 4428 485
3132 4428 617
3735 4428 209
3781 4429 390
3273 4430 117
3825 4430 716
3517 4431 107
2358 4432 111
2390 4433 438
35 4434 235
51 4434 216
509 4434 298
2070 4435 382
3880 4435 142
4402 4435 238
3531 4436 883
3879 4436 218
4034 4436 121
1139 4437 480
754 4438 130
4159 4438 524
658 4439 272
3902 4439 301
525 4440 441
1462 4440 361
2406 4440 178
4140 4440 227
700 4441 117
4208 4441 109
37 4442 225
403 4443 191
2369 4443 298
2407 4443 187
89 4444 850
3704 4444 441
2165 4445 233
2561 4445 171
3663 4445 163
1489 4446 120
671 4447 240
2993 4447 299
3282 4447 147
412 4449 259
762 4449 335
994 4449 198
2421 4449 163
3872 4449 319
2450 4450 252
247 4451 166
536 4451 531
2955 4453 371
3218 4453 861
2226 4455 187
90 4456 441
874 4456 205
1799 4456 293
1989 4457 115
2374 4457 163
2741 4457 105
3568 4458 128
3771 4458 397
2088 4459 365
1529 4460 607
553 4461 126
1358 4461 178
2098 4461 124
2576 4461 106
2991 4461 782
4231 4462 239
1106 4463 648
3204 4463 296
2923 4464 223
4422 4464 429
454 4465 418
330 4466 281
2267 4466 117
4189 4466 205
2291 4467 701
3320 4468 388
4278 4468 236
2232 4469 274
3297 4470 324
1447 4471 876
2918 4471 111
3488 4471 906
3982 4471 532
803 4472 311
30 4473 108
1790 4473 114
2695 4473 263
4397 4473 190
2705 4474 129
1543 4475 215
2929 4476 500
656 4477 110
760 4477 357
2105 4477 486
2215 4477 116
943 4478 354
1873 4478 185
2927 4478 122
142 4479 140
4392 4479 117
202 4481 484
1164 4481 355
4321 4481 106
417 4482 164
622 4482 107
760 4482 199
1209 4482 219
3339 4483 130
2093 4484 738
2482 4484 725
2566 4485 168
1269 4486 535
2665 4486 227
2114 4487 144
213 4489 244
3005 4489 254
3547 4490 246
1960 4491 192
4353 4491 226
2385 4492 235
2668 4493 463
4283 4493 608
1811 4494 202
3014 4494 341
3557 4494 842
4407 4494 115
1087 4495 358
3872 4495 889
1290 4496 228
4060 4496 294
93 4497 763
3915 4497 438
885 4498 606
3850 4498 194
2410 4499 212
2226 4500 410
753 4501 184
3875 4502 221
1699 4503 113
1614 4504 148
929 4505 114
2224 4505 136
4112 4505 108
777 4506 480
833 4506 319
1382 4506 362
2583 4506 377
4163 4506 112
290 4507 188
1184 4507 269
2734 4507 155
2170 4508 267
2894 4508 132
4098 4508 695
379 4509 113
3129 4509 318
4407 4510 806
2328 4511 787
470 4512 185
2204 4512 464
4094 4512 172
2176 4513 319
849 4514 108
3899 4514 312
1240 4515 198
1 4516 440
3137 4517 122
3665 4517 425
726 4518 297
1448 4518 261
3604 4519 148
3000 4520 458
2190 4522 910
305 4523 250
2122 4523 135
2235 4523 328
2762 4524 319
457 4525 118
1095 4525 247
3047 4525 128
646 4526 277
1046 4526 452
1922 4527 732
2905 4527 837
3915 4527 248
3999 4527 113
3394 4528 210
4092 4528 261
36 4529 635
859 4529 101
881 4529 354
1225 4529 132
3579 4529 325
1288 4530 234
2928 4530 178
1013 4531 177
2308 4531 961
4315 4531 263
3997 4532 317
1314 4533 122
4065 4533 800
154 4534 282
893 4534 295
1133 4535 139
3017 4535 204
109 4536 175
23 4537 128
271 4537 289
709 4538 135
4286 4538 208
1560 4539 435
2051 4539 157
3902 4539 533
1857 4540 426
3526 4540 209
1701 4541 159
676 4542 709
3075 4542 136
3989 4543 340
4528 4544 319
1373 4545 145
1375 4545 416
230 4546 827
192 4547 456
4162 4547 107
1472 4548 860
537 4549 200
1106 4549 318
2982 4549 161
3700 4549 468
995 4550 147
3546 4550 117
1028 4551 194
2806 4551 626
3427 4551 441
327 4552 361
870 4552 218
1777 4552 536
1290 4553 306
311 4554 457
2288 4555 262
238 4556 318
405 4556 891
650 4556 325
1938 4556 212
3971 4556 231
2230 4557 599
3866 4558 741
846 4561 126
366 4562 679
2460 4562 135
1556 4563 125
533 4564 108
2865 4564 393
1369 4565 664
1280 4566 190
2320 4566 443
2455 4566 529
4218 4566 246
1248 4567 635
470 4568 392
355 4569 939
3689 4569 155
4221 4569 416
1773 4570 253
3395 4570 353
135 4571 958
2888 4571 243
3319 4571 165
3769 4571 130
815 4572 325
1328 4572 147
1858 4572 568
125 4573 350
1838 4574 371
3075 4575 898
3045 4576 372
234 4577 610
3526 4577 843
4566 4577 413
3447 4578 107
216 4579 232
2171 4579 173
4065 4579 445
4244 4579 458
1507 4580 992
3992 4580 485
195 4581 222
725 4581 919
2298 4581 366
3373 4581 118
121 4582 229
1033 4583 521
4530 4584 185
37 4585 431
2821 4586 196
3530 4586 329
3554 4586 434
1399 4587 465
2673 4587 291
4582 4587 105
144 4588 230
2235 4588 389
3144 4589 381
1896 4590 691
3966 4591 229
1578 4592 127
2231 4592 120
2316 4592 258
3239 4594 102
2457 4595 122
1601 4596 341
3334 4596 159
4036 4596 464
4132 4597 208
2560 4598 107
99 4599 396
3777 4599 191
3877 4600 215
455 4601 377
148 4602 480
2073 4602 530
1292 4604 100
2454 4604 279
4513 4604 178
3371 4606 274
3956 4606 214
1905 4607 129
4367 4607 810
3086 4608 126
3721 4608 424
3249 4609 422
3231 4610 797
384 4611 390
1194 4611 344
2256 4611 102
2150 4612 968
4256 4612 729
186 4613 918
2364 4613 165
314 4614 262
1221 4614 176
2805 4614 457
298 4615 150
2833 4615 177
3526 4615 224
4462 4615 165
210 4616 239
1028 4616 665
2817 4616 635
3029 4616 173
626 4617 183
1531 4617 139
2148 4617 651
4231 4617 526
4488 4617 858
127 4618 347
711 4618 891
3251 4618 127
746 4619 686
3598 4620 876
2071 4621 309
1110 4622 251
2219 4622 179
2416 4622 100
2909 4622 549
1103 4623 199
1414 4623 168
4550 4623 238
360 4624 340
1191 4624 429
2687 4625 169
307 4626 109
1708 4626 101
2692 4626 157
3947 4626 126
4005 4627 263
4484 4627 248
2991 4628 587
2743 4629 137
3008 4629 405
3691 4629 496
4423 4629 710
2295 4630 130
2434 4630 929
2973 4630 155
3891 4631 613
669 4632 192
3948 4634 278
1777 4635 511
2612 4635 362
2871 4636 103
1768 4638 141
1996 4638 282
3316 4638 164
3901 4639 437
4010 4640 168
2093 4641 182
2593 4641 597
4437 4641 340
1025 4642 258
3378 4642 437
3611 4642 194
1779 4643 200
2350 4644 842
3952 4645 214
3448 4646 815
1270 4647 256
3465 4647 204
3637 4647 153
2211 4648 293
4196 4649 597
256 4650 173
2598 4651 755
2894 4651 301
3042 4651 222
4073 4651 491
3175 4652 107
265 4653 361
2108 4653 253
457 4654 202
3800 4654 260
3884 4654 123
405 4657 258
3130 4657 350
262 4658 307
436 4659 162
507 4659 151
1593 4660 390
1760 4660 207
4489 4660 385
316 4661 373
2724 4661 252
3166 4662 279
556 4663 860
212 4664 269
1281 4664 452
3319 4665 100
3380 4665 128
99 4667 271
3697 4668 872
1007 4669 760
1231 4669 170
3632 4669 105
1863 4670 287
2866 4670 538
263 4671 243
1436 4671 809
3114 4671 432
1282 4672 184
2050 4672 105
2296 4672 140
2 4673 532
4508 4673 211
4008 4674 433
3872 4675 326
1897 4676 343
2224 4676 323
1843 4677 220
922 4678 313
3015 4678 900
4337 4679 102
1592 4681 386
1742 4681 576
2795 4681 346
4351 4681 119
814 4682 303
2277 4683 171
2368 4683 140
3026 4683 173
3409 4684 193
2816 4685 523
4154 4685 118
2343 4686 505
2350 4686 473
535 4687 124
1706 4687 184
3446 4687 216
3813 4688 154
4528 4688 333
382 4690 179
442 4690 294
2364 4690 419
910 4691 552
1044 4691 588
1643 4691 379
182 4692 926
402 4693 156
3840 4694 969
525 4695 637
1233 4695 145
2455 4696 353
3750 4696 863
9 4697 639
4062 4697 406
285 4698 370
470 4698 472
1738 4698 337
4052 4698 293
4150 4698 415
706 4699 216
167 4700 398
1422 4700 222
377 4701 385
2363 4701 206
2239 4702 148
4698 4702 438
2201 4703 655
3758 4703 279
956 4704 232
2525 4704 636
3955 4704 365
3911 4705 103
1509 4706 238
1589 4706 199
2561 4706 146
3449 4706 189
4062 4706 756
4415 4707 209
3156 4708 361
853 4709 117
2017 4709 284
3059 4709 286
4013 4709 545
808 4710 114
1387 4710 295
2143 4710 302
2081 4711 120
4648 4711 867
1606 4713 446
1095 4714 997
2228 4715 335
2819 4715 234
2333 4716 130
3031 4716 216
4575 4716 864
1487 4717 234
4039 4717 335
2969 4718 400
3589 4718 377
3609 4718 143
1896 4719 587
1117 4720 224
2569 4720 852
3700 4720 660
4064 4721 471
4582 4721 251
1096 4722 334
2319 4722 610
2834 4722 368
894 4723 145
1616 4724 327
4432 4724 274
350 4725 950
625 4726 141
1741 4727 153
3417 4727 471
4322 4727 102
2521 4728 704
376 4729 192
2541 4729 553
4123 4729 246
2827 4730 178
2844 4730 407
91 4731 405
1568 4733 195
2616 4733 400
4460 4733 175
1219 4734 657
3753 4734 333
1253 4735 130
1665 4736 147
4166 4737 129
2190 4738 324
4514 4739 359
337 4740 213
2432 4740 139
2772 4740 248
717 4741 119
4739 4741 424
1359 4742 284
2603 4742 121
4484 4742 236
2578 4743 456
2730 4743 401
3652 4743 258
2326 4744 249
1252 4745 389
4357 4745 799
665 4746 778
1180 4746 175
1307 4746 469
2022 4746 936
1215 4747 277
1643 4747 535
2009 4747 140
2292 4747 755
2354 4747 156
662 4749 570
1935 4749 590
2217 4750 281
3531 4750 107
3856 4750 237
4405 4751 490
86 4752 313
339 4752 824
1132 4752 383
2752 4752 574
4656 4752 715
597 4753 952
738 4754 361
1383 4754 352
1632 4754 102
1978 4754 474
2015 4754 987
3485 4754 372
1742 4755 114
2946 4756 442
737 4757 608
2788 4757 723
3830 4757 945
1136 4758 189
3279 4758 142
3837 4758 104
1785 4759 742
2547 4759 115
4477 4759 171
1525 4760 305
2371 4760 418
3715 4760 204
4331 4760 215
829 4761 922
3611 4761 126
735 4762 599
1354 4762 394
3381 4762 273
608 4763 119
1635 4763 533
1097 4764 170
2665 4764 350
2745 4764 247
4028 4765 236
2626 4766 332
930 4767 333
1241 4767 739
130 4768 203
146 4769 779
309 4769 173
507 4769 320
4581 4770 162
4066 4771 354
2408 4772 329
2819 4773 250
4308 4774 382
33 4775 173
1606 4775 396
1675 4775 355
3858 4776 210
1519 4777 149
1746 4777 118
4114 4777 253
1581 4778 438
2674 4779 272
2731 4779 564
1217 4780 107
3715 4780 557
4292 4780 128
4053 4781 228
3639 4782 206
3669 4782 416
4193 4782 450
2476 4783 324
325 4784 173
2140 4784 768
3382 4784 135
3662 4784 255
3966 4784 204
2097 4785 267
1733 4786 117
2379 4786 346
2798 4787 416
4584 4787 784
4643 4787 226
1539 4788 297
1911 4788 453
3955 4788 195
2195 4789 136
2516 4789 453
3816 4789 728
182 4790 283
4168 4790 200
4712 4790 278
1925 4791 410
1175 4792 313
3561 4792 239
3779 4792 166
326 4793 420
1868 4793 414
2340 4793 756
2475 4794 165
3942 4794 203
2648 4795 589
2946 4795 500
371 4797 547
4582 4797 555
552 4798 463
898 4798 166
1728 4798 222
1835 4798 312
91 4799 236
3064 4800 222
3459 4800 315
3338 4801 510
3601 4801 111
4478 4801 187
1902 4802 367
2359 4802 228
757 4803 174
1093 4803 404
3626 4803 613
1677 4804 804
1726 4804 299
3986 4804 169
1796 4805 118
1878 4805 392
4344 4805 446
4364 4806 976
1896 4807 203
3911 4807 770
4109 4807 369
1163 4808 219
3507 4808 374
4090 4808 143
4346 4808 208
4123 4809 113
434 4810 173
1207 4810 170
1379 4810 198
722 4812 280
3007 4812 732
37 4813 207
1442 4813 501
1644 4813 187
468 4814 284
1489 4814 214
1808 4814 508
2484 4814 190
1625 4815 944
3279 4815 717
3417 4815 203
3249 4816 293
3624 4816 205
1571 4818 120
4182 4819 528
891 4820 452
4384 4820 382
4565 4820 222
1270 4821 476
2801 4821 360
4144 4821 378
3077 4822 354
241 4823 180
1926 4823 244
973 4824 259
434 4825 728
1142 4825 165
865 4826 326
1659 4826 146
3031 4826 294
184 4827 151
3797 4828 135
4295 4828 123
2077 4829 233
4493 4829 203
231 4830 128
528 4830 752
711 4831 215
1539 4832 373
4565 4833 138
3240 4834 237
3257 4834 609
222 4835 326
4146 4835 203
4666 4835 210
1186 4836 263
2892 4836 242
4007 4836 126
4490 4836 587
536 4837 741
1452 4837 225
1854 4837 162
2307 4837 395
630 4838 656
3478 4838 179
3829 4838 609
2883 4839 122
2408 4840 669
4526 4842 335
1667 4843 169
1898 4843 842
512 4844 203
1909 4845 284
3052 4845 376
4027 4845 602
1771 4846 602
2232 4847 105
2984 4847 273
3465 4847 197
3615 4847 331
3862 4847 348
3904 4848 258
4065 4848 117
3314 4849 257
4823 4849 445
830 4850 281
3873 4850 289
2769 4851 644
2284 4852 303
4052 4852 109
4690 4852 728
4796 4852 117
2779 4853 636
748 4854 472
1710 4854 283
2453 4854 167
2508 4855 510
4797 4855 355
2190 4856 164
3238 4856 740
4725 4856 174
1237 4857 634
2395 4857 244
292 4858 272
2419 4858 279
372 4859 664
515 4859 273
1070 4860 294
2910 4861 172
3432 4861 204
4734 4861 105
495 4862 165
2164 4862 907
2795 4862 788
1663 4863 171
656 4864 932
2554 4864 377
2860 4864 149
3335 4864 346
1033 4865 399
1261 4865 334
3415 4866 496
4328 4866 170
4628 4866 114
3630 4867 279
4251 4867 186
3332 4868 136
383 4869 454
1124 4869 309
1083 4870 907
2043 4871 394
2066 4871 154
663 4872 320
4235 4873 365
396 4874 243
1195 4875 173
2694 4875 107
3793 4875 330
4251 4875 263
4559 4875 605
44 4876 693
2434 4877 140
2745 4877 178
4301 4877 904
773 4878 325
3373 4880 338
893 4881 569
1965 4882 206
2461 4883 149
3523 4883 382
2549 4884 114
183 4885 254
2544 4886 247
3458 4886 217
3606 4886 139
2219 4887 323
2469 4887 594
148 4888 726
710 4889 252
3836 4889 223
2512 4890 617
3254 4891 625
2937 4892 986
3380 4892 502
4537 4894 551
651 4895 103
1658 4895 813
2046 4895 388
1318 4896 281
2726 4896 400
3685 4896 465
4587 4896 816
235 4898 111
270 4898 122
4069 4898 251
2482 4899 297
3502 4899 173
3917 4899 242
3978 4899 237
1132 4900 562
2739 4900 201
1963 4901 164
3228 4902 131
3344 4902 563
4648 4902 277
3576 4903 176
264 4904 149
3970 4904 292
4276 4904 670
99 4905 590
3838 4905 443
4801 4905 182
4633 4906 956
155 4908 122
1326 4908 624
350 4909 122
827 4911 138
1374 4911 279
1887 4911 257
153 4912 282
267 4913 268
543 4913 448
3319 4914 208
586 4915 190
4003 4915 948
1679 4916 146
3050 4916 248
3135 4917 773
201 4918 395
1315 4918 546
3518 4918 190
447 4919 922
1670 4919 437
2197 4919 525
3391 4919 392
2431 4920 295
3087 4920 199
1999 4921 345
1777 4922 416
3849 4923 445
4513 4923 634
1106 4924 200
2917 4925 117
3880 4925 905
3928 4925 114
3692 4927 388
3906 4927 317
529 4928 947
1306 4928 257
1763 4928 562
1839 4928 632
545 4929 461
3189 4929 255
1008 4930 209
2372 4930 380
1559 4931 270
1647 4931 174
2402 4931 557
2876 4931 216
2388 4932 844
3085 4932 341
424 4933 270
435 4933 192
596 4933 319
1795 4933 231
2025 4933 111
4588 4933 114
2504 4934 386
4542 4934 310
2036 4935 714
4703 4935 322
4806 4935 967
616 4936 630
2435 4936 866
3259 4937 415
2210 4938 565
179 4939 120
472 4940 142
1505 4940 169
1701 4941 431
576 4942 342
2050 4942 983
2766 4942 149
1126 4943 243
3427 4944 267
4377 4945 545
1016 4946 744
1220 4946 491
1915 4946 175
3207 4946 298
142 4947 403
493 4947 219
1417 4948 876
1829 4948 357
2095 4948 148
2023 4949 387
720 4950 454
1064 4950 378
1867 4950 581
4536 4950 215
3054 4951 392
4750 4951 210
1762 4952 599
1458 4953 118
1566 4953 156
1733 4953 103
1828 4953 195
1092 4954 139
2648 4954 600
2776 4954 278
3431 4954 121
1477 4955 929
4783 4955 409
250 4956 210
636 4956 595
1008 4956 240
4378 4956 100
489 4957 353
1848 4957 684
1627 4959 187
2216 4959 189
3887 4960 204
32 4961 856
979 4961 392
4227 4961 236
661 4962 384
4373 4962 885
4770 4962 770
39 4963 428
1285 4963 333
2857 4963 340
984 4964 684
1002 4965 364
1491 4965 402
1921 4965 253
2159 4965 397
1244 4966 162
2666 4966 125
2938 4966 124
3148 4966 976
3941 4966 136
4016 4966 130
531 4967 194
4513 4967 970
1454 4968 455
2034 4968 319
4943 4968 478
288 4969 294
635 4970 317
3398 4970 975
2058 4971 314
1372 4972 140
2020 4972 225
3348 4972 148
682 4973 996
1227 4974 229
458 4975 188
960 4976 817
4101 4976 254
4874 4978 641
3035 4979 272
65 4980 275
913 4980 258
4903 4980 230
1515 4981 352
2862 4981 174
1954 4982 311
4117 4982 398
81 4983 262
733 4983 648
524 4984 100
1132 4984 819
666 4985 337
1109 4985 112
1634 4986 214
2254 4986 891
4825 4986 411
198 4987 149
845 4987 248
4819 4988 387
940 4989 426
3736 4989 993
3018 4990 622
4402 4990 131
4739 4990 378
4290 4991 168
1636 4992 976
3393 4993 472
3539 4993 312
1435 4994 262
566 4995 181
1837 4995 216
4088 4995 327
3602 4996 376
3722 4996 219
3892 4996 774
27 4997 427
247 4997 173
4600 4997 288
706 4998 409
2215 4999 600
214 5000 250
711 5000 424
1317 5000 355
1473 5000 412
951 5001 163
1265 5001 415
951 5002 372
2167 5002 230
2920 5002 165
2990 5002 656
1971 5003 147
1920 5004 472
4187 5004 527
741 5005 541
4098 5005 407
884 5006 531
2387 5006 142
1039 5007 100
2023 5007 698
3184 5007 104
1118 5008 180
2021 5008 181
3531 5009 194
4415 5009 125
935 5010 784
2114 5010 173
3820 5010 327
4118 5010 241
1692 5011 611
2902 5011 492
3182 5012 139
191 5013 233
1006 5013 187
1680 5013 112
2912 5013 627
1370 5014 231
2710 5014 452
4958 5014 378
83 5015 291
1412 5015 192
2174 5015 100
936 5016 191
2030 5016 744
333 5017 607
487 5017 797
2812 5017 492
4105 5017 393
4788 5017 149
532 5018 107
4374 5018 113
1184 5019 368
2696 5019 877
3889 5019 576
710 5020 452
959 5020 720
2119 5020 606
1497 5021 103
3019 5021 377
3417 5021 185
1132 5022 873
18 5023 177
4510 5023 170
4689 5023 868
773 5024 406
2457 5024 256
4486 5025 204
636 5026 830
2016 5026 173
3521 5026 504
3794 5026 219
4413 5026 313
2339 5027 295
3262 5027 155
818 5028 563
1421 5028 197
721 5029 270
3272 5029 157
3673 5029 297
1140 5030 207
4004 5030 119
3070 5031 176
3255 5031 201
4715 5031 172
605 5032 182
1328 5032 125
2367 5032 139
3567 5033 183
3085 5034 116
3974 5034 940
3231 5035 278
2386 5036 267
276 5037 135
3121 5037 509
3302 5037 154
2207 5038 373
4462 5038 580
561 5039 208
1179 5039 346
2914 5039 974
1024 5040 318
1518 5040 625
3150 5040 261
1392 5041 670
4908 5041 964
3015 5042 106
1423 5043 363
3423 5043 571
4340 5043 776
5004 5043 397
3644 5044 359
1049 5045 516
3804 5045 106
4827 5045 225
4327 5046 156
2607 5047 677
385 5048 421
2548 5048 190
3984 5048 782
4305 5048 100
360 5049 259
1782 5049 223
4185 5049 391
2948 5050 235
3377 5050 257
4096 5050 136
4225 5050 186
4714 5050 272
4976 5050 514
169 5051 353
525 5051 414
4500 5051 385
793 5052 153
3533 5052 154
583 5053 192
109 5054 238
1471 5054 241
3686 5054 110
924 5055 155
3580 5056 105
4446 5056 318
2108 5057 303
3364 5057 278
333 5058 201
4452 5058 607
3906 5059 958
4368 5059 145
854 5060 608
2946 5060 314
2972 5060 479
142 5061 318
1439 5062 453
4152 5062 102
1436 5063 252
3993 5063 117
1083 5064 131
2345 5065 180
655 5066 433
4118 5066 288
1560 5067 128
2548 5067 193
2565 5067 153
392 5068 137
4932 5068 492
1017 5069 138
1281 5069 151
1624 5069 110
2224 5069 412
2629 5069 177
162 5070 260
4532 5070 149
3767 5071 190
1218 5072 112
2 5073 658
4536 5073 257
899 5074 191
3485 5075 231
4516 5075 300
4540 5075 133
406 5076 184
1019 5076 204
4893 5076 926
3372 5077 113
3622 5077 182
4743 5077 299
2859 5078 277
701 5079 283
1814 5079 160
400 5080 383
3086 5080 238
1542 5081 763
4819 5081 784
59 5082 298
129 5083 342
333 5084 163
3973 5084 102
4094 5084 495
4699 5084 278
4897 5084 392
22 5085 565
4261 5086 441
215 5087 476
3260 5087 194
4260 5087 174
2878 5089 574
4052 5089 217
3881 5090 266
5020 5090 179
2877 5091 489
588 5092 954
224 5093 555
919 5093 380
3181 5093 173
3540 5093 365
1782 5094 261
2403 5094 149
4220 5094 130
2064 5095 330
2627 5095 788
2963 5095 190
864 5096 273
2490 5096 377
582 5097 463
679 5097 140
1450 5097 582
52 5098 100
122 5098 233
1274 5098 637
1656 5099 524
2848 5099 327
2226 5100 211
2996 5100 327
1001 5101 215
3660 5101 697
5061 5101 314
1862 5102 442
3077 5103 319
4115 5103 424
3472 5104 491
4063 5104 265
46 5105 811
2493 5106 938
5075 5107 437
4012 5108 237
4817 5108 309
1496 5109 179
4419 5109 160
441 5110 160
3480 5110 245
1606 5111 487
2538 5111 891
3803 5111 324
443 5112 982
2529 5112 782
3624 5112 138
4695 5112 314
1483 5113 371
391 5114 330
894 5114 389
1889 5114 361
366 5116 344
2281 5116 494
2558 5116 341
3584 5116 131
3938 5116 472
695 5117 232
2338 5117 230
830 5118 640
1349 5118 376
1854 5118 123
2033 5118 205
2068 5119 299
2342 5119 175
3578 5119 760
3703 5119 102
4417 5119 324
4549 5119 795
512 5120 136
2012 5120 152
2372 5120 585
1150 5122 113
4354 5122 347
4134 5123 112
57 5124 608
819 5124 413
4054 5124 479
3591 5125 254
5115 5125 416
2795 5126 151
4593 5126 132
2701 5127 571
4800 5128 207
2440 5129 383
4490 5129 153
3413 5130 371
4592 5130 110
2438 5131 338
977 5132 217
3447 5132 600
516 5133 300
632 5133 308
2560 5133 178
226 5134 415
2981 5134 340
2992 5134 322
3727 5134 493
585 5135 138
1426 5135 191
2587 5135 363
451 5136 566
1200 5136 112
3921 5136 259
557 5137 105
3189 5137 286
1185 5138 147
3710 5138 419
832 5139 227
1074 5139 191
1759 5139 134
604 5140 124
1339 5140 127
2302 5140 230
4039 5140 435
4258 5140 350
1262 5141 733
1397 5141 109
2947 5141 116
3163 5141 594
3025 5142 473
2235 5143 221
3784 5143 217
599 5144 345
1989 5144 383
3005 5144 309
5 5145 369
1873 5145 246
5017 5145 202
235 5146 425
1760 5146 405
3672 5146 136
1866 5147 246
3141 5147 529
3348 5147 549
3659 5147 287
3073 5148 124
4210 5148 843
4534 5148 286
5 5149 125
172 5149 142
2938 5149 188
4070 5149 187
4241 5149 119
2607 5150 622
4589 5151 579
2789 5152 260
4402 5152 115
4964 5152 114
1257 5153 263
2520 5153 223
2875 5153 542
1180 5154 400
4283 5154 550
4352 5154 400
79 5155 269
2936 5155 130
2020 5156 527
3655 5156 243
544 5157 156
941 5157 192
1305 5157 986
1969 5157 898
4542 5158 192
755 5159 777
1480 5159 124
614 5160 523
3290 5160 394
4728 5160 393
4954 5160 339
1893 5161 958
2709 5161 490
2835 5162 114
3400 5162 460
3604 5162 387
3201 5163 152
1153 5164 423
1795 5165 289
3141 5165 143
2069 5166 214
2382 5166 156
2975 5167 193
408 5168 150
2642 5168 168
951 5169 291
1603 5169 110
1750 5169 111
4732 5169 994
4916 5170 353
1234 5171 194
1318 5171 670
3501 5171 166
5086 5172 619
3239 5173 154
3831 5173 142
3312 5174 199
3385 5174 576
3464 5174 555
738 5175 306
2938 5175 178
339 5176 329
3816 5176 126
591 5177 263
326 5178 253
3750 5178 112
3965 5179 120
4797 5180 335
816 5181 170
3412 5181 158
627 5182 167
782 5182 335
2042 5182 336
1481 5183 102
2237 5183 361
3899 5183 340
730 5184 840
1662 5185 510
1881 5185 229
1886 5185 240
5031 5185 138
1536 5186 177
5177 5187 813
1515 5188 280
3648 5188 125
3844 5188 306
3834 5190 214
4287 5190 216
393 5191 223
2257 5191 968
4120 5191 989
923 5192 563
3555 5192 158
3112 5193 665
2772 5194 127
1794 5195 180
2441 5195 237
4487 5195 170
280 5196 954
3015 5196 131
750 5197 262
1666 5197 376
2370 5197 157
3289 5197 101
3820 5197 371
46 5198 132
3504 5198 426
4839 5198 186
218 5199 462
625 5199 734
1925 5199 958
1435 5200 213
4014 5200 110
4948 5200 865
909 5201 520
2480 5201 229
3785 5201 128
4027 5201 266
748 5203 445
2311 5203 717
3237 5203 143
2510 5204 387
3740 5205 379
343 5206 126
772 5206 147
3177 5206 113
3645 5206 140
995 5207 480
364 5208 417
2856 5208 304
4109 5208 247
3666 5209 190
4970 5209 235
329 5210 136
1739 5210 131
3129 5210 320
3315 5210 171
4400 5210 379
4811 5210 398
5024 5210 488
436 5211 474
1467 5211 203
3842 5211 490
4046 5212 882
1 5213 543
4839 5214 265
992 5215 651
2144 5215 883
4454 5215 188
252 5216 359
717 5216 895
4603 5216 202
3163 5217 153
1664 5218 201
3038 5218 511
5129 5218 325
2861 5219 261
3010 5219 320
3745 5219 526
1660 5220 308
1714 5221 660
2807 5221 174
25 5222 414
1059 5223 187
1910 5223 703
2624 5224 356
3988 5224 533
284 5225 454
3254 5225 951
2303 5226 432
4605 5226 231
4809 5227 240
33 5228 216
55 5228 241
4638 5228 438
1649 5229 855
3694 5229 548
1419 5230 399
1452 5230 298
4982 5230 412
967 5231 445
1069 5231 236
1625 5231 440
845 5232 607
899 5232 142
1904 5232 198
1850 5233 554
3588 5233 391
1884 5234 476
4879 5234 299
5161 5234 349
1968 5235 401
2970 5235 138
1035 5236 247
1751 5236 317
1245 5237 226
3064 5237 377
3090 5237 113
3801 5238 316
2573 5239 750
3028 5239 263
3899 5239 265
1394 5240 676
4528 5240 214
3844 5241 285
5202 5241 297
1289 5242 429
3886 5242 309
4252 5242 109
4488 5242 352
40 5243 280
783 5243 110
2380 5243 242
443 5244 140
2420 5244 144
2579 5244 245
4521 5244 108
2190 5245 149
2669 5245 232
977 5246 426
5005 5246 382
1631 5247 295
2094 5247 275
3416 5247 142
3862 5248 274
4520 5248 157
4648 5249 133
600 5250 840
1769 5251 170
3410 5251 125
3819 5252 257
5084 5252 395
1441 5253 460
1310 5254 569
3017 5254 790
168 5255 536
1630 5255 148
1062 5256 286
2275 5257 356
2769 5257 240
4501 5257 415
5176 5257 132
1826 5258 161
2392 5258 126
2603 5259 159
2852 5259 314
2989 5259 122
4587 5259 254
1278 5260 285
2505 5260 199
1553 5261 770
1994 5261 958
2325 5261 110
3110 5261 123
2344 5262 102
1965 5263 279
690 5264 256
4874 5264 140
5027 5264 278
996 5265 615
77 5266 325
959 5266 708
2485 5267 219
4246 5267 586
219 5268 193
1785 5269 179
2787 5269 215
939 5270 187
4147 5271 736
4234 5271 301
287 5272 561
2268 5272 627
4179 5272 651
808 5273 184
2920 5273 899
3943 5273 350
4310 5274 655
1080 5275 548
2338 5275 475
2915 5275 469
1695 5276 512
2901 5276 231
4023 5276 300
4163 5276 440
2888 5277 219
4910 5277 792
5100 5277 216
653 5278 139
659 5279 379
3537 5279 224
4767 5279 270
2110 5280 280
3142 5280 227
4987 5280 107
2425 5281 898
4962 5281 177
2888 5282 247
3344 5282 424
4757 5282 174
549 5283 305
4032 5283 530
5121 5283 102
2053 5284 194
2430 5284 150
4249 5284 212
4314 5284 546
2680 5285 138
1698 5286 349
553 5287 268
779 5287 150
1057 5287 844
2145 5287 248
4453 5288 248
981 5289 458
1991 5289 188
3128 5289 209
5051 5289 281
212 5290 865
1491 5290 157
2035 5290 279
3145 5290 740
2730 5291 121
2865 5291 113
83 5292 222
3749 5292 341
1786 5293 757
3909 5293 222
3471 5294 132
4134 5294 288
4201 5294 927
1300 5295 641
4301 5295 355
4560 5295 225
5088 5296 609
3856 5297 243
1033 5298 630
2629 5298 446
4655 5298 559
4876 5298 337
612 5300 162
3603 5300 342
1579 5302 213
2378 5302 143
2667 5302 203
1475 5303 688
4508 5303 184
2466 5304 472
3098 5304 124
4686 5304 373
153 5305 192
1251 5305 861
4883 5305 180
2450 5306 837
1682 5307 265
3525 5307 815
4589 5307 132
4536 5308 726
4927 5308 801
210 5309 277
1681 5309 613
1736 5309 266
2227 5309 323
3002 5310 315
564 5311 170
3814 5311 262
2384 5312 958
4547 5312 155
1020 5313 284
2009 5313 660
2620 5313 439
2592 5314 156
4164 5314 839
5186 5314 123
5222 5314 166
1665 5315 527
4015 5315 917
5225 5315 353
89 5316 451
357 5316 132
843 5316 263
2993 5316 509
1878 5317 317
5088 5317 168
470 5318 157
3593 5318 685
1002 5319 211
1463 5319 552
699 5320 324
2104 5320 812
2508 5320 134
4817 5320 116
5016 5320 413
2480 5321 158
3743 5322 115
3783 5322 660
4655 5322 940
5271 5322 580
1513 5323 532
2677 5323 351
5123 5323 279
4957 5324 198
5107 5325 635
283 5326 137
1091 5326 177
2230 5326 254
930 5327 230
3799 5327 578
5028 5327 532
937 5328 149
3045 5328 215
6 5329 313
2858 5329 292
21 5330 274
4395 5330 296
128 5331 622
2099 5332 100
331 5333 189
3812 5333 319
4448 5334 517
3941 5335 499
1539 5336 236
3562 5336 286
4570 5337 136
2919 5338 116
1139 5339 203
435 5340 231
235 5341 138
901 5341 174
2863 5341 294
690 5342 131
515 5343 336
770 5343 245
922 5343 159
1469 5343 164
3179 5343 201
4752 5343 280
936 5344 199
3978 5344 302
1578 5345 150
2858 5345 183
3482 5345 188
310 5346 255
324 5346 109
386 5346 128
460 5347 368
734 5347 253
2913 5347 615
791 5348 948
1316 5348 150
1391 5348 108
4171 5348 385
4388 5348 744
5297 5348 191
486 5349 147
1640 5349 769
3358 5349 215
69 5350 257
2265 5351 245
3358 5351 162
4121 5351 114
31 5352 451
4984 5352 185
2608 5353 353
2571 5354 472
4513 5354 423
5200 5354 338
1593 5355 386
3298 5355 139
4109 5355 309
2136 5356 518
3001 5356 164
4294 5356 521
2372 5357 640
2611 5357 108
2620 5358 885
3641 5358 514
4589 5358 499
5269 5358 781
2020 5359 219
2829 5359 102
3742 5360 121
1888 5361 404
292 5362 282
537 5362 556
2396 5362 209
2465 5362 101
5103 5362 592
3439 5363 659
4700 5363 114
5145 5364 204
3156 5365 286
4632 5365 111
2235 5366 324
2818 5367 354
704 5368 242
1720 5368 162
362 5369 120
1591 5369 320
4827 5369 726
4910 5369 843
324 5370 589
1065 5370 123
5187 5370 156
1056 5371 141
3020 5372 142
526 5373 207
1548 5373 130
5162 5373 134
3973 5374 490
4372 5374 548
400 5375 132
645 5375 911
1090 5375 158
1547 5375 331
1781 5375 136
3570 5375 755
1412 5376 184
2743 5376 369
4203 5376 350
3826 5377 290
4103 5377 714
1972 5378 197
4954 5378 166
2132 5379 905
2351 5379 315
4480 5379 754
2513 5380 237
4116 5380 395
1537 5381 217
1746 5381 205
4027 5381 426
1003 5382 148
822 5383 307
1630 5384 146
4409 5384 436
4448 5384 236
2600 5385 404
1440 5386 452
5271 5386 357
110 5387 594
28 5388 777
2132 5388 292
4926 5388 140
2216 5389 171
2478 5389 170
5195 5390 430
2445 5391 132
2941 5391 809
3048 5391 177
159 5392 141
2241 5393 207
2600 5393 290
4637 5393 399
1033 5394 199
4271 5394 115
557 5395 439
811 5395 484
1602 5396 339
1852 5396 179
2073 5396 177
3405 5396 179
3439 5396 260
5134 5396 305
2283 5397 148
3519 5397 395
10 5398 135
111 5398 149
4977 5398 110
2451 5399 244
2914 5399 183
4411 5399 940
230 5400 436
4188 5401 193
5075 5401 253
4041 5402 213
3319 5403 212
1073 5404 141
3103 5404 259
572 5405 189
1251 5405 530
1943 5405 188
395 5406 334
2698 5406 194
1023 5407 273
1628 5407 130
4741 5407 656
289 5408 322
3638 5408 213
4257 5409 359
4680 5409 360
1913 5410 831
2565 5410 219
661 5411 446
2030 5411 884
4955 5411 139
5201 5411 873
446 5412 239
2228 5412 438
2781 5412 241
806 5413 161
1376 5413 223
4277 5414 371
3937 5415 121
1796 5416 140
2251 5416 795
4321 5416 149
337 5417 378
1644 5417 572
4964 5417 254
145 5418 609
1376 5418 239
1802 5418 475
2387 5418 460
3510 5418 444
3765 5418 455
5340 5418 419
3902 5419 358
4203 5419 310
5100 5419 274
2575 5420 217
1159 5421 211
1470 5421 120
1253 5422 213
2047 5422 646
3494 5422 975
4142 5422 250
4763 5422 569
628 5423 381
3119 5423 159
3362 5423 358
3331 5424 460
3848 5424 164
4220 5424 290
4923 5424 734
759 5425 718
3060 5425 251
4748 5425 228
1583 5426 524
2315 5426 330
2729 5426 338
1044 5427 128
3329 5427 254
3337 5427 131
3726 5427 736
3817 5427 952
631 5428 216
3157 5428 577
3258 5428 193
4011 5428 320
4805 5428 150
868 5429 824
1298 5429 701
2826 5430 339
2831 5430 177
460 5431 123
4059 5431 254
523 5432 919
983 5432 213
2193 5432 221
2220 5432 297
4340 5432 280
3432 5433 511
2587 5434 363
4262 5434 222
688 5435 342
4231 5435 275
1648 5436 250
1190 5437 176
1432 5438 952
136 5439 600
446 5439 428
4320 5440 167
3219 5441 383
1618 5442 578
5289 5442 339
609 5443 559
903 5444 904
1340 5444 287
5416 5444 860
4651 5445 108
178 5446 252
616 5446 264
4148 5446 283
1152 5447 285
1939 5447 969
2890 5447 544
3705 5447 509
4418 5447 116
3056 5448 450
344 5449 241
1521 5449 885
2946 5449 254
516 5450 983
1297 5450 152
5226 5450 316
578 5451 393
1557 5451 404
2277 5451 677
650 5452 140
1617 5452 270
2722 5452 165
2730 5452 424
4438 5452 374
3574 5453 118
4622 5453 282
2298 5454 326
3172 5454 237
711 5455 168
3061 5455 131
4816 5455 732
1834 5456 354
1960 5456 155
3041 5456 183
5282 5456 484
3048 5457 466
5134 5458 239
3045 5459 102
757 5460 114
2942 5460 398
3650 5460 210
413 5461 249
1990 5461 566
3344 5461 333
3603 5461 395
4876 5461 136
4713 5462 411
425 5463 121
197 5464 526
2383 5464 156
4111 5464 251
2580 5465 435
2981 5465 138
2240 5466 294
1017 5467 411
1191 5467 790
4017 5467 268
659 5468 507
2966 5468 187
5301 5468 271
2314 5469 109
85 5470 269
657 5470 228
1690 5470 486
4710 5470 275
595 5471 166
1187 5471 373
3285 5471 123
2390 5472 533
1007 5473 152
162 5474 384
551 5474 336
4903 5475 139
1449 5476 469
4761 5476 586
4315 5477 235
3822 5478 211
3937 5478 125
2060 5479 972
421 5480 208
1686 5480 328
4389 5480 296
777 5481 232
5260 5482 918
366 5483 340
1385 5483 142
5042 5483 447
4796 5484 299
5018 5485 281
1033 5486 589
1495 5486 472
3727 5486 614
3815 5487 765
4185 5487 244
4281 5487 251
1587 5488 228
3996 5488 373
4639 5488 136
3931 5489 288
278 5490 113
4106 5490 148
4161 5490 229
499 5491 137
3279 5491 834
4907 5491 963
4746 5492 383
4906 5492 172
2458 5493 496
3399 5493 165
2592 5494 109
4789 5494 284
2006 5495 526
4841 5495 199
1775 5496 219
3928 5496 410
5299 5496 837
1531 5497 141
2727 5497 280
3646 5498 607
3835 5498 137
5223 5498 165
627 5499 402
2120 5499 308
2167 5499 464
2179 5499 334
3318 5500 256
3985 5500 530
4081 5500 353
5189 5500 732
