1
0
1
1
1000000
0
0
0
0
1
20 31 216
21 57 245
74 80 215
6 87 238
81 103 278
78 111 165
46 121 113
109 122 123
71 134 273
47 147 191
128 151 244
89 176 365
164 181 362
40 191 308
123 205 199
133 205 159
95 212 332
180 214 261
128 219 996
20 230 180
155 233 106
103 238 198
159 243 145
109 249 212
120 253 186
55 257 133
252 257 301
215 273 284
238 274 117
211 279 170
79 282 181
173 300 109
242 302 765
177 317 318
204 317 193
141 320 203
100 321 321
213 322 324
187 324 334
153 325 122
148 328 134
69 332 157
32 333 171
158 338 238
25 340 161
92 342 231
315 346 158
4 348 177
292 349 137
296 349 176
310 349 221
159 353 234
165 359 279
159 360 196
280 363 157
330 366 369
254 377 184
34 378 303
140 380 199
298 382 108
41 385 125
14 387 109
294 393 772
105 402 605
296 403 948
297 408 252
115 409 352
201 411 125
281 411 829
122 412 193
175 416 289
182 422 117
185 423 140
119 424 310
193 432 224
326 432 385
95 438 344
198 440 267
253 441 281
173 449 317
19 450 187
420 451 100
442 451 136
357 459 190
52 460 194
56 460 291
123 462 121
215 463 277
81 465 166
87 466 312
299 467 308
130 469 162
55 472 254
86 473 263
470 473 247
153 475 382
111 479 326
158 484 132
427 485 323
314 494 133
95 496 192
105 496 257
55 497 182
5 498 726
482 498 351
384 500 235
217 501 284
272 503 278
308 505 312
9 507 103
13 509 326
417 513 324
154 514 344
236 517 282
391 518 239
403 521 146
431 522 190
51 532 359
46 533 774
438 534 208
14 539 712
15 539 164
446 540 144
334 542 126
29 544 920
519 548 178
475 549 170
65 551 263
303 555 206
505 562 185
372 563 135
456 565 337
390 566 113
433 566 142
458 571 312
383 572 197
343 574 185
501 574 234
540 576 110
63 577 268
106 579 117
403 579 301
443 582 155
262 583 164
405 588 139
82 589 211
389 589 207
200 591 855
552 593 240
581 595 282
518 598 349
3 599 172
252 601 191
305 601 140
361 603 932
76 604 166
317 604 158
444 604 212
155 605 215
83 609 138
116 609 256
314 613 302
442 615 100
40 619 906
425 620 203
132 621 184
265 621 217
582 621 301
245 623 225
275 625 205
447 625 222
350 627 318
568 627 220
402 628 793
278 629 157
320 629 710
570 629 194
562 630 250
104 638 247
580 638 254
282 644 266
237 647 272
389 648 156
223 650 132
457 651 208
22 653 210
254 653 254
68 655 269
31 659 180
311 660 322
71 665 211
90 665 369
237 669 320
272 669 150
439 673 381
614 674 804
239 676 110
255 679 986
344 680 332
468 682 145
112 684 309
246 685 607
666 687 247
110 688 269
157 690 231
78 691 796
274 692 164
70 697 263
277 699 198
12 702 130
503 703 287
572 703 135
223 704 162
424 709 231
228 712 105
435 712 180
294 714 267
444 714 279
354 716 239
493 718 164
136 719 304
632 719 274
480 720 794
101 723 161
516 725 195
270 726 183
81 729 143
91 729 328
523 731 177
622 733 253
383 736 112
693 736 271
209 737 222
594 737 207
137 738 315
651 740 238
470 745 111
533 747 340
615 748 348
116 752 365
725 752 292
689 755 113
92 758 138
305 758 329
637 760 313
13 761 747
353 762 987
700 765 989
268 766 215
643 768 147
524 769 100
681 771 179
747 771 327
240 779 921
91 781 793
563 783 303
742 784 114
477 787 231
759 789 775
52 790 177
745 791 188
138 792 196
328 797 305
194 798 193
108 799 176
583 799 241
30 801 150
723 802 929
769 802 640
448 803 167
434 804 164
24 805 253
218 805 321
673 806 137
249 807 154
678 807 200
691 807 216
217 808 364
374 809 222
388 810 184
7 811 203
64 811 361
295 811 202
590 812 921
558 814 187
343 815 138
394 815 176
58 818 329
250 819 274
649 823 205
732 823 108
157 824 201
567 825 206
331 826 217
534 826 197
364 827 316
250 831 253
385 833 237
187 834 225
225 834 243
645 836 156
151 837 199
595 837 358
593 839 177
450 841 135
182 842 284
22 846 262
48 850 283
658 851 196
686 852 292
663 853 211
489 855 150
174 857 221
701 858 299
778 859 231
418 861 667
661 862 827
853 863 169
33 864 219
290 868 366
610 870 688
732 874 186
619 875 207
356 876 861
2 877 203
492 878 145
224 879 883
245 880 238
350 880 190
503 880 173
633 881 123
461 882 606
368 883 246
430 884 140
388 885 292
617 885 175
45 890 185
679 892 334
740 894 457
171 896 216
520 897 197
23 898 229
819 901 210
26 902 318
490 902 144
145 903 204
605 903 196
521 907 324
54 908 152
174 910 282
491 910 207
714 911 208
70 912 882
118 912 461
297 914 222
156 918 276
180 919 179
385 919 113
369 920 128
417 920 123
433 921 111
917 921 180
885 923 230
852 924 172
623 925 149
537 926 166
726 926 738
866 928 281
287 929 263
907 929 242
346 930 129
373 930 216
619 931 170
855 931 171
418 934 211
675 934 425
780 935 177
255 937 519
682 937 226
476 938 125
654 939 272
280 940 194
618 940 597
841 941 139
821 942 162
231 943 191
273 943 236
516 945 134
414 946 236
911 946 884
363 947 155
299 949 151
465 950 128
423 953 128
28 955 347
772 957 702
752 963 288
724 964 286
185 965 231
90 966 202
661 966 126
567 967 182
342 970 139
847 971 233
402 972 891
769 972 336
187 973 142
108 974 138
722 975 163
392 976 265
728 977 943
874 978 141
183 979 168
536 980 157
461 982 360
491 983 135
787 983 199
400 984 164
844 985 199
867 986 208
916 986 334
610 987 234
200 988 269
487 989 303
129 991 721
544 991 178
304 992 147
521 992 201
988 993 296
109 994 190
408 994 208
898 995 923
29 996 306
516 997 663
574 998 251
680 998 142
401 999 108
905 999 370
905 1000 211
614 1001 156
740 1001 226
774 1001 169
379 1002 193
700 1003 281
318 1005 306
101 1008 802
207 1009 160
776 1010 353
261 1012 187
443 1016 151
585 1016 260
689 1017 241
706 1019 272
283 1020 191
499 1020 341
549 1020 141
884 1021 197
258 1022 201
593 1023 924
149 1024 748
130 1025 125
323 1026 164
647 1026 170
773 1026 240
186 1027 321
428 1029 247
968 1030 419
236 1031 130
264 1031 239
207 1032 178
971 1032 256
854 1033 261
29 1034 291
298 1035 827
591 1036 148
133 1038 226
742 1038 175
315 1039 300
757 1039 199
9 1041 180
808 1042 133
140 1044 245
827 1045 173
172 1049 281
181 1050 231
472 1050 242
546 1051 473
662 1051 255
164 1052 376
760 1053 161
763 1056 136
632 1058 177
10 1059 181
469 1060 264
717 1061 159
835 1064 799
687 1065 127
727 1067 252
372 1069 242
916 1069 112
1048 1071 232
426 1072 218
719 1072 215
232 1073 540
675 1073 183
974 1074 151
499 1075 834
549 1075 255
59 1076 258
932 1076 328
437 1079 903
524 1081 296
1055 1081 295
72 1082 184
91 1083 341
616 1083 207
500 1084 114
975 1086 147
561 1089 109
661 1090 157
810 1090 626
18 1094 288
1008 1094 144
865 1095 173
924 1095 353
387 1096 283
354 1097 173
486 1097 288
952 1097 289
106 1098 126
691 1098 197
1046 1100 893
564 1101 310
113 1103 110
267 1104 137
843 1104 100
65 1107 167
291 1107 337
354 1107 236
576 1111 281
960 1112 248
400 1113 139
878 1114 207
345 1115 297
677 1120 298
668 1123 265
493 1127 184
322 1128 186
672 1128 275
381 1129 203
495 1129 226
744 1130 148
530 1131 278
707 1131 129
878 1131 246
241 1132 476
214 1134 384
1014 1134 224
431 1135 375
111 1136 116
1086 1137 344
312 1138 290
803 1138 146
8 1139 310
674 1139 175
61 1142 284
1118 1143 158
685 1145 336
783 1145 225
48 1146 945
399 1146 137
319 1147 234
83 1153 361
1062 1154 245
287 1157 478
360 1157 196
757 1157 223
270 1158 368
532 1158 328
138 1159 252
513 1160 119
756 1161 139
93 1162 201
1148 1165 160
177 1167 185
1048 1167 214
350 1169 261
764 1169 187
526 1170 201
1063 1172 159
142 1177 173
681 1178 280
770 1179 176
1122 1179 330
227 1180 255
38 1182 660
392 1182 199
208 1184 339
248 1185 235
797 1185 740
240 1186 908
715 1186 164
507 1187 100
978 1188 199
1099 1189 240
707 1190 118
1126 1191 161
1151 1191 214
326 1192 228
671 1193 156
774 1194 199
833 1195 258
1048 1195 133
397 1196 411
436 1197 181
832 1197 182
506 1199 294
876 1199 265
800 1200 393
35 1201 139
657 1201 885
474 1202 182
883 1203 179
129 1204 207
697 1204 215
602 1205 565
886 1205 159
87 1207 678
85 1208 253
329 1209 273
497 1209 274
502 1210 183
813 1210 149
864 1211 206
835 1212 265
399 1213 341
944 1213 135
678 1214 200
1198 1214 130
216 1215 330
1154 1216 986
143 1219 157
490 1219 290
688 1220 145
1122 1221 141
694 1223 467
849 1223 611
922 1224 327
324 1225 536
565 1226 171
568 1227 306
33 1229 145
66 1230 119
585 1230 140
865 1230 235
786 1231 257
935 1232 153
1077 1232 138
681 1233 171
887 1233 163
552 1238 238
1195 1240 248
276 1242 160
958 1244 207
612 1245 203
648 1246 813
1148 1246 266
806 1247 339
86 1248 237
359 1250 229
948 1250 188
1061 1252 253
1093 1252 219
490 1253 211
650 1253 284
1168 1253 114
54 1254 274
1143 1254 273
348 1255 163
125 1256 835
816 1256 201
844 1258 229
508 1260 222
1030 1260 255
182 1261 150
437 1264 188
773 1266 187
1242 1266 194
248 1267 847
164 1269 254
1066 1269 170
65 1271 359
639 1271 198
1264 1272 206
716 1273 142
275 1274 127
907 1274 343
1168 1274 170
384 1275 169
559 1275 201
832 1275 205
63 1276 208
205 1277 248
872 1278 145
279 1279 846
1272 1279 657
670 1281 790
1035 1283 208
36 1284 288
918 1284 290
221 1285 196
734 1285 923
556 1286 862
990 1286 964
481 1287 165
42 1288 127
895 1288 319
476 1289 164
644 1289 174
660 1289 291
893 1290 258
1058 1290 284
722 1294 192
337 1295 249
267 1297 222
452 1298 233
741 1298 180
229 1299 150
770 1301 230
310 1302 329
1182 1302 344
131 1303 135
820 1303 157
406 1304 130
597 1304 129
292 1305 225
335 1305 315
665 1306 213
779 1307 194
974 1307 602
1087 1308 319
119 1309 330
1042 1309 314
146 1310 183
856 1311 232
751 1312 676
615 1316 204
788 1316 387
904 1319 257
217 1321 236
947 1321 245
208 1322 249
494 1323 156
1241 1323 411
968 1324 152
1080 1324 186
1070 1326 258
1281 1326 162
325 1327 967
1088 1330 818
866 1331 310
1100 1331 228
115 1332 164
183 1334 282
1245 1334 290
571 1335 200
585 1337 366
605 1337 194
93 1339 198
997 1339 604
930 1341 751
1069 1342 197
1233 1344 224
371 1345 433
916 1345 833
248 1346 571
1014 1347 188
1335 1347 285
125 1348 191
696 1348 145
94 1349 329
553 1349 201
835 1349 168
800 1352 214
413 1353 192
443 1354 182
445 1354 192
411 1356 117
666 1356 253
1133 1357 238
27 1360 244
900 1361 310
1353 1361 150
16 1362 143
246 1362 161
1313 1362 125
1055 1363 279
376 1364 119
330 1365 374
1098 1365 860
471 1366 259
1013 1366 361
1089 1367 194
1120 1367 321
59 1368 211
901 1368 243
906 1369 169
479 1370 284
1339 1370 229
861 1371 152
108 1372 218
1194 1373 118
1285 1373 222
321 1374 347
564 1374 274
887 1375 127
952 1375 464
545 1378 653
734 1379 137
406 1380 136
1046 1380 320
1345 1380 236
342 1381 342
1240 1381 208
2 1382 249
455 1382 315
1043 1384 195
894 1385 267
830 1388 185
1036 1388 114
6 1389 398
224 1389 104
313 1393 339
1244 1393 209
1279 1393 239
489 1394 372
1158 1395 248
667 1396 136
1034 1396 173
1336 1397 312
450 1398 928
209 1402 178
910 1403 941
871 1404 246
624 1405 186
1106 1405 248
509 1406 287
611 1406 303
836 1406 152
162 1408 141
340 1408 129
1350 1410 312
963 1411 260
179 1412 324
432 1412 289
86 1414 262
156 1416 256
801 1416 181
1070 1419 210
54 1420 110
1033 1422 183
99 1423 583
275 1423 227
34 1424 250
698 1424 373
755 1424 254
1344 1428 323
1372 1428 185
422 1429 227
710 1430 285
320 1431 101
970 1432 232
39 1433 214
717 1434 329
98 1435 278
68 1436 319
1386 1436 188
1401 1436 421
598 1438 174
620 1439 210
1105 1439 314
154 1440 278
981 1440 123
1257 1441 250
33 1442 285
1414 1442 191
162 1445 459
1102 1446 978
15 1447 185
1301 1447 192
1303 1447 188
396 1448 200
671 1448 153
816 1448 319
120 1449 262
167 1449 177
795 1449 258
434 1451 146
247 1452 314
828 1453 834
26 1455 219
226 1455 167
1218 1455 167
30 1456 344
267 1456 313
596 1457 220
1127 1457 280
341 1458 300
304 1460 130
908 1460 188
448 1461 371
855 1462 291
1394 1462 194
675 1465 277
1429 1466 255
263 1467 203
791 1468 195
526 1471 269
1383 1471 262
56 1472 208
784 1473 125
1155 1474 168
1355 1475 298
1408 1475 123
556 1476 127
1017 1476 251
698 1477 272
49 1480 136
666 1480 150
447 1481 347
27 1482 150
789 1482 165
189 1483 241
358 1483 247
759 1484 147
266 1485 246
75 1486 178
849 1486 509
472 1487 137
1062 1488 211
1304 1488 101
436 1489 118
964 1489 202
483 1490 115
1073 1490 110
439 1491 289
274 1492 165
886 1492 566
12 1494 220
487 1494 162
5 1495 279
1483 1495 238
285 1496 205
1004 1496 355
1316 1497 227
410 1498 334
1461 1498 657
400 1499 184
755 1501 106
692 1502 246
1273 1503 268
1311 1503 249
464 1505 153
1184 1506 248
82 1507 154
667 1507 312
211 1508 238
754 1508 178
433 1509 284
1005 1509 176
118 1510 120
1163 1510 203
463 1511 172
1204 1511 307
1119 1512 112
1206 1513 134
459 1514 313
1054 1515 838
853 1516 109
191 1518 212
619 1518 998
204 1521 158
1135 1521 599
1346 1521 113
1018 1522 208
520 1524 151
298 1525 325
512 1526 276
961 1526 243
914 1527 222
702 1528 238
995 1529 199
1446 1529 675
124 1530 108
1482 1530 261
657 1531 346
63 1532 299
888 1533 370
915 1534 195
1437 1534 346
453 1535 102
1444 1535 106
749 1536 337
1199 1536 171
244 1537 835
41 1538 322
56 1540 139
336 1541 130
1054 1541 160
277 1542 203
344 1542 241
938 1543 320
1387 1543 375
1 1545 148
96 1546 245
235 1546 276
1330 1546 245
1053 1547 118
1352 1547 279
1425 1547 175
647 1548 225
1443 1549 196
1403 1550 138
858 1552 208
1484 1553 230
1055 1555 156
1017 1556 220
66 1558 266
828 1558 177
753 1559 289
1551 1559 210
473 1561 380
18 1562 366
452 1562 290
652 1562 220
1500 1563 237
1108 1564 195
1364 1564 305
431 1565 275
220 1566 162
775 1566 285
996 1567 695
536 1568 259
1515 1569 324
3 1570 291
372 1570 251
1327 1570 376
1178 1571 377
1561 1571 142
276 1572 129
537 1572 219
704 1572 186
4 1573 119
764 1573 212
1371 1573 224
268 1574 112
551 1574 820
652 1574 204
829 1575 247
1360 1575 153
864 1576 179
1520 1576 366
299 1577 259
1323 1577 178
510 1578 220
578 1579 385
1548 1579 649
407 1580 149
881 1581 288
239 1582 149
1306 1582 376
697 1583 194
705 1583 266
11 1584 161
631 1584 968
1132 1585 153
915 1586 189
1096 1587 198
281 1588 125
1173 1588 108
1003 1589 235
426 1590 203
1085 1590 138
948 1591 151
329 1592 996
1256 1592 604
1397 1593 216
956 1595 230
1395 1595 215
780 1596 156
1252 1596 267
175 1597 257
1207 1597 288
202 1598 317
958 1599 251
1427 1599 188
711 1600 718
838 1600 159
1328 1600 420
825 1601 198
106 1602 338
407 1603 210
1255 1603 227
678 1605 313
1333 1605 226
1067 1606 288
1144 1606 206
1312 1606 246
1220 1607 270
1351 1607 339
798 1609 735
1133 1609 226
251 1610 165
1064 1610 127
419 1611 311
749 1611 206
395 1613 250
640 1613 178
321 1614 263
412 1614 357
640 1616 285
563 1618 263
1280 1618 303
984 1619 491
1293 1619 207
573 1621 157
1011 1621 162
1580 1621 133
43 1622 145
913 1622 269
293 1623 151
2 1625 178
290 1625 342
953 1626 146
979 1626 734
557 1627 142
959 1628 190
1108 1628 563
198 1629 829
1101 1630 177
1320 1630 215
1325 1631 122
559 1632 199
101 1633 294
1021 1633 354
113 1634 240
843 1635 320
123 1637 159
1243 1637 141
325 1638 164
1025 1638 227
840 1639 139
1283 1640 221
1608 1640 970
103 1641 308
1153 1641 395
865 1643 211
127 1644 131
1460 1644 215
1333 1645 373
1561 1645 160
192 1646 247
422 1646 318
149 1647 218
581 1649 146
1479 1649 166
1479 1650 265
192 1651 145
962 1652 214
884 1653 528
1322 1653 124
1099 1654 341
1466 1654 292
355 1655 286
1014 1655 234
312 1656 136
1383 1656 102
284 1657 166
1052 1657 173
546 1658 292
1642 1658 211
249 1659 174
197 1660 168
340 1660 206
1360 1661 281
538 1662 148
737 1662 305
789 1662 362
794 1663 127
1451 1663 256
280 1664 151
482 1664 212
1359 1664 143
933 1665 292
1416 1665 106
441 1666 163
148 1667 246
1152 1667 210
985 1668 740
1187 1668 154
1453 1669 324
389 1670 373
893 1670 259
230 1672 195
343 1672 109
6 1673 994
151 1673 168
823 1674 203
309 1675 272
1429 1675 131
760 1676 150
1617 1677 167
429 1678 199
1651 1678 179
1228 1679 972
1068 1680 857
1293 1681 184
710 1682 352
786 1682 246
1494 1683 278
53 1684 246
306 1684 178
883 1684 274
336 1685 753
796 1685 298
1188 1685 184
1567 1686 702
207 1688 147
786 1689 265
1063 1690 778
1080 1691 343
830 1692 298
1620 1692 304
445 1693 973
663 1693 180
914 1694 289
739 1696 180
318 1697 232
1150 1697 327
100 1698 281
1350 1698 198
987 1699 268
8 1700 157
1534 1701 152
328 1702 204
1390 1702 249
1340 1704 121
1425 1705 667
1599 1705 694
980 1706 211
134 1707 233
144 1707 199
810 1707 250
993 1708 160
37 1709 324
221 1709 111
430 1710 126
1189 1710 333
429 1711 140
687 1711 115
1286 1712 267
1276 1714 183
1520 1714 608
40 1715 257
412 1715 125
1474 1715 209
1024 1717 302
174 1718 209
1371 1719 117
163 1720 181
750 1720 301
684 1721 225
515 1722 175
561 1722 491
141 1723 126
1076 1724 234
1640 1724 761
746 1725 180
204 1726 123
1689 1726 894
1353 1727 157
21 1728 195
736 1728 152
361 1729 210
900 1729 166
1074 1730 336
543 1731 292
903 1731 218
912 1732 874
538 1733 188
586 1733 348
1006 1733 163
511 1735 110
620 1736 293
1652 1736 261
44 1738 173
842 1739 181
1598 1739 220
781 1740 201
662 1741 191
1196 1742 195
577 1743 148
8 1744 328
61 1745 214
1691 1745 767
965 1746 275
319 1747 324
1152 1747 140
1692 1748 174
813 1749 210
189 1750 446
1044 1750 113
1637 1750 214
1176 1751 194
1452 1751 283
1430 1753 113
995 1754 259
1028 1755 520
1716 1755 370
45 1756 288
735 1756 926
1459 1756 279
457 1757 270
1708 1757 175
365 1758 173
1318 1758 899
598 1760 191
891 1760 337
1526 1760 257
502 1761 188
891 1761 169
1527 1761 162
206 1762 926
435 1762 130
229 1764 165
881 1764 139
1555 1764 876
1735 1765 430
52 1767 148
1672 1767 105
923 1768 830
1282 1768 208
1334 1768 220
1019 1770 915
1219 1770 288
767 1771 196
843 1771 178
979 1772 278
1658 1772 337
469 1773 251
554 1774 428
1140 1774 335
72 1775 256
1434 1775 273
1623 1776 262
1715 1776 323
709 1777 220
40 1779 143
785 1779 156
875 1779 342
607 1780 113
421 1781 171
1130 1781 231
1697 1781 133
485 1782 255
1007 1782 279
1037 1782 247
893 1783 287
1241 1784 268
1577 1784 330
62 1785 220
296 1786 153
306 1787 341
514 1787 136
764 1788 233
1109 1788 122
220 1789 280
247 1789 149
1493 1790 124
1381 1791 272
1458 1791 114
289 1792 186
1477 1792 148
1563 1792 111
337 1793 143
680 1793 183
409 1794 585
683 1794 166
1040 1794 641
1012 1795 365
1102 1796 371
365 1797 214
172 1799 141
858 1799 314
486 1801 116
1409 1801 272
950 1802 186
1379 1802 135
150 1803 309
1063 1803 161
761 1804 161
1040 1805 213
1085 1805 961
279 1806 219
720 1806 894
1111 1806 139
1234 1807 222
1263 1808 187
1748 1808 193
375 1810 231
32 1811 298
1028 1812 355
985 1813 203
478 1814 315
713 1814 935
278 1816 256
668 1816 175
935 1816 922
1581 1818 129
1630 1818 215
246 1820 149
822 1820 318
1474 1823 143
636 1824 214
766 1824 383
271 1825 572
1019 1825 335
277 1826 291
355 1826 177
1819 1826 144
917 1827 203
1710 1827 281
1190 1828 227
1701 1828 808
185 1829 186
220 1829 125
817 1830 207
357 1831 369
414 1832 208
1356 1832 341
1478 1832 285
861 1833 330
1505 1833 188
126 1834 690
140 1836 132
962 1836 258
303 1837 288
23 1838 358
1222 1838 342
460 1839 163
373 1840 154
1481 1840 115
1220 1842 281
1106 1843 214
1752 1845 813
564 1846 225
281 1847 264
1109 1847 189
80 1848 138
815 1849 249
1659 1849 176
1 1850 143
161 1851 211
1023 1851 176
157 1852 210
1386 1852 241
376 1853 271
1239 1853 149
1181 1854 510
176 1855 257
179 1856 126
975 1857 206
983 1857 138
1037 1859 128
167 1860 217
295 1860 620
1006 1860 229
1346 1861 261
1830 1861 177
419 1862 205
754 1862 132
1735 1862 283
300 1864 202
1329 1865 668
611 1866 289
71 1867 710
1077 1867 201
1643 1867 214
366 1868 168
594 1868 292
1038 1868 105
1243 1869 240
1397 1869 885
1665 1869 365
1844 1870 245
886 1871 182
949 1871 178
1205 1871 223
380 1872 280
721 1873 224
535 1874 279
1817 1874 217
1062 1875 368
1088 1875 173
84 1876 783
346 1876 280
1005 1876 315
1225 1877 273
1822 1877 105
239 1878 137
1554 1879 194
347 1880 139
1297 1880 282
1140 1881 227
1610 1881 297
1757 1881 302
23 1882 133
1441 1882 120
79 1883 803
1649 1884 171
7 1886 217
1051 1887 273
692 1889 934
208 1890 660
386 1891 244
1312 1891 127
1631 1891 226
438 1892 746
456 1892 270
551 1892 269
649 1894 327
1317 1894 277
3 1895 265
1141 1895 114
339 1896 237
1310 1897 221
1330 1897 283
1418 1897 169
420 1898 175
572 1899 567
1443 1899 214
1586 1899 177
425 1900 146
505 1900 923
67 1901 287
1335 1901 598
663 1902 175
1738 1902 578
969 1903 156
1342 1903 201
1443 1904 270
1045 1905 263
1081 1905 150
631 1906 181
1615 1906 784
1747 1907 223
153 1909 262
1552 1909 254
201 1910 292
117 1911 720
686 1911 492
12 1912 177
335 1912 201
1407 1912 222
713 1914 215
1676 1914 228
708 1915 160
1264 1915 275
211 1916 231
859 1916 154
1295 1916 104
774 1917 313
82 1918 654
362 1918 104
410 1919 106
992 1919 130
150 1920 239
1125 1920 231
1903 1920 273
946 1921 289
1144 1921 161
869 1922 157
1095 1922 149
1320 1922 149
820 1923 135
1736 1923 180
17 1924 968
899 1924 150
582 1925 343
1523 1925 201
269 1926 200
1070 1926 217
1121 1927 172
393 1928 145
1175 1928 171
17 1929 181
1011 1929 318
316 1930 185
1022 1930 109
233 1931 331
259 1931 343
1737 1932 205
1290 1933 122
259 1935 141
590 1935 276
1139 1936 798
1161 1936 194
1863 1937 227
952 1938 243
1302 1938 196
1487 1938 223
75 1939 300
1631 1939 872
1913 1940 196
1815 1941 153
1078 1942 155
1743 1942 251
47 1943 141
1930 1943 263
959 1944 126
1502 1944 331
1888 1944 273
401 1946 155
541 1946 186
1470 1947 215
251 1948 196
929 1948 329
670 1949 307
1909 1951 180
1123 1952 320
1249 1952 231
352 1953 730
597 1953 127
721 1953 124
1378 1954 131
1438 1954 307
1254 1955 676
816 1956 288
627 1957 483
792 1957 148
110 1958 243
1128 1958 120
1751 1958 121
391 1959 109
442 1959 217
194 1960 784
1594 1960 353
293 1961 178
922 1961 188
1402 1961 212
645 1962 240
1376 1962 176
734 1963 115
118 1964 278
524 1964 340
664 1964 323
1725 1965 352
1080 1966 139
1666 1966 268
436 1967 194
1430 1967 188
1400 1968 267
1473 1968 164
377 1969 316
1674 1969 237
956 1970 254
1691 1970 243
114 1972 181
235 1972 336
839 1972 143
316 1973 148
474 1973 200
957 1973 104
592 1975 268
1609 1975 202
1785 1975 374
506 1976 227
836 1977 224
1549 1977 265
649 1978 150
1029 1978 319
1143 1978 851
1115 1979 138
1392 1980 176
1174 1981 170
1321 1981 169
1615 1981 579
711 1982 237
1047 1982 238
595 1983 245
60 1984 155
304 1985 147
1000 1985 737
1071 1985 121
988 1986 173
1790 1986 525
922 1987 144
1752 1987 170
357 1988 131
1864 1990 329
1601 1991 191
743 1992 137
1432 1992 246
1935 1993 376
336 1994 221
1059 1994 138
1369 1995 193
1236 1997 233
1818 1997 185
196 1998 256
1159 1998 155
511 1999 114
1719 1999 249
145 2000 125
1971 2000 283
170 2001 225
532 2001 215
1300 2001 197
481 2002 187
509 2003 241
1072 2003 109
416 2004 550
587 2004 341
1979 2005 287
14 2006 125
751 2006 192
724 2007 228
1409 2008 301
1907 2008 306
921 2009 140
404 2011 198
1156 2011 579
706 2012 114
748 2012 208
596 2013 204
715 2013 104
1634 2013 191
92 2014 279
366 2014 609
1064 2014 117
190 2015 299
517 2016 231
845 2016 125
1858 2016 107
965 2017 207
1545 2017 259
950 2018 123
1442 2018 118
1632 2019 280
646 2020 309
1886 2020 299
387 2021 295
427 2021 100
1519 2022 152
1488 2023 227
1663 2023 323
1263 2024 137
1469 2024 214
1538 2024 289
25 2025 197
924 2026 160
1797 2027 238
121 2028 211
544 2028 239
1387 2029 103
1767 2029 217
506 2030 913
1579 2030 134
1049 2031 296
1966 2031 437
1059 2032 147
1708 2032 153
1156 2033 892
1749 2033 153
398 2034 306
535 2036 855
860 2036 171
77 2037 702
289 2037 211
50 2038 303
1211 2038 138
1431 2038 953
73 2039 177
637 2039 247
867 2040 205
193 2041 176
15 2042 103
1648 2042 193
202 2043 112
53 2044 158
1105 2044 230
1963 2044 250
531 2045 182
741 2046 281
1960 2046 192
990 2047 190
62 2048 184
763 2048 579
1709 2049 200
76 2050 148
88 2050 229
1091 2050 529
1544 2051 154
1704 2052 118
513 2053 215
600 2053 771
1732 2053 219
967 2054 128
1995 2054 276
369 2055 218
793 2055 200
1419 2055 326
137 2056 204
329 2056 267
1893 2056 184
468 2057 263
682 2057 314
696 2057 198
1317 2058 238
1466 2058 471
1974 2058 122
1404 2059 411
489 2060 226
658 2060 333
1669 2061 325
940 2062 313
1950 2062 279
424 2063 138
1149 2063 289
2061 2064 213
94 2065 134
845 2065 372
125 2066 141
457 2066 211
1387 2066 163
758 2067 185
596 2068 293
1194 2068 257
161 2069 215
1359 2069 278
42 2070 216
1971 2070 183
744 2071 231
1602 2071 257
1840 2071 186
1454 2072 816
570 2073 238
1172 2074 198
1327 2075 472
917 2076 150
1504 2076 188
1183 2077 146
1989 2077 986
1720 2078 270
1969 2078 248
1144 2079 183
530 2081 212
1620 2081 139
1137 2082 326
1167 2082 160
2015 2082 277
990 2083 199
1057 2083 599
1299 2083 336
1115 2084 290
1133 2084 320
1688 2084 208
1239 2085 646
1395 2086 137
1950 2086 122
327 2087 256
741 2087 309
1945 2087 199
982 2088 349
1898 2088 249
793 2089 245
1887 2089 166
534 2090 197
712 2090 193
1052 2090 891
523 2091 149
642 2092 185
1370 2092 243
255 2093 265
1435 2093 225
1811 2093 113
235 2094 212
1018 2094 199
1438 2094 216
909 2095 254
554 2097 141
1948 2097 293
569 2098 238
1434 2098 242
2051 2098 190
1184 2099 204
1357 2099 183
195 2101 795
1982 2101 219
973 2102 140
1618 2104 164
1798 2104 213
291 2105 245
1250 2105 206
776 2107 286
1787 2107 851
1889 2108 218
720 2109 286
731 2109 635
112 2110 915
1539 2110 189
492 2111 231
1702 2111 240
1993 2111 174
223 2112 362
1524 2113 760
1789 2113 166
1908 2113 215
711 2114 282
1013 2115 172
1130 2115 959
1740 2116 204
1905 2116 174
783 2117 124
202 2118 692
203 2118 112
132 2119 164
273 2119 185
1584 2119 113
848 2120 359
1171 2121 210
1566 2122 184
1726 2122 315
560 2123 675
2002 2124 148
5 2125 358
375 2126 219
395 2126 129
801 2126 219
1431 2127 261
51 2128 245
1090 2128 336
1734 2128 128
733 2129 348
1262 2129 234
1332 2129 197
793 2130 145
967 2130 306
2025 2130 231
1508 2131 243
1147 2132 245
1280 2132 237
856 2133 250
857 2133 245
1942 2134 163
1734 2136 312
356 2137 100
487 2137 186
541 2137 262
575 2138 396
1078 2138 259
531 2139 251
1893 2139 235
1947 2140 337
726 2141 572
1983 2141 121
345 2142 170
1172 2142 190
2135 2143 253
1191 2144 172
1428 2144 235
351 2145 175
1205 2145 127
1421 2145 198
1492 2145 233
1871 2145 782
745 2146 280
956 2146 228
1500 2147 122
206 2148 227
222 2149 223
1117 2149 254
1763 2149 102
577 2150 108
635 2150 671
1075 2150 351
121 2151 197
1513 2151 123
2088 2151 163
825 2152 196
1556 2152 167
256 2153 231
1834 2153 205
1565 2154 221
1528 2155 227
2072 2155 172
331 2156 730
1652 2156 297
1440 2157 189
2120 2157 288
636 2158 121
2147 2158 115
1679 2159 314
641 2160 858
1242 2160 214
46 2161 255
102 2161 252
1315 2162 319
1834 2162 282
592 2163 132
1742 2163 269
314 2164 134
1323 2164 794
1258 2165 182
1119 2166 117
1152 2166 259
1638 2166 116
569 2167 133
1047 2167 177
1205 2168 829
1871 2168 287
352 2169 286
1418 2169 312
1914 2169 222
462 2170 320
495 2170 279
698 2170 373
212 2171 175
2138 2171 245
724 2172 726
1232 2172 237
548 2173 913
1164 2173 156
381 2174 223
491 2174 288
1153 2174 611
1238 2175 235
1426 2175 277
1753 2175 350
1110 2176 134
1514 2176 212
191 2177 379
1041 2178 107
1091 2178 199
879 2179 964
1272 2179 250
485 2180 295
1493 2180 236
143 2181 239
1807 2181 372
785 2182 732
1268 2182 207
1340 2182 189
2052 2182 181
840 2183 193
1564 2183 909
11 2184 283
2176 2184 107
167 2185 155
1328 2185 238
1417 2185 154
614 2186 169
1013 2186 123
1809 2187 230
258 2188 136
2054 2188 195
674 2189 210
1533 2189 132
93 2190 808
624 2190 286
293 2191 125
1237 2191 309
2127 2191 305
334 2192 192
704 2192 203
66 2193 256
283 2193 220
770 2193 159
603 2194 313
743 2194 114
1359 2195 227
960 2196 309
1234 2196 206
146 2197 294
1328 2197 301
177 2198 278
1519 2198 188
1134 2200 254
1392 2201 189
1657 2201 225
631 2202 345
821 2202 190
1472 2202 263
405 2203 312
1025 2203 265
1613 2203 261
77 2204 245
1669 2204 282
1800 2205 916
1933 2205 328
2040 2205 259
547 2206 263
806 2206 236
1848 2206 209
749 2207 244
1003 2207 205
1212 2207 309
1580 2208 135
2103 2208 231
47 2209 208
1769 2209 737
1319 2210 190
1486 2210 320
1843 2210 217
232 2211 194
847 2211 339
322 2213 177
504 2213 118
1616 2213 187
452 2214 252
1417 2214 181
751 2215 310
948 2215 166
421 2216 190
1500 2216 207
1984 2216 424
1259 2217 300
1872 2217 157
1343 2218 170
2200 2218 281
1205 2219 165
1421 2219 314
1604 2219 132
1421 2220 126
1604 2220 199
2168 2220 307
915 2221 259
538 2222 248
570 2222 129
612 2223 283
626 2223 110
2121 2224 292
484 2225 300
762 2225 826
1209 2225 325
1659 2226 172
963 2227 118
1452 2227 210
1646 2227 232
194 2228 132
1531 2228 173
90 2229 769
1701 2229 155
107 2230 299
144 2232 137
648 2232 311
1677 2233 242
2177 2233 214
1607 2234 137
160 2235 239
486 2235 129
1667 2235 226
617 2236 229
173 2237 275
872 2237 965
969 2238 242
1149 2238 347
1908 2238 232
1400 2239 173
1407 2239 263
1147 2240 309
1292 2240 946
2021 2240 218
709 2241 135
844 2241 263
1542 2241 192
169 2242 127
750 2243 261
951 2243 260
36 2244 101
2020 2244 198
323 2245 235
557 2245 114
2231 2247 372
862 2248 541
1464 2249 244
269 2250 753
869 2251 135
1974 2251 200
488 2252 365
1234 2252 152
1642 2252 165
2212 2253 237
130 2254 252
576 2255 130
2237 2255 928
1450 2256 336
1855 2256 334
463 2257 160
1116 2257 469
705 2258 222
1511 2258 324
545 2259 163
925 2260 100
1594 2260 196
817 2261 303
1723 2262 311
1738 2262 189
1626 2263 576
1950 2263 834
28 2265 183
954 2265 296
2069 2265 128
284 2266 820
1343 2266 201
1696 2266 142
1947 2267 167
2061 2267 301
355 2268 342
512 2268 197
735 2268 155
1247 2269 129
1211 2270 127
1743 2270 275
1288 2271 298
607 2272 964
2208 2272 228
30 2273 113
368 2273 134
1619 2274 203
2188 2274 969
42 2275 336
250 2275 254
1634 2275 109
778 2276 368
2063 2276 268
260 2277 950
618 2277 257
303 2278 110
1842 2279 171
1114 2281 227
1042 2282 169
913 2283 331
1831 2283 203
307 2284 186
802 2284 289
1567 2284 159
504 2285 194
333 2286 244
1146 2286 102
1866 2286 151
676 2287 287
2215 2287 296
468 2288 196
862 2288 164
820 2290 298
1878 2290 138
2139 2291 281
31 2292 214
476 2292 301
1675 2292 272
1389 2293 292
731 2294 261
1712 2294 217
2102 2294 139
287 2295 165
541 2295 291
1857 2296 329
2103 2296 174
735 2297 154
1043 2297 447
1376 2297 714
1655 2298 138
1864 2298 164
575 2299 281
750 2299 297
269 2300 411
808 2300 168
1464 2300 349
393 2301 251
41 2302 144
1731 2302 231
873 2303 268
942 2303 232
839 2304 364
2181 2304 187
746 2305 289
1301 2305 261
1478 2305 539
147 2306 222
1267 2306 356
2147 2306 322
1358 2307 243
1866 2307 362
172 2308 187
732 2308 196
1889 2308 295
429 2309 225
1039 2309 201
1053 2310 112
1498 2310 144
1590 2310 199
653 2311 210
993 2311 156
2074 2311 186
1533 2312 193
2285 2312 325
1415 2313 272
1514 2314 171
2211 2314 330
2246 2314 307
113 2315 280
1992 2315 115
2291 2315 106
777 2316 200
11 2317 806
2187 2317 188
245 2318 250
904 2318 271
1261 2318 304
849 2319 210
1377 2320 100
1532 2321 209
2159 2321 261
877 2322 277
902 2322 152
278 2323 224
587 2323 203
228 2324 176
477 2324 257
1524 2325 364
972 2326 195
2258 2326 252
817 2327 346
1355 2327 541
2107 2328 174
616 2329 684
1754 2329 145
2064 2329 688
428 2330 370
892 2330 273
1481 2330 171
690 2331 261
136 2332 167
415 2332 282
1132 2333 189
1550 2333 273
1282 2334 244
2045 2334 121
547 2335 312
761 2335 193
573 2336 204
639 2336 198
832 2337 880
1015 2337 234
1187 2337 121
841 2338 132
1398 2338 220
759 2339 293
1485 2339 196
1717 2339 293
584 2340 226
863 2340 238
1723 2340 205
818 2341 232
1235 2341 276
684 2342 186
1745 2342 694
1293 2343 199
2115 2343 288
987 2344 221
1228 2344 183
1383 2344 240
528 2345 199
2320 2345 351
565 2346 130
1459 2346 239
1540 2346 177
559 2347 256
1913 2347 214
238 2348 144
523 2348 190
899 2348 138
1941 2349 263
635 2350 903
1550 2350 294
669 2351 176
1594 2351 336
838 2352 151
1468 2352 181
888 2353 237
936 2353 230
128 2354 882
1554 2354 115
976 2355 179
1197 2355 108
2163 2355 171
84 2357 151
1759 2357 279
2350 2357 181
1568 2358 145
624 2359 212
1338 2359 257
2271 2359 155
1934 2360 204
2229 2360 216
1033 2361 221
1068 2361 538
2026 2361 172
729 2362 215
945 2362 228
1433 2362 233
991 2363 106
2006 2363 437
1998 2364 160
1763 2365 542
1770 2365 196
833 2366 941
1150 2366 210
38 2367 217
98 2367 188
953 2367 111
62 2368 295
69 2368 120
80 2368 242
1425 2369 620
896 2370 222
1503 2370 594
272 2371 134
1628 2371 170
710 2372 276
863 2372 176
2363 2372 171
1627 2373 338
1623 2374 854
643 2375 235
1162 2375 209
723 2376 256
799 2376 281
1970 2376 192
1830 2377 127
1648 2378 136
1206 2379 237
327 2380 186
1009 2380 263
2319 2380 102
1933 2381 191
2189 2381 163
847 2382 151
1835 2382 390
2288 2382 244
1082 2383 236
546 2385 299
1092 2386 351
1493 2387 126
1915 2387 264
1927 2387 174
1435 2388 198
1475 2388 244
968 2389 114
1121 2389 258
139 2390 192
499 2390 288
1029 2390 200
1016 2391 314
2313 2391 834
1929 2392 154
1569 2393 231
150 2394 352
939 2394 154
1170 2395 188
1207 2395 911
2190 2395 168
175 2396 987
404 2396 175
2373 2396 183
374 2397 248
2046 2397 363
954 2398 270
1308 2399 861
1350 2399 284
1218 2400 997
2064 2400 252
1 2401 156
1135 2402 352
1399 2402 318
1819 2402 151
1319 2403 229
2228 2403 221
105 2404 206
2122 2404 264
203 2405 874
218 2405 185
694 2405 772
383 2406 232
1624 2406 344
1614 2407 217
2140 2407 177
364 2408 459
1464 2410 115
1863 2410 134
1386 2411 308
1401 2411 166
1170 2412 180
2043 2412 102
1522 2413 139
581 2414 351
899 2414 234
986 2415 203
1525 2415 273
1800 2415 333
877 2416 190
478 2417 311
240 2418 182
397 2418 281
646 2418 246
310 2419 124
160 2420 253
1124 2420 166
98 2421 340
1141 2421 136
1468 2421 327
161 2422 251
728 2422 281
2152 2422 134
2047 2423 100
2358 2423 372
1212 2424 352
1671 2424 235
163 2425 261
268 2425 337
855 2426 180
962 2427 143
1520 2427 176
2204 2427 244
989 2428 309
415 2429 202
481 2429 223
748 2429 190
38 2430 230
199 2430 262
1188 2430 694
16 2431 155
1375 2431 215
335 2432 156
803 2432 117
1000 2432 341
169 2433 252
1557 2433 191
2351 2433 270
1725 2434 635
1847 2434 116
1886 2434 179
771 2435 113
1917 2435 148
397 2436 298
1858 2436 339
1605 2437 124
1727 2437 496
2062 2437 105
371 2438 244
1251 2438 241
68 2439 277
690 2439 175
1386 2439 135
378 2440 181
1512 2440 255
1956 2440 382
779 2441 216
2279 2441 147
1740 2442 136
2178 2442 135
96 2443 197
2424 2443 744
612 2444 268
2132 2444 293
1054 2445 270
1560 2445 243
1918 2445 190
860 2446 131
2097 2446 111
356 2447 275
1010 2448 226
341 2449 204
2165 2449 279
453 2450 222
1412 2450 266
1094 2451 182
2153 2451 169
73 2452 356
1300 2452 179
2086 2452 860
67 2453 312
1238 2453 640
2005 2453 132
188 2454 146
943 2454 209
1240 2454 117
39 2455 210
1537 2455 118
79 2456 162
445 2456 291
730 2456 126
1676 2457 285
1705 2457 104
1976 2457 255
931 2458 366
1518 2458 197
1870 2458 317
599 2459 184
1136 2459 322
1582 2459 109
1203 2460 338
753 2461 116
1092 2461 637
2392 2462 294
1653 2463 147
2325 2463 248
821 2464 694
543 2465 231
944 2465 251
1237 2465 135
1160 2466 359
1771 2466 197
2059 2466 134
1198 2467 565
2125 2467 129
311 2468 189
1093 2468 221
1121 2469 188
2326 2469 656
1427 2470 869
1457 2470 249
2384 2470 161
659 2471 186
2322 2471 195
785 2472 227
2052 2472 717
394 2473 145
1226 2473 706
1560 2473 202
266 2474 898
1216 2474 402
1554 2474 130
1118 2475 439
1391 2475 197
1853 2476 190
341 2477 176
2358 2477 174
2096 2478 314
1294 2479 149
1305 2479 139
699 2480 156
1921 2480 179
584 2481 390
1034 2482 141
1839 2483 243
517 2484 839
1962 2484 193
309 2485 274
1271 2485 264
2035 2485 475
1151 2486 623
1706 2486 144
2264 2486 173
129 2487 206
168 2488 602
1235 2488 160
656 2489 164
738 2489 275
1283 2489 212
57 2490 953
580 2490 234
1575 2490 141
814 2491 194
960 2491 207
2379 2491 152
226 2492 198
1713 2492 215
180 2493 251
1825 2493 274
556 2494 241
1119 2494 253
1261 2494 130
120 2495 183
124 2495 210
2249 2495 157
1180 2496 127
2221 2496 265
679 2497 244
781 2497 176
1388 2497 193
831 2498 132
1237 2498 254
2304 2498 124
242 2499 156
419 2499 246
1445 2499 126
837 2500 160
1841 2500 292
2043 2501 159
1878 2502 191
2259 2502 258
2124 2503 299
695 2504 219
2179 2504 164
377 2505 204
496 2505 290
253 2506 225
822 2506 103
1176 2507 131
339 2508 242
510 2508 209
1125 2509 272
102 2510 308
1858 2510 299
1937 2510 212
2110 2511 301
2373 2511 171
254 2512 313
1557 2512 182
85 2513 147
1759 2513 150
1989 2513 275
1077 2514 309
1901 2514 138
2081 2514 160
642 2515 219
155 2516 149
1032 2516 219
1351 2517 316
1843 2518 397
1907 2518 193
2104 2518 959
70 2519 232
214 2519 192
1150 2519 248
622 2520 183
1682 2520 293
2399 2520 852
1813 2521 284
2106 2521 108
1337 2522 258
1117 2523 106
1661 2523 224
1717 2523 257
96 2524 114
1489 2524 298
263 2526 118
969 2526 254
2276 2526 114
600 2527 135
1593 2527 233
21 2528 382
363 2528 127
539 2528 257
792 2529 328
1116 2529 227
1441 2529 163
464 2530 186
1251 2530 299
1783 2530 224
1934 2531 416
2277 2531 113
440 2532 272
1759 2532 234
583 2534 366
1643 2534 220
630 2535 190
1392 2535 271
1517 2536 304
2409 2536 211
50 2537 308
1887 2537 211
2026 2538 234
2157 2538 972
2049 2539 211
224 2540 286
464 2541 329
1814 2541 170
2236 2541 323
1824 2542 130
2105 2542 308
308 2543 252
2018 2543 197
2217 2543 270
1644 2544 198
1850 2544 251
2183 2545 148
216 2546 857
529 2546 163
454 2547 265
525 2547 223
768 2547 946
1124 2548 127
1162 2548 258
2112 2549 238
607 2550 387
2027 2550 110
2041 2550 212
1142 2551 202
2096 2551 166
492 2552 119
2037 2552 312
919 2553 233
1666 2554 178
2313 2554 187
258 2555 175
2162 2555 174
210 2556 180
338 2556 301
2154 2556 206
855 2557 286
2231 2557 796
633 2558 363
2423 2558 381
2468 2558 869
2010 2559 271
2435 2559 137
126 2560 205
1940 2560 212
203 2561 250
2214 2561 673
2431 2561 190
244 2563 205
1589 2563 327
1856 2564 235
347 2565 306
1166 2565 212
1633 2565 275
26 2566 324
716 2566 602
138 2567 268
686 2568 215
1873 2568 152
641 2569 284
1927 2569 192
1215 2570 748
2123 2570 169
1585 2571 266
773 2572 251
1087 2572 119
654 2573 205
2040 2573 565
168 2574 112
454 2574 171
1260 2574 162
677 2575 181
2331 2575 402
61 2576 346
1774 2576 151
2255 2576 302
510 2577 384
1332 2577 172
1530 2577 322
135 2578 158
1082 2578 307
495 2579 254
2416 2579 321
635 2580 226
1437 2580 296
872 2581 329
2567 2581 230
1035 2582 187
1249 2582 151
2476 2582 273
522 2583 227
643 2583 146
1856 2583 201
1624 2584 226
1807 2584 264
1919 2585 229
2356 2585 188
762 2586 269
828 2586 235
1879 2586 246
1071 2587 870
2187 2587 188
171 2588 230
196 2588 249
1838 2588 177
36 2589 190
727 2589 192
1411 2589 233
308 2591 165
1378 2591 132
1456 2591 226
252 2592 245
1079 2592 161
318 2593 164
1061 2593 354
2102 2594 242
2161 2594 964
2478 2594 321
292 2595 229
2035 2595 131
695 2596 274
1687 2596 151
200 2597 225
1314 2597 191
2212 2597 185
59 2598 163
1629 2598 229
10 2599 135
654 2599 228
1746 2599 289
1331 2600 146
2023 2601 200
2501 2601 277
48 2602 113
282 2602 184
183 2603 165
2274 2603 155
2017 2604 111
2447 2604 740
440 2605 375
461 2606 329
1024 2606 171
1543 2606 101
97 2607 302
1795 2608 281
2568 2608 245
57 2609 624
2248 2609 939
2257 2609 370
494 2610 240
613 2610 168
1241 2610 286
2164 2610 207
40 2611 225
2177 2611 250
882 2612 211
1967 2612 226
2196 2612 200
601 2613 145
2451 2613 123
634 2614 210
1837 2614 134
43 2615 279
294 2615 193
589 2615 796
797 2616 198
2525 2616 129
1730 2617 132
2533 2617 211
2548 2617 123
951 2618 106
2469 2618 185
2533 2618 296
415 2619 198
1673 2619 209
1308 2620 204
1778 2620 380
1859 2620 157
434 2621 263
1568 2621 678
776 2622 142
2250 2622 317
2397 2622 211
812 2623 185
1694 2623 384
2527 2623 120
1512 2624 289
1786 2624 319
739 2625 135
2070 2625 270
344 2626 373
488 2626 274
2554 2626 908
229 2627 216
2261 2627 350
2401 2627 227
715 2628 291
1103 2628 202
1908 2628 315
2155 2629 277
49 2630 243
1093 2630 215
1311 2630 140
1450 2631 265
606 2632 332
1004 2632 159
1656 2632 126
1553 2633 106
1703 2633 162
547 2634 251
765 2635 226
1668 2635 597
1811 2635 900
1535 2636 867
1997 2636 141
210 2637 136
767 2637 141
2259 2638 138
2386 2638 105
558 2639 339
1444 2639 757
2249 2639 228
961 2640 181
1176 2640 328
1363 2640 344
1322 2641 191
1551 2641 318
2511 2641 206
131 2642 153
439 2642 917
68 2644 291
670 2645 102
1269 2645 230
2010 2645 229
1671 2646 208
2148 2646 260
2545 2646 319
462 2647 114
1088 2647 325
2047 2647 322
197 2648 348
2143 2648 224
2496 2649 283
515 2650 249
1766 2650 293
778 2651 128
2289 2651 108
2327 2651 161
331 2652 221
368 2652 889
1620 2652 321
306 2653 190
2290 2653 260
35 2654 260
2462 2654 358
1202 2655 288
1556 2655 208
1681 2656 209
933 2657 218
1249 2657 165
1817 2657 133
44 2658 116
637 2658 275
221 2659 135
1679 2659 295
484 2660 275
1169 2660 374
1490 2660 357
1817 2661 163
300 2662 141
673 2662 843
1612 2662 336
478 2663 840
1224 2663 201
1636 2663 162
1415 2664 227
1419 2665 565
1724 2665 172
380 2666 319
384 2666 574
2279 2666 332
2224 2667 162
2260 2667 126
2521 2667 164
1804 2668 153
2414 2668 172
78 2669 718
1066 2669 183
2302 2669 194
367 2670 192
997 2670 765
1437 2670 270
617 2671 169
641 2671 238
2634 2671 477
231 2672 561
392 2672 150
1202 2672 164
597 2673 924
2048 2673 956
809 2674 271
970 2674 185
1741 2675 309
266 2676 309
1729 2676 140
522 2677 905
1210 2677 280
1364 2677 291
19 2678 143
851 2678 224
2034 2678 295
449 2679 166
568 2679 642
1287 2680 142
2425 2680 163
2464 2680 157
891 2681 204
633 2682 155
1065 2682 206
2332 2682 493
345 2683 327
1028 2683 216
1765 2683 153
361 2684 789
659 2684 199
1257 2684 129
2475 2685 282
520 2686 946
753 2686 213
2579 2686 185
1357 2687 855
1404 2688 155
1410 2688 111
2383 2688 210
225 2689 361
1164 2689 142
89 2690 165
1553 2690 212
2605 2690 286
251 2691 280
454 2691 143
2248 2691 275
327 2692 222
694 2692 276
1065 2692 257
1373 2693 203
1516 2693 313
1611 2694 165
2281 2694 249
2455 2694 802
73 2695 335
2192 2695 206
630 2696 292
1632 2696 177
2242 2696 158
1247 2697 262
2100 2697 105
146 2698 283
528 2698 257
1079 2699 144
1358 2699 251
1050 2700 177
1544 2700 195
1936 2700 370
1291 2701 171
1612 2701 206
2073 2701 265
231 2702 245
2438 2702 136
10 2703 234
1415 2703 145
323 2704 967
526 2704 326
35 2705 233
195 2705 233
1603 2705 234
1713 2706 175
2103 2706 167
1084 2707 138
2184 2708 135
2613 2708 813
2656 2708 203
947 2709 289
1341 2709 158
1703 2709 296
215 2710 309
1854 2710 655
1917 2710 228
628 2711 523
1265 2711 999
2212 2711 311
668 2712 174
746 2712 253
2369 2712 146
1151 2713 194
1904 2713 159
2664 2713 196
543 2714 210
1994 2714 263
1177 2715 190
2091 2715 243
2282 2715 626
1884 2716 193
2267 2716 279
2333 2716 217
458 2717 144
586 2717 116
1409 2717 238
9 2718 101
386 2718 200
2323 2718 235
1280 2719 195
1683 2719 181
2334 2719 275
1110 2720 205
2676 2720 169
1040 2721 223
1086 2721 381
1821 2721 255
660 2722 202
927 2722 101
1222 2723 255
511 2724 242
1043 2724 228
2106 2724 167
552 2725 157
1015 2726 307
1183 2726 227
1884 2726 368
742 2727 191
2600 2727 137
1495 2728 109
2270 2728 205
2328 2728 242
2462 2729 244
2707 2729 179
97 2730 355
2245 2730 119
626 2731 231
1496 2731 103
2230 2731 660
94 2732 326
1739 2732 286
1804 2732 161
2234 2733 147
241 2734 240
531 2734 379
2029 2735 190
860 2736 333
1515 2736 233
2553 2736 283
1608 2737 254
743 2738 179
2416 2738 302
2621 2738 165
2587 2739 189
334 2740 769
369 2740 271
897 2740 187
1988 2741 107
2532 2741 140
181 2742 208
1021 2742 340
2572 2742 202
1096 2743 114
1551 2743 365
2264 2743 196
2186 2744 101
2540 2746 136
2714 2746 182
367 2747 429
664 2748 318
667 2748 251
1227 2749 296
1258 2749 101
1741 2749 159
1544 2750 162
2089 2750 240
976 2751 199
1795 2751 290
1974 2751 133
730 2752 290
1845 2752 100
178 2753 213
525 2753 985
2312 2753 175
288 2754 260
676 2754 228
1365 2754 236
1815 2755 264
2659 2755 187
1351 2756 115
818 2757 188
850 2757 618
1629 2757 184
1111 2758 172
2167 2758 281
2385 2758 240
1565 2759 117
1999 2759 317
2080 2759 280
599 2760 159
2492 2760 226
289 2761 232
367 2761 968
351 2762 145
1421 2762 204
24 2763 253
1661 2764 192
1829 2764 204
1989 2765 205
2746 2765 142
88 2766 288
1154 2766 185
1798 2766 152
2033 2767 182
2141 2767 312
1462 2768 106
2426 2768 988
1163 2769 172
1983 2769 330
1470 2770 136
1690 2770 315
2460 2770 196
1377 2771 363
2675 2771 181
2763 2771 866
110 2772 159
1291 2772 216
1183 2773 233
2417 2773 128
1549 2774 288
1842 2774 128
1906 2774 181
707 2775 128
2246 2775 209
804 2776 276
1861 2776 349
1859 2777 147
2025 2777 131
931 2778 194
1329 2778 169
1386 2778 147
1870 2778 193
2278 2778 253
466 2779 199
1943 2779 123
2381 2779 276
2506 2780 137
100 2781 160
1469 2781 149
2100 2781 387
1101 2782 161
2114 2782 112
2679 2782 255
358 2783 216
558 2783 221
157 2784 205
1993 2785 334
2230 2785 147
2393 2785 103
489 2786 171
658 2786 168
2247 2786 225
2557 2786 157
1413 2787 309
1517 2787 226
114 2788 262
2067 2788 228
536 2789 118
1192 2789 228
77 2790 118
243 2790 207
1037 2790 148
767 2791 142
1007 2792 256
1896 2792 166
117 2793 316
1461 2793 172
1231 2794 273
1651 2794 168
2285 2794 262
480 2795 229
1913 2795 269
2073 2795 289
834 2796 285
2347 2796 193
2720 2797 194
364 2798 258
1315 2798 332
2019 2798 235
936 2799 287
1472 2799 254
2386 2800 129
365 2801 242
1047 2801 137
1248 2801 201
1532 2802 208
2283 2802 866
2699 2802 250
218 2803 185
262 2803 202
19 2804 141
1398 2804 268
2034 2804 221
1148 2805 308
1538 2805 376
2562 2805 153
288 2806 120
1923 2806 258
2747 2806 184
421 2807 204
1265 2807 139
2512 2807 209
690 2808 248
824 2808 181
1491 2809 244
2522 2809 721
2608 2809 267
554 2810 307
2291 2810 239
2598 2810 592
67 2811 322
2450 2811 186
913 2812 233
1217 2812 254
2681 2812 377
1278 2813 246
2674 2813 228
374 2814 151
1347 2814 201
830 2815 711
1031 2815 277
1931 2815 168
396 2816 655
939 2816 168
2515 2816 120
60 2817 288
256 2817 266
2562 2817 343
242 2818 161
447 2818 189
119 2819 144
1769 2819 524
1955 2819 266
683 2820 198
2538 2820 207
949 2821 231
2168 2821 774
339 2822 170
1262 2822 221
1996 2822 268
333 2823 264
702 2823 155
1100 2823 165
2685 2824 129
934 2825 348
1177 2825 141
1563 2825 346
1552 2826 112
2051 2826 196
2135 2826 164
501 2827 144
1251 2827 188
32 2828 182
1875 2828 320
2042 2828 179
418 2829 161
1695 2829 139
347 2830 151
1557 2830 115
2242 2830 249
166 2831 152
1812 2831 327
2516 2831 123
1123 2832 248
2264 2832 805
1205 2833 308
1959 2834 200
1996 2834 236
540 2835 865
2535 2835 471
1413 2836 346
2117 2836 132
2316 2836 192
84 2837 314
2631 2837 164
2689 2837 953
927 2838 209
2201 2838 340
945 2839 337
2664 2839 187
1083 2840 143
1592 2840 218
295 2842 209
1180 2842 260
1410 2843 149
1576 2843 997
2477 2844 252
730 2845 191
1366 2845 191
1596 2846 113
2590 2846 240
2600 2846 162
782 2847 290
1956 2847 172
2140 2847 178
775 2848 104
982 2848 143
1099 2848 144
428 2849 297
1142 2849 178
1229 2849 155
1872 2850 204
2515 2850 205
2580 2850 143
640 2851 164
852 2851 263
2398 2851 266
1329 2852 100
1436 2852 125
2095 2852 209
2668 2853 989
2756 2853 250
1259 2854 213
1422 2854 226
1904 2854 740
148 2855 154
1117 2855 275
1181 2855 314
83 2856 985
131 2856 320
1391 2856 172
1010 2857 186
1218 2857 212
1810 2857 134
932 2858 255
2723 2858 851
409 2859 125
1501 2859 190
2349 2859 376
427 2860 109
588 2860 204
2281 2860 236
378 2861 199
1338 2861 260
2389 2861 213
199 2862 100
514 2863 149
1007 2863 307
1215 2863 115
2131 2864 234
2800 2864 235
2272 2865 300
2336 2865 943
1126 2866 136
2744 2866 258
1313 2867 188
2428 2867 238
695 2868 357
788 2868 220
2085 2868 204
190 2869 373
227 2869 254
1991 2869 188
178 2870 110
315 2870 251
2118 2870 265
89 2871 254
638 2871 233
2818 2871 214
64 2872 349
1536 2872 251
1601 2873 215
1984 2873 139
2079 2873 717
1963 2874 178
2789 2874 229
360 2875 198
1193 2875 174
247 2876 219
938 2876 104
1778 2876 253
900 2877 198
2593 2877 327
2797 2877 221
381 2878 878
1067 2878 272
1193 2878 560
2769 2879 215
683 2880 279
2244 2880 116
1525 2881 709
1700 2881 177
1885 2881 119
508 2882 296
1114 2882 160
2144 2882 203
399 2883 158
645 2883 302
2872 2883 211
425 2884 204
925 2884 160
2734 2884 154
176 2885 116
1687 2885 286
2607 2885 323
260 2886 180
1454 2886 554
1145 2887 169
2507 2887 820
2675 2887 188
590 2888 289
1246 2888 178
1420 2888 184
1376 2889 133
2655 2889 110
2773 2889 955
7 2890 138
166 2890 130
2840 2890 194
1841 2891 247
2420 2891 162
1236 2892 116
2480 2892 370
2539 2892 298
311 2893 211
416 2893 201
28 2894 181
896 2894 159
285 2895 130
2365 2895 259
13 2896 144
1189 2896 381
1821 2896 177
545 2897 260
1703 2897 126
1928 2897 248
441 2898 226
1222 2898 152
1173 2899 748
1426 2899 341
1971 2899 203
606 2900 300
1987 2900 228
2391 2900 250
149 2901 241
1445 2901 256
2569 2901 155
622 2902 228
1382 2902 231
1615 2902 130
1390 2903 117
2733 2903 189
45 2904 140
2108 2904 163
1660 2905 297
2142 2905 287
756 2906 191
1977 2906 159
2894 2906 699
312 2907 266
1228 2907 247
1385 2907 625
1871 2908 235
1087 2909 807
1893 2909 109
1439 2910 188
2893 2910 260
449 2911 286
998 2911 119
2737 2911 160
1140 2912 160
1273 2912 195
1809 2912 298
122 2913 107
410 2913 333
1074 2913 328
874 2914 704
1192 2914 143
1405 2914 101
2780 2915 323
2886 2915 129
1113 2916 151
1344 2916 103
1585 2916 192
1318 2917 189
1325 2917 168
2483 2917 328
1639 2918 346
2301 2918 271
1844 2919 228
2778 2919 793
158 2920 308
227 2920 745
2417 2920 229
326 2921 118
2546 2921 237
819 2922 256
1990 2923 330
2273 2923 223
2693 2923 136
446 2924 195
646 2924 338
1164 2924 282
2068 2925 180
18 2926 101
1091 2926 136
1937 2926 182
1036 2927 207
1924 2927 366
2841 2927 196
479 2928 124
2224 2928 336
2503 2928 222
2739 2929 235
2904 2930 212
213 2931 167
794 2931 270
1849 2931 173
1418 2932 253
2571 2932 886
199 2933 337
1402 2933 239
1045 2934 166
2439 2935 128
2644 2935 807
2784 2935 908
261 2936 345
1896 2937 287
2345 2937 104
152 2938 167
1762 2938 268
2446 2938 253
1155 2939 870
1485 2940 753
2441 2940 293
2121 2941 147
2250 2941 315
2271 2941 255
664 2942 122
973 2942 239
2858 2942 324
2251 2943 784
2843 2943 215
728 2944 157
2940 2944 112
1883 2945 220
2845 2945 139
2922 2945 287
1317 2946 735
2293 2946 252
2739 2946 211
553 2947 178
2509 2947 189
157 2948 238
824 2948 117
1401 2948 218
1436 2948 114
1677 2948 279
2439 2948 329
812 2949 238
1635 2949 236
2444 2949 191
999 2950 285
1295 2950 213
876 2951 230
1244 2951 180
1578 2951 250
2744 2952 114
603 2953 175
708 2953 100
2295 2953 906
535 2954 289
1583 2954 138
2031 2954 297
587 2955 241
2524 2956 103
1060 2957 184
2316 2957 331
2392 2957 171
908 2958 171
1910 2958 835
529 2959 306
2299 2959 267
184 2960 257
787 2960 196
625 2961 180
1805 2961 325
2378 2961 178
1265 2962 630
2136 2962 190
2199 2962 279
591 2963 249
2408 2963 227
190 2964 162
307 2964 202
1324 2965 175
1769 2965 186
2007 2965 207
165 2966 277
1060 2966 554
302 2967 225
2563 2967 232
2834 2967 227
459 2968 966
1689 2968 273
1809 2968 194
195 2969 119
1011 2969 248
455 2970 300
920 2970 204
1159 2970 146
407 2971 136
435 2971 172
2865 2971 146
608 2972 168
871 2972 175
2379 2972 161
652 2973 294
2748 2973 214
2256 2974 278
2880 2974 949
137 2975 113
165 2975 174
170 2975 990
132 2976 150
337 2976 209
2559 2976 133
672 2977 277
1122 2977 197
2839 2977 347
567 2978 172
717 2978 257
1846 2978 270
2261 2979 561
2406 2979 114
2573 2979 234
404 2980 755
1243 2980 177
1990 2980 184
586 2981 678
1706 2981 288
2448 2981 141
197 2982 214
2022 2982 855
2112 2982 632
1696 2983 848
1802 2983 166
2922 2983 273
1175 2984 122
1991 2984 313
2374 2985 318
2730 2985 115
2937 2985 349
276 2986 212
2269 2986 248
2832 2986 333
722 2987 215
1737 2987 205
2296 2987 213
259 2988 244
1217 2988 236
2349 2988 368
2041 2989 682
2879 2989 370
171 2990 916
1588 2990 151
1499 2992 215
1506 2992 111
2428 2992 359
60 2993 561
184 2993 340
951 2993 143
557 2994 146
1509 2994 126
1855 2994 293
777 2995 154
1391 2995 463
1450 2996 223
1522 2996 281
2036 2996 177
2045 2997 227
2280 2997 314
504 2998 289
1885 2998 228
610 2999 146
1235 2999 260
1833 2999 262
456 3000 119
1479 3000 209
2479 3000 288
1559 3001 301
1719 3001 123
1796 3001 143
1965 3002 163
2643 3002 207
133 3003 170
1718 3003 410
2463 3003 149
1698 3004 238
1800 3004 188
413 3005 237
1196 3005 138
4 3006 153
508 3006 189
1030 3007 329
2419 3007 119
142 3008 288
145 3008 113
408 3009 892
918 3009 211
2955 3009 103
1104 3010 183
1106 3010 954
1752 3010 238
370 3011 191
2827 3011 254
1888 3012 103
2378 3012 261
2727 3012 243
166 3013 331
1166 3013 352
475 3014 222
2936 3014 165
234 3015 156
784 3015 654
2059 3015 319
502 3016 266
2154 3016 246
2505 3016 189
143 3017 228
782 3017 343
2525 3017 263
1066 3018 245
2133 3018 256
782 3019 163
829 3019 283
868 3019 297
358 3020 300
1156 3020 252
1616 3021 256
2165 3021 212
1403 3022 126
1414 3022 169
467 3023 312
527 3023 220
1205 3023 328
1423 3024 200
1721 3024 522
2707 3024 323
519 3025 145
560 3025 238
1624 3025 369
22 3026 198
1105 3026 338
1714 3026 291
477 3027 135
1882 3027 157
2625 3027 283
927 3028 227
2109 3028 284
2482 3028 670
744 3029 197
996 3029 267
1499 3029 260
1647 3030 222
2412 3030 155
2799 3030 199
959 3031 308
1018 3031 223
1161 3031 141
1276 3032 231
1476 3032 331
1793 3032 248
74 3033 131
1385 3033 177
1995 3033 189
301 3034 254
1422 3034 181
2704 3034 306
1444 3035 371
1487 3035 110
1598 3036 258
1636 3036 949
1820 3036 175
1523 3037 335
1880 3037 236
2411 3038 135
470 3039 227
609 3039 199
1165 3039 215
2079 3040 150
2127 3040 795
2637 3040 255
401 3041 293
1796 3041 160
2120 3041 299
196 3042 309
842 3042 184
382 3043 184
721 3043 343
1728 3043 258
2460 3044 207
2642 3044 116
1320 3045 109
1399 3045 312
2067 3045 307
265 3046 301
879 3046 115
265 3047 160
1282 3047 248
2467 3047 145
139 3048 179
2375 3048 187
2687 3048 327
332 3049 237
1597 3049 241
2199 3049 120
286 3050 262
99 3051 127
2324 3051 198
2369 3051 281
1766 3052 320
2233 3052 252
804 3053 256
1426 3053 178
2703 3053 333
578 3054 277
606 3054 250
911 3054 756
2482 3055 208
2729 3055 143
2838 3055 167
75 3056 203
1491 3056 194
1239 3057 226
2952 3057 120
588 3058 197
1693 3058 301
1732 3058 281
1883 3059 268
2464 3059 292
2601 3059 320
2232 3060 330
2280 3060 292
2409 3060 293
1355 3061 219
2777 3061 309
937 3062 211
1507 3062 280
2012 3063 289
2072 3063 250
1179 3064 689
1259 3064 120
2681 3064 278
693 3065 180
2022 3065 221
518 3066 865
827 3066 276
2171 3066 158
1894 3067 265
2448 3067 202
2549 3067 302
395 3068 259
795 3068 202
1695 3068 252
1591 3069 144
1926 3069 315
2629 3069 338
480 3070 284
2540 3070 126
2624 3070 175
222 3071 337
1336 3071 317
1911 3071 937
700 3072 362
1744 3072 171
2398 3072 139
2289 3073 778
2772 3073 279
2934 3073 241
1467 3074 206
1895 3074 204
1902 3074 181
1112 3075 318
1478 3075 611
1885 3075 176
437 3076 215
1417 3076 662
2325 3076 132
798 3077 211
1898 3077 143
2116 3077 289
873 3078 105
1783 3078 152
2280 3078 180
198 3079 177
1369 3079 250
49 3080 371
142 3080 185
3021 3080 270
316 3081 166
1227 3081 140
2590 3081 154
2929 3082 171
3056 3082 243
869 3083 245
1200 3083 274
2723 3083 209
1654 3084 197
2209 3084 296
152 3085 442
1420 3085 183
1955 3085 119
244 3086 329
662 3086 232
1504 3086 147
69 3087 227
550 3087 292
2760 3087 160
375 3088 217
2091 3088 143
2787 3088 255
233 3089 947
2562 3089 161
483 3090 214
1571 3090 160
1612 3090 288
636 3091 853
708 3091 222
2661 3091 206
1342 3092 211
1459 3092 189
696 3093 980
2301 3093 191
2933 3093 194
212 3094 121
1103 3094 139
1300 3094 257
519 3095 297
2003 3095 253
3079 3095 248
507 3096 317
994 3096 856
2634 3096 160
894 3097 290
1200 3097 817
1772 3097 418
494 3098 141
1241 3098 214
1421 3098 121
1577 3098 155
1986 3099 213
2792 3099 139
2307 3100 151
2811 3100 212
1348 3101 188
2939 3101 305
656 3102 222
747 3102 266
1173 3102 135
854 3103 229
1968 3103 125
2004 3104 175
2478 3104 752
2947 3104 226
611 3105 299
1718 3105 215
2658 3105 148
1957 3106 185
2752 3106 329
1175 3107 895
1690 3107 294
2853 3107 222
826 3108 285
857 3108 309
2385 3108 318
634 3109 266
1268 3109 214
1340 3109 359
1874 3110 104
2596 3110 209
2636 3110 147
1278 3111 173
1480 3111 218
1748 3111 276
542 3112 172
1226 3112 331
2509 3112 144
299 3113 215
527 3113 680
1205 3113 299
1421 3113 209
3023 3113 252
542 3114 192
584 3114 143
2134 3114 102
2791 3115 218
305 3116 218
1358 3116 203
1823 3116 284
1716 3117 198
1890 3117 667
332 3118 177
446 3118 186
1505 3118 114
550 3119 270
608 3119 407
2549 3119 325
944 3120 233
1267 3121 380
1836 3121 319
725 3122 256
1951 3122 377
2436 3122 355
977 3123 140
2173 3123 275
2198 3123 296
114 3124 259
271 3124 193
2123 3124 197
984 3125 273
2745 3125 252
3013 3125 217
573 3126 132
1780 3126 369
2253 3126 175
718 3127 140
1213 3127 273
2997 3127 133
1057 3128 112
1163 3128 296
2353 3128 155
768 3129 289
846 3129 176
2685 3129 991
655 3130 242
1852 3130 262
2948 3130 109
3038 3130 141
2643 3131 134
3101 3131 153
537 3132 223
2584 3132 684
2841 3132 292
43 3133 124
618 3133 225
2384 3133 179
1110 3134 204
1678 3134 128
2160 3134 205
1711 3135 339
1925 3135 173
2517 3135 254
548 3136 110
2134 3136 280
2616 3136 379
1803 3137 150
2643 3137 109
3099 3137 214
448 3138 260
978 3138 254
1453 3138 227
1813 3139 211
2905 3139 117
3082 3139 927
1470 3140 111
1819 3140 126
2560 3140 108
58 3141 235
291 3141 253
1223 3141 843
493 3142 240
906 3142 333
2955 3142 260
230 3143 730
1270 3143 915
2100 3143 340
139 3144 105
897 3144 157
1537 3144 342
17 3145 130
1716 3145 957
471 3146 149
873 3146 183
1939 3146 155
1333 3147 350
1945 3147 350
1411 3148 165
685 3149 198
966 3149 174
1593 3149 271
1058 3150 322
1372 3150 104
2536 3150 926
553 3151 234
1727 3151 156
2413 3151 310
135 3152 139
1932 3152 244
2864 3152 108
1808 3153 186
2009 3153 624
2874 3153 142
288 3154 259
2342 3154 248
933 3155 237
1277 3155 258
2943 3155 196
1471 3156 195
2564 3156 141
1821 3157 285
2525 3157 396
117 3158 563
1910 3158 773
3103 3158 351
989 3159 234
2443 3159 238
2566 3159 176
186 3160 830
909 3160 216
1852 3160 119
1221 3161 276
3154 3161 114
189 3162 168
1463 3162 274
2934 3162 198
1790 3163 273
2603 3163 288
1773 3164 148
2665 3164 347
2741 3164 856
644 3165 162
672 3165 232
2952 3165 175
656 3166 666
1541 3166 401
2891 3166 264
271 3167 106
1292 3167 194
1296 3167 265
2673 3168 173
2788 3168 104
569 3169 340
1469 3169 228
1497 3169 160
154 3170 245
3131 3170 176
733 3171 287
1879 3171 204
2035 3171 325
302 3172 194
1318 3173 211
1578 3173 272
1713 3173 263
371 3174 178
2148 3174 215
2262 3174 155
1815 3175 227
2077 3175 297
426 3176 269
1851 3176 130
2394 3177 185
2956 3177 795
2542 3178 682
2654 3178 308
1325 3179 924
1798 3179 217
2725 3179 610
578 3180 179
895 3180 234
1263 3180 100
1248 3181 249
2039 3181 160
2649 3181 267
1831 3182 272
414 3183 349
688 3183 148
1979 3183 620
152 3184 254
1138 3184 205
413 3185 197
1185 3185 347
1681 3185 938
1287 3186 267
2879 3186 255
74 3187 239
1379 3187 333
1850 3187 302
555 3188 654
785 3188 337
875 3188 159
1268 3188 202
763 3189 206
1113 3189 251
1683 3189 312
390 3190 380
2011 3190 277
2131 3190 963
1988 3191 187
2487 3191 377
2604 3191 365
701 3192 188
1528 3192 174
1996 3192 188
560 3193 152
1980 3193 234
2487 3193 302
39 3194 127
981 3194 184
1336 3194 214
2631 3195 155
2925 3195 225
1006 3196 269
1092 3196 201
3157 3196 314
319 3197 345
623 3197 238
1934 3197 784
497 3198 296
1299 3198 196
3120 3198 104
465 3199 122
1296 3199 144
1785 3199 623
813 3200 349
890 3201 365
905 3201 377
2413 3201 276
290 3202 283
352 3202 168
2638 3202 245
188 3203 234
955 3203 325
2950 3203 231
757 3204 235
1545 3204 135
2959 3204 168
99 3205 131
179 3205 191
2875 3205 307
226 3206 978
954 3206 191
980 3206 302
444 3207 129
765 3207 218
2015 3207 167
104 3208 226
2221 3208 217
2370 3208 201
169 3209 931
701 3209 973
1788 3209 215
19 3210 196
851 3210 167
2476 3211 188
2706 3211 217
3084 3211 784
228 3212 190
932 3212 253
1314 3212 276
483 3213 101
1002 3213 321
1617 3213 311
859 3214 235
1168 3214 159
3195 3214 105
135 3215 285
330 3215 241
1587 3215 179
353 3216 574
1976 3216 225
2226 3216 164
2401 3217 276
283 3218 259
1777 3218 184
219 3219 249
850 3219 234
2447 3219 312
1446 3220 181
2867 3220 840
3218 3220 614
888 3221 226
1949 3221 191
2384 3221 246
25 3222 287
2007 3222 147
822 3223 298
1245 3223 250
1786 3223 171
388 3224 961
2159 3224 266
2973 3224 184
2364 3225 246
2488 3225 159
144 3226 172
926 3226 151
1799 3227 256
2824 3227 238
301 3228 219
705 3228 580
2195 3228 195
1828 3229 221
2360 3229 140
2783 3229 241
1602 3230 224
2222 3230 169
2750 3230 168
274 3231 316
2471 3231 250
3217 3231 209
225 3232 164
942 3232 164
1165 3232 158
1721 3233 200
2461 3233 371
2895 3233 353
263 3234 200
2002 3234 490
2797 3234 109
901 3235 307
1084 3235 109
2289 3235 362
362 3236 217
2356 3236 192
2553 3236 263
234 3237 102
1310 3237 316
1458 3237 231
2969 3238 129
3057 3238 221
256 3239 253
1141 3239 254
2032 3239 322
829 3240 127
957 3240 183
1270 3240 365
594 3241 159
2483 3241 316
2984 3241 301
616 3242 221
2844 3242 138
1108 3243 124
1124 3243 207
1056 3244 217
2343 3244 916
2756 3244 109
210 3245 129
2146 3245 271
2761 3245 251
1569 3246 157
1595 3246 145
3089 3246 170
1284 3247 267
1627 3247 115
2595 3247 110
642 3248 314
2352 3248 172
2737 3248 376
314 3249 155
1577 3249 319
209 3250 201
1932 3250 162
2829 3250 230
1255 3251 258
2481 3251 130
3050 3251 208
2503 3252 897
2745 3252 225
1454 3253 373
3011 3253 119
1822 3254 321
1965 3254 280
162 3255 381
814 3255 365
882 3255 440
580 3256 379
2383 3256 232
3170 3256 140
391 3257 819
1384 3257 111
2298 3257 174
170 3258 463
2000 3258 225
2910 3258 224
2400 3259 105
2578 3259 230
2702 3259 294
887 3260 343
2698 3260 991
2862 3260 109
846 3261 116
1529 3261 194
453 3262 930
1863 3262 267
3242 3262 118
2010 3263 171
2200 3263 344
2567 3263 226
232 3264 159
650 3264 293
1516 3264 158
134 3265 562
2862 3265 263
2932 3265 180
1688 3266 254
2096 3266 242
2814 3266 212
136 3267 759
1343 3267 271
1694 3268 112
2964 3268 197
2331 3269 295
50 3270 154
1171 3270 209
2419 3270 231
286 3271 147
775 3271 165
3022 3271 198
961 3272 269
1056 3272 123
2764 3272 187
1314 3273 962
1501 3273 355
3226 3273 102
1004 3274 180
1645 3274 642
160 3275 631
845 3275 145
1149 3275 201
1326 3276 214
2085 3276 179
2442 3276 211
44 3277 218
1744 3277 101
2136 3277 167
1900 3278 181
2898 3278 191
790 3279 968
2269 3279 289
1178 3280 189
2725 3280 234
3044 3280 225
1208 3281 179
1581 3281 276
2303 3281 262
309 3282 278
3046 3282 118
3115 3282 729
112 3283 347
2735 3283 291
2780 3283 284
359 3284 257
1680 3284 116
2733 3284 955
766 3285 856
2099 3285 244
2319 3285 102
1027 3286 178
3269 3286 222
1206 3287 179
2842 3287 219
2930 3287 360
500 3288 149
1236 3288 882
3279 3288 239
1390 3289 324
2629 3289 234
1846 3290 178
2074 3290 321
3227 3290 248
1374 3291 161
2793 3291 242
3172 3291 884
1749 3292 316
2502 3292 754
555 3293 228
634 3293 229
1268 3293 270
1837 3293 316
466 3294 908
1352 3294 265
2135 3294 438
141 3295 213
928 3295 185
1231 3295 113
1313 3296 147
1941 3296 313
2124 3296 124
566 3297 982
1208 3297 341
1777 3297 308
718 3298 164
1137 3298 929
1354 3298 354
1361 3299 178
2388 3299 182
3035 3299 201
628 3300 398
1555 3300 144
2309 3300 315
34 3301 301
562 3301 193
1262 3301 143
16 3302 218
657 3302 127
2377 3302 215
550 3303 328
795 3303 133
1674 3303 199
97 3304 195
1650 3304 325
2791 3304 277
64 3305 220
1186 3305 332
2960 3305 247
482 3306 280
703 3306 103
2607 3306 192
791 3307 216
2101 3307 816
1166 3308 113
1854 3308 238
2605 3308 132
451 3309 228
1586 3309 348
1776 3309 173
1046 3310 228
2075 3310 130
2963 3310 222
37 3311 339
898 3311 199
1171 3311 209
313 3312 257
362 3312 642
1952 3312 152
455 3313 220
626 3313 233
1433 3313 983
1160 3314 183
2500 3314 293
2820 3314 100
213 3315 345
1257 3315 311
2393 3315 123
1517 3316 160
1835 3316 205
2796 3316 327
192 3317 916
772 3317 248
1642 3317 283
163 3318 113
1266 3318 339
2049 3318 241
1680 3319 325
1699 3319 162
1946 3319 111
854 3320 280
2533 3320 146
3217 3320 234
127 3321 149
1639 3321 168
3225 3321 334
1510 3322 193
1591 3322 243
2555 3322 102
1102 3323 196
2143 3323 184
2909 3323 906
1473 3324 158
1695 3324 340
2507 3324 286
1780 3325 236
3252 3325 121
3292 3325 209
613 3326 169
1784 3326 159
2164 3326 983
3249 3326 288
116 3327 269
533 3327 164
1384 3327 785
1201 3328 133
1338 3328 361
1775 3328 124
178 3329 134
234 3329 278
1954 3329 314
127 3330 212
693 3330 196
904 3331 241
1225 3331 201
2287 3331 100
396 3332 228
1686 3332 243
3050 3332 255
24 3333 215
2404 3333 266
1463 3334 228
1635 3334 278
2493 3334 189
1214 3335 144
1297 3335 361
1306 3335 185
297 3336 234
1671 3336 321
2722 3336 142
260 3337 441
2317 3337 240
1670 3338 120
2537 3338 185
3063 3338 223
1845 3339 816
2508 3339 250
243 3340 201
512 3340 198
868 3340 204
1377 3341 197
2075 3341 397
2866 3341 188
115 3342 118
1730 3342 183
3261 3342 288
1394 3343 332
2060 3343 121
313 3344 128
1049 3344 204
1812 3344 332
805 3345 346
2991 3345 271
3065 3345 186
1112 3346 222
1587 3346 337
2156 3346 201
1203 3347 569
2539 3347 251
2775 3347 144
193 3348 236
1022 3348 174
2254 3348 221
1427 3349 987
2328 3349 217
2564 3349 157
1281 3350 180
2194 3350 127
2824 3350 183
530 3351 695
2944 3351 193
3115 3351 647
1307 3352 235
2592 3352 369
348 3353 220
1126 3353 224
394 3354 993
2813 3354 237
3168 3354 272
1823 3355 346
1951 3355 215
2356 3355 323
1057 3356 272
1155 3356 120
3238 3356 147
85 3357 125
483 3357 214
2407 3357 218
27 3358 212
2158 3358 257
299 3359 217
351 3359 219
602 3359 300
949 3359 208
102 3360 368
285 3360 201
1023 3360 238
866 3361 159
1216 3361 423
2915 3361 182
800 3362 218
1763 3362 278
2687 3362 311
1822 3363 279
2449 3363 207
2481 3363 127
405 3364 224
3289 3364 697
772 3365 252
1560 3365 933
2239 3365 324
1109 3366 165
2409 3366 930
2552 3366 124
1315 3367 168
2966 3367 633
3018 3367 177
856 3368 139
1791 3368 243
3042 3368 345
1687 3369 937
2080 3369 351
2633 3369 212
788 3370 319
3062 3370 262
3274 3370 469
575 3371 190
2236 3371 285
2763 3371 160
889 3372 280
1484 3372 176
2767 3372 710
1341 3373 776
1467 3373 149
3014 3373 245
184 3374 214
1890 3374 106
236 3375 909
390 3375 103
2921 3375 329
1753 3376 261
2590 3376 174
3178 3376 210
58 3377 135
777 3377 257
1221 3377 244
555 3378 278
875 3378 290
931 3378 271
2278 3378 670
2661 3379 305
3268 3379 209
3307 3379 259
370 3380 237
2282 3380 100
3184 3380 296
2364 3381 166
2551 3381 229
2989 3381 322
1622 3382 298
1773 3382 147
2019 3382 199
529 3383 282
2531 3383 216
2602 3383 909
613 3384 145
1784 3384 454
2515 3384 133
3098 3384 148
3249 3384 189
1779 3385 159
2472 3385 131
2611 3385 158
2804 3385 236
3210 3385 186
338 3386 979
727 3386 282
458 3387 195
1835 3387 277
2008 3387 149
1888 3388 312
3121 3388 995
3163 3388 100
301 3389 173
699 3389 296
1277 3389 210
964 3390 183
2974 3390 129
3092 3390 235
1368 3391 310
1734 3391 462
2246 3391 276
2517 3392 818
2522 3392 729
2958 3392 348
324 3393 289
2581 3393 278
2747 3393 215
1399 3394 217
2253 3394 741
2939 3394 171
156 3395 346
848 3395 210
3106 3395 137
1174 3396 984
2080 3396 219
3374 3396 326
892 3397 278
1309 3397 339
3278 3397 146
658 3398 115
2247 3398 204
3052 3398 688
147 3399 111
794 3399 219
2234 3399 222
1873 3400 245
2092 3400 192
2263 3400 255
870 3401 396
1641 3401 258
2534 3401 111
1363 3402 190
2195 3402 203
2544 3402 339
107 3403 301
639 3403 173
796 3403 155
420 3404 103
1647 3404 125
3117 3404 292
2106 3405 149
2991 3405 227
417 3406 130
1589 3406 208
2998 3406 183
1012 3407 310
1181 3407 127
3004 3407 253
284 3408 135
1068 3408 167
1198 3408 287
1078 3409 215
1810 3409 333
1848 3409 142
376 3410 197
1648 3410 774
2180 3410 160
37 3411 259
1712 3411 302
3156 3411 144
780 3412 177
3008 3412 233
3330 3412 162
713 3413 255
895 3413 290
2697 3413 204
168 3414 280
1527 3414 315
2321 3414 331
261 3415 166
528 3415 238
2223 3415 175
237 3416 116
1945 3416 519
2995 3416 302
1296 3417 314
2619 3417 358
3145 3417 171
286 3418 512
1129 3418 298
1686 3418 208
1125 3419 143
2776 3419 233
3147 3419 202
809 3420 203
1407 3420 185
1558 3420 262
471 3421 290
2410 3421 508
3405 3421 177
498 3422 192
1827 3422 355
3182 3422 207
126 3423 180
1298 3423 243
1801 3423 210
689 3424 307
890 3424 210
1765 3424 321
270 3425 322
1270 3425 199
2800 3425 111
2903 3426 232
3120 3426 255
3200 3426 303
88 3427 103
1044 3427 172
3172 3427 267
1432 3428 108
1513 3428 105
2197 3428 577
430 3429 203
2078 3429 278
3364 3429 227
955 3430 932
1413 3430 180
2117 3430 164
257 3431 204
1127 3431 320
1742 3431 225
307 3432 286
790 3432 178
3037 3432 851
1400 3433 287
1523 3433 143
1758 3433 198
651 3434 250
2504 3434 164
3005 3434 169
571 3435 905
889 3435 137
3333 3435 199
671 3436 211
2028 3436 206
3007 3436 321
840 3437 322
977 3437 232
2125 3437 140
1465 3438 776
1755 3438 219
2649 3438 175
592 3439 447
928 3439 166
3222 3439 128
104 3440 313
1778 3440 103
2199 3440 327
756 3441 291
1118 3441 203
2991 3441 287
936 3442 261
1548 3442 254
2929 3442 972
958 3443 285
1504 3443 207
2925 3443 204
262 3444 217
1085 3444 351
2648 3444 115
1497 3445 332
1699 3445 125
3061 3445 132
264 3446 263
382 3446 196
1754 3446 175
2076 3447 192
2108 3447 854
2484 3447 374
2030 3448 192
2377 3448 318
3337 3448 344
1396 3449 206
1841 3449 302
2218 3449 170
838 3450 139
1746 3450 257
2374 3450 194
1229 3451 203
1477 3451 323
3243 3451 237
754 3452 181
2254 3452 126
2956 3452 238
1539 3453 106
1737 3453 185
1877 3453 995
76 3454 120
889 3454 213
1451 3454 187
206 3455 301
2065 3455 170
3148 3455 370
1940 3456 345
2114 3456 514
3100 3456 215
222 3457 323
2403 3457 119
3020 3457 321
525 3458 354
1009 3458 344
1949 3458 297
1292 3459 286
2755 3459 205
3175 3459 127
264 3460 660
608 3460 202
2354 3460 140
579 3461 651
2545 3461 210
3161 3461 173
450 3462 354
941 3462 364
3210 3462 288
971 3463 198
1519 3463 919
3358 3463 729
1008 3464 210
2226 3464 181
2835 3464 240
423 3465 152
2366 3465 768
299 3466 862
2168 3466 244
2833 3466 260
906 3467 712
3386 3467 131
241 3468 288
386 3468 288
2320 3468 310
107 3469 150
1625 3469 176
2408 3469 244
1015 3470 119
1174 3470 161
1700 3470 276
1116 3471 281
2009 3471 209
3352 3471 328
831 3472 181
2653 3472 160
2735 3472 279
406 3473 232
1217 3473 330
3186 3473 150
219 3474 184
2936 3474 111
3002 3474 317
870 3475 179
871 3475 292
2341 3475 198
53 3476 302
867 3476 179
2027 3476 154
739 3477 180
981 3477 301
2745 3477 132
1636 3478 267
2243 3478 139
2501 3478 221
1531 3479 345
2585 3479 255
2844 3479 163
72 3480 280
1980 3480 975
2841 3480 138
201 3481 108
1291 3481 219
2293 3481 155
216 3482 644
600 3482 713
2335 3482 176
474 3483 377
706 3483 195
1136 3483 207
2570 3484 277
2803 3484 206
3339 3484 196
370 3485 203
1224 3485 189
3200 3485 235
51 3486 201
796 3486 573
3465 3486 164
488 3487 122
1465 3487 154
3254 3487 160
738 3488 347
2172 3488 390
2656 3488 883
1502 3489 240
2765 3489 364
2930 3489 215
20 3490 243
1041 3490 294
1839 3490 239
1539 3491 139
1540 3491 241
2005 3491 205
1463 3492 181
1506 3492 229
1608 3492 149
188 3493 358
373 3493 235
3253 3493 189
632 3494 131
3177 3494 102
3267 3494 183
923 3495 117
1190 3495 241
3176 3495 327
848 3496 223
1650 3496 332
3353 3496 169
124 3497 273
1797 3497 323
3006 3497 157
2695 3498 977
3148 3498 284
3467 3498 159
2918 3499 285
2990 3499 178
3182 3499 147
1294 3500 851
2371 3500 389
2571 3500 289
