1
0
1
1
1000000
0
0
0
0
1
57 88 630
25 98 540
48 98 139
52 104 710
36 115 200
67 116 371
49 121 354
78 128 683
14 133 188
78 139 969
117 143 191
120 143 190
51 144 152
111 149 636
99 151 581
145 151 381
128 153 169
146 159 618
27 166 108
164 166 359
118 168 778
80 171 115
144 175 203
96 179 245
22 197 178
127 197 432
52 207 655
119 207 727
176 212 140
194 212 851
201 213 155
23 214 950
135 214 428
165 215 311
196 216 199
164 218 132
64 219 109
198 222 772
222 227 866
118 229 361
49 230 219
171 235 475
19 236 188
5 237 333
210 238 264
151 239 353
188 242 486
119 250 578
74 251 175
250 253 842
60 255 159
78 261 543
79 261 328
141 262 539
96 265 737
203 270 506
53 272 223
117 279 112
30 285 639
157 285 655
184 286 273
213 286 257
90 293 163
179 293 366
64 296 488
105 296 323
73 299 216
55 301 344
181 302 725
100 312 985
199 315 236
255 319 235
53 320 331
172 321 717
316 322 484
227 326 315
43 328 103
3 331 156
90 331 180
192 331 164
71 336 245
89 337 206
138 337 930
44 338 692
249 342 536
254 342 380
83 343 243
117 346 380
212 346 287
27 347 642
99 347 495
145 347 276
238 351 486
88 354 316
191 354 193
315 355 250
121 356 896
18 358 343
199 360 332
161 361 331
257 361 359
321 367 291
90 369 152
76 370 219
1 373 457
365 373 215
155 374 600
305 378 916
318 378 411
321 378 782
149 380 346
6 383 516
121 384 221
230 384 159
380 385 185
74 388 472
157 389 546
72 390 388
46 394 434
93 394 240
47 396 965
90 397 198
116 397 498
94 398 454
181 406 122
377 406 249
374 407 330
252 409 117
67 410 463
397 410 681
91 415 233
170 415 750
359 415 330
262 417 193
186 418 834
407 420 178
242 421 396
23 423 151
113 425 108
315 426 157
45 427 362
296 428 206
248 429 635
132 432 725
125 434 141
362 434 356
320 436 405
330 437 234
188 440 904
225 442 231
400 442 432
35 443 541
125 443 381
42 444 132
56 445 740
316 448 608
396 450 100
423 450 917
87 451 230
414 452 421
187 453 458
452 454 849
11 456 363
417 456 532
446 456 791
215 457 307
34 458 899
283 459 108
206 462 790
44 464 145
184 465 383
213 465 353
433 465 236
154 466 154
76 467 163
366 468 461
404 469 946
369 470 455
105 472 332
68 473 861
167 475 722
325 476 598
122 477 401
415 477 499
315 478 202
109 479 171
42 484 612
422 484 156
212 486 538
239 489 396
54 490 188
107 492 269
275 492 581
54 497 179
163 497 207
183 499 495
297 499 167
99 500 387
197 501 238
447 503 209
287 504 122
352 504 185
116 505 175
153 505 174
304 508 727
380 509 275
95 512 188
150 512 118
274 512 447
66 514 953
68 516 242
437 516 191
148 517 144
135 518 143
455 518 143
59 522 584
266 524 311
423 524 286
455 524 160
209 528 349
177 529 195
362 529 179
268 532 844
317 532 479
242 533 880
144 535 276
350 535 381
435 536 961
27 537 112
99 537 234
164 537 103
190 537 315
358 541 110
480 541 289
283 544 103
459 544 193
279 545 289
197 551 221
17 553 274
297 554 157
289 556 337
329 556 134
101 557 250
422 558 385
521 559 206
230 560 206
540 561 175
105 562 362
541 563 266
245 566 407
247 566 107
133 567 145
179 567 208
354 568 396
430 568 641
172 569 325
184 570 459
447 570 120
515 571 923
77 572 140
4 573 434
299 574 151
546 574 289
249 575 393
379 576 523
416 576 261
30 577 342
219 583 127
296 583 266
381 585 102
467 585 178
159 586 313
499 586 424
425 587 535
498 587 165
165 589 542
389 589 103
391 589 400
582 589 401
549 590 187
224 591 547
263 592 368
395 593 676
111 594 211
85 595 310
101 595 262
206 596 404
23 597 221
47 597 867
450 597 113
472 597 458
67 598 294
319 599 229
339 599 775
224 602 137
294 603 100
491 605 567
269 606 137
358 606 219
480 606 497
152 607 472
525 610 805
189 611 154
21 612 404
154 614 232
130 615 594
489 615 112
378 618 824
38 619 167
52 619 415
119 619 845
545 621 877
134 622 248
190 622 820
356 623 272
559 623 219
421 624 401
43 628 216
142 628 271
235 628 327
397 629 329
116 630 198
153 630 197
216 630 236
223 632 253
584 633 195
128 634 260
630 634 335
209 637 212
177 638 809
99 639 148
500 639 240
523 640 229
430 641 108
262 642 760
57 643 658
250 644 985
531 644 133
619 644 254
387 646 288
443 649 609
134 653 620
190 653 309
386 653 465
30 654 239
64 654 285
526 654 163
32 655 177
68 657 309
437 657 231
128 658 236
139 658 216
234 659 413
368 660 327
114 661 265
329 663 323
85 664 284
63 666 143
434 666 179
331 669 338
153 671 133
658 671 172
92 672 373
410 672 252
468 673 258
363 676 128
460 676 168
64 678 456
105 678 867
366 678 353
534 679 466
225 680 161
400 680 227
149 681 335
464 681 175
137 682 577
29 683 468
101 686 841
646 688 235
178 689 546
190 689 144
267 689 149
70 690 291
338 690 720
96 691 370
267 692 120
104 693 223
182 693 146
207 693 311
638 694 377
292 696 539
692 698 731
570 699 282
168 700 251
465 701 487
570 701 402
686 701 195
545 702 861
455 704 259
678 704 813
70 707 338
527 708 208
287 709 165
352 709 578
89 710 867
194 710 322
474 710 496
567 710 794
149 711 484
464 711 209
104 712 670
625 712 805
251 714 387
486 716 345
357 717 235
646 717 210
255 718 260
339 718 293
599 718 212
500 720 258
198 721 413
533 721 276
209 723 273
260 724 810
263 725 367
475 725 479
38 727 293
674 727 464
191 729 291
600 729 601
396 730 223
565 730 182
91 731 216
359 731 493
224 732 278
523 732 248
155 733 102
253 734 266
494 735 314
147 738 237
57 739 371
354 739 543
729 739 967
546 740 298
210 742 537
289 742 553
501 742 276
324 744 281
415 744 530
448 745 250
228 746 216
400 746 195
402 748 223
431 749 422
711 750 120
191 753 153
568 753 924
311 755 239
297 760 156
143 761 156
194 761 210
346 761 309
162 762 416
390 765 307
280 766 372
610 770 112
398 775 230
345 776 795
772 776 268
634 778 597
212 779 216
487 779 713
716 779 667
678 780 564
660 781 333
310 782 598
342 783 101
716 784 127
109 786 337
401 786 367
298 787 104
518 788 197
231 789 281
399 789 764
391 791 610
211 794 228
609 794 263
745 794 165
425 795 105
485 797 481
756 797 197
792 797 460
418 798 305
80 800 348
237 800 481
277 800 411
608 801 262
786 801 856
95 802 116
150 802 413
534 803 505
750 804 255
56 806 725
580 808 297
4 809 366
353 809 291
294 810 150
355 810 572
563 810 287
201 813 209
595 813 302
383 814 290
787 814 765
222 816 493
707 818 124
141 820 241
642 820 363
764 821 206
557 824 303
815 824 502
34 825 515
375 826 156
3 827 178
819 827 374
200 828 217
84 829 213
131 829 327
762 829 197
122 830 529
239 830 566
528 831 356
637 831 620
79 832 343
89 833 587
96 833 547
567 833 366
125 834 105
362 834 193
649 834 118
826 834 173
133 835 125
212 835 344
710 835 102
33 839 237
683 840 194
692 840 946
637 841 191
723 841 115
538 842 232
41 844 972
802 845 629
274 846 167
580 846 151
543 847 300
308 848 254
733 849 250
341 853 339
395 854 355
62 855 190
37 857 229
392 857 309
731 858 188
182 859 454
207 859 432
539 859 295
144 860 168
350 860 324
438 860 205
667 860 614
381 861 671
585 861 405
215 862 208
440 862 295
589 862 292
631 862 336
791 862 391
531 863 209
21 864 123
112 864 232
853 866 280
623 867 131
199 869 483
634 871 989
710 871 292
21 873 155
552 873 399
204 875 100
102 876 638
140 876 141
309 877 303
810 877 162
536 878 364
375 879 995
62 880 373
507 880 629
411 881 254
476 881 192
235 882 524
453 883 332
190 884 434
267 884 477
709 885 112
785 887 326
325 888 232
240 889 169
549 889 177
743 889 152
164 890 316
399 890 746
733 891 761
505 892 195
671 892 145
209 893 461
715 894 528
168 895 997
770 895 638
303 897 582
367 897 106
569 897 505
665 898 623
815 898 358
217 899 146
603 899 151
236 901 252
228 903 125
120 905 483
208 905 213
337 905 223
710 905 651
761 905 313
288 906 227
620 906 155
886 906 961
726 911 286
752 911 109
586 913 535
835 913 951
148 914 298
133 915 124
179 915 597
256 915 301
263 915 234
69 917 744
167 918 758
293 918 216
725 918 494
915 918 280
136 919 299
459 919 291
147 920 221
663 920 268
316 922 219
448 922 840
745 922 355
344 923 618
643 923 858
336 924 252
746 924 805
82 925 469
488 925 222
246 927 107
386 927 487
571 927 938
174 928 506
59 930 263
665 930 386
403 932 321
542 935 542
706 935 112
485 936 225
529 936 150
638 936 360
834 936 244
417 937 514
32 938 867
769 938 310
431 939 402
458 939 495
599 940 321
236 941 768
271 942 487
304 942 128
555 942 358
740 942 240
108 943 308
615 944 139
205 946 295
519 947 290
907 947 264
554 949 134
760 949 139
185 950 164
792 950 206
894 950 293
81 951 563
146 952 381
364 954 563
696 954 615
665 955 244
815 955 328
153 956 153
802 956 356
143 957 568
244 957 260
849 958 234
312 959 130
136 960 285
459 960 293
90 962 359
192 962 111
410 962 123
271 963 229
300 963 924
526 963 174
704 963 932
641 964 370
399 965 207
614 967 186
607 968 806
704 968 342
780 968 288
73 969 335
129 971 603
441 971 162
197 972 274
108 973 293
717 973 126
410 974 230
65 975 278
725 975 231
303 977 302
736 978 472
842 978 198
454 979 638
131 983 242
283 984 678
44 986 337
193 986 561
690 986 725
707 986 128
921 986 340
27 987 300
150 988 858
646 990 389
973 990 712
158 991 105
441 992 142
795 995 374
931 995 415
446 996 232
921 996 294
99 997 519
239 997 122
96 998 483
293 998 211
336 999 458
985 1000 428
991 1000 437
222 1001 320
271 1001 502
377 1001 421
977 1001 247
162 1002 353
829 1002 182
791 1004 149
959 1004 288
71 1005 139
142 1005 213
603 1005 271
904 1005 397
1003 1006 469
912 1007 112
407 1008 149
245 1009 822
335 1011 162
933 1012 101
466 1015 304
237 1016 446
86 1017 769
441 1017 140
864 1017 175
605 1018 474
249 1019 566
783 1019 216
371 1021 463
822 1021 905
120 1022 103
123 1022 135
337 1022 323
940 1022 242
947 1023 262
592 1024 493
283 1025 563
370 1026 704
381 1026 371
467 1026 107
259 1027 235
935 1027 972
408 1031 380
617 1031 106
931 1031 481
601 1033 123
339 1034 708
157 1036 783
202 1036 534
546 1036 992
582 1037 508
785 1037 355
33 1038 453
626 1039 124
176 1041 512
275 1041 155
457 1041 201
1018 1042 149
344 1043 427
600 1043 294
107 1047 608
383 1047 277
625 1048 335
134 1049 467
148 1050 263
610 1050 894
795 1051 325
680 1053 793
305 1057 664
618 1057 262
170 1058 403
562 1058 714
678 1058 476
744 1058 665
793 1059 309
376 1060 138
741 1060 275
675 1061 129
466 1062 628
668 1062 585
996 1063 292
413 1064 317
520 1064 477
447 1066 688
601 1066 187
699 1066 342
369 1067 263
969 1067 233
20 1068 398
139 1070 134
843 1071 104
938 1071 401
217 1072 335
490 1072 480
478 1073 685
508 1074 306
942 1074 901
248 1075 395
877 1075 487
180 1077 242
550 1077 409
1010 1077 363
473 1078 511
516 1078 485
929 1078 364
272 1079 211
320 1079 362
341 1079 132
866 1079 182
196 1080 233
428 1081 248
968 1081 195
31 1082 218
943 1082 567
670 1083 156
303 1084 168
569 1084 446
1059 1084 217
89 1085 478
474 1085 153
608 1085 324
132 1086 121
929 1086 216
38 1087 649
52 1087 195
712 1087 192
360 1088 211
518 1090 269
812 1090 347
848 1090 684
248 1091 185
480 1091 343
343 1092 451
359 1092 776
1057 1092 183
696 1094 153
683 1095 725
890 1095 426
254 1096 374
783 1096 511
909 1096 256
180 1097 475
885 1097 194
819 1098 112
831 1098 420
511 1099 138
964 1099 708
61 1100 221
182 1100 479
539 1100 659
330 1101 176
437 1101 715
516 1101 151
652 1101 273
911 1102 139
637 1103 958
704 1103 290
95 1104 157
845 1104 261
1016 1104 624
929 1105 211
974 1105 132
823 1106 483
24 1108 167
162 1108 351
550 1108 215
1010 1108 230
231 1109 188
3 1110 262
299 1110 315
819 1110 141
969 1110 207
572 1112 160
985 1112 104
1095 1112 175
247 1113 255
1020 1113 394
349 1114 342
682 1114 317
13 1115 700
377 1115 214
786 1115 701
934 1116 443
7 1117 626
604 1117 866
736 1117 770
241 1118 143
280 1118 349
155 1119 449
827 1119 873
891 1119 530
206 1120 943
401 1122 600
977 1122 560
56 1123 246
695 1123 223
84 1124 401
763 1124 573
1002 1124 596
419 1126 195
724 1126 253
772 1126 339
740 1127 412
858 1127 401
942 1127 577
161 1128 289
300 1129 397
704 1129 270
527 1130 101
1018 1130 243
107 1131 275
852 1131 750
1061 1131 458
1011 1133 129
115 1134 312
825 1136 461
875 1136 440
698 1137 139
985 1137 140
75 1138 155
283 1138 552
631 1138 237
330 1139 226
657 1139 224
653 1140 706
1013 1140 193
616 1141 294
672 1141 135
997 1142 506
1000 1142 300
1112 1142 255
380 1143 524
335 1144 447
389 1144 439
455 1145 330
788 1145 893
460 1146 239
838 1146 148
902 1147 179
1048 1147 116
642 1148 674
820 1148 785
514 1149 590
47 1150 620
661 1150 184
195 1152 255
412 1153 124
186 1154 158
460 1157 186
83 1159 238
250 1160 396
734 1160 799
937 1160 833
11 1161 265
758 1161 677
1042 1163 182
1130 1163 493
30 1164 465
377 1164 314
786 1164 192
658 1165 590
37 1166 532
482 1167 245
971 1167 535
992 1167 366
231 1168 176
620 1168 214
135 1169 381
455 1169 380
253 1170 192
644 1170 160
765 1170 156
11 1171 324
828 1171 257
283 1172 359
648 1172 750
613 1173 525
438 1174 160
667 1174 345
2 1175 403
365 1175 218
68 1176 565
657 1176 200
1101 1176 140
1139 1176 187
546 1177 185
1127 1177 680
226 1178 438
399 1178 341
575 1180 214
252 1181 329
369 1181 575
962 1181 589
165 1182 179
457 1182 177
504 1183 377
584 1183 517
163 1184 196
747 1184 130
907 1184 201
167 1185 198
293 1185 120
962 1185 179
463 1186 253
805 1186 173
150 1187 528
505 1187 553
956 1187 383
186 1189 291
543 1189 304
798 1189 181
323 1190 589
432 1191 238
509 1191 361
1078 1191 621
1086 1191 379
1143 1191 692
25 1194 602
48 1194 188
188 1194 688
903 1195 300
632 1196 916
95 1197 230
653 1197 729
884 1197 225
44 1198 360
711 1198 765
804 1198 395
921 1198 363
266 1200 962
455 1200 507
963 1200 123
1090 1200 772
91 1201 169
526 1201 162
963 1201 178
968 1201 134
385 1202 147
883 1202 784
312 1203 148
624 1203 116
626 1203 823
403 1204 379
803 1204 246
273 1205 500
1183 1205 209
521 1206 244
1156 1207 806
939 1208 815
418 1209 258
557 1209 260
686 1209 745
317 1210 434
355 1210 598
478 1210 546
611 1210 333
952 1211 398
1063 1211 938
290 1212 213
1006 1212 103
231 1213 179
400 1213 282
924 1213 233
700 1214 529
159 1215 426
913 1215 368
141 1216 287
417 1216 367
456 1216 119
1171 1216 197
223 1217 157
1196 1217 291
1206 1217 375
1032 1218 204
581 1219 285
910 1219 141
1044 1219 616
581 1220 358
667 1220 877
1044 1220 115
187 1221 587
588 1221 910
138 1222 213
512 1223 310
988 1223 821
1015 1224 463
406 1225 563
479 1225 317
1115 1225 888
31 1226 608
547 1226 180
43 1227 326
71 1227 564
142 1227 191
999 1227 414
419 1228 464
772 1228 217
775 1228 139
80 1229 497
235 1229 200
1195 1229 276
1202 1230 407
1065 1231 141
272 1232 257
866 1232 712
73 1233 649
1067 1233 420
1181 1233 173
139 1234 142
771 1234 577
106 1235 272
178 1236 321
1029 1236 439
1150 1237 216
142 1238 221
620 1238 455
42 1239 367
471 1239 243
136 1240 314
785 1240 215
1104 1241 372
1173 1243 417
256 1244 679
961 1244 303
1045 1245 106
1240 1246 432
925 1247 710
5 1248 108
372 1248 173
845 1248 308
1016 1248 982
613 1249 204
1243 1249 142
819 1250 282
831 1250 198
342 1251 131
1125 1251 105
97 1252 328
583 1252 889
116 1253 548
609 1253 342
629 1253 311
91 1255 113
963 1255 245
87 1256 396
427 1256 122
914 1256 246
645 1257 127
791 1257 407
210 1258 140
289 1258 181
281 1259 212
699 1259 136
807 1260 405
15 1261 441
576 1261 158
418 1262 629
557 1262 378
815 1262 201
900 1262 236
211 1264 490
892 1264 336
480 1265 303
487 1266 710
716 1266 763
1242 1266 959
774 1267 132
636 1268 704
898 1268 173
581 1269 398
32 1270 296
1188 1270 100
1080 1271 289
1146 1271 231
954 1272 695
17 1273 400
932 1273 363
189 1274 185
360 1275 234
869 1275 192
41 1276 151
435 1277 383
878 1277 693
111 1278 733
658 1278 191
913 1278 213
1070 1278 414
208 1279 433
945 1279 249
117 1280 311
957 1280 508
227 1281 382
302 1281 352
303 1281 726
367 1281 247
837 1281 200
1001 1281 155
446 1282 186
907 1282 449
881 1283 319
858 1284 371
942 1284 517
1011 1284 618
1144 1284 407
635 1285 224
1254 1285 121
288 1287 430
467 1287 119
861 1287 294
1026 1287 115
691 1288 177
878 1288 410
1028 1288 751
1142 1290 249
908 1291 260
159 1292 807
745 1292 370
364 1293 123
426 1295 472
1049 1295 235
579 1296 194
833 1296 246
1085 1296 390
570 1297 911
1259 1297 342
844 1298 130
513 1299 771
705 1299 537
1123 1299 313
737 1300 727
841 1300 233
914 1300 361
183 1301 277
258 1301 150
351 1302 189
250 1303 169
531 1303 142
550 1304 468
150 1305 706
274 1305 355
591 1306 172
976 1306 225
1074 1307 584
1127 1307 219
715 1308 207
896 1308 281
1158 1308 203
1186 1309 177
391 1310 323
596 1311 448
1014 1311 127
239 1312 143
615 1312 166
1142 1312 171
216 1313 152
770 1313 478
1023 1313 338
105 1314 211
428 1314 154
548 1314 322
704 1314 215
1081 1314 406
1169 1314 170
13 1315 224
913 1316 230
694 1317 250
1055 1317 455
469 1318 102
775 1318 320
1097 1318 743
302 1319 577
837 1319 257
1057 1319 296
1251 1320 206
26 1321 146
743 1321 352
1289 1321 107
3 1322 537
669 1322 189
226 1323 415
628 1323 107
856 1323 311
882 1323 239
1238 1323 566
74 1324 206
714 1324 353
760 1325 946
949 1325 121
635 1327 446
1254 1327 659
50 1329 316
754 1329 475
926 1330 946
1291 1330 183
39 1332 216
82 1332 830
796 1332 134
1030 1332 366
1247 1332 428
39 1333 425
89 1333 645
502 1333 259
796 1333 192
688 1334 196
217 1335 152
490 1335 134
1072 1335 104
48 1336 584
807 1336 656
1331 1336 301
43 1337 333
235 1337 698
1195 1337 152
1279 1338 170
460 1339 775
1244 1339 629
507 1340 431
636 1341 436
156 1342 351
1093 1342 367
878 1343 170
1028 1343 199
16 1344 602
1224 1344 380
574 1345 502
740 1345 529
1110 1345 128
1250 1345 234
441 1346 577
937 1346 284
365 1347 179
249 1348 677
1251 1348 138
671 1349 307
1215 1349 197
1278 1349 373
808 1350 344
259 1351 322
1176 1351 568
745 1352 158
334 1355 168
783 1355 547
909 1355 865
979 1355 655
529 1356 145
194 1357 435
331 1357 143
610 1357 297
827 1357 872
253 1358 167
7 1359 318
604 1359 256
507 1360 302
605 1361 279
708 1361 238
1130 1361 629
755 1362 110
310 1363 851
511 1364 846
686 1364 266
1069 1364 485
231 1365 747
400 1365 297
533 1366 380
472 1367 181
723 1367 290
893 1367 167
575 1369 222
774 1369 150
1149 1369 257
242 1370 215
440 1370 372
624 1370 217
791 1370 538
812 1370 180
848 1370 242
959 1370 645
85 1371 670
101 1371 472
824 1371 452
174 1372 187
411 1372 327
487 1372 108
1242 1372 776
64 1373 167
152 1373 821
428 1373 314
526 1373 296
704 1373 199
968 1373 477
537 1374 186
622 1374 704
519 1375 186
1078 1375 315
1105 1375 848
41 1376 387
233 1376 142
78 1377 136
331 1379 227
407 1379 258
74 1381 770
85 1381 779
74 1382 379
568 1382 674
821 1382 202
193 1383 676
871 1383 415
905 1383 608
1234 1383 134
417 1384 650
1216 1384 846
542 1385 118
17 1386 540
1065 1386 339
292 1387 949
1245 1387 522
153 1388 427
216 1388 664
1007 1388 323
914 1389 435
1050 1389 701
1235 1389 147
424 1390 246
1157 1391 766
337 1392 767
940 1392 380
737 1393 510
994 1393 139
655 1394 184
843 1394 825
938 1394 728
491 1395 176
1161 1395 451
157 1396 152
750 1397 543
1049 1397 189
566 1398 375
55 1399 268
1093 1399 247
536 1400 102
497 1401 133
947 1401 102
1184 1401 158
500 1402 247
886 1402 310
997 1402 216
1290 1402 180
680 1403 133
722 1403 127
746 1403 118
522 1404 101
437 1405 380
204 1406 208
581 1406 954
312 1407 249
450 1407 898
626 1407 471
10 1408 138
594 1408 111
203 1409 324
276 1409 801
688 1409 407
990 1409 241
1342 1410 355
642 1411 245
820 1411 761
260 1412 160
273 1412 141
553 1412 526
211 1413 443
892 1413 313
1349 1413 234
385 1414 595
509 1414 402
548 1415 213
1081 1415 187
69 1417 190
796 1417 110
29 1418 206
269 1418 811
358 1418 685
856 1418 261
1350 1418 163
934 1419 223
667 1420 705
1051 1420 141
80 1421 447
81 1421 931
280 1422 220
37 1423 304
395 1423 992
1250 1423 742
450 1424 768
468 1424 176
472 1424 568
678 1424 103
893 1424 451
108 1425 322
717 1425 257
1082 1425 858
705 1426 438
1222 1426 519
155 1427 511
544 1428 966
791 1428 233
960 1428 227
251 1429 273
1381 1429 560
118 1431 186
700 1431 450
1193 1431 421
266 1432 754
816 1432 340
959 1432 189
123 1433 217
703 1433 232
864 1434 475
873 1434 267
171 1435 279
237 1435 521
943 1436 185
1162 1436 593
20 1437 279
285 1437 164
167 1438 216
962 1438 195
571 1439 185
1110 1440 200
1322 1440 330
193 1441 270
871 1441 505
921 1441 206
1063 1441 565
1398 1442 343
505 1443 266
1253 1443 796
1264 1443 617
9 1444 111
94 1444 556
25 1445 362
188 1445 284
558 1445 191
177 1446 930
694 1446 356
1155 1446 178
822 1447 280
525 1448 468
613 1448 179
1050 1448 442
309 1449 471
757 1449 409
1365 1449 563
1392 1450 108
355 1452 546
426 1452 984
877 1452 237
856 1453 560
882 1453 364
1140 1453 384
1197 1453 390
1350 1453 126
1032 1454 103
156 1455 710
452 1455 278
1093 1455 778
569 1456 218
265 1457 253
579 1457 220
703 1457 154
833 1457 177
243 1458 661
370 1458 221
147 1459 449
1351 1459 315
255 1460 282
326 1460 144
1085 1461 315
1333 1461 546
114 1462 510
932 1462 257
1204 1462 197
4 1463 231
1249 1463 107
1448 1463 422
246 1464 437
386 1464 189
1140 1464 220
1039 1465 559
1237 1465 381
856 1466 281
1140 1466 229
1349 1467 532
1084 1468 216
1456 1468 452
909 1469 119
979 1469 402
8 1470 213
633 1470 110
1194 1470 379
401 1471 454
504 1472 200
651 1472 150
560 1473 743
146 1474 581
586 1474 303
865 1474 201
47 1476 586
112 1477 275
1130 1477 401
179 1478 266
256 1478 788
691 1478 996
770 1478 513
379 1479 246
713 1479 590
799 1479 762
308 1480 246
1030 1481 234
1125 1481 345
517 1482 250
1214 1482 650
15 1483 360
113 1483 109
160 1483 156
530 1484 167
456 1485 411
1282 1485 236
223 1486 369
384 1486 195
560 1486 269
778 1487 599
1316 1487 567
51 1488 399
795 1488 350
860 1488 529
1420 1488 867
25 1489 180
599 1489 312
793 1489 189
1034 1489 201
1392 1489 290
935 1491 347
1015 1491 678
1151 1491 749
1385 1491 135
602 1492 145
102 1493 516
1082 1493 355
308 1494 230
1370 1494 268
627 1495 142
771 1495 243
48 1496 525
399 1497 229
951 1498 519
484 1499 463
718 1499 257
1034 1499 531
1489 1499 420
426 1500 107
685 1500 766
918 1501 634
975 1501 257
542 1502 711
763 1502 206
790 1502 531
209 1503 357
325 1505 151
881 1505 388
22 1507 206
650 1507 204
196 1508 466
630 1508 733
956 1508 354
1215 1508 367
1148 1509 267
1175 1510 304
1347 1510 436
853 1511 534
1013 1512 311
1295 1512 236
201 1513 237
465 1513 168
595 1513 110
686 1513 403
462 1514 110
204 1515 247
581 1515 335
910 1515 323
1136 1515 330
947 1516 719
1414 1516 221
103 1517 472
1054 1517 708
1292 1517 436
1352 1517 169
1492 1517 307
232 1518 227
482 1518 126
925 1519 558
1180 1519 564
184 1521 152
699 1521 120
281 1522 118
691 1522 622
770 1522 391
1400 1522 327
30 1523 518
100 1523 285
271 1523 187
377 1523 204
398 1524 950
1228 1524 257
533 1525 207
1260 1525 436
481 1526 524
358 1527 503
563 1527 207
856 1527 698
1238 1527 628
604 1528 298
354 1529 119
764 1529 101
1324 1529 322
1382 1529 111
621 1530 156
702 1530 422
252 1531 563
369 1531 206
1032 1532 185
18 1533 185
620 1533 258
886 1533 180
1527 1533 130
359 1534 505
379 1534 501
416 1534 256
799 1534 134
858 1534 763
219 1535 644
1252 1535 528
754 1536 119
1342 1539 222
129 1540 107
735 1541 153
1312 1542 284
496 1544 926
846 1544 279
1075 1544 192
176 1545 290
486 1545 218
352 1546 441
1153 1546 133
1183 1546 294
145 1547 108
436 1548 908
803 1548 362
838 1548 254
1271 1548 660
298 1549 341
814 1549 305
122 1550 351
239 1550 123
445 1551 245
806 1551 747
647 1552 175
1088 1552 522
1109 1552 255
799 1553 776
291 1554 901
1046 1554 154
18 1556 273
36 1556 153
541 1556 206
1265 1556 213
674 1557 516
50 1558 230
137 1558 332
19 1559 209
28 1559 608
872 1559 725
1045 1559 471
423 1560 634
55 1561 461
452 1561 107
461 1561 317
1093 1561 539
757 1562 559
951 1562 613
1384 1562 538
19 1563 484
901 1563 274
1045 1563 167
1387 1563 289
264 1564 347
777 1564 486
1537 1564 151
757 1565 673
903 1565 923
951 1565 286
1229 1565 732
1421 1565 346
582 1566 141
862 1566 228
1004 1566 572
1138 1566 319
86 1567 167
612 1567 209
864 1567 964
649 1568 392
797 1568 213
936 1568 548
31 1569 165
357 1569 267
1425 1569 348
697 1570 133
1054 1570 440
1352 1570 452
960 1571 525
1039 1571 691
1203 1571 966
165 1572 420
176 1573 298
188 1573 482
558 1573 285
247 1574 143
692 1575 172
624 1576 491
791 1576 142
1025 1576 638
212 1577 241
1041 1577 147
1357 1577 149
90 1578 210
179 1578 725
710 1578 129
770 1578 270
1357 1578 162
1080 1579 111
938 1580 186
1190 1580 165
1270 1580 120
137 1581 140
1114 1581 468
562 1582 189
393 1583 441
564 1583 277
430 1584 407
964 1584 642
1371 1584 799
728 1585 284
839 1585 241
1038 1585 469
1481 1585 703
695 1586 205
1299 1586 279
1328 1586 187
1356 1586 267
1305 1587 231
697 1588 378
1218 1588 189
839 1589 343
103 1590 384
1292 1590 193
481 1591 285
679 1591 313
803 1591 331
1012 1591 162
610 1592 544
827 1592 265
1098 1592 709
1389 1592 141
1522 1592 285
827 1593 153
891 1593 137
679 1594 257
149 1595 265
594 1595 580
750 1595 169
246 1596 470
1439 1596 198
1070 1597 171
330 1598 788
541 1598 190
810 1598 506
1075 1598 471
1091 1598 212
1315 1599 624
558 1600 185
144 1601 113
438 1601 506
273 1602 183
553 1602 282
1386 1602 572
382 1603 650
9 1604 362
94 1604 537
412 1604 297
775 1604 214
506 1605 286
1265 1605 329
185 1606 344
756 1606 253
792 1606 750
1293 1606 309
1069 1607 437
373 1608 740
1175 1608 714
525 1609 503
1119 1609 551
1427 1609 479
1592 1609 387
1101 1610 245
1405 1610 588
26 1611 341
528 1611 216
893 1611 141
221 1612 366
774 1612 397
491 1613 186
734 1613 293
937 1613 104
1361 1613 647
517 1614 122
37 1615 692
837 1615 298
1084 1615 176
1281 1615 608
117 1616 295
1600 1616 539
254 1617 141
1251 1617 125
22 1618 195
650 1618 134
868 1618 408
972 1618 318
109 1619 149
188 1619 278
1001 1619 490
1164 1619 351
761 1620 171
957 1620 818
1180 1621 259
673 1622 102
1271 1623 329
1579 1623 178
216 1624 177
340 1624 577
1007 1624 958
1080 1624 147
763 1625 465
1002 1625 683
1108 1625 171
1304 1625 824
114 1626 242
534 1626 267
1204 1626 603
189 1627 221
611 1627 909
652 1627 438
782 1627 300
1073 1627 268
1210 1627 243
60 1629 508
203 1630 203
990 1630 178
172 1631 293
1084 1631 114
1164 1631 349
1450 1631 204
173 1632 631
851 1632 967
427 1633 246
1427 1633 184
294 1634 477
563 1634 190
1005 1634 547
1168 1634 112
1238 1634 498
15 1635 282
113 1635 185
66 1636 453
69 1636 131
82 1636 244
796 1636 218
1394 1637 230
1549 1637 157
836 1639 533
883 1639 234
121 1640 257
521 1640 125
623 1640 130
439 1641 168
1638 1641 126
436 1642 318
838 1642 330
86 1643 303
129 1643 101
441 1643 181
1603 1643 428
1013 1644 332
1464 1644 423
1596 1644 719
20 1645 991
285 1645 285
555 1645 137
740 1645 160
1036 1645 539
1152 1646 158
513 1647 539
1152 1647 297
1507 1648 468
647 1649 150
1029 1649 105
1447 1649 705
312 1650 360
793 1650 512
1260 1650 952
1336 1650 954
18 1651 173
36 1651 232
158 1651 327
221 1652 291
414 1652 265
530 1652 937
100 1653 306
889 1653 199
1321 1653 758
1611 1653 202
156 1654 185
314 1654 200
1539 1654 266
1574 1654 109
174 1655 233
212 1655 267
487 1655 214
612 1656 583
28 1657 129
649 1657 809
826 1657 355
879 1657 116
751 1658 310
1022 1658 106
1433 1658 151
416 1659 357
858 1659 414
1144 1659 459
1177 1659 719
53 1660 668
436 1660 488
330 1661 191
1091 1661 559
1405 1661 813
1610 1661 212
169 1662 249
948 1662 256
1040 1662 575
1441 1663 406
1034 1664 595
1331 1664 291
1555 1664 356
1571 1664 232
120 1665 374
771 1665 493
1383 1665 965
40 1666 313
1301 1666 273
374 1667 518
420 1667 151
817 1667 914
381 1668 633
1207 1669 181
1208 1669 223
478 1670 309
611 1670 485
1073 1670 213
483 1671 145
489 1671 174
1162 1671 211
1550 1671 416
638 1672 549
39 1673 319
719 1673 139
759 1673 564
1247 1673 117
247 1674 706
911 1674 157
996 1675 262
1282 1675 968
366 1676 173
1058 1676 317
789 1677 321
890 1677 215
1109 1677 105
103 1678 238
1054 1678 185
1532 1678 104
4 1679 343
353 1679 454
115 1680 331
496 1680 712
698 1680 165
1575 1680 247
687 1681 414
1451 1681 903
352 1682 307
885 1682 173
1318 1682 138
852 1683 364
1329 1683 357
1558 1683 250
1581 1683 589
920 1684 300
1410 1685 156
1442 1685 254
1539 1685 457
318 1686 909
408 1686 283
617 1686 542
411 1687 815
476 1687 280
487 1687 1523
573 1687 260
448 1688 373
1292 1688 725
152 1689 203
366 1689 193
607 1689 357
704 1689 893
1145 1689 513
374 1690 240
1008 1690 206
1395 1691 159
578 1692 273
726 1692 509
752 1692 131
599 1693 654
7 1694 471
393 1694 650
564 1694 186
899 1695 507
1014 1695 431
1335 1695 189
77 1696 184
692 1696 134
302 1697 163
367 1697 552
297 1698 123
586 1698 223
1474 1698 843
332 1699 312
726 1699 259
1102 1699 508
77 1700 162
1223 1700 175
618 1701 213
1319 1701 110
1697 1701 493
625 1702 593
727 1702 144
1087 1702 177
291 1703 651
339 1703 187
908 1703 724
844 1704 659
948 1704 152
383 1705 315
155 1706 243
407 1706 182
1022 1707 381
1528 1707 146
1082 1708 239
1226 1708 807
414 1709 221
575 1709 567
1019 1709 164
1244 1710 585
1614 1710 329
322 1711 105
629 1711 108
867 1712 428
933 1712 432
321 1713 522
569 1713 391
1059 1713 545
392 1714 266
945 1714 480
1338 1714 439
680 1715 278
722 1715 257
116 1716 148
598 1716 161
609 1716 217
1187 1716 354
1508 1716 329
645 1717 157
672 1717 230
602 1718 147
1204 1718 150
618 1719 287
309 1720 571
313 1720 454
429 1720 395
496 1720 395
1075 1720 242
1575 1720 283
867 1721 402
976 1721 692
327 1722 278
218 1723 963
683 1723 131
890 1723 167
1178 1723 100
106 1724 261
536 1724 353
1343 1724 168
29 1725 183
432 1725 316
1154 1726 223
360 1727 656
685 1727 513
1552 1727 255
1056 1728 670
714 1729 843
946 1730 737
1468 1730 316
1471 1730 106
728 1731 232
839 1731 203
1179 1731 674
1363 1732 249
1648 1732 161
1029 1733 507
1132 1733 231
2 1734 164
1510 1734 145
961 1735 154
1490 1735 339
1710 1735 677
458 1736 225
1208 1736 274
1263 1736 230
1726 1737 159
1315 1738 283
166 1739 192
218 1739 601
405 1739 496
684 1739 383
965 1740 655
1026 1740 231
1053 1740 724
1497 1740 936
1668 1740 172
183 1741 225
1666 1741 228
1721 1741 297
805 1742 651
626 1743 426
1065 1743 963
1002 1744 570
899 1745 429
1014 1745 373
336 1746 634
1005 1746 789
1168 1746 173
1213 1746 183
29 1747 816
269 1747 205
869 1748 179
1466 1748 982
53 1749 552
1660 1749 316
552 1750 318
1705 1750 487
1584 1751 322
1607 1751 272
1725 1752 278
127 1753 696
413 1753 169
972 1753 361
1036 1754 521
598 1755 365
988 1755 530
1187 1755 187
228 1756 547
1190 1757 414
1404 1757 244
1538 1757 757
143 1758 256
244 1758 167
392 1758 127
751 1758 479
1022 1758 120
397 1759 745
892 1759 363
974 1759 656
1375 1759 380
788 1760 285
1188 1760 196
1560 1760 235
297 1761 232
499 1761 604
554 1761 488
1325 1761 508
1474 1761 386
16 1762 669
84 1762 398
531 1763 129
1518 1763 253
214 1764 534
423 1764 172
518 1764 207
848 1764 389
1480 1764 409
1760 1764 308
548 1765 284
704 1765 507
1103 1765 184
1255 1765 203
811 1766 449
1540 1766 280
1763 1766 138
1020 1767 418
1035 1767 346
401 1768 342
1115 1768 216
1260 1768 310
2 1769 183
1151 1769 328
1199 1769 630
782 1770 290
1073 1770 259
1363 1770 253
1335 1771 969
1416 1771 237
656 1772 200
1033 1772 848
1647 1772 216
542 1773 896
706 1773 169
790 1773 460
294 1774 223
877 1774 250
1241 1774 274
1449 1774 452
902 1775 244
1048 1775 158
1702 1775 149
626 1776 461
848 1776 485
1039 1776 336
756 1777 620
1245 1777 460
1568 1777 803
140 1778 327
145 1778 434
227 1779 458
367 1779 277
1460 1779 643
1629 1779 300
584 1780 359
1065 1780 455
1470 1780 733
199 1781 138
355 1781 203
563 1781 807
1021 1781 600
1088 1781 551
76 1782 590
999 1782 936
454 1783 178
1455 1783 139
5 1784 146
883 1784 464
347 1785 276
639 1785 119
582 1786 463
1246 1786 666
700 1787 367
1193 1787 347
1391 1787 693
119 1788 205
859 1788 172
1111 1788 316
1160 1788 176
794 1789 204
1215 1789 370
1292 1789 626
1413 1789 359
1716 1789 175
865 1790 125
1698 1790 186
359 1791 239
379 1791 238
744 1791 330
1523 1791 761
148 1792 769
896 1793 586
208 1794 236
710 1794 172
1285 1794 404
593 1795 108
819 1795 572
1423 1795 222
130 1796 326
368 1796 452
1324 1797 151
1729 1797 201
350 1798 116
667 1798 930
1044 1798 124
313 1799 421
496 1799 369
580 1799 130
1691 1799 559
1129 1800 415
1314 1800 168
629 1801 107
1264 1801 930
1759 1801 911
328 1802 360
46 1803 966
781 1803 527
973 1803 245
1630 1803 124
277 1804 206
442 1804 355
1421 1804 371
501 1805 237
1722 1805 392
311 1806 299
401 1806 176
608 1806 365
36 1807 293
541 1807 664
508 1808 512
1662 1809 436
891 1810 130
1326 1810 164
1101 1811 225
1351 1811 256
1547 1812 843
1719 1812 163
152 1813 140
655 1813 439
1760 1813 165
327 1814 314
1326 1815 195
1690 1815 572
1190 1816 686
1538 1816 259
417 1817 921
1346 1817 228
1485 1817 611
1562 1817 711
1042 1818 644
187 1819 375
747 1819 350
1802 1819 692
1055 1820 278
178 1821 268
1739 1821 660
110 1822 244
304 1822 516
1004 1822 366
1432 1822 109
1808 1822 397
874 1823 965
1475 1823 761
56 1824 138
695 1824 131
966 1824 104
1158 1824 145
337 1825 125
703 1825 253
1658 1825 612
221 1826 320
1514 1827 324
1722 1827 781
271 1828 250
300 1828 299
555 1828 385
977 1828 607
388 1829 380
493 1829 380
1742 1829 374
1001 1830 438
1423 1830 178
1615 1830 782
99 1831 834
720 1831 565
1374 1831 918
126 1832 142
687 1832 384
1192 1832 247
1451 1832 772
243 1833 511
160 1834 104
408 1834 586
931 1834 333
1599 1834 851
1738 1834 488
75 1835 409
1037 1835 765
1496 1835 882
1566 1835 222
173 1836 183
817 1836 222
1810 1836 134
67 1837 167
505 1837 277
1755 1837 790
186 1838 115
701 1838 306
1209 1838 142
1297 1838 170
29 1839 178
1752 1839 389
953 1840 855
1173 1840 224
1633 1840 226
66 1841 127
796 1841 132
1461 1841 238
35 1842 501
1045 1842 343
348 1843 332
776 1843 116
1126 1843 143
275 1844 120
1549 1844 331
33 1845 524
1422 1845 103
59 1846 169
764 1846 296
1341 1846 220
1404 1846 313
10 1847 387
1509 1847 685
277 1848 288
603 1848 169
1756 1848 216
1774 1848 661
338 1849 416
464 1849 422
515 1849 712
1061 1851 374
1163 1851 235
1477 1851 244
851 1852 204
998 1852 493
1185 1852 177
367 1853 244
569 1853 195
857 1853 217
1615 1853 587
1053 1854 375
1403 1854 278
855 1855 116
880 1855 154
995 1855 351
1051 1855 169
1360 1855 235
715 1856 290
966 1856 161
1158 1856 282
444 1857 324
463 1857 132
981 1857 200
1797 1857 808
681 1858 763
1849 1858 498
379 1859 293
713 1859 370
1261 1859 617
1483 1859 897
371 1860 203
405 1860 475
1464 1860 331
1466 1860 207
10 1861 511
1595 1861 172
163 1863 716
747 1863 832
1802 1863 323
651 1864 334
1138 1864 689
376 1865 105
409 1865 392
741 1865 749
1531 1865 288
874 1866 313
1113 1866 847
421 1867 178
533 1867 237
238 1868 311
742 1868 130
1722 1869 628
1814 1869 849
564 1870 440
1254 1870 292
92 1871 426
1141 1871 246
106 1872 415
451 1872 128
953 1872 731
980 1873 445
1143 1873 631
1413 1873 130
1725 1873 268
1676 1875 931
509 1876 540
519 1876 168
1078 1876 267
1274 1876 155
1516 1876 257
912 1877 135
1579 1877 107
1624 1877 398
607 1878 306
1506 1879 291
214 1880 175
428 1880 367
843 1880 977
425 1881 296
1156 1881 249
1635 1881 339
192 1882 339
1182 1882 460
1294 1882 198
1438 1882 115
504 1883 772
584 1883 268
651 1883 337
382 1884 253
1498 1884 184
1603 1884 243
342 1885 527
1320 1885 214
1480 1886 416
1760 1886 311
916 1887 144
278 1888 163
1492 1888 339
1347 1889 378
876 1890 739
1493 1890 366
1708 1890 735
1778 1890 270
537 1891 179
884 1891 155
890 1891 232
997 1891 245
1112 1891 100
1497 1891 136
92 1892 323
265 1893 102
1400 1893 713
1593 1893 171
432 1894 107
1752 1894 202
895 1895 144
791 1896 236
1076 1896 142
1310 1896 360
1494 1896 422
412 1897 270
419 1897 415
775 1897 199
1546 1897 466
1682 1897 862
1511 1898 207
624 1899 292
626 1899 326
848 1899 338
361 1900 232
901 1900 309
1387 1900 329
268 1901 414
532 1901 813
159 1902 270
602 1902 136
1517 1902 609
306 1903 117
494 1903 163
573 1904 755
1024 1904 208
525 1905 496
1119 1905 543
1357 1905 242
1379 1905 639
1706 1905 233
120 1906 234
123 1906 494
1542 1907 182
70 1908 502
818 1908 320
1814 1909 604
382 1910 265
1485 1910 695
1498 1910 191
72 1911 117
431 1911 843
458 1911 138
1192 1912 156
1504 1912 392
1589 1912 365
108 1913 177
394 1913 100
660 1913 296
1803 1913 441
637 1914 373
1098 1914 762
1300 1914 337
1389 1914 291
1393 1914 420
765 1915 397
1263 1915 214
1143 1916 122
1587 1916 145
1079 1917 168
42 1918 182
422 1918 129
471 1918 145
1573 1918 146
194 1919 595
1620 1919 168
1655 1919 151
1905 1919 284
310 1920 407
1507 1920 810
1684 1920 177
1732 1920 189
483 1921 498
1026 1921 753
1458 1921 567
1550 1921 407
1524 1922 731
372 1923 368
1016 1923 246
419 1924 817
1205 1924 210
1546 1924 296
533 1925 576
1239 1925 353
1555 1925 309
306 1926 509
926 1926 578
992 1927 922
1017 1927 101
1434 1927 113
713 1928 259
1483 1928 183
590 1929 399
1345 1929 997
1440 1929 562
288 1930 891
467 1930 201
906 1930 146
1402 1930 591
89 1931 331
1457 1931 231
1825 1931 163
1893 1931 166
747 1932 172
907 1932 324
1414 1932 617
702 1933 315
1906 1933 539
132 1934 260
1105 1934 345
1892 1934 359
214 1935 173
1237 1935 531
369 1936 229
895 1936 416
1578 1936 375
1794 1936 145
79 1937 156
499 1937 288
913 1937 234
1070 1937 431
111 1938 241
681 1938 245
1070 1938 323
832 1939 149
1597 1939 164
1937 1939 314
1475 1940 909
1484 1940 431
45 1941 254
148 1941 369
1256 1941 501
1448 1941 218
1534 1942 598
1553 1942 451
363 1943 118
460 1943 987
1249 1943 324
141 1944 526
262 1944 213
1384 1944 936
1411 1944 357
1069 1945 220
993 1946 229
1128 1946 196
561 1947 232
823 1947 802
1436 1947 592
662 1948 739
1353 1948 376
572 1949 379
1142 1949 151
1542 1949 609
870 1950 722
1079 1952 263
1211 1952 252
268 1953 370
317 1953 258
1627 1953 176
561 1954 194
823 1954 253
357 1955 148
646 1955 273
1334 1955 222
747 1956 508
1202 1956 142
1414 1956 228
1639 1956 100
1353 1957 124
1628 1957 647
333 1958 370
659 1958 343
1369 1959 230
1612 1959 487
1652 1959 157
1709 1959 523
888 1960 121
1008 1960 216
1505 1960 321
789 1961 252
1178 1961 355
1715 1961 626
843 1962 173
1637 1962 201
1792 1962 652
1397 1963 264
1487 1963 508
1577 1964 247
1655 1964 260
1687 1964 119
1905 1964 131
487 1965 667
627 1966 148
1274 1966 164
229 1968 215
376 1968 231
1870 1968 172
548 1969 552
841 1969 621
1103 1969 269
1314 1969 203
969 1970 284
1440 1970 299
673 1971 641
1536 1972 202
1616 1972 870
1098 1973 209
1393 1973 648
1895 1973 757
262 1974 404
539 1974 324
818 1974 169
683 1975 218
1839 1975 900
372 1976 517
912 1976 163
1579 1976 129
381 1977 558
1083 1977 614
1921 1977 647
278 1978 343
919 1978 329
1864 1978 113
602 1979 167
732 1979 433
1888 1979 261
650 1980 234
868 1980 390
1056 1980 174
1107 1981 532
1153 1981 264
839 1982 244
1179 1982 154
1845 1982 561
1912 1982 111
248 1983 427
1223 1983 268
1543 1983 218
555 1984 334
1036 1984 243
385 1985 190
1467 1985 325
789 1986 131
965 1986 684
1135 1986 223
1213 1986 104
1715 1986 490
917 1987 272
1417 1987 132
1707 1987 178
512 1988 649
1197 1988 175
1350 1988 254
1700 1988 105
337 1989 121
1333 1989 403
1417 1989 157
1707 1989 771
158 1990 120
991 1990 888
1000 1990 460
1290 1990 193
1174 1991 107
1220 1991 124
1406 1991 265
48 1992 230
807 1992 240
451 1993 501
1256 1993 558
1389 1993 516
1448 1993 361
1609 1993 739
1633 1993 213
211 1994 383
1752 1994 346
1873 1994 241
1916 1994 284
100 1995 341
377 1995 231
1059 1995 892
1650 1995 855
1768 1995 233
13 1996 377
305 1996 787
377 1996 291
1092 1996 372
1599 1996 507
1791 1996 360
149 1997 174
509 1997 762
1274 1997 307
1861 1997 265
449 1998 131
1218 1998 180
1454 1998 219
1455 1999 599
1537 1999 117
1940 1999 416
105 2000 399
780 2000 320
1081 2000 209
274 2001 266
808 2001 100
1137 2001 110
1988 2001 409
109 2002 201
198 2002 977
479 2002 114
1001 2002 350
1115 2002 175
1122 2002 165
598 2003 191
1438 2003 251
1590 2003 825
1789 2003 768
302 2004 990
406 2004 637
479 2004 192
1001 2004 312
1619 2004 190
1071 2005 686
1580 2005 230
1816 2005 314
1935 2005 985
340 2006 519
1007 2006 948
453 2007 197
1146 2007 174
98 2008 907
793 2008 196
1336 2008 477
1489 2008 520
1693 2008 350
1376 2009 318
1809 2009 325
1535 2010 788
1971 2010 313
311 2011 410
401 2011 882
977 2011 280
1084 2011 161
1164 2011 299
1730 2011 787
1830 2011 552
1995 2011 678
309 2012 234
313 2012 261
757 2012 217
1384 2012 342
647 2013 112
1021 2013 329
1088 2013 347
1447 2013 610
118 2014 113
1254 2014 370
1865 2014 412
1968 2014 361
734 2015 106
1172 2016 331
1437 2016 509
1408 2017 604
1748 2017 250
320 2018 251
341 2018 871
1642 2018 214
1649 2019 240
397 2020 162
630 2020 319
871 2020 196
1063 2020 188
1313 2020 149
1578 2020 110
29 2021 883
226 2021 133
856 2021 157
1723 2021 248
172 2022 214
367 2022 502
1697 2022 549
136 2023 165
1331 2023 117
1571 2023 106
228 2024 531
400 2024 255
1449 2024 136
1565 2024 591
1804 2024 531
1848 2024 334
150 2025 292
1143 2025 220
1587 2025 226
21 2026 557
552 2026 466
675 2026 494
1656 2026 417
1705 2026 257
169 2027 105
933 2027 375
1526 2027 387
1591 2027 101
1594 2027 346
166 2028 251
684 2028 726
987 2028 295
2019 2028 233
337 2029 172
761 2029 540
1758 2029 157
648 2030 135
1396 2030 324
1754 2030 259
831 2031 166
963 2031 311
1103 2031 129
1255 2031 356
669 2033 603
888 2033 246
50 2034 172
754 2034 210
1972 2034 554
194 2035 851
474 2035 442
486 2035 237
1013 2036 320
1453 2036 183
2012 2036 275
449 2037 258
1003 2037 264
1454 2037 130
927 2038 367
987 2038 649
1236 2038 638
402 2039 135
633 2039 311
768 2039 125
441 2040 143
951 2040 919
1498 2040 331
1603 2040 586
1817 2040 115
1910 2040 452
544 2041 954
923 2041 640
174 2042 528
1430 2042 419
1706 2042 317
1919 2042 242
8 2043 374
1194 2043 158
1525 2043 793
1992 2043 314
291 2044 133
514 2045 341
1369 2045 401
1636 2045 115
301 2046 126
414 2046 390
1561 2046 170
430 2047 220
753 2047 246
1751 2047 979
310 2048 293
1684 2048 256
1847 2049 497
476 2050 206
1283 2050 359
1294 2050 236
261 2051 101
464 2051 471
515 2051 865
483 2052 672
540 2052 184
1121 2052 148
1162 2052 153
1947 2052 248
1596 2053 389
1733 2053 100
485 2054 234
529 2054 154
1308 2054 630
1224 2055 552
1770 2055 367
517 2056 108
770 2056 264
1050 2056 658
1157 2056 801
273 2057 210
348 2057 977
1050 2058 321
1463 2058 178
1637 2058 839
1792 2058 276
1943 2058 200
730 2059 181
1188 2059 665
2010 2059 136
773 2061 275
178 2062 322
647 2062 429
1029 2062 253
1132 2062 626
1094 2063 538
346 2064 261
621 2064 227
835 2064 156
905 2064 258
1937 2064 934
880 2065 931
155 2066 267
849 2066 138
2042 2066 360
2060 2066 665
1327 2067 697
1583 2067 122
1870 2067 303
925 2068 876
994 2069 256
1391 2069 280
98 2070 302
1693 2070 197
1847 2071 711
684 2072 121
1236 2072 526
1821 2072 853
2019 2072 353
449 2073 207
1003 2073 211
1212 2073 398
524 2074 309
1145 2074 315
1560 2074 545
146 2075 689
922 2075 515
1292 2075 546
1688 2075 221
687 2076 700
719 2076 237
301 2077 218
120 2078 286
208 2078 729
538 2078 112
1338 2078 459
1760 2079 548
2059 2079 565
333 2080 382
488 2081 343
1519 2081 473
1621 2081 534
170 2082 749
477 2082 288
670 2082 211
1833 2082 160
1192 2083 230
1451 2083 101
1504 2083 436
1694 2083 271
277 2084 155
603 2084 169
904 2084 365
1745 2084 279
242 2085 227
816 2085 180
959 2085 557
1194 2085 114
1525 2085 361
1650 2085 322
1258 2086 161
476 2087 326
888 2087 230
1294 2087 408
1379 2087 187
1964 2087 750
330 2088 595
652 2088 315
810 2088 203
1210 2088 664
855 2089 140
995 2089 199
1341 2090 437
1404 2090 219
1538 2090 306
364 2091 751
696 2091 676
1606 2091 505
512 2092 433
846 2092 697
1075 2092 618
1983 2092 551
1279 2093 170
1794 2093 148
371 2094 357
869 2094 370
1466 2094 138
1527 2094 134
1781 2094 741
1632 2095 215
1887 2095 374
1893 2095 353
374 2096 560
733 2096 117
1810 2096 326
1815 2096 238
397 2097 276
672 2097 893
1063 2097 363
1711 2097 292
240 2098 195
743 2098 172
407 2099 161
881 2099 135
1960 2099 243
2087 2099 350
836 2100 625
1014 2100 155
476 2101 629
229 2102 283
766 2102 839
1118 2102 729
1431 2102 438
737 2103 152
1482 2103 755
172 2104 343
940 2104 430
1450 2104 703
126 2105 651
1451 2105 238
720 2106 324
1275 2106 252
186 2107 246
543 2107 376
1297 2107 773
1726 2107 257
140 2108 148
145 2108 166
1812 2108 174
60 2110 539
599 2110 617
793 2110 213
1693 2110 563
1713 2110 387
1276 2111 254
100 2112 158
889 2112 123
1645 2112 934
264 2113 205
777 2113 155
1035 2113 428
313 2114 140
580 2114 431
1350 2114 539
1543 2114 176
2036 2114 193
2092 2114 352
366 2115 549
607 2115 178
780 2115 359
205 2116 153
495 2116 179
1622 2116 157
613 2117 109
1235 2117 883
1840 2117 288
1872 2117 202
1993 2117 267
542 2118 700
1027 2118 232
617 2119 851
396 2120 295
450 2120 419
626 2120 726
1465 2120 823
1535 2120 258
2059 2120 227
312 2121 378
1203 2121 508
1336 2121 845
1496 2121 100
2023 2121 157
461 2122 812
1093 2122 394
1410 2122 201
389 2123 473
546 2123 862
942 2123 278
1144 2123 608
1177 2123 161
1984 2123 177
222 2124 654
271 2124 375
304 2124 308
812 2124 164
1200 2124 526
1432 2124 234
423 2125 447
1386 2125 132
1743 2125 503
2120 2125 175
1289 2126 575
1060 2127 100
2105 2127 365
698 2128 298
840 2128 141
1134 2128 345
1975 2128 377
65 2129 248
794 2129 215
1501 2129 231
2033 2129 182
30 2130 320
271 2130 920
440 2130 185
526 2130 619
1619 2130 339
304 2131 171
791 2131 149
812 2131 332
58 2132 222
1380 2132 223
677 2133 141
1120 2133 452
1491 2134 225
338 2135 439
949 2135 835
268 2136 821
627 2136 270
1901 2136 436
1826 2138 144
175 2139 156
1582 2139 180
1601 2139 219
584 2140 170
1065 2140 1057
1205 2140 444
1602 2140 832
20 2141 170
740 2141 172
1074 2141 189
1307 2141 845
1929 2141 344
640 2142 250
1034 2142 323
1331 2142 496
2008 2142 294
866 2143 541
1313 2143 349
1624 2143 470
2056 2143 873
11 2144 515
446 2144 481
758 2144 285
1892 2144 116
23 2145 163
524 2145 451
1169 2145 723
146 2146 185
985 2147 162
1095 2147 436
1134 2147 227
1975 2147 181
168 2148 272
1285 2148 445
1531 2148 449
1936 2148 141
2014 2148 305
138 2150 266
970 2150 174
1022 2150 126
492 2151 490
754 2151 111
38 2152 107
644 2152 137
765 2152 134
863 2152 219
146 2153 707
159 2153 329
952 2153 247
1688 2153 241
1698 2153 231
2151 2154 465
127 2155 433
210 2155 259
501 2155 236
2061 2155 430
697 2156 323
1054 2156 827
1218 2156 340
1532 2156 334
1712 2156 316
281 2157 644
445 2157 126
1340 2158 195
1360 2158 177
2119 2158 307
500 2159 745
639 2159 181
886 2159 365
2106 2159 740
638 2160 684
1317 2160 840
1568 2160 124
24 2161 203
404 2161 184
1010 2161 305
958 2162 315
1967 2162 476
108 2163 290
823 2163 456
1436 2163 134
160 2164 241
324 2164 207
1599 2164 191
1791 2164 122
1859 2164 272
901 2165 150
266 2166 267
423 2166 249
848 2166 495
959 2166 129
1407 2166 247
1743 2166 234
371 2167 146
2013 2167 389
945 2168 186
1795 2168 171
2093 2168 417
910 2169 250
1136 2169 246
1165 2170 348
2071 2170 448
327 2171 108
677 2171 156
896 2172 558
1158 2172 842
1667 2173 647
1836 2173 202
2096 2173 461
1400 2174 269
1592 2174 240
1593 2174 506
24 2175 120
1625 2175 101
255 2176 466
1378 2176 319
1593 2177 309
1931 2177 313
1967 2177 352
763 2178 376
2175 2178 259
208 2179 813
538 2179 286
1285 2179 126
232 2180 101
811 2180 155
863 2180 156
1763 2180 106
1170 2181 764
1915 2181 131
219 2182 316
2010 2182 399
195 2183 484
503 2183 324
1066 2183 418
63 2184 287
705 2184 193
1586 2184 371
1623 2185 119
706 2186 568
193 2187 197
690 2187 214
1665 2187 216
2135 2187 396
34 2188 977
727 2188 154
1557 2188 232
1775 2188 139
20 2189 129
1172 2189 183
769 2190 267
1918 2190 130
133 2191 341
1530 2191 333
1933 2191 456
2064 2191 747
295 2192 238
437 2192 241
611 2192 326
652 2192 531
2088 2192 639
244 2193 204
307 2193 886
751 2193 990
767 2193 414
436 2194 172
2146 2194 420
2153 2194 625
996 2195 250
1198 2195 110
1211 2195 174
492 2196 183
1368 2196 256
1882 2197 430
2050 2197 661
2101 2197 574
4 2198 658
363 2198 331
1249 2198 534
2093 2199 258
1551 2200 951
1737 2200 215
2157 2200 169
960 2201 122
1240 2201 660
223 2202 596
384 2202 162
1206 2202 618
1640 2202 446
64 2203 297
673 2203 149
1103 2203 467
1129 2203 200
1424 2203 380
2116 2203 150
806 2204 956
1824 2204 208
2172 2204 112
1155 2205 114
1328 2205 953
1646 2205 147
447 2206 315
701 2206 674
1364 2206 823
1945 2206 268
446 2207 174
519 2207 140
907 2207 248
2049 2207 323
563 2208 189
1088 2208 212
1109 2208 368
1168 2208 112
1533 2208 123
1556 2208 156
174 2209 227
411 2209 281
1706 2209 318
1951 2209 182
1964 2209 253
2099 2209 412
256 2210 701
263 2210 915
961 2210 203
1024 2210 247
821 2211 227
824 2211 257
898 2211 324
244 2212 135
307 2212 727
1620 2212 208
2029 2212 126
2060 2212 144
1046 2213 582
1541 2213 470
2044 2213 342
141 2214 585
818 2214 595
1974 2214 917
1439 2215 229
1733 2215 112
1067 2216 611
1895 2216 199
1936 2216 452
2093 2216 251
447 2217 276
601 2217 155
1945 2217 108
307 2218 615
767 2218 283
849 2218 657
2060 2218 142
1416 2219 655
1769 2219 251
467 2220 244
906 2220 644
1287 2220 231
1782 2220 291
1139 2221 188
1544 2221 440
1598 2221 268
1807 2221 296
1198 2222 149
1211 2222 100
1441 2222 361
422 2223 159
1600 2223 286
323 2224 236
769 2224 207
1580 2224 603
1776 2224 396
989 2225 168
2137 2225 603
2196 2225 289
88 2226 104
568 2226 163
641 2226 223
416 2227 254
1907 2227 319
1942 2227 607
728 2228 980
1028 2228 135
1157 2228 347
1235 2228 256
1724 2228 277
2010 2228 344
334 2229 204
783 2229 404
1885 2229 295
1321 2230 489
2061 2230 845
156 2231 793
314 2231 592
1286 2231 322
1783 2231 142
222 2232 539
242 2232 563
326 2232 258
721 2232 335
812 2232 372
1175 2233 239
809 2234 448
1243 2234 241
1463 2234 261
1951 2234 581
202 2235 188
946 2235 490
1068 2235 306
1645 2235 313
255 2236 528
1445 2236 566
1600 2236 517
2022 2236 440
685 2237 170
689 2237 238
1552 2237 392
2062 2237 183
482 2238 344
971 2238 693
1303 2238 219
1540 2238 248
1763 2238 395
450 2239 244
468 2239 168
730 2239 166
1560 2239 148
2059 2239 164
391 2240 444
1576 2240 110
499 2241 197
760 2241 182
1301 2241 150
1325 2241 185
1939 2241 120
507 2242 164
902 2242 264
2065 2242 179
386 2243 183
571 2243 315
2051 2243 322
592 2244 109
835 2244 945
915 2244 937
1215 2244 146
1577 2244 282
1578 2244 963
215 2245 522
1572 2245 172
2190 2245 216
1184 2246 691
1898 2246 126
101 2247 489
1099 2247 139
1364 2247 189
1584 2247 753
1607 2247 132
903 2248 508
951 2248 324
1603 2248 405
1884 2248 152
362 2249 163
826 2249 828
1043 2250 887
1572 2250 280
396 2251 254
626 2251 520
1407 2251 247
2121 2251 373
1125 2252 173
1320 2252 894
272 2253 178
1917 2253 378
69 2254 600
774 2254 238
2045 2254 250
175 2255 295
535 2255 213
1875 2255 357
1430 2256 111
1919 2256 405
2035 2256 133
520 2257 317
2126 2257 475
1689 2258 107
1765 2258 248
1878 2258 143
307 2259 556
849 2259 299
891 2259 166
2162 2259 144
2177 2259 501
13 2260 162
83 2260 140
1092 2260 123
260 2261 407
273 2261 301
348 2261 245
1126 2261 368
1924 2261 291
136 2262 117
1246 2262 580
1888 2262 487
1978 2262 860
610 2263 403
1577 2263 645
1904 2263 146
2058 2263 223
989 2264 156
1818 2264 383
1234 2265 296
1495 2265 999
1966 2265 806
11 2266 119
828 2266 537
1892 2266 413
44 2267 198
193 2267 258
554 2267 115
2135 2267 754
2222 2267 340
588 2268 427
965 2268 157
1178 2268 224
1715 2268 173
214 2269 474
435 2270 370
517 2270 215
914 2270 320
1038 2270 580
1252 2270 426
2200 2270 112
124 2271 366
218 2271 401
2017 2271 211
107 2272 343
989 2272 140
2196 2272 214
309 2273 453
1132 2273 233
1452 2273 427
1500 2273 679
2237 2273 238
592 2274 568
621 2274 806
779 2274 128
784 2274 156
835 2274 310
1502 2275 211
2118 2275 202
2178 2275 377
995 2276 625
1031 2276 790
1360 2276 181
2119 2276 295
151 2277 548
489 2277 283
547 2277 155
1708 2277 471
1778 2277 457
103 2278 725
1492 2278 407
388 2279 328
493 2279 168
664 2279 612
1381 2279 258
759 2280 441
1247 2280 417
2068 2280 645
728 2281 460
1481 2281 234
577 2282 219
648 2282 272
755 2282 285
1203 2282 281
758 2283 552
1711 2283 245
640 2284 510
732 2284 614
1331 2284 247
1470 2284 456
671 2285 356
1023 2285 436
1388 2285 428
1467 2285 696
196 2286 293
1215 2286 776
1271 2286 107
1467 2286 272
403 2287 116
481 2287 176
803 2287 193
838 2287 157
650 2288 223
1056 2288 168
1920 2288 267
1059 2289 125
1166 2289 580
2126 2289 422
267 2290 301
309 2290 100
1109 2290 177
1365 2290 766
1575 2290 126
2237 2290 125
474 2291 131
635 2291 947
1794 2291 329
2199 2291 665
391 2292 234
1428 2292 455
2201 2292 166
2250 2292 413
42 2293 553
242 2293 104
1499 2293 777
1664 2293 671
1925 2293 521
640 2294 345
748 2294 425
169 2295 297
948 2295 752
1594 2295 786
1114 2296 969
1851 2296 967
1948 2296 397
61 2297 205
349 2297 106
682 2297 855
773 2298 267
1805 2298 412
1869 2298 583
2155 2298 451
14 2299 436
474 2299 382
486 2299 150
784 2299 359
835 2299 264
1316 2299 199
639 2300 132
720 2300 266
1831 2300 505
2106 2300 149
912 2301 853
2185 2301 100
662 2302 381
852 2302 418
1621 2303 182
663 2304 334
1124 2305 244
1385 2305 194
1502 2305 538
2233 2305 351
1052 2306 165
1597 2306 367
1858 2306 182
1938 2306 104
708 2307 172
1613 2307 617
2015 2307 130
870 2308 107
1785 2308 133
1950 2308 432
372 2309 154
1230 2309 137
2253 2309 295
128 2310 336
778 2310 394
1165 2310 228
1963 2310 908
424 2311 576
1368 2311 335
2272 2311 267
934 2312 822
1106 2312 241
306 2313 773
926 2313 200
1554 2313 596
1085 2314 334
223 2315 479
1376 2315 141
2073 2315 229
978 2316 112
1870 2316 174
77 2317 184
692 2317 134
884 2317 818
1112 2317 435
1137 2317 702
1988 2317 480
1681 2318 363
219 2319 245
577 2319 138
654 2319 117
97 2320 506
296 2320 270
472 2320 416
495 2320 112
1800 2320 165
1969 2320 241
2203 2320 504
769 2321 343
1394 2321 941
47 2322 277
597 2322 408
1237 2322 169
1252 2322 866
1935 2322 404
2120 2322 122
2269 2322 106
136 2323 742
785 2323 622
1835 2323 171
2121 2323 227
937 2324 332
1361 2324 253
1477 2324 724
1628 2324 623
1640 2325 401
1809 2325 977
1998 2325 217
181 2326 190
305 2326 267
321 2326 163
377 2326 118
1059 2326 249
1281 2326 149
1631 2326 123
519 2327 326
1274 2327 386
2049 2327 141
2071 2327 154
2265 2327 101
593 2328 683
1085 2328 230
1967 2328 526
2035 2328 697
1046 2329 563
2044 2329 335
91 2330 593
170 2330 788
968 2330 736
1415 2330 633
1765 2330 242
1878 2330 295
362 2331 791
666 2331 670
1356 2331 388
2184 2331 373
1088 2332 880
1275 2332 278
1533 2332 220
2094 2332 232
2159 2332 580
2167 2332 121
102 2333 334
284 2333 329
26 2334 209
773 2334 258
2230 2334 485
1373 2335 294
1394 2335 414
1764 2335 128
1813 2335 345
1880 2335 190
2125 2335 576
164 2336 235
1374 2336 364
2271 2336 397
564 2337 215
1968 2337 718
2083 2337 338
396 2338 388
565 2338 637
1476 2338 591
2125 2338 408
991 2339 341
1142 2339 528
1290 2339 470
28 2340 158
35 2340 453
649 2340 780
1045 2340 319
1777 2340 503
636 2341 162
821 2341 859
898 2341 240
930 2341 181
1846 2341 293
517 2342 229
1232 2342 167
1877 2342 165
2143 2342 155
502 2343 172
1461 2343 265
656 2344 690
1299 2344 186
1328 2344 435
1646 2344 248
1647 2344 912
800 2345 172
1016 2345 683
1229 2345 202
1241 2345 323
1848 2345 121
234 2346 487
648 2347 302
755 2347 259
1645 2347 599
1754 2347 484
2189 2347 699
12 2348 636
1151 2348 445
2134 2348 150
2219 2348 209
442 2349 672
1135 2349 129
1213 2349 228
1013 2350 475
1295 2350 320
1452 2350 203
631 2351 100
1074 2351 183
1437 2351 111
1871 2352 557
2025 2352 647
2195 2352 272
758 2353 462
1894 2353 106
13 2354 237
282 2354 167
1703 2354 462
276 2355 529
1116 2355 276
1419 2355 321
1520 2355 270
414 2356 164
454 2356 204
1019 2356 130
1355 2356 205
287 2357 177
1786 2357 257
1883 2357 646
836 2358 353
1401 2358 241
2109 2358 858
2246 2358 135
425 2359 701
498 2359 178
1051 2359 143
1156 2359 113
1889 2360 441
928 2361 316
1620 2361 187
2042 2361 140
2060 2361 280
1411 2362 114
1500 2362 682
1512 2362 676
2053 2363 145
1337 2364 117
1854 2364 287
1923 2364 302
433 2365 127
1513 2365 237
1879 2365 650
1416 2366 579
1734 2366 187
1769 2366 508
200 2367 846
313 2367 448
429 2367 179
1543 2367 285
749 2368 125
939 2368 109
1669 2368 725
187 2369 500
747 2369 218
1639 2369 264
2246 2369 603
619 2370 287
1729 2371 144
1857 2371 311
676 2372 420
961 2372 152
1339 2372 207
842 2373 450
1254 2373 595
2179 2373 715
2316 2373 270
95 2374 113
877 2374 476
1241 2374 406
2036 2374 414
2092 2374 173
2350 2374 717
380 2375 167
711 2375 194
802 2375 191
2025 2375 205
2195 2375 211
9 2376 108
412 2376 192
1981 2376 160
884 2377 425
1053 2377 129
1497 2377 310
1039 2378 148
1231 2378 411
2023 2378 855
2251 2378 127
328 2379 434
722 2379 236
2268 2379 163
340 2380 123
1080 2380 328
1146 2380 848
12 2381 117
652 2381 183
782 2381 226
1811 2381 213
2048 2381 162
2134 2381 159
1203 2382 476
1370 2382 184
1428 2382 317
1571 2382 947
1776 2382 297
2293 2382 571
90 2383 419
470 2383 215
629 2383 707
669 2383 493
2129 2383 275
210 2384 297
351 2384 402
2061 2384 548
2086 2384 410
112 2385 607
1017 2385 329
1346 2385 424
2324 2385 540
711 2386 329
802 2386 633
1397 2386 784
2051 2386 261
493 2387 107
664 2387 296
1506 2387 340
719 2388 112
962 2388 152
1033 2388 181
1632 2388 192
1852 2388 248
2030 2388 139
393 2389 300
2343 2389 345
376 2390 136
1451 2390 267
2127 2390 921
2318 2390 786
2337 2390 626
460 2391 125
1244 2391 201
1271 2391 105
2056 2391 118
2058 2391 314
777 2392 546
1537 2392 112
2138 2392 194
1064 2393 115
1753 2393 276
151 2394 366
547 2394 531
1159 2394 157
1831 2394 307
367 2395 357
837 2395 544
1701 2395 150
1853 2395 145
1125 2396 336
1617 2396 691
2281 2396 238
1541 2397 445
1638 2397 199
1903 2397 207
675 2398 830
1047 2398 463
1131 2398 240
1705 2398 152
525 2399 876
573 2399 185
1463 2399 812
1951 2399 115
1964 2399 418
2263 2399 104
218 2400 195
405 2400 115
1466 2400 132
2017 2400 576
2021 2400 179
166 2401 106
647 2401 217
1821 2401 264
2019 2401 456
235 2402 330
1016 2402 661
1053 2402 160
1435 2402 377
2364 2402 133
365 2403 179
1124 2403 564
1744 2403 603
2233 2403 193
264 2404 139
1020 2404 394
1035 2404 215
483 2405 270
540 2405 310
1977 2405 706
18 2406 635
606 2406 243
1265 2406 840
2149 2406 460
56 2407 284
966 2407 171
882 2408 234
1104 2408 105
1197 2408 955
2377 2408 572
2402 2408 962
411 2409 509
573 2409 154
809 2409 227
1951 2409 257
265 2410 281
851 2410 222
916 2410 581
998 2410 617
2095 2410 388
6 2411 104
814 2411 156
345 2412 217
2360 2412 259
388 2413 135
1324 2413 288
1742 2413 127
510 2414 457
1257 2414 278
804 2415 559
921 2415 639
1509 2415 289
1663 2415 253
171 2416 207
628 2416 697
1221 2416 377
340 2417 557
853 2417 640
1157 2417 391
2109 2417 409
2143 2417 622
1944 2418 154
1974 2418 315
2214 2418 234
2363 2418 343
65 2419 334
592 2419 269
725 2419 269
2101 2419 154
1116 2420 235
1520 2420 990
195 2421 293
759 2421 255
1172 2421 696
1322 2421 383
1887 2421 151
2383 2421 405
733 2422 213
1427 2422 565
1771 2423 318
2133 2423 329
25 2424 300
640 2424 543
748 2424 197
1470 2424 252
2039 2424 670
270 2425 410
781 2425 151
1630 2425 254
470 2426 194
741 2426 378
1531 2426 462
661 2427 489
1231 2427 140
1273 2427 733
1386 2427 335
1462 2427 424
825 2428 363
1269 2428 174
1515 2428 284
502 2429 788
1359 2429 121
1528 2429 122
1989 2429 377
483 2430 161
1121 2430 488
1458 2430 412
226 2431 218
328 2431 159
628 2431 800
1221 2431 125
1819 2431 488
2268 2431 464
242 2432 849
1366 2432 202
1378 2432 224
1494 2432 478
1180 2433 515
2077 2433 655
838 2434 178
1642 2434 169
2018 2434 808
522 2435 857
1757 2435 659
1195 2436 251
1756 2436 595
1923 2436 430
2345 2436 188
506 2437 489
840 2437 179
1696 2437 411
1207 2438 877
2359 2438 128
2368 2438 173
874 2439 986
1113 2439 330
1574 2439 164
2404 2439 489
491 2440 258
734 2440 523
1358 2440 243
829 2441 196
1762 2441 343
159 2442 606
1548 2442 120
2146 2442 420
2194 2442 467
2286 2442 168
527 2443 468
1163 2443 315
1390 2443 809
174 2444 209
1242 2444 811
1430 2444 468
346 2445 685
928 2445 263
1280 2445 113
1620 2445 245
1655 2445 519
1965 2445 345
175 2446 388
324 2446 320
1058 2446 646
1582 2446 430
1875 2446 189
1136 2447 137
2180 2447 176
1106 2448 430
1121 2448 170
1947 2448 317
798 2449 174
955 2449 264
1262 2449 114
503 2450 294
511 2450 165
2206 2450 559
189 2451 200
516 2451 494
652 2451 317
1876 2451 166
2192 2451 787
429 2452 172
1575 2452 435
1605 2452 614
1696 2452 155
344 2453 403
600 2453 282
643 2453 494
739 2453 262
981 2453 631
1496 2454 325
1743 2454 405
2251 2454 148
2338 2454 420
773 2455 221
1380 2455 319
1869 2455 107
1909 2455 525
370 2456 150
1740 2456 109
1854 2456 270
40 2457 219
356 2457 560
867 2457 467
1741 2457 331
724 2458 410
772 2458 291
662 2459 133
852 2459 193
1061 2459 300
1581 2459 189
2296 2459 612
27 2460 156
178 2460 365
190 2460 425
386 2460 790
2038 2460 516
1267 2461 544
1612 2461 312
1826 2461 278
26 2462 272
58 2462 349
893 2462 264
1675 2463 409
1917 2463 404
1952 2463 522
2195 2463 382
799 2464 931
858 2464 610
1307 2464 270
225 2465 155
588 2465 258
1135 2465 722
1715 2465 262
259 2466 143
935 2466 395
1811 2466 668
2134 2466 106
2186 2466 218
908 2467 181
1291 2467 598
1638 2467 240
764 2468 255
1404 2468 268
402 2469 689
768 2469 441
2346 2469 156
312 2470 408
887 2470 143
984 2470 129
1004 2470 150
2112 2470 102
2323 2470 180
20 2471 200
549 2471 215
984 2471 200
2112 2471 141
413 2472 170
520 2472 158
2126 2472 240
54 2473 139
1230 2473 466
1863 2473 400
1956 2473 256
1490 2474 125
1679 2474 312
1792 2474 490
387 2475 578
688 2475 103
982 2475 446
3 2476 276
173 2476 384
192 2476 297
299 2476 234
817 2476 610
2388 2476 991
176 2477 178
346 2477 108
558 2477 135
1536 2477 553
1616 2477 600
1061 2478 558
1163 2478 612
1390 2478 202
1818 2478 214
320 2479 128
952 2479 130
1952 2479 824
2146 2479 199
2194 2479 190
134 2480 858
1140 2480 103
1512 2480 100
1748 2480 227
1342 2481 708
1399 2481 186
683 2482 351
1747 2482 517
2437 2482 306
322 2483 950
1587 2483 116
2283 2483 484
2352 2483 498
323 2484 379
344 2484 417
444 2484 417
981 2484 232
780 2485 357
1201 2485 147
957 2486 614
2361 2486 190
516 2487 593
929 2487 422
1405 2487 306
1610 2487 201
20 2488 515
555 2488 272
1074 2488 500
240 2489 277
887 2489 333
1036 2489 349
2112 2489 172
131 2490 358
762 2490 127
2080 2490 571
1271 2491 247
1467 2491 128
2007 2491 377
2185 2491 106
1354 2492 480
1922 2492 269
2412 2492 219
39 2493 414
89 2493 672
96 2493 489
827 2493 621
1522 2493 441
1578 2493 292
1893 2493 107
2282 2493 190
766 2494 244
1214 2494 377
1431 2494 197
51 2495 246
113 2495 127
160 2495 428
795 2495 132
931 2495 614
1785 2496 638
1950 2496 319
2159 2496 227
2167 2496 285
262 2497 764
539 2497 522
937 2497 832
1628 2497 657
1788 2497 230
268 2498 842
668 2498 348
1728 2498 681
1231 2499 132
1462 2499 411
1718 2499 248
1979 2499 843
1269 2500 108
2065 2500 467
2368 2500 175
931 2501 518
1738 2501 102
2089 2501 182
440 2502 591
959 2502 393
1194 2502 778
1203 2502 224
1496 2502 666
1566 2502 373
1743 2502 111
1780 2502 242
444 2503 728
463 2503 269
484 2503 202
1309 2503 494
2002 2504 254
473 2505 415
1375 2505 276
1801 2505 835
2353 2505 284
1367 2506 247
2462 2506 554
285 2507 155
389 2507 148
862 2507 422
942 2507 200
1284 2507 144
2130 2507 158
2351 2507 107
319 2508 231
421 2508 273
1489 2508 640
673 2509 101
1129 2509 150
1689 2509 543
980 2510 817
1413 2510 369
2003 2510 476
314 2511 298
726 2511 206
1574 2511 132
1674 2511 503
479 2512 298
2260 2512 105
2504 2512 216
608 2513 301
807 2513 287
1260 2513 168
1555 2513 130
1867 2513 961
1925 2513 224
2043 2513 224
115 2514 124
1109 2514 217
1556 2514 242
1575 2514 552
1605 2514 403
1908 2515 466
2214 2515 209
2363 2515 291
110 2516 219
391 2516 343
582 2516 407
887 2516 926
1004 2516 707
97 2517 456
1362 2517 247
1535 2517 730
1971 2517 304
2203 2517 239
45 2518 137
353 2518 293
2234 2518 453
6 2519 710
1656 2519 603
1705 2519 581
169 2520 180
933 2520 137
1809 2520 260
525 2521 687
1427 2521 216
1706 2521 454
1951 2521 773
314 2522 230
332 2522 286
578 2522 220
726 2522 352
1286 2522 174
623 2523 197
1218 2523 169
1712 2523 504
2325 2523 896
2520 2523 210
1289 2524 107
2230 2524 986
2472 2524 814
1009 2525 208
1539 2525 565
2481 2525 206
993 2526 262
1672 2526 450
2160 2526 257
42 2527 876
2190 2527 297
2224 2527 288
2382 2527 413
2484 2527 200
267 2528 723
680 2528 281
1365 2528 158
1961 2528 642
2377 2528 326
613 2529 196
1050 2529 568
1157 2529 277
1235 2529 140
1943 2529 866
1182 2530 155
1368 2530 382
615 2531 948
1542 2531 131
1796 2531 109
2314 2532 184
7 2533 275
564 2533 145
736 2533 255
2316 2533 109
1610 2534 238
1811 2534 366
2186 2534 297
2304 2534 671
264 2535 401
1654 2535 174
1823 2535 170
2439 2535 379
566 2536 678
1009 2536 194
1442 2536 259
1539 2536 474
1574 2536 133
469 2537 530
1682 2537 467
1007 2538 256
1080 2538 234
1248 2538 299
1976 2538 229
804 2539 233
1663 2539 472
2222 2539 412
281 2540 436
445 2540 327
513 2540 212
1123 2540 423
279 2541 123
346 2541 392
621 2541 320
779 2541 375
1965 2541 901
616 2542 126
1590 2542 348
1688 2542 209
988 2543 956
1871 2543 288
2025 2543 302
1188 2544 209
1465 2544 425
2059 2544 306
132 2545 183
980 2545 143
1725 2545 118
1747 2545 149
1903 2545 186
298 2546 407
655 2546 257
1637 2546 170
1943 2546 313
461 2547 122
2046 2547 381
2303 2547 161
214 2548 369
1480 2548 504
1244 2549 471
1288 2549 557
1478 2549 205
1614 2549 125
2056 2549 395
1549 2550 307
1962 2550 532
2411 2550 164
673 2551 250
1103 2551 182
1638 2551 798
1689 2551 317
2258 2551 245
967 2552 381
983 2552 226
39 2553 297
1030 2553 674
1522 2553 761
1585 2553 403
1589 2553 796
46 2554 527
1630 2554 600
928 2555 427
1372 2555 111
1965 2555 569
361 2556 426
1128 2556 242
1387 2556 922
352 2557 135
1472 2557 313
2537 2557 214
261 2558 837
515 2558 731
832 2558 754
1377 2558 232
323 2559 467
981 2559 411
1757 2559 966
2468 2559 311
1119 2560 242
1919 2560 172
2066 2560 382
2212 2560 235
2259 2560 253
258 2561 231
523 2561 240
2294 2561 954
200 2562 176
313 2562 441
1171 2562 146
1384 2562 736
1691 2562 351
200 2563 111
828 2563 181
2266 2563 275
2307 2563 159
10 2564 443
1997 2564 246
2049 2564 353
220 2565 140
904 2565 152
1746 2565 188
2349 2565 236
307 2566 339
751 2566 123
1825 2566 176
2029 2566 283
2177 2566 363
1118 2567 569
1422 2567 291
1504 2567 755
1982 2567 146
474 2568 406
778 2568 613
871 2568 947
1663 2568 649
2170 2568 237
1439 2569 130
1644 2569 227
2243 2569 693
2350 2569 188
180 2570 262
398 2570 634
404 2570 345
1010 2570 410
1318 2570 271
141 2571 278
262 2571 452
456 2571 117
818 2571 302
1148 2571 488
1463 2572 193
1679 2572 486
1792 2572 313
1941 2572 284
2518 2572 281
40 2573 117
49 2573 118
356 2573 175
331 2574 412
457 2574 297
1577 2574 192
1882 2574 109
2033 2574 888
2087 2574 400
2101 2574 251
65 2575 245
325 2575 354
2033 2575 180
2101 2575 227
126 2576 167
759 2576 566
735 2577 531
1641 2577 903
2329 2577 388
486 2578 125
1266 2578 264
1655 2578 101
2256 2578 331
2444 2578 165
757 2579 208
882 2579 140
1229 2579 513
1241 2579 264
2036 2579 261
825 2580 405
863 2580 446
2447 2580 336
811 2581 332
875 2581 339
2447 2581 445
418 2582 253
900 2582 536
1154 2582 221
463 2583 170
805 2583 827
1797 2583 387
2413 2583 173
973 2584 604
2163 2584 591
241 2585 390
1193 2585 323
2102 2585 204
1132 2586 353
1452 2586 263
2215 2586 169
2569 2586 239
1290 2587 276
1949 2587 390
2149 2587 181
676 2588 603
961 2588 945
1024 2588 164
1490 2588 227
2391 2588 147
1202 2589 735
1248 2589 929
1784 2589 483
1917 2589 286
2309 2589 272
283 2590 471
648 2590 160
960 2590 452
1203 2590 101
1428 2590 457
1566 2590 125
1576 2590 523
2323 2590 702
2470 2590 243
1909 2591 307
2506 2591 136
510 2592 481
1862 2592 885
23 2593 846
1476 2593 222
1880 2593 436
2125 2593 245
2322 2593 122
281 2594 231
513 2594 643
699 2594 218
2493 2594 508
154 2595 786
1015 2595 324
1344 2595 588
1385 2595 173
292 2596 107
1900 2596 342
847 2597 198
2157 2597 261
2228 2597 113
349 2598 199
1353 2598 358
1477 2598 183
1628 2598 269
2296 2598 418
528 2599 459
1250 2599 227
1653 2599 401
184 2600 287
433 2600 196
257 2601 207
1820 2601 361
2556 2601 312
177 2602 461
1155 2602 149
1328 2602 968
1356 2602 254
1850 2602 212
246 2603 441
1860 2603 309
316 2604 661
616 2604 174
952 2604 932
1688 2604 392
2075 2604 333
506 2605 724
840 2605 160
1095 2605 334
1134 2605 491
1677 2605 529
2514 2605 273
62 2606 114
2065 2606 347
473 2607 485
1191 2607 584
1894 2607 450
1916 2607 920
90 2608 330
918 2608 650
1438 2608 146
1789 2608 220
2129 2608 234
2244 2608 115
2419 2608 309
2574 2608 105
1220 2609 509
1269 2609 189
1420 2609 388
383 2610 263
787 2610 786
1750 2610 135
221 2611 566
1537 2611 208
2138 2611 179
30 2612 205
100 2612 920
755 2612 727
946 2612 333
1645 2612 240
1828 2612 437
2011 2612 271
288 2613 587
997 2613 148
1026 2613 673
1497 2613 255
1550 2613 435
1930 2613 354
432 2614 684
1375 2614 545
1934 2614 281
2144 2614 117
2207 2614 281
2353 2614 579
730 2615 578
1273 2615 151
2544 2615 198
700 2616 390
895 2616 511
1391 2616 260
1482 2616 119
2056 2616 256
994 2617 102
1235 2617 315
1914 2617 484
341 2618 636
1511 2618 378
1784 2618 430
1917 2618 111
358 2619 573
1651 2619 685
1807 2619 426
577 2620 315
801 2620 864
1164 2620 240
1450 2620 501
34 2621 850
939 2621 480
2428 2621 962
2500 2621 219
70 2622 162
1495 2622 210
965 2623 247
2379 2623 262
2456 2623 291
276 2624 219
990 2624 180
1116 2624 106
2584 2624 327
95 2625 183
653 2625 358
1049 2625 123
2243 2625 519
2350 2625 515
2386 2625 642
695 2626 124
1158 2626 635
1356 2626 188
2054 2626 203
183 2627 105
224 2627 591
586 2627 779
1306 2627 440
1721 2627 495
1902 2627 558
782 2628 463
1015 2628 135
1062 2628 411
2055 2628 697
2134 2628 344
1545 2629 267
2154 2629 885
87 2630 297
435 2630 573
914 2630 311
117 2631 853
120 2631 216
545 2631 236
1933 2631 452
1939 2631 292
2064 2631 758
595 2632 254
664 2632 236
1506 2632 264
2365 2632 845
1426 2633 150
632 2634 523
1473 2634 329
1486 2634 149
124 2635 522
1727 2635 115
2336 2635 299
498 2636 306
749 2636 247
2438 2636 396
866 2637 188
1063 2637 674
1313 2637 648
1675 2637 184
1952 2637 262
343 2638 774
359 2638 451
477 2638 355
830 2638 852
1942 2638 698
743 2639 235
1302 2639 308
2230 2639 290
2384 2639 228
124 2640 671
622 2640 411
685 2640 664
689 2640 306
128 2641 455
261 2641 549
956 2641 356
1963 2641 308
2386 2641 819
320 2642 427
436 2642 809
1548 2642 816
1749 2642 402
2146 2642 238
2434 2642 347
113 2643 218
587 2643 307
1928 2643 245
508 2644 461
2131 2644 150
492 2645 516
814 2645 685
1047 2645 770
1844 2645 353
189 2646 369
1953 2646 126
1966 2646 490
2136 2646 196
857 2647 664
1166 2647 103
142 2648 343
220 2648 778
620 2648 167
999 2648 106
1746 2648 194
2220 2648 664
271 2649 119
731 2649 192
1201 2649 154
1284 2649 389
2004 2649 265
2130 2649 519
11 2650 286
417 2650 189
1171 2650 365
1395 2650 832
1613 2650 658
2562 2650 292
2563 2650 317
1074 2651 485
1133 2651 713
1437 2651 179
1479 2651 407
2471 2651 334
76 2652 444
370 2652 230
1287 2652 487
1782 2652 521
294 2653 179
295 2653 674
899 2653 489
2088 2653 869
3 2654 258
173 2654 350
1593 2654 311
1810 2654 207
2095 2654 479
1566 2655 516
1780 2655 295
1786 2655 107
1864 2655 392
1883 2655 432
2262 2655 435
329 2656 461
738 2656 243
920 2656 180
1231 2657 133
1780 2657 558
1979 2657 928
2023 2657 161
2262 2657 142
2284 2657 568
1444 2658 627
868 2659 761
972 2659 498
2393 2659 350
123 2660 219
337 2660 406
703 2660 235
833 2660 294
1180 2661 198
1709 2661 158
2046 2661 133
2077 2661 216
2303 2661 232
109 2662 266
188 2662 101
533 2662 979
2043 2662 138
1563 2663 110
1842 2663 383
2165 2663 484
654 2664 162
678 2664 211
744 2664 565
963 2664 158
1523 2664 183
2485 2664 181
1040 2665 163
1276 2665 289
1277 2666 374
1288 2666 152
1614 2666 252
2270 2666 373
2132 2667 294
2334 2667 165
2455 2667 210
2462 2667 199
2591 2667 164
517 2668 350
1490 2668 271
1623 2668 371
1710 2668 399
1792 2668 117
2391 2668 775
626 2669 549
1362 2669 164
1522 2669 440
1535 2669 149
2282 2669 192
2319 2669 313
61 2670 440
349 2670 283
539 2670 266
1628 2670 316
536 2671 727
1288 2671 152
1389 2671 285
1522 2671 142
1535 2671 447
1585 2671 323
2056 2671 448
2157 2671 427
2228 2671 166
2270 2671 372
892 2672 154
974 2672 459
1837 2672 202
2510 2672 167
1232 2673 585
2253 2673 292
275 2674 222
457 2674 515
2137 2674 171
2196 2674 130
2530 2674 893
181 2675 308
321 2675 419
1697 2675 249
157 2676 117
335 2676 932
576 2676 726
2123 2676 884
2489 2676 530
1007 2677 196
2285 2677 230
2301 2677 384
2491 2677 489
198 2678 463
816 2678 780
1525 2678 107
1425 2679 782
1493 2679 190
2333 2679 124
2564 2680 240
519 2681 994
671 2681 170
1023 2681 354
1759 2681 575
2020 2681 152
1023 2682 197
1401 2682 176
2109 2682 370
2143 2682 200
2677 2682 102
830 2683 968
1312 2683 160
1907 2683 359
1942 2683 774
971 2684 268
1160 2684 570
1303 2684 736
1346 2684 245
41 2685 279
1662 2685 447
1704 2685 121
2009 2685 331
2665 2685 229
295 2686 173
899 2686 245
1072 2686 157
1695 2686 475
385 2687 141
845 2687 120
2375 2687 138
2463 2687 196
2589 2687 163
944 2688 166
1000 2688 134
1312 2688 578
452 2689 126
1484 2689 495
1652 2689 144
1999 2689 475
2611 2689 577
234 2690 459
412 2690 331
485 2691 166
792 2691 120
894 2691 145
1308 2691 645
1793 2691 257
189 2692 489
1073 2692 810
1670 2692 289
285 2693 385
577 2693 355
648 2693 184
1396 2693 885
2016 2693 228
1041 2694 267
1637 2694 241
1844 2694 530
2263 2694 659
2321 2694 113
1426 2695 285
2184 2695 164
256 2696 130
770 2696 120
1024 2696 199
2244 2696 151
2263 2696 665
2286 2696 940
2391 2696 475
1805 2697 196
2032 2697 117
819 2698 283
969 2698 173
1973 2698 254
2168 2698 213
2216 2698 320
488 2699 142
719 2699 974
1247 2699 255
556 2700 423
742 2700 108
2656 2700 373
656 2701 385
1328 2701 290
1850 2701 436
1874 2702 135
2249 2702 633
2331 2702 289
2695 2702 609
475 2703 415
1438 2703 674
2197 2703 340
2419 2703 247
18 2704 969
158 2704 236
886 2704 116
1290 2704 155
2149 2704 297
2339 2704 232
420 2705 263
1283 2705 199
1294 2705 106
2099 2705 229
980 2706 610
1086 2706 249
1143 2706 434
2543 2706 283
25 2707 254
60 2707 241
793 2707 524
2085 2707 317
22 2708 192
501 2708 264
2697 2708 214
2700 2708 130
45 2709 299
1173 2709 285
1448 2709 250
1633 2709 287
2234 2709 244
2521 2709 500
1588 2710 448
1998 2710 199
229 2711 148
1118 2711 217
1504 2711 240
2337 2711 286
809 2712 191
1243 2712 875
2198 2712 248
739 2713 301
981 2713 482
1529 2713 155
1797 2713 240
2468 2713 280
466 2714 137
614 2714 196
668 2714 181
586 2715 517
865 2715 277
1306 2715 617
1316 2715 184
1790 2715 355
993 2716 249
1055 2716 306
1777 2716 195
2160 2716 214
72 2717 614
458 2717 312
765 2717 106
1263 2717 323
1602 2718 411
2057 2718 578
64 2719 717
152 2719 162
366 2719 155
673 2719 257
2182 2719 380
406 2720 275
1011 2720 258
1523 2720 221
2485 2720 195
2649 2720 207
549 2721 394
743 2721 291
1302 2721 411
22 2722 474
551 2722 328
1648 2722 164
271 2723 265
740 2723 554
1250 2723 167
1830 2723 246
2031 2723 144
2612 2723 530
544 2724 381
631 2724 228
791 2724 865
1025 2724 292
1076 2724 603
2644 2724 821
1147 2725 124
1340 2725 155
2242 2725 227
156 2726 356
1475 2726 567
1564 2726 347
1999 2726 326
2535 2726 402
642 2727 197
1111 2727 276
1957 2727 157
2497 2727 411
731 2728 264
1092 2728 895
1319 2728 312
2004 2728 168
2512 2728 101
82 2729 159
575 2729 957
1348 2729 474
1519 2729 425
2045 2729 328
658 2730 197
871 2730 273
1234 2730 374
2170 2730 201
2327 2730 108
2681 2730 195
582 2731 176
785 2731 251
887 2731 141
2030 2731 329
2201 2731 985
2240 2731 162
2292 2731 240
2590 2731 240
1764 2732 696
1899 2732 188
2079 2732 782
2120 2732 255
2269 2732 465
433 2733 143
1879 2733 147
89 2734 157
138 2734 388
1521 2734 120
2314 2734 316
2594 2734 344
177 2735 602
1672 2735 445
1850 2735 238
592 2736 321
779 2736 468
1577 2736 405
1687 2736 136
1904 2736 169
2101 2736 803
808 2737 893
1418 2737 275
1839 2737 228
2619 2737 255
1188 2738 319
1465 2738 250
1580 2738 202
1764 2738 781
1776 2738 129
1935 2738 193
2120 2738 360
93 2739 197
130 2739 160
944 2739 130
782 2740 100
1062 2740 222
1953 2740 410
2498 2740 688
282 2741 271
494 2741 282
1926 2741 480
490 2742 419
1695 2742 495
2100 2742 316
2686 2742 525
502 2743 173
1192 2743 252
1359 2743 839
1694 2743 245
2389 2743 349
1507 2744 330
1684 2744 476
2032 2744 255
2656 2744 532
2708 2744 298
344 2745 249
1428 2745 200
2041 2745 246
2245 2745 333
2250 2745 191
2527 2745 234
215 2746 278
631 2746 239
79 2747 162
634 2747 169
913 2747 653
1487 2747 169
1508 2747 234
2641 2747 235
591 2748 816
732 2748 150
226 2749 482
1819 2749 216
1932 2749 401
1985 2749 368
3 2750 371
374 2750 645
817 2750 139
1119 2750 101
1379 2750 140
1810 2750 274
284 2751 262
387 2751 650
717 2751 418
2679 2751 185
1393 2752 659
1895 2752 743
2069 2752 208
2103 2752 322
2616 2752 383
94 2753 563
1958 2753 212
2080 2753 216
594 2754 460
1165 2754 217
1278 2754 326
1316 2754 571
34 2755 166
727 2755 449
2152 2755 176
2580 2755 889
2717 2755 371
1725 2756 306
2021 2756 373
2749 2756 181
513 2757 331
705 2757 710
1222 2757 463
2532 2757 901
2734 2757 133
1898 2758 208
1910 2758 338
16 2759 352
84 2759 548
2305 2759 292
2595 2759 357
1289 2760 290
661 2761 584
1386 2761 301
2593 2761 145
2718 2761 115
94 2762 354
762 2762 177
2080 2762 508
2658 2762 330
432 2763 335
509 2763 437
1932 2763 156
2207 2763 138
2564 2763 216
2756 2763 106
1 2764 313
1354 2764 277
762 2765 327
2441 2765 329
2658 2765 181
269 2766 212
1350 2766 350
1543 2766 231
1700 2766 496
176 2767 238
275 2767 326
1536 2767 339
2151 2767 825
2629 2767 222
169 2768 173
1040 2768 285
1526 2768 447
203 2769 343
2554 2769 244
124 2770 659
218 2770 570
689 2770 382
1821 2770 622
590 2771 137
889 2771 144
1345 2771 236
2599 2771 228
659 2772 571
1604 2772 537
2690 2772 663
2753 2772 282
738 2773 132
1868 2773 226
2700 2773 163
396 2774 128
1150 2774 534
1465 2774 186
2378 2774 316
2427 2774 664
2615 2774 283
163 2775 207
382 2775 228
2673 2775 150
332 2776 308
1286 2776 101
462 2777 431
677 2777 431
1120 2777 396
2032 2777 218
847 2778 171
1259 2778 283
1737 2778 360
2107 2778 193
2157 2778 663
339 2779 578
1693 2779 169
2142 2779 198
2294 2779 875
242 2780 855
255 2780 899
326 2780 223
1378 2780 476
1445 2780 806
1499 2780 934
2508 2780 199
2707 2780 142
39 2781 336
502 2781 223
1192 2781 190
1589 2781 115
205 2782 375
300 2782 431
654 2782 300
1362 2782 124
2031 2782 184
2203 2782 609
2612 2782 272
453 2783 788
1202 2783 388
1819 2783 848
1985 2783 935
2491 2783 155
484 2784 300
718 2784 198
1309 2784 556
2223 2784 432
63 2785 650
705 2785 646
2532 2785 397
395 2786 105
401 2786 456
1830 2786 201
2002 2786 132
2504 2786 315
1322 2787 135
1326 2787 140
1690 2787 413
2750 2787 351
8 2788 184
2284 2788 340
2748 2788 481
1161 2789 548
1171 2789 399
1395 2789 247
1691 2789 214
446 2790 774
707 2790 133
921 2790 373
1509 2790 126
2049 2790 745
2571 2790 113
215 2791 348
440 2791 234
1041 2791 867
1573 2791 155
2190 2791 137
2321 2791 249
866 2792 476
1511 2792 250
1675 2792 473
1917 2792 466
2673 2792 988
530 2793 146
1149 2793 580
1959 2793 160
119 2794 100
1111 2794 141
2370 2794 771
305 2795 819
318 2795 390
408 2795 483
1599 2795 404
823 2796 393
1116 2796 205
2312 2796 713
2584 2796 275
970 2797 405
2600 2797 458
2733 2797 245
880 2798 311
1051 2798 489
2438 2798 154
2500 2798 155
2609 2798 406
233 2799 440
632 2799 222
1212 2799 218
2315 2799 431
142 2800 333
220 2800 730
904 2800 121
2416 2800 473
278 2801 404
1352 2801 380
1492 2801 340
133 2802 212
263 2802 109
1530 2802 821
2274 2802 234
279 2803 248
1280 2803 583
1965 2803 268
637 2804 267
1503 2804 544
2551 2804 616
2617 2804 787
1354 2805 740
2458 2805 107
449 2806 111
2710 2806 270
84 2807 244
131 2807 175
2552 2807 166
14 2808 262
474 2808 174
567 2808 514
1296 2808 306
1 2809 675
365 2809 254
1744 2809 678
1889 2809 100
593 2810 661
2168 2810 604
2199 2810 319
164 2811 958
1552 2811 342
1677 2811 111
2401 2811 544
2635 2811 799
2770 2811 281
71 2812 253
217 2812 659
603 2812 349
1756 2812 625
792 2813 241
1293 2813 238
1793 2813 350
253 2814 417
2015 2814 124
2181 2814 672
89 2815 463
311 2815 206
608 2815 183
1392 2815 175
2282 2815 239
2620 2815 359
139 2816 163
771 2816 120
1377 2816 319
1597 2816 525
920 2817 520
1459 2817 802
1811 2817 192
2048 2817 505
2304 2817 143
1246 2818 103
1888 2818 211
2278 2818 565
916 2819 342
998 2819 331
2421 2819 637
51 2820 862
160 2820 323
175 2820 214
324 2820 413
2360 2821 302
2492 2821 248
2764 2821 174
2809 2821 218
1216 2822 266
1485 2822 142
1498 2822 309
1562 2822 147
1817 2822 185
1322 2823 207
1326 2823 221
1887 2823 641
2654 2823 111
317 2824 236
611 2824 203
1901 2824 182
1953 2824 278
2646 2824 120
2 2825 741
1199 2825 287
1608 2825 412
111 2826 376
1408 2826 328
2400 2826 337
2564 2826 218
2756 2826 188
265 2827 469
691 2827 230
878 2827 359
1400 2827 990
2154 2828 740
2302 2828 686
391 2829 362
2131 2829 179
322 2830 903
1141 2830 424
1211 2830 307
2097 2830 200
2352 2830 657
2604 2830 213
390 2831 280
1170 2831 149
1358 2831 134
807 2832 190
1331 2832 234
1555 2832 953
2788 2832 650
241 2833 282
1179 2833 675
2567 2833 356
185 2834 349
1094 2834 246
2091 2834 516
37 2835 293
392 2835 438
945 2835 162
1795 2835 175
2029 2835 270
100 2836 469
1407 2836 115
1424 2836 951
1611 2836 263
2664 2836 699
2782 2836 709
82 2837 774
1030 2837 378
1125 2837 195
1348 2837 348
633 2838 797
768 2838 491
1107 2838 369
1153 2838 338
1183 2838 840
87 2839 239
427 2839 403
2397 2839 417
110 2840 609
304 2840 250
2123 2840 195
2829 2840 268
1012 2841 143
1054 2841 702
1712 2841 190
1721 2841 263
1902 2841 660
1120 2842 364
1684 2842 261
2032 2842 101
347 2843 102
500 2843 968
870 2843 158
1785 2843 162
2496 2843 218
768 2844 812
1153 2844 266
2346 2844 597
2690 2844 646
343 2845 176
1057 2845 415
1547 2845 106
1719 2845 365
302 2846 276
1281 2846 312
1445 2846 153
1619 2846 217
1631 2846 216
2022 2846 865
310 2847 673
1728 2847 371
2288 2847 212
2740 2847 351
958 2848 464
1430 2848 130
2066 2848 302
1557 2849 180
2606 2849 228
170 2850 147
562 2850 547
1415 2850 470
1833 2850 272
12 2851 207
1311 2851 510
1695 2851 233
1771 2851 182
2219 2851 360
579 2852 511
1085 2852 157
1931 2852 460
1967 2852 552
902 2853 822
2065 2853 171
2188 2853 307
2621 2853 293
2849 2853 295
220 2854 799
585 2854 288
861 2854 399
2220 2854 679
288 2855 379
639 2855 973
886 2855 491
997 2855 622
1402 2855 483
2339 2855 182
285 2856 215
379 2856 640
942 2856 101
1011 2856 149
1523 2856 763
2112 2856 243
2651 2856 303
2676 2856 474
85 2857 170
813 2857 287
1429 2857 273
2555 2858 118
2803 2858 368
1514 2859 243
1722 2859 435
2171 2859 201
2697 2859 206
2777 2859 113
89 2860 314
194 2860 195
827 2860 159
1795 2860 186
2029 2860 451
2177 2860 333
2328 2860 129
2560 2860 100
497 2861 551
2301 2861 211
2342 2861 220
2682 2861 321
284 2862 280
387 2862 125
982 2862 835
12 2863 298
295 2863 383
652 2863 339
1695 2863 956
2653 2863 886
596 2864 812
1120 2864 377
2423 2864 548
2851 2864 198
192 2865 120
420 2865 198
817 2865 304
1294 2865 323
1379 2865 303
763 2866 110
790 2866 305
1304 2866 525
588 2867 272
965 2867 295
1135 2867 374
1668 2867 802
127 2868 635
413 2868 345
850 2868 329
2061 2868 628
2524 2868 568
106 2869 492
451 2869 866
536 2869 967
1389 2869 912
2174 2869 265
2630 2869 552
311 2870 161
1084 2870 100
1392 2870 142
445 2871 252
2407 2871 189
2597 2871 291
430 2872 379
1371 2872 681
1381 2872 597
1382 2872 293
2211 2872 482
232 2873 120
2169 2873 149
2447 2873 299
1289 2874 441
1653 2874 377
1995 2874 431
2289 2874 611
424 2875 171
1131 2875 539
2264 2875 147
2272 2875 704
2478 2875 684
1014 2876 331
1745 2876 290
2100 2876 273
2686 2876 713
803 2877 245
1012 2877 138
1718 2877 146
1902 2877 109
2442 2877 467
1222 2878 381
2150 2878 281
2633 2878 478
333 2879 406
983 2879 511
2490 2879 162
449 2880 137
2009 2880 272
2202 2880 147
2315 2880 368
2325 2880 234
405 2881 126
684 2881 136
1052 2881 212
2603 2881 102
722 2882 901
924 2882 193
1986 2882 207
2623 2882 146
345 2883 688
772 2883 982
1524 2883 319
2492 2883 701
2805 2883 205
162 2884 288
1744 2884 419
1922 2884 694
2821 2884 453
534 2885 391
1548 2885 300
1623 2885 823
1660 2885 233
1749 2885 217
471 2886 174
1545 2886 153
1573 2886 178
2662 2886 707
1074 2887 333
1133 2887 526
1284 2887 364
2351 2887 194
2464 2887 592
979 2888 495
1089 2888 464
1286 2888 325
1783 2888 143
444 2889 264
1239 2889 329
2371 2889 397
2162 2890 120
2256 2890 135
2328 2890 123
2560 2890 749
2848 2890 137
707 2891 117
2049 2891 420
2265 2891 192
2622 2891 184
2680 2891 952
928 2892 222
1280 2892 250
2486 2892 535
2858 2892 333
506 2893 131
572 2893 144
1095 2893 543
2482 2893 164
334 2894 238
979 2894 158
1089 2894 252
41 2895 251
233 2895 206
1298 2895 737
2111 2895 767
1874 2896 275
2633 2896 152
2695 2896 278
569 2897 440
940 2897 533
2870 2897 184
2086 2898 337
2098 2898 242
2639 2898 388
1553 2899 335
2683 2899 486
2688 2899 407
832 2900 246
1377 2900 636
1665 2900 363
554 2901 192
952 2901 150
1474 2901 174
1698 2901 144
2222 2901 320
616 2902 965
1590 2902 163
2075 2902 266
2542 2902 111
271 2903 402
731 2903 243
1127 2903 782
1255 2903 163
2723 2903 284
470 2904 202
1067 2904 153
1970 2904 173
917 2905 252
1267 2905 305
2254 2905 131
1190 2906 520
1270 2906 303
2435 2906 498
984 2907 637
1004 2907 382
1138 2907 810
1808 2907 353
2724 2907 717
130 2908 225
489 2908 358
943 2908 222
1162 2908 563
1708 2908 348
578 2909 298
1089 2909 274
1286 2909 219
196 2910 118
845 2910 932
956 2910 109
1388 2910 201
2538 2910 241
225 2911 361
1053 2911 461
1435 2911 239
1668 2911 118
440 2912 426
526 2912 788
848 2912 263
1743 2912 645
2321 2912 384
2335 2912 770
837 2913 996
1001 2913 224
1830 2913 461
2504 2913 502
2728 2913 139
2903 2913 369
1184 2914 225
1282 2914 587
1898 2914 264
1910 2914 252
2775 2914 239
2792 2914 693
5 2915 216
2006 2915 239
2380 2915 326
2538 2915 142
317 2916 375
355 2916 150
1021 2916 223
2586 2916 375
81 2917 338
1498 2917 134
2758 2917 656
93 2918 471
130 2918 216
368 2918 368
943 2918 157
1913 2918 330
107 2919 225
852 2919 707
1329 2919 735
2151 2919 229
2828 2919 426
669 2920 341
888 2920 187
1008 2920 230
1379 2920 666
2787 2920 197
58 2921 141
468 2921 233
893 2921 168
1503 2921 104
347 2922 249
870 2922 176
987 2922 359
2108 2922 494
2308 2922 274
195 2923 271
1033 2923 114
1066 2923 166
1647 2923 236
2594 2923 130
286 2924 188
1521 2924 411
2314 2924 131
127 2925 743
551 2925 192
850 2925 845
1949 2926 943
2149 2926 130
2339 2926 585
2587 2926 759
183 2927 445
224 2927 334
258 2927 773
523 2927 291
609 2928 241
1187 2928 423
1305 2928 278
1443 2928 232
1245 2929 455
1820 2929 582
1946 2929 257
2556 2929 732
2716 2929 194
2006 2930 122
2007 2930 235
2109 2930 319
2677 2930 205
28 2931 531
872 2931 618
879 2931 284
81 2932 284
992 2932 345
2040 2932 353
2758 2932 479
2917 2932 177
12 2933 150
2048 2933 233
2842 2933 129
2864 2933 430
681 2934 337
1966 2934 444
1997 2934 178
2680 2934 151
451 2935 262
953 2935 395
1633 2935 141
2422 2935 293
2839 2935 185
1038 2936 242
1481 2936 894
2252 2936 576
111 2937 173
380 2937 760
1349 2937 223
1873 2937 208
1985 2937 165
2756 2937 459
1230 2938 253
1802 2938 835
2185 2938 148
2783 2938 261
1469 2939 938
2776 2939 140
2888 2939 298
1954 2940 128
2420 2940 330
2796 2940 108
696 2941 125
1272 2941 163
2063 2941 248
2596 2941 648
154 2942 382
967 2942 271
2759 2942 320
2807 2942 387
1380 2943 347
1827 2943 456
1869 2943 146
8 2944 359
633 2944 101
1107 2944 336
240 2945 477
574 2945 321
2771 2945 321
17 2946 212
565 2946 188
1560 2946 167
1813 2946 128
2059 2946 188
2125 2946 150
1447 2947 129
1950 2947 255
2167 2947 282
54 2948 124
836 2948 519
1401 2948 309
1516 2948 115
1956 2948 208
2742 2948 275
227 2949 271
816 2949 198
1629 2949 207
2707 2949 408
854 2950 159
1768 2950 145
2760 2950 143
2874 2950 783
1013 2951 174
1944 2951 338
2012 2951 972
2273 2951 966
2362 2951 972
1717 2952 352
457 2953 952
2033 2953 291
2137 2953 351
2746 2953 718
3 2954 241
90 2954 301
648 2954 162
998 2954 513
1673 2954 794
2095 2954 142
2388 2954 207
2421 2954 294
2493 2954 506
2923 2954 269
451 2955 386
891 2955 164
1609 2955 323
2174 2955 214
2422 2955 360
25 2956 918
60 2956 411
599 2956 375
748 2956 232
2070 2956 392
2236 2956 108
92 2957 666
996 2957 167
2097 2957 188
2144 2957 268
2283 2957 636
2352 2957 177
151 2958 328
343 2958 310
830 2958 131
1159 2958 302
1547 2958 672
295 2959 390
1516 2959 322
2451 2959 191
2742 2959 277
2863 2959 424
375 2960 110
1874 2960 523
2249 2960 256
850 2961 982
2524 2961 384
2760 2961 323
122 2962 515
243 2962 321
1083 2962 290
1921 2962 297
2082 2962 561
376 2963 191
409 2963 574
2318 2963 123
421 2964 287
1194 2964 156
1203 2964 270
1336 2964 184
1489 2964 573
1650 2964 628
1664 2964 232
2293 2964 520
2513 2964 224
2815 2964 232
1519 2965 849
2068 2965 243
2433 2965 742
1713 2966 134
2257 2966 217
2289 2966 765
2647 2966 788
290 2967 265
2073 2967 148
2806 2967 355
559 2968 814
867 2968 234
976 2968 516
267 2969 258
840 2969 163
1677 2969 114
1723 2969 456
1961 2969 107
2770 2969 388
1100 2970 644
1908 2970 167
1974 2970 321
2363 2970 350
2515 2970 174
14 2971 265
784 2971 305
2802 2971 315
244 2972 335
767 2972 202
2060 2972 267
2486 2972 144
293 2973 215
1501 2973 622
2383 2973 107
2819 2973 322
1052 2974 363
2622 2974 357
2680 2974 828
138 2975 312
970 2975 433
1521 2975 184
2600 2975 427
532 2976 302
822 2976 388
2215 2976 371
2916 2976 168
21 2977 335
112 2977 126
675 2977 120
1851 2977 309
627 2978 164
1858 2978 310
2934 2978 638
2974 2978 982
75 2979 357
283 2979 612
919 2979 241
984 2979 321
2323 2979 106
371 2980 439
822 2980 104
2603 2980 430
2947 2980 194
865 2981 161
1790 2981 185
2539 2981 709
2901 2981 143
1028 2982 857
1157 2982 702
1339 2982 149
2549 2982 718
854 2983 353
1166 2983 268
1423 2983 970
2599 2983 493
2874 2983 458
19 2984 126
872 2984 579
941 2984 784
2041 2985 868
2245 2985 451
2746 2985 638
1132 2986 178
1644 2986 333
2053 2986 338
2418 2986 256
2951 2986 349
1274 2987 199
1861 2987 499
2071 2987 882
2692 2987 602
170 2988 669
670 2988 204
1676 2988 525
1878 2988 210
2 2989 159
1151 2989 115
1385 2989 104
2233 2989 137
405 2990 480
1052 2990 188
1938 2990 176
2680 2990 265
2826 2990 239
4 2991 497
363 2991 395
1904 2991 177
2058 2991 303
2474 2991 582
2588 2991 144
38 2992 192
674 2992 276
2370 2992 371
1673 2993 122
1832 2993 537
2076 2993 461
2576 2993 121
2781 2993 151
292 2994 301
756 2994 331
1245 2994 406
2091 2994 200
78 2995 181
79 2995 148
634 2995 454
1383 2995 679
2900 2995 411
815 2996 204
900 2996 240
1268 2996 654
567 2997 489
905 2997 289
1906 2997 177
2191 2997 167
2660 2997 122
1199 2998 373
1311 2998 328
2219 2998 258
162 2999 914
398 2999 425
1010 2999 669
1922 2999 490
2762 2999 336
1862 3000 490
2952 3000 408
