1
0
1
1
1000000
0
0
0
0
1
4 55 271
51 62 155
11 74 237
6 79 199
69 88 108
72 97 194
36 120 277
113 125 163
69 151 440
121 152 382
61 165 183
156 192 101
129 212 247
140 213 925
185 215 252
83 221 274
169 242 266
228 249 313
1 266 352
147 268 107
94 291 211
13 293 299
50 294 125
201 299 191
93 312 191
126 316 321
199 317 327
110 332 169
279 332 233
229 337 105
155 358 227
251 368 304
91 373 270
224 392 233
36 398 242
193 399 237
274 409 203
128 410 283
344 410 235
198 414 707
140 419 195
82 420 250
18 421 224
45 422 276
11 427 555
288 430 981
347 435 133
386 438 205
400 438 559
322 443 291
301 444 133
382 456 359
223 457 175
154 459 294
219 462 252
121 469 197
428 469 190
49 470 220
315 471 129
63 474 983
342 475 127
337 477 700
57 482 216
11 490 369
234 490 167
147 500 271
310 500 145
465 502 245
274 504 190
465 509 186
352 517 235
488 519 664
441 524 294
186 526 131
112 531 139
154 532 228
311 532 120
348 533 183
355 533 177
366 535 128
53 536 271
525 536 362
123 537 656
161 537 306
438 538 241
308 539 848
223 541 122
242 541 336
178 543 235
47 550 110
51 552 214
224 552 216
20 554 133
230 554 196
509 561 173
305 563 205
558 565 209
391 574 138
344 576 316
567 583 174
276 585 328
88 586 407
115 591 122
527 592 126
55 594 187
343 598 212
191 601 278
194 603 167
425 605 698
509 606 273
599 607 687
573 608 275
72 615 172
144 621 189
124 623 216
621 624 253
528 625 835
19 627 127
70 632 195
231 633 839
464 634 280
585 635 143
180 640 266
374 642 117
92 643 250
447 646 170
377 647 189
315 650 207
642 660 196
29 661 867
393 662 231
473 666 328
311 669 215
166 672 233
546 677 252
500 678 127
300 680 175
35 688 376
667 690 305
531 691 162
192 692 211
283 699 181
388 699 192
567 700 232
330 703 245
621 704 231
32 706 376
567 708 295
299 711 162
64 713 318
372 714 772
333 717 142
648 722 259
164 723 190
221 724 934
476 727 489
512 727 179
606 728 276
687 730 127
300 734 846
720 736 200
735 737 302
85 745 210
495 745 262
526 745 164
238 746 124
501 746 286
473 747 625
105 756 220
75 758 177
185 758 735
224 759 226
699 763 995
280 772 532
617 775 184
77 777 230
775 777 215
271 779 165
776 779 108
673 783 213
2 786 251
569 786 144
158 788 143
95 790 343
452 793 184
297 798 289
391 798 112
570 798 234
407 800 730
386 801 228
408 803 285
516 803 205
34 806 947
755 808 211
278 809 253
395 809 320
710 813 167
56 815 290
337 819 159
787 819 355
198 820 331
92 821 260
267 828 265
674 829 864
491 832 390
326 834 259
741 835 159
356 843 214
462 844 319
443 848 182
780 850 199
148 853 179
353 856 372
160 859 780
739 860 435
172 861 169
674 861 190
207 862 765
350 862 215
318 867 152
707 867 151
76 869 165
324 871 114
367 871 205
322 873 188
626 876 122
67 877 150
595 877 779
568 879 366
269 882 157
298 883 195
547 886 234
408 887 181
558 889 263
716 891 119
374 893 961
723 897 245
857 899 350
783 904 120
578 906 130
77 908 230
298 908 279
351 908 648
802 914 263
670 915 282
716 915 250
424 919 179
638 921 588
678 921 200
774 921 323
271 922 325
607 922 690
614 922 221
380 923 176
68 924 170
110 925 296
353 925 687
710 925 259
103 927 293
605 927 364
48 928 977
686 930 274
585 935 113
913 938 335
792 939 143
586 940 232
764 940 305
785 942 251
381 943 134
27 945 151
643 945 136
269 947 142
444 949 212
300 951 229
206 952 308
692 954 219
16 956 805
753 956 269
908 956 217
255 957 184
436 960 163
463 960 264
140 962 136
415 965 225
586 965 145
741 965 223
149 966 173
556 966 255
622 968 109
825 968 870
202 969 204
88 970 149
647 971 258
333 972 192
430 972 265
151 977 101
557 981 135
556 983 145
22 984 287
619 984 117
533 986 104
481 987 364
702 989 190
191 990 179
36 992 185
205 994 222
740 994 170
276 1000 363
996 1001 341
640 1003 327
252 1005 664
628 1007 185
487 1009 194
445 1010 287
914 1011 917
282 1014 214
981 1014 149
1013 1015 132
125 1017 303
797 1018 280
953 1019 154
592 1022 238
435 1023 149
568 1024 277
1010 1024 224
292 1025 167
946 1026 265
80 1027 168
6 1028 146
139 1028 345
98 1031 643
526 1031 123
679 1031 262
203 1032 228
183 1036 207
550 1036 221
792 1040 258
911 1044 245
967 1047 289
501 1049 185
604 1051 142
681 1051 162
732 1053 287
288 1054 173
944 1055 175
467 1059 229
3 1061 161
723 1062 297
981 1062 300
370 1063 175
496 1066 248
680 1070 195
409 1071 367
664 1072 306
666 1073 272
461 1074 155
928 1074 935
778 1075 214
1068 1075 200
630 1076 198
835 1076 217
549 1077 176
944 1078 256
897 1080 596
219 1081 372
974 1082 358
287 1083 260
304 1085 291
760 1085 160
799 1085 152
552 1087 204
937 1087 142
1000 1087 239
1016 1089 729
492 1090 306
344 1092 240
287 1093 390
620 1093 336
986 1096 900
710 1098 171
539 1100 144
917 1101 385
1098 1104 220
817 1105 334
22 1108 225
325 1108 110
115 1109 315
142 1110 102
838 1113 792
576 1114 251
240 1117 237
839 1119 342
926 1121 152
1120 1121 141
744 1123 298
559 1124 232
903 1124 263
335 1125 156
739 1126 284
520 1127 206
555 1127 267
1123 1130 233
794 1132 295
1112 1132 306
29 1133 257
286 1135 307
483 1135 261
661 1136 651
734 1136 102
688 1141 259
474 1142 278
508 1143 162
971 1146 152
176 1147 319
338 1152 198
722 1153 185
479 1154 274
199 1157 297
1052 1157 210
111 1159 210
453 1159 268
149 1161 330
535 1165 249
608 1166 311
360 1167 181
972 1167 129
20 1174 780
907 1175 132
305 1176 173
444 1178 136
651 1179 166
659 1180 667
1147 1181 222
645 1182 144
790 1182 289
831 1183 347
944 1184 180
178 1185 226
118 1186 236
170 1189 208
1009 1189 105
822 1192 348
794 1195 254
761 1197 707
1020 1197 261
465 1199 164
162 1201 179
109 1202 162
902 1202 323
1052 1203 202
658 1204 329
229 1205 294
358 1208 277
1025 1212 307
45 1213 124
222 1214 214
374 1214 128
277 1216 334
338 1216 731
535 1216 149
153 1218 200
1045 1219 316
1168 1221 208
595 1223 202
638 1223 175
582 1224 127
68 1226 214
136 1227 191
630 1228 217
900 1228 262
1030 1230 180
924 1231 284
930 1231 248
1155 1233 214
731 1234 208
190 1235 109
773 1235 851
376 1237 763
339 1238 149
135 1239 210
524 1241 169
1172 1244 313
59 1245 325
469 1245 165
833 1245 252
854 1247 328
316 1248 209
41 1249 284
102 1251 138
246 1251 104
75 1252 210
293 1252 128
693 1253 219
216 1255 136
599 1255 257
1230 1255 196
21 1256 237
171 1261 109
75 1262 147
1032 1262 101
201 1263 135
824 1264 222
980 1264 964
1234 1269 266
639 1271 111
937 1272 662
912 1275 186
312 1276 136
1259 1277 186
717 1278 173
709 1280 175
222 1283 247
959 1283 310
891 1287 854
1279 1287 190
399 1288 291
643 1289 955
1138 1290 264
305 1291 261
517 1291 214
994 1291 245
792 1292 218
450 1293 213
1004 1293 274
1255 1293 345
1139 1294 178
856 1295 225
414 1296 161
591 1297 197
1120 1297 276
181 1301 281
1077 1301 338
438 1303 766
748 1303 267
81 1304 338
329 1306 143
165 1307 314
628 1308 270
1189 1309 119
316 1311 261
696 1311 156
995 1314 336
211 1315 171
1006 1316 165
150 1317 215
880 1317 230
157 1318 129
1100 1318 322
69 1319 158
430 1319 232
403 1321 209
721 1321 199
720 1324 485
798 1324 544
543 1325 157
935 1325 109
975 1327 134
402 1328 198
1198 1329 267
1006 1330 311
389 1331 844
209 1332 147
1242 1334 190
523 1335 244
1296 1335 299
233 1336 208
387 1336 214
989 1337 262
840 1339 351
220 1341 119
765 1341 742
838 1341 216
755 1342 746
1050 1344 114
1227 1345 318
592 1346 147
1277 1348 239
1144 1350 297
155 1351 800
1182 1351 251
527 1352 210
1291 1352 187
1019 1353 194
1207 1355 286
802 1356 229
818 1356 223
1136 1356 597
378 1357 174
640 1357 308
878 1358 273
310 1359 197
432 1359 196
1005 1360 201
816 1363 743
1099 1364 181
988 1365 435
831 1367 235
849 1367 191
1043 1367 161
416 1369 309
1162 1369 243
1305 1369 121
619 1370 210
431 1373 278
1330 1374 174
15 1375 178
728 1376 221
1012 1376 106
749 1378 265
1098 1378 170
244 1379 268
1379 1380 180
457 1381 272
587 1381 261
141 1382 240
878 1382 230
818 1384 364
1194 1384 183
49 1388 311
211 1388 107
475 1388 136
613 1388 326
368 1389 316
79 1390 200
719 1391 210
1361 1391 256
982 1395 363
1179 1396 278
840 1397 241
1022 1397 275
1353 1397 680
1025 1400 198
857 1403 323
1333 1403 204
166 1404 187
339 1404 242
931 1404 162
581 1405 370
308 1407 113
1243 1407 288
826 1408 174
1153 1408 508
1225 1408 166
455 1410 157
253 1412 346
579 1413 192
170 1415 184
1005 1418 184
357 1420 221
1394 1420 214
119 1422 121
1263 1422 210
382 1424 101
1136 1424 267
762 1425 157
94 1426 338
214 1427 217
1362 1427 188
1384 1427 123
846 1429 220
6 1431 236
673 1431 274
63 1433 170
84 1434 137
1289 1435 227
1385 1436 220
399 1438 254
1316 1438 119
1119 1439 251
1371 1440 246
76 1441 104
752 1441 239
171 1443 561
484 1443 186
907 1444 552
740 1446 318
1434 1446 123
485 1447 336
312 1449 188
515 1453 202
1046 1454 872
1074 1455 160
1220 1456 120
38 1457 178
1041 1458 169
577 1460 331
105 1462 269
1106 1464 312
242 1465 224
1055 1466 656
613 1468 135
1149 1470 215
549 1472 219
662 1472 218
939 1472 107
1248 1473 241
1324 1473 263
883 1475 198
1024 1476 275
710 1477 251
1297 1478 280
1146 1480 110
164 1481 173
1072 1481 172
504 1482 212
847 1483 156
1080 1483 245
311 1487 155
1255 1488 284
1282 1488 301
1247 1489 241
342 1491 163
892 1493 218
1064 1494 210
231 1495 112
1184 1496 164
1438 1497 179
210 1498 340
334 1498 215
1292 1499 147
1151 1500 348
579 1501 174
58 1502 155
1372 1502 160
733 1503 200
706 1504 158
1230 1505 145
1026 1506 165
1115 1509 224
1471 1509 340
254 1513 268
88 1514 535
846 1514 544
61 1516 167
515 1516 208
899 1517 784
1370 1517 119
501 1518 163
1400 1519 412
544 1520 130
552 1521 223
405 1522 277
1357 1523 241
753 1524 189
339 1525 195
1196 1526 242
656 1528 227
1216 1530 225
407 1531 334
1142 1531 183
1412 1532 323
6 1533 133
1355 1533 137
1081 1534 100
1215 1534 168
8 1535 232
16 1535 282
1048 1536 100
1320 1537 142
631 1539 144
1386 1539 298
439 1541 205
804 1542 457
625 1543 794
918 1543 220
1512 1543 218
1000 1544 146
260 1545 241
644 1545 122
730 1545 189
1063 1546 726
334 1549 234
425 1549 334
1423 1550 182
57 1551 230
1234 1551 636
329 1553 254
1399 1554 333
161 1555 152
272 1555 201
318 1555 330
354 1555 291
473 1555 199
1213 1555 117
258 1558 135
493 1559 173
627 1559 369
1322 1559 249
384 1560 200
1149 1563 795
158 1565 212
1351 1568 185
546 1569 171
1218 1570 116
523 1571 157
1056 1571 188
8 1572 119
888 1572 924
1548 1573 921
1117 1575 187
1122 1575 231
484 1577 176
1162 1577 184
1317 1577 152
1541 1578 273
862 1579 164
1034 1579 140
1502 1579 720
1013 1580 106
489 1581 168
1362 1581 270
816 1583 284
1002 1583 120
134 1584 350
1075 1584 781
512 1586 224
554 1586 367
711 1590 256
1123 1591 189
1279 1592 108
1468 1592 303
137 1593 273
425 1593 257
162 1595 229
898 1595 121
1158 1595 422
975 1596 268
429 1597 122
761 1598 374
1234 1601 853
1387 1601 260
630 1602 191
207 1603 850
235 1603 341
1538 1603 182
1202 1606 322
1441 1606 190
950 1610 129
1427 1611 307
778 1613 209
74 1616 163
274 1616 833
778 1617 899
782 1617 208
1121 1617 219
999 1619 212
1429 1620 922
1509 1620 162
445 1621 159
451 1622 294
596 1622 241
797 1622 337
209 1624 294
33 1625 266
61 1625 224
310 1626 111
1319 1626 206
615 1627 227
913 1628 151
998 1628 109
1462 1628 245
159 1629 250
351 1629 244
717 1630 228
1380 1630 297
1473 1630 138
250 1634 408
954 1635 113
1046 1636 179
1553 1637 856
281 1638 402
958 1638 768
1550 1638 221
188 1640 243
602 1640 174
1376 1640 306
662 1641 889
315 1642 302
798 1642 291
1197 1643 278
668 1644 235
131 1646 123
1192 1646 130
499 1647 273
734 1647 339
953 1647 611
1320 1648 274
272 1649 247
1629 1649 355
1501 1652 236
232 1653 297
1262 1653 226
1406 1654 869
331 1656 578
77 1657 153
86 1658 244
670 1658 260
946 1659 295
702 1661 980
1301 1664 316
466 1665 762
973 1665 393
1039 1666 137
1395 1666 173
182 1667 316
195 1667 112
1599 1669 154
1022 1670 234
529 1671 174
28 1672 104
1207 1673 123
1025 1674 218
53 1675 937
353 1675 373
347 1676 944
1115 1677 779
706 1678 326
1363 1678 148
629 1681 195
692 1681 963
179 1682 280
851 1682 103
1182 1682 465
641 1683 219
848 1683 272
83 1684 250
1413 1684 187
796 1685 104
1045 1686 175
984 1688 231
1266 1689 180
1640 1689 198
1047 1691 351
64 1692 116
430 1695 249
1468 1695 184
1490 1695 495
394 1696 119
1027 1696 236
1379 1697 229
1189 1698 218
187 1699 203
486 1699 342
937 1699 209
566 1703 138
1565 1703 113
289 1704 176
462 1705 215
1554 1706 147
61 1707 302
644 1708 227
1089 1708 155
1119 1708 217
1462 1713 797
381 1714 190
653 1714 212
1249 1714 323
1554 1714 278
992 1716 880
1181 1717 210
102 1718 233
327 1718 170
1139 1718 299
432 1719 111
808 1720 164
1689 1721 163
273 1722 248
507 1722 187
1588 1723 367
127 1724 150
596 1724 337
1460 1724 338
739 1725 207
189 1729 298
401 1729 196
709 1730 175
1550 1730 227
1554 1730 115
862 1731 590
1377 1732 133
1680 1732 203
1444 1733 252
5 1735 212
1095 1735 156
1482 1736 158
725 1737 637
1563 1737 281
683 1738 134
1656 1738 220
134 1740 622
1623 1740 272
1697 1740 155
1033 1741 100
296 1742 266
979 1742 273
1555 1742 136
112 1743 284
383 1745 197
1257 1746 298
411 1748 339
894 1748 193
1144 1750 356
1441 1751 307
1619 1751 205
716 1752 100
1198 1752 302
1204 1752 119
1486 1752 265
1056 1754 240
565 1756 248
249 1758 189
806 1758 286
494 1759 231
1522 1759 520
1562 1759 860
150 1760 149
880 1760 241
356 1761 167
1587 1761 239
143 1762 103
1480 1764 134
301 1765 230
1581 1765 294
134 1766 394
28 1767 293
132 1767 152
269 1767 223
231 1768 802
1614 1768 368
404 1769 515
233 1771 237
1091 1773 136
1292 1774 302
176 1775 149
358 1775 354
194 1776 681
34 1777 129
1744 1778 246
225 1779 281
1085 1780 330
349 1781 345
177 1782 245
1067 1782 617
1009 1785 380
684 1786 191
713 1787 151
1131 1787 232
1484 1788 164
78 1790 304
1275 1792 203
1318 1792 352
364 1793 107
1008 1793 113
209 1794 681
1618 1795 265
1648 1795 254
84 1798 247
1646 1799 974
1360 1801 311
1409 1802 215
1630 1802 124
1486 1803 350
1745 1804 268
683 1805 123
1102 1805 122
1056 1806 984
1523 1806 265
1757 1806 165
425 1807 193
671 1807 291
1143 1807 258
190 1808 214
1403 1808 208
578 1810 284
619 1810 274
674 1811 262
569 1812 124
1608 1813 191
1682 1813 134
1748 1813 196
1400 1814 440
1764 1814 308
66 1815 567
657 1815 149
750 1815 731
80 1816 308
1374 1816 206
1810 1817 283
1465 1818 164
1229 1819 201
135 1821 238
1816 1821 278
449 1822 828
1589 1823 217
76 1824 189
1360 1827 922
1512 1828 212
1407 1829 263
1464 1830 278
226 1832 239
741 1832 193
154 1833 266
1032 1834 211
65 1835 100
268 1835 263
150 1837 280
1824 1839 290
1732 1840 142
206 1841 352
410 1841 202
734 1841 211
764 1842 213
1748 1843 651
192 1844 281
551 1844 235
889 1845 300
1049 1845 320
941 1846 315
646 1847 170
1136 1847 306
1447 1847 192
17 1848 232
814 1848 143
1777 1848 251
160 1849 176
1509 1849 178
389 1850 240
13 1851 324
66 1851 968
1591 1851 505
1400 1852 349
1553 1853 115
240 1854 206
724 1854 259
472 1855 159
541 1855 246
1819 1855 301
722 1856 182
1760 1857 261
265 1858 120
583 1858 362
1386 1858 281
1550 1860 146
1401 1861 107
414 1862 218
1526 1862 296
334 1864 952
775 1864 985
572 1865 974
1567 1866 121
1656 1867 131
1731 1867 228
1640 1869 174
1659 1869 187
282 1870 250
1292 1871 230
1474 1871 179
458 1872 183
388 1873 276
465 1874 237
1823 1874 165
204 1875 789
938 1876 353
1857 1877 373
1780 1878 208
1250 1879 226
311 1880 101
396 1880 382
930 1881 198
1072 1881 321
933 1882 289
1196 1882 207
1407 1883 250
1303 1886 268
1674 1886 238
184 1887 247
1715 1887 274
261 1888 246
663 1888 177
1381 1888 237
1047 1889 311
479 1890 169
468 1891 139
1034 1891 247
1492 1891 115
1028 1892 262
1307 1892 213
1367 1892 199
381 1893 200
676 1893 161
775 1893 240
165 1895 965
1131 1896 241
1808 1896 177
811 1899 145
1015 1899 166
813 1900 119
616 1901 292
1573 1901 265
115 1904 495
508 1905 286
701 1905 144
948 1906 297
421 1907 336
1171 1908 309
143 1909 224
1490 1911 322
1763 1911 244
1598 1913 858
180 1914 342
1190 1914 241
1511 1915 213
680 1916 596
1674 1916 202
293 1917 242
884 1917 183
1277 1917 279
412 1918 305
687 1918 144
1868 1918 238
60 1919 151
443 1919 289
1173 1919 180
641 1920 184
1179 1920 251
684 1922 235
1046 1922 258
429 1924 241
569 1924 240
1114 1924 276
313 1925 172
596 1925 210
352 1926 242
442 1927 296
264 1928 177
1110 1928 114
608 1929 371
663 1930 297
1766 1930 144
1897 1930 190
859 1931 172
1690 1931 103
147 1932 216
639 1932 210
807 1932 102
1399 1934 160
448 1935 232
766 1936 198
864 1937 310
1350 1937 185
1888 1937 216
437 1938 135
1169 1938 147
375 1940 128
1048 1940 206
886 1942 245
105 1944 203
561 1944 129
761 1945 322
1200 1946 278
383 1947 185
1726 1948 605
1890 1949 181
1628 1950 101
117 1951 174
793 1951 122
962 1951 396
433 1953 313
1872 1954 171
397 1955 114
1810 1955 268
348 1956 276
174 1957 871
9 1958 201
939 1958 100
1403 1958 232
349 1959 200
1914 1959 209
486 1960 273
1138 1960 248
42 1961 173
273 1962 285
760 1963 158
188 1965 198
1266 1965 338
1512 1965 151
1840 1965 128
1682 1967 304
62 1968 197
192 1968 113
724 1970 133
1160 1970 300
1667 1970 311
1298 1972 230
42 1973 128
1051 1973 489
693 1974 172
1564 1975 187
1414 1976 164
599 1978 130
1480 1978 154
48 1979 728
1451 1980 377
817 1981 153
845 1981 310
1532 1981 932
1702 1981 198
190 1982 194
1740 1982 124
1053 1983 273
640 1984 751
720 1984 242
425 1985 248
1773 1987 115
1781 1987 179
1640 1989 208
1789 1991 540
1836 1993 222
1476 1994 183
138 1995 154
227 1995 246
582 1996 116
1922 1997 224
24 1999 192
584 1999 334
861 1999 181
483 2000 194
1106 2000 348
1798 2000 170
1206 2001 107
1783 2001 225
1889 2002 381
1935 2003 116
1891 2004 128
1508 2005 871
1191 2006 182
582 2007 355
976 2007 201
369 2008 237
175 2010 329
265 2010 238
1326 2010 335
619 2011 633
465 2012 197
110 2013 270
1244 2013 933
63 2014 159
1796 2014 195
1848 2014 312
615 2015 233
1057 2015 375
1264 2015 179
906 2016 307
166 2017 200
103 2018 893
1491 2018 175
833 2019 256
509 2020 220
916 2020 209
1234 2022 124
1750 2022 284
1888 2022 681
822 2023 127
1536 2024 228
595 2025 243
1564 2026 340
1057 2027 226
1116 2027 361
1140 2027 155
383 2028 287
544 2028 148
890 2028 130
1773 2028 563
1986 2028 856
664 2029 453
819 2029 242
1035 2030 110
1500 2030 292
126 2031 185
1529 2032 248
1739 2032 234
1739 2033 191
1998 2034 212
1486 2035 143
1611 2036 867
1748 2036 226
1037 2037 309
343 2038 361
1420 2039 313
959 2040 356
539 2041 266
521 2042 198
342 2043 226
1265 2043 324
909 2044 198
1471 2044 126
1484 2044 150
1111 2045 238
1352 2046 191
962 2047 180
1825 2047 383
377 2048 337
1488 2048 131
1581 2049 163
248 2050 181
310 2050 318
1275 2051 290
1468 2052 408
694 2053 139
1478 2053 230
349 2054 233
1293 2054 184
307 2055 969
616 2055 211
892 2057 320
1998 2057 204
1050 2058 295
716 2060 155
1821 2060 274
576 2062 100
1087 2062 189
1545 2062 241
283 2063 288
319 2063 377
2056 2063 171
1910 2065 109
220 2066 995
437 2067 206
1393 2068 318
1679 2068 111
867 2069 989
1176 2070 264
1662 2072 132
1916 2073 235
510 2074 265
1677 2075 142
1349 2076 155
1943 2077 200
208 2078 251
593 2078 300
727 2078 192
273 2079 191
560 2079 763
1500 2079 203
982 2080 247
1184 2081 232
26 2082 908
878 2082 145
524 2084 328
1228 2084 357
1847 2084 179
807 2085 204
426 2087 315
820 2088 225
1358 2088 176
1382 2088 134
987 2089 185
1932 2090 150
675 2091 627
1365 2092 142
976 2093 116
1588 2093 224
1885 2093 238
1633 2094 198
251 2095 245
308 2096 330
618 2097 245
1051 2097 173
1417 2097 561
693 2099 225
1278 2099 247
1631 2101 691
902 2102 164
1992 2102 180
943 2103 982
245 2104 139
1000 2104 333
1356 2106 352
886 2107 203
1333 2109 100
1956 2109 291
366 2111 207
896 2111 817
1062 2111 120
1642 2111 611
1131 2113 215
425 2114 294
26 2115 276
732 2115 215
771 2115 310
263 2117 299
186 2119 371
1096 2120 283
996 2121 224
1929 2121 218
1259 2122 187
1457 2122 182
754 2123 315
1260 2123 246
1342 2123 194
1974 2124 159
214 2125 166
566 2125 643
1128 2125 120
1463 2125 189
1312 2126 142
278 2127 118
146 2128 347
1754 2128 139
1806 2128 203
1034 2129 264
1631 2129 134
1662 2130 183
1634 2131 189
1910 2131 292
982 2132 157
385 2134 202
756 2134 513
1841 2134 369
247 2135 131
637 2135 333
449 2136 129
1861 2136 127
1716 2137 292
1011 2138 132
511 2141 280
1118 2141 796
1037 2142 109
130 2145 304
1819 2145 552
1206 2146 912
1534 2146 135
1543 2146 224
1142 2147 191
309 2148 919
431 2149 142
622 2149 167
1460 2149 215
1897 2149 161
213 2150 327
934 2150 274
566 2151 236
964 2151 198
1629 2151 202
1884 2152 246
698 2153 233
855 2154 229
548 2155 293
1273 2155 341
422 2156 315
471 2156 217
1710 2156 248
852 2157 528
2004 2157 208
1177 2159 735
233 2160 214
538 2160 153
615 2161 210
1421 2161 155
1607 2163 260
715 2164 337
377 2165 130
442 2166 184
30 2167 203
476 2167 166
1323 2168 224
91 2169 245
369 2170 695
1145 2170 171
2063 2170 953
1366 2171 251
580 2172 129
1380 2172 127
1448 2173 128
545 2174 165
575 2174 102
421 2175 157
440 2176 594
1678 2176 789
1567 2177 266
1857 2177 130
933 2178 202
1196 2178 175
1020 2179 228
1734 2179 247
1879 2179 173
377 2180 191
638 2180 110
7 2181 902
137 2181 120
470 2181 246
1589 2181 149
1791 2181 256
2095 2181 121
743 2182 212
1912 2182 295
2061 2182 281
2140 2182 195
329 2184 846
1450 2184 216
872 2185 108
591 2187 129
604 2187 201
50 2188 951
1756 2188 161
1429 2189 927
290 2190 322
1976 2191 248
84 2193 229
1484 2193 134
2051 2193 174
63 2195 244
2007 2195 314
168 2196 122
489 2196 136
1624 2197 672
1289 2198 751
106 2199 294
1405 2200 239
446 2201 193
2009 2202 205
2033 2203 172
2168 2204 267
42 2205 101
917 2205 246
1758 2205 339
425 2208 249
2078 2208 174
860 2209 246
1340 2209 128
1639 2209 260
235 2210 143
1559 2210 374
222 2211 107
731 2212 169
1936 2212 338
277 2213 767
1088 2215 158
2159 2215 205
1266 2216 247
2055 2216 299
246 2218 160
172 2220 129
1214 2221 228
1449 2221 198
13 2222 271
357 2222 225
418 2222 285
583 2223 111
1150 2223 204
1011 2225 195
124 2226 323
784 2226 182
21 2227 142
540 2227 116
581 2227 392
756 2227 132
1671 2228 101
416 2229 138
1246 2229 204
428 2230 101
677 2231 361
1094 2231 271
654 2232 158
710 2232 185
1129 2232 497
1943 2232 288
264 2233 280
310 2233 261
588 2233 308
512 2234 166
896 2234 213
2065 2234 325
893 2235 123
1870 2235 197
753 2236 200
895 2236 188
3 2237 102
2186 2237 374
294 2238 180
527 2238 557
697 2239 676
456 2240 177
1882 2240 840
1556 2242 173
609 2243 162
803 2243 129
900 2243 136
1159 2243 153
905 2244 202
2058 2244 222
959 2245 273
1824 2245 307
31 2246 140
1239 2248 985
1097 2249 280
1533 2250 218
1198 2252 289
2250 2253 908
99 2254 196
396 2255 168
1817 2256 671
633 2257 335
1712 2257 179
1956 2257 201
1863 2258 243
2088 2258 167
2229 2258 223
812 2259 258
1242 2260 262
1603 2260 359
2163 2260 200
685 2261 208
1286 2261 203
1722 2261 293
438 2262 263
1036 2262 164
607 2263 163
1868 2263 236
2089 2263 271
8 2264 577
2103 2265 356
213 2266 221
330 2266 153
1035 2266 231
165 2267 136
1634 2267 263
931 2268 123
390 2269 702
1125 2271 255
2062 2271 237
2064 2271 215
2082 2273 159
2178 2273 326
472 2275 156
530 2277 318
969 2277 165
1064 2277 276
1510 2277 218
1826 2277 243
874 2278 350
1844 2279 312
1965 2279 291
1089 2280 194
1539 2280 110
63 2282 322
493 2283 182
1464 2283 205
2199 2284 201
1221 2285 124
1609 2285 204
534 2288 175
890 2288 141
1963 2289 264
624 2290 276
2217 2290 361
19 2291 134
442 2292 985
1086 2292 122
2006 2292 180
380 2293 146
564 2293 247
1890 2293 139
2094 2294 525
808 2295 991
812 2297 298
1714 2298 323
29 2299 303
1381 2299 124
549 2300 357
1930 2300 225
44 2301 288
196 2302 157
1558 2302 276
186 2304 194
853 2304 359
2126 2304 249
841 2305 265
1863 2305 148
695 2306 309
758 2307 196
1354 2307 264
2206 2307 215
318 2308 289
703 2308 294
1914 2308 260
2038 2309 173
272 2310 199
742 2310 305
1304 2310 229
511 2311 108
848 2312 815
1905 2313 105
1206 2314 108
405 2315 950
628 2315 316
1037 2315 295
523 2316 125
991 2316 304
2248 2316 114
1886 2317 803
1678 2320 371
302 2321 270
578 2322 228
640 2322 135
2184 2323 157
740 2324 204
684 2325 679
35 2326 299
1973 2326 335
1884 2327 205
16 2328 174
1034 2328 197
997 2329 126
264 2330 324
1895 2330 113
502 2332 135
1136 2332 231
2112 2333 898
1316 2334 192
1345 2334 650
1425 2334 302
1631 2334 210
1931 2334 267
412 2335 233
687 2335 189
1019 2336 179
1472 2337 127
1923 2337 345
357 2338 163
1552 2338 269
2247 2338 183
1284 2339 131
1952 2339 420
815 2340 191
1692 2341 256
2273 2342 217
1700 2343 187
1172 2344 196
1868 2344 148
2046 2345 151
480 2346 684
1656 2346 125
2066 2347 293
486 2348 383
972 2348 134
1339 2348 108
590 2349 916
774 2349 330
880 2351 117
943 2351 186
1376 2351 338
1771 2351 161
1237 2352 257
1470 2355 157
86 2356 185
656 2357 118
1892 2357 228
2120 2359 114
1561 2360 224
476 2362 349
2051 2363 126
977 2364 176
2266 2364 779
73 2366 221
276 2366 219
795 2366 131
300 2367 168
1442 2367 249
34 2368 214
237 2368 132
1049 2368 126
1607 2368 711
2053 2368 271
955 2369 331
1176 2370 867
1485 2370 253
641 2371 301
1735 2371 289
2094 2371 255
1680 2372 352
2078 2372 247
950 2373 310
920 2375 150
942 2375 275
2237 2376 206
916 2377 158
1251 2377 286
1004 2378 124
1739 2379 596
2119 2379 243
1452 2381 280
2054 2381 197
68 2382 563
1163 2382 191
1472 2382 204
1800 2382 247
1112 2383 223
1543 2383 237
217 2384 234
652 2384 327
1800 2384 546
1269 2385 358
1480 2385 246
1078 2386 220
2091 2386 119
270 2387 157
326 2387 257
354 2388 190
1660 2389 341
16 2390 320
240 2390 297
1410 2390 169
464 2391 269
1152 2391 262
1814 2391 145
101 2392 265
2390 2392 176
162 2393 341
39 2395 103
341 2397 268
1907 2397 335
2280 2397 171
733 2399 243
934 2399 249
1174 2399 136
254 2401 216
404 2403 239
404 2405 284
1471 2405 132
1479 2405 115
2155 2405 254
2032 2406 818
189 2407 212
872 2407 161
1116 2407 894
923 2408 107
1797 2408 231
943 2410 518
373 2411 146
1402 2411 203
267 2412 298
1765 2413 285
2208 2413 203
718 2414 126
1655 2414 230
2160 2414 148
351 2415 122
500 2415 120
1874 2415 200
2412 2415 218
2029 2416 158
88 2417 218
1144 2417 139
2275 2417 215
89 2418 200
850 2418 127
187 2419 202
598 2419 145
1640 2419 103
1931 2419 204
450 2420 359
290 2421 234
2274 2421 970
900 2422 136
1974 2423 249
2186 2423 184
804 2424 160
610 2425 607
45 2426 303
874 2427 191
1188 2428 313
492 2431 581
645 2431 144
837 2431 795
1523 2432 584
941 2433 229
1335 2434 339
655 2435 167
1061 2435 291
1000 2436 309
743 2437 265
57 2439 296
266 2441 152
340 2441 217
2193 2442 926
2262 2442 278
874 2443 311
981 2444 193
1060 2444 271
1897 2444 151
381 2445 312
899 2446 246
1832 2446 284
1911 2446 108
1935 2446 147
2 2447 188
200 2447 214
455 2447 851
809 2448 188
2270 2448 216
719 2449 340
868 2449 277
510 2450 327
2111 2450 154
1728 2451 539
498 2452 139
274 2453 147
701 2455 291
442 2456 189
693 2456 225
315 2460 269
1029 2460 838
933 2461 672
2273 2461 650
1344 2463 101
1387 2463 959
1884 2463 151
460 2464 225
529 2464 233
167 2465 349
265 2465 270
870 2465 360
662 2466 319
179 2467 159
2466 2467 215
1281 2468 235
1388 2469 969
786 2471 388
936 2471 547
1933 2471 830
2078 2471 242
1364 2472 270
1247 2473 140
1728 2473 343
2002 2473 235
470 2474 634
1371 2474 579
1612 2474 215
1628 2474 689
2105 2474 873
2419 2474 281
1741 2475 728
1071 2476 184
1288 2477 449
1779 2477 359
1321 2478 330
1454 2479 794
2361 2480 196
202 2481 204
1090 2481 144
1104 2481 271
288 2483 165
333 2483 191
1456 2483 368
19 2484 151
597 2485 491
1794 2485 618
365 2486 199
1010 2486 277
1460 2486 193
2027 2486 211
1027 2487 125
1600 2487 209
1292 2488 643
2162 2488 157
2245 2488 337
341 2490 318
1576 2490 150
2251 2490 235
87 2491 353
652 2491 206
1352 2491 220
884 2492 190
2119 2492 355
871 2494 368
972 2495 133
259 2496 168
418 2496 104
571 2496 960
1448 2497 330
1733 2497 243
1790 2497 256
2260 2497 146
2322 2498 875
231 2499 204
1294 2499 518
1794 2499 270
2421 2499 306
2437 2499 244
818 2500 217
2239 2500 227
141 2501 342
878 2501 314
2341 2502 335
2479 2504 162
246 2505 177
2467 2506 212
252 2507 261
975 2507 225
2135 2507 138
1531 2508 329
1536 2508 154
1571 2508 124
2100 2508 293
789 2509 162
1085 2509 281
243 2510 221
712 2510 294
1016 2510 341
323 2511 197
917 2511 979
2003 2511 130
40 2513 151
845 2513 148
1515 2513 178
1964 2513 251
2103 2513 104
2171 2514 358
1106 2515 182
34 2516 568
137 2516 111
506 2516 253
345 2517 327
1268 2517 283
71 2518 210
586 2518 156
1430 2518 244
2345 2520 271
2372 2520 261
266 2521 328
996 2522 351
1157 2522 194
539 2523 278
805 2523 226
2133 2523 170
678 2524 531
1785 2524 164
2021 2525 184
1547 2526 182
2103 2526 229
1472 2527 216
2100 2527 322
410 2528 242
444 2528 287
557 2528 323
1240 2528 187
1760 2528 261
417 2530 151
1350 2530 720
2308 2533 173
1704 2534 611
1782 2534 178
412 2535 105
193 2536 193
564 2537 217
2012 2538 194
476 2539 236
904 2540 257
1219 2541 193
2151 2541 240
2435 2541 274
689 2542 123
1137 2542 174
108 2543 170
276 2543 228
1265 2543 154
1009 2544 219
1124 2545 181
1222 2545 811
1455 2546 160
2111 2547 294
151 2548 231
867 2549 721
1445 2550 478
82 2551 434
875 2551 333
1278 2551 115
2083 2551 389
456 2552 331
609 2552 238
255 2553 295
59 2555 922
245 2555 178
779 2555 207
2331 2555 113
491 2556 360
521 2556 172
1121 2557 126
144 2558 233
1260 2558 233
2459 2558 271
872 2559 909
1506 2559 150
2515 2559 502
1071 2560 267
865 2561 243
1387 2561 257
1548 2561 284
2399 2561 346
647 2562 931
1337 2562 191
129 2563 312
767 2563 208
1029 2563 157
693 2565 256
748 2565 215
2226 2565 185
654 2566 143
1916 2566 244
2300 2567 186
678 2568 353
2192 2568 261
446 2569 170
2212 2569 358
2471 2569 159
14 2570 291
1760 2570 570
363 2571 205
2070 2571 856
2363 2571 238
572 2572 951
938 2572 300
2404 2572 305
284 2573 102
717 2574 308
2345 2574 241
1666 2575 302
1372 2576 278
27 2577 335
256 2577 159
1270 2577 173
241 2578 336
505 2578 272
1451 2578 157
2447 2579 213
1864 2580 216
1491 2581 162
749 2582 261
1180 2583 172
38 2584 233
2534 2584 266
275 2585 212
1453 2585 466
2348 2585 245
1221 2586 137
2531 2586 103
277 2587 256
483 2587 110
2291 2587 286
691 2588 713
1036 2588 348
1634 2588 141
1881 2588 232
1905 2588 198
34 2589 309
2512 2589 291
2572 2589 301
1425 2590 346
466 2591 218
1330 2591 333
2467 2591 188
1531 2592 324
747 2593 289
1389 2594 326
1765 2594 377
624 2595 251
52 2596 207
1894 2596 180
1647 2597 251
2187 2598 137
3 2599 182
480 2600 145
908 2600 261
962 2600 208
1227 2600 169
1997 2601 168
362 2602 280
456 2602 118
1190 2602 119
1838 2602 994
122 2603 325
599 2603 204
669 2604 232
747 2605 153
899 2605 135
2529 2605 680
239 2606 323
2594 2606 286
2604 2606 171
1895 2607 164
506 2608 194
1249 2608 319
1472 2608 304
1538 2608 227
274 2609 274
943 2609 238
1116 2609 110
639 2610 889
1574 2610 260
2059 2610 175
1579 2611 357
207 2612 274
294 2612 143
1377 2612 236
390 2613 283
781 2613 369
1305 2613 182
1001 2614 241
1259 2614 185
332 2617 818
2393 2617 170
1049 2618 350
498 2619 140
2147 2619 178
1785 2620 148
1023 2621 391
206 2622 314
236 2622 243
985 2622 229
1134 2622 596
404 2623 341
52 2624 206
1153 2624 230
579 2626 217
276 2627 292
2097 2627 180
827 2628 351
1318 2628 763
1584 2628 349
1793 2629 290
1412 2630 386
690 2631 329
1826 2631 277
1237 2633 175
1703 2635 258
228 2636 298
383 2636 189
680 2636 385
1818 2636 929
2007 2636 198
1072 2637 321
1847 2637 280
337 2638 892
1347 2638 316
558 2639 876
2046 2639 895
819 2640 160
860 2640 157
1428 2640 870
263 2643 230
2117 2643 125
1556 2644 270
2028 2644 270
2163 2644 927
974 2646 667
1306 2646 142
2389 2646 219
2237 2647 342
686 2648 984
714 2648 391
2634 2648 144
104 2649 354
1016 2649 157
1236 2649 939
416 2650 209
74 2651 197
21 2652 142
1066 2652 237
423 2653 256
964 2653 294
1861 2653 138
2564 2654 293
612 2655 127
1902 2655 283
1929 2655 343
84 2656 125
888 2656 453
2603 2657 172
1271 2658 107
2378 2658 175
2326 2659 197
1615 2661 964
469 2663 330
1054 2663 169
1497 2663 281
109 2664 296
11 2665 299
326 2665 296
1509 2666 271
2151 2666 124
783 2667 263
1062 2668 224
858 2669 216
1324 2670 648
1078 2671 614
2492 2671 283
2440 2672 154
2482 2673 776
2187 2674 182
941 2675 327
2350 2675 241
174 2676 135
1948 2676 173
2219 2676 204
971 2677 227
1463 2678 216
285 2679 151
1148 2679 118
1589 2679 280
2303 2679 791
1494 2680 243
1928 2680 119
912 2681 535
25 2682 177
2596 2683 138
412 2684 247
1477 2684 247
1875 2684 163
2487 2685 314
1114 2686 213
2408 2687 167
165 2688 191
1028 2688 232
523 2689 151
704 2689 203
2399 2689 186
751 2690 872
1321 2690 125
1104 2691 266
1898 2691 172
2272 2691 351
920 2693 119
1023 2694 835
2395 2694 634
1314 2695 248
2255 2695 574
514 2696 225
165 2697 245
190 2697 228
1030 2698 212
1338 2698 672
932 2699 112
1020 2699 219
213 2700 270
2357 2700 327
313 2701 300
2565 2702 770
189 2703 364
408 2703 220
560 2704 281
2316 2705 318
2458 2705 645
1358 2706 169
1526 2706 845
2082 2706 292
2178 2706 337
511 2707 188
1214 2707 218
2365 2708 206
769 2709 934
2104 2709 196
2214 2709 231
953 2710 237
1631 2710 133
1392 2711 113
1232 2712 191
2116 2712 220
1241 2714 269
2134 2714 119
2587 2714 206
2690 2714 253
699 2715 275
877 2715 294
1531 2716 356
2303 2716 103
2703 2716 208
1848 2717 285
491 2718 295
562 2719 186
1941 2719 284
2312 2719 255
2096 2720 192
2500 2720 188
1712 2721 242
1271 2722 349
8 2724 303
566 2726 639
649 2727 247
683 2727 146
1192 2727 176
668 2730 203
828 2730 947
1138 2730 309
1317 2730 257
404 2731 126
900 2732 110
2503 2733 381
43 2734 171
484 2734 273
1028 2734 941
2454 2734 195
1997 2735 208
2059 2736 612
2164 2736 297
850 2737 259
980 2737 437
2573 2737 335
920 2738 346
451 2740 166
1960 2740 195
1509 2741 222
1996 2741 213
2610 2741 302
508 2742 246
644 2743 102
185 2744 161
1744 2745 339
2478 2746 683
182 2747 243
881 2748 151
1582 2748 339
2318 2748 260
486 2749 246
1137 2749 152
2328 2749 229
1788 2750 868
563 2751 151
1186 2751 373
2727 2752 108
257 2753 218
568 2753 411
1831 2753 341
1288 2755 751
1321 2755 193
1483 2755 316
1813 2755 148
1951 2755 128
2275 2755 361
1659 2756 276
1344 2757 398
1544 2757 211
555 2758 197
1654 2758 147
2440 2758 847
671 2759 788
2684 2759 307
351 2760 161
1195 2760 181
1792 2760 314
2736 2760 119
169 2761 208
320 2761 234
2725 2761 212
894 2762 170
1604 2762 197
632 2763 170
381 2764 186
763 2764 104
1090 2765 563
2067 2765 243
2432 2765 257
478 2766 230
911 2766 277
2697 2766 290
2223 2767 241
1391 2768 234
2364 2769 227
698 2770 128
2199 2770 162
2584 2770 164
426 2771 209
1746 2771 186
1838 2772 147
1982 2773 234
420 2774 175
980 2774 265
1351 2774 113
2525 2774 185
280 2775 316
836 2775 384
934 2775 265
1228 2775 971
1497 2776 191
1540 2776 142
876 2777 307
702 2778 236
2116 2778 144
32 2779 236
1136 2779 182
2363 2779 182
452 2780 998
1290 2782 638
2217 2783 143
20 2784 172
485 2784 238
1069 2784 208
1421 2784 200
1531 2784 288
126 2785 883
1625 2785 352
2040 2785 145
1560 2786 147
1634 2786 229
1701 2786 107
2271 2786 354
290 2787 205
1758 2787 269
2784 2787 872
2322 2788 240
217 2789 160
1561 2790 165
604 2791 177
2378 2791 304
1257 2792 290
1867 2792 686
2285 2793 369
1567 2794 211
28 2795 171
649 2796 239
1056 2796 330
2637 2796 199
922 2797 908
2030 2798 159
133 2799 326
1015 2799 288
1469 2799 152
1453 2800 161
1124 2801 186
262 2802 218
1447 2802 708
1990 2802 244
2298 2802 134
2578 2802 312
40 2803 112
998 2803 733
1252 2804 121
1582 2804 472
631 2805 196
1348 2805 104
2537 2805 197
770 2806 211
1164 2806 136
885 2807 124
1687 2807 416
872 2808 957
245 2809 143
998 2809 238
1419 2809 232
1625 2809 302
581 2810 394
2217 2810 160
659 2811 267
1008 2811 162
1328 2811 270
1118 2812 196
1369 2812 218
2658 2813 295
2759 2813 654
1991 2814 222
65 2815 214
2185 2815 152
2154 2816 367
819 2817 223
124 2818 238
358 2819 287
2090 2820 208
533 2821 330
1677 2821 145
1740 2821 151
2673 2822 394
1746 2823 202
2292 2823 252
2519 2823 104
1881 2824 270
2092 2825 265
2394 2825 135
2713 2825 368
1896 2826 262
2393 2827 388
295 2828 174
1465 2829 208
638 2830 170
647 2830 280
1268 2830 199
1626 2831 164
1689 2832 301
2728 2834 955
981 2835 135
1885 2835 229
1899 2836 219
2319 2837 146
793 2838 191
1425 2838 192
322 2839 999
1966 2840 319
147 2841 223
409 2841 214
490 2841 276
1045 2841 119
2068 2841 136
977 2843 115
724 2844 103
1107 2844 677
1215 2845 148
1727 2845 176
2532 2845 290
606 2846 165
1663 2846 309
2521 2846 238
2570 2846 251
2724 2846 338
2480 2847 281
1417 2849 239
2046 2849 221
1809 2850 383
1832 2851 941
2729 2851 296
1055 2852 242
2563 2853 743
385 2854 251
964 2854 179
1097 2854 167
2554 2855 252
439 2857 314
1400 2858 189
1832 2858 152
1325 2859 238
2712 2859 195
180 2860 188
1616 2860 282
313 2861 110
711 2861 255
842 2861 341
1008 2861 284
1763 2862 698
1859 2862 165
1936 2862 273
2300 2862 227
182 2863 204
2429 2863 319
37 2864 166
568 2864 245
1216 2864 158
2489 2864 142
1778 2865 205
2511 2865 168
1084 2866 271
1467 2866 246
1920 2866 144
606 2868 221
830 2869 236
963 2869 259
1810 2870 926
1741 2871 332
2143 2871 348
2869 2871 249
222 2872 221
1662 2872 159
1926 2872 343
2521 2872 231
2626 2872 183
1168 2873 137
2497 2874 192
171 2875 175
1044 2875 354
1241 2875 926
12 2876 276
2168 2876 337
2052 2877 276
1432 2878 317
1154 2880 332
2758 2881 144
1401 2882 193
69 2883 135
406 2883 856
2580 2884 277
1149 2885 120
1644 2885 190
2447 2885 233
900 2886 184
1852 2886 185
2127 2886 391
843 2887 163
306 2888 258
1717 2888 327
846 2889 198
906 2889 269
2250 2889 163
10 2890 164
196 2890 248
308 2890 270
474 2890 209
1608 2890 212
2358 2890 381
2459 2890 256
1772 2891 292
1949 2892 202
2438 2892 299
520 2893 357
903 2894 243
2131 2894 150
2254 2894 131
1063 2895 141
953 2896 136
1122 2896 196
1299 2897 238
2784 2897 142
386 2898 207
30 2899 886
1200 2900 177
1988 2900 300
2022 2900 112
3 2901 907
603 2901 217
123 2902 235
305 2903 566
2123 2903 328
1437 2904 334
875 2905 197
1299 2905 744
1849 2905 558
2311 2905 233
88 2906 121
2689 2906 229
1458 2907 183
1669 2908 246
1501 2909 216
1904 2909 826
2580 2909 316
1642 2911 152
1659 2911 147
1058 2912 257
1083 2912 135
1344 2912 111
2114 2912 280
841 2913 137
1036 2913 191
2862 2913 226
277 2914 121
399 2914 306
2563 2914 204
105 2915 283
1260 2916 263
2196 2917 312
2747 2918 259
2071 2919 175
2226 2919 342
760 2920 267
2367 2920 333
1704 2921 327
1028 2922 235
1001 2923 128
2002 2923 200
2624 2923 145
859 2924 237
1213 2924 263
1507 2924 369
2809 2924 191
1386 2925 762
2375 2925 256
2895 2925 306
434 2926 114
1608 2926 146
1156 2927 383
2493 2928 194
2684 2928 526
255 2929 157
2191 2930 159
2688 2930 162
94 2931 301
1310 2932 302
1889 2932 256
2430 2932 168
150 2933 752
1324 2933 256
1483 2933 242
1773 2933 322
929 2934 981
1209 2934 132
2873 2934 240
324 2935 182
1580 2935 142
2556 2935 175
656 2936 264
1765 2936 838
288 2938 233
2374 2938 704
382 2939 809
969 2939 306
2369 2939 648
2581 2939 213
1296 2940 184
1749 2940 243
2 2941 131
25 2942 851
611 2942 146
2407 2942 126
2829 2942 159
734 2943 184
413 2944 253
1197 2944 239
401 2945 264
970 2945 204
2093 2945 220
2112 2945 521
1832 2946 165
2100 2946 342
1419 2947 848
907 2948 672
1597 2948 303
2728 2948 151
1799 2949 197
2892 2950 173
413 2951 197
775 2951 233
1985 2951 224
1986 2951 132
2511 2951 320
1486 2952 267
272 2953 232
1097 2953 673
1023 2954 162
1136 2955 266
1476 2955 264
997 2956 112
1551 2956 216
2696 2956 183
2842 2956 251
1148 2957 215
960 2958 245
1013 2958 281
2171 2958 265
238 2959 263
711 2959 738
564 2960 792
1306 2960 269
8 2961 126
2194 2961 292
2278 2962 187
2662 2962 369
41 2963 238
1713 2963 649
2875 2963 255
845 2964 171
1073 2964 221
1171 2964 202
1685 2964 121
554 2965 403
831 2965 141
1374 2965 993
1655 2966 186
2622 2966 162
2850 2966 209
1144 2967 257
2281 2967 359
1175 2968 197
1497 2968 214
513 2970 166
1217 2970 132
1907 2970 349
2066 2971 308
426 2972 147
580 2972 200
1832 2972 456
2772 2972 139
1459 2973 203
1585 2973 231
1313 2974 342
1591 2974 244
2296 2974 872
2927 2975 198
923 2976 362
1038 2976 194
2692 2976 204
341 2977 143
414 2977 239
820 2977 258
1358 2977 211
1526 2977 184
2356 2977 718
1278 2978 195
1866 2978 110
735 2980 155
872 2980 224
1065 2980 277
1993 2980 251
2613 2980 255
2939 2980 146
1424 2981 874
1724 2981 113
556 2982 286
2192 2982 246
1714 2983 171
566 2985 116
971 2985 342
2912 2985 116
10 2986 286
2984 2986 175
324 2987 319
518 2987 157
1416 2987 121
677 2988 231
1636 2988 198
2092 2988 258
1090 2989 127
1285 2989 210
444 2990 225
2968 2990 221
542 2991 289
1104 2991 370
1763 2991 222
2024 2991 261
380 2992 173
876 2992 150
2807 2992 333
450 2993 163
1114 2993 222
2708 2993 304
532 2994 730
589 2994 226
1554 2994 228
1605 2994 395
2009 2994 304
411 2995 606
867 2996 130
1694 2996 819
1940 2996 218
2625 2996 722
653 2997 170
2164 2998 103
946 2999 321
264 3000 196
1271 3000 158
1472 3001 146
2796 3001 332
1683 3002 132
2122 3002 215
1632 3003 604
2617 3003 259
2781 3003 203
1961 3004 321
2957 3004 254
2678 3005 266
850 3006 316
1971 3007 120
187 3008 181
2648 3009 238
260 3010 222
1918 3010 116
2535 3010 340
1034 3011 239
2256 3013 193
1195 3014 227
2910 3014 237
2117 3015 312
2535 3015 302
2643 3015 466
56 3016 149
634 3016 125
1971 3016 427
1875 3017 263
2342 3018 241
2461 3018 901
143 3019 124
191 3019 332
2143 3019 651
2074 3020 210
2110 3020 294
50 3021 100
136 3022 262
1574 3022 288
2207 3022 153
2410 3022 169
994 3023 244
1971 3023 202
719 3024 302
2671 3024 195
2929 3024 280
350 3025 849
793 3026 141
1720 3027 653
1854 3028 110
2301 3028 142
2678 3028 150
303 3030 213
1103 3030 138
1191 3030 361
21 3031 262
1085 3031 129
3000 3032 125
220 3033 371
264 3033 151
379 3033 301
1931 3033 183
1995 3033 850
2046 3034 228
743 3035 246
1311 3036 242
1377 3036 204
2402 3036 908
2736 3036 178
1137 3037 692
2712 3037 248
2787 3037 169
740 3038 264
952 3038 519
1253 3038 245
1498 3038 169
1844 3038 239
1953 3039 134
2912 3039 101
522 3040 273
1043 3040 215
454 3041 102
2739 3041 324
1105 3042 278
1268 3042 948
1629 3042 928
1833 3042 259
3026 3042 157
1630 3043 142
2996 3043 209
2314 3044 149
2636 3044 248
2847 3044 236
2503 3045 288
588 3046 160
69 3047 174
163 3047 187
877 3047 205
2572 3047 385
974 3048 157
1482 3049 296
2716 3049 251
2747 3049 110
2717 3050 197
116 3051 194
2926 3051 264
1248 3052 116
2086 3053 230
2641 3053 263
3045 3053 750
1803 3054 473
1287 3055 205
2400 3055 925
1101 3056 211
1383 3056 270
1956 3056 225
89 3057 345
572 3057 519
1220 3057 292
1942 3058 230
2960 3058 248
553 3059 239
2996 3059 184
472 3060 193
1758 3060 470
1940 3060 143
2228 3060 308
766 3061 931
2967 3061 176
1969 3062 206
2227 3062 228
2579 3062 324
364 3063 160
1657 3063 751
1418 3064 897
1099 3065 209
1299 3065 295
1952 3065 180
2272 3065 126
851 3066 219
740 3067 120
1845 3067 328
2139 3067 187
500 3068 125
858 3068 294
371 3069 178
2623 3069 246
593 3070 189
1668 3070 648
1822 3070 262
359 3071 240
47 3072 143
323 3072 249
1574 3072 223
2241 3072 749
2911 3072 255
485 3073 149
869 3073 280
1389 3073 252
1387 3074 121
2753 3074 188
706 3075 276
91 3076 255
801 3077 178
2672 3077 183
3039 3078 300
1309 3079 102
1443 3079 335
2360 3079 144
2817 3079 272
52 3080 145
90 3080 227
309 3081 187
1876 3081 192
770 3082 212
1755 3082 682
2183 3083 378
113 3084 302
2433 3085 259
100 3086 244
1460 3086 292
249 3087 140
827 3087 146
2353 3087 298
341 3088 346
2723 3088 271
1872 3089 222
2174 3089 209
3058 3089 238
481 3091 274
525 3091 154
1752 3092 141
2754 3092 114
2809 3092 104
2675 3093 246
1241 3094 144
1649 3094 129
2460 3094 200
2971 3094 276
1957 3095 103
1972 3095 155
2235 3095 107
2244 3096 183
303 3097 314
781 3097 140
1397 3097 311
2448 3097 207
2912 3097 350
2815 3098 179
2479 3099 192
291 3100 303
810 3100 167
2969 3100 335
1418 3101 181
3088 3102 313
910 3103 162
72 3104 156
1547 3105 218
2759 3105 211
240 3106 104
1980 3106 171
1121 3107 188
1603 3107 179
2308 3107 214
2914 3107 177
1368 3108 688
1669 3108 621
1992 3108 105
2887 3109 308
3 3110 186
701 3111 281
1444 3111 861
1648 3111 467
1751 3111 221
387 3112 174
2053 3112 160
2356 3112 251
768 3113 296
2096 3113 282
1376 3114 270
1658 3114 109
113 3116 174
1267 3116 473
1671 3116 313
2513 3116 110
2774 3116 313
1520 3117 287
2071 3117 109
2210 3117 234
1906 3118 197
67 3119 320
2797 3119 162
71 3120 111
1211 3120 327
999 3121 184
2996 3121 866
919 3122 318
994 3123 242
171 3124 198
2466 3124 310
650 3125 157
16 3126 146
927 3126 179
2129 3126 269
3090 3126 219
2128 3127 140
2749 3127 143
998 3128 211
2158 3128 203
1079 3129 676
2873 3129 108
980 3130 130
1413 3131 187
1698 3131 313
3036 3131 137
2271 3132 219
2570 3133 173
866 3134 107
1818 3134 210
2241 3135 115
2255 3135 159
705 3136 241
1024 3136 150
2782 3136 162
2224 3137 508
2386 3137 980
2396 3137 193
1061 3138 325
1104 3139 211
2398 3139 162
2003 3140 126
2334 3140 189
1738 3141 140
2495 3141 954
2517 3141 301
2565 3141 231
1200 3142 216
1588 3142 196
2508 3142 306
146 3143 225
2633 3144 190
132 3145 187
884 3145 114
2143 3145 259
2316 3146 250
51 3147 171
2573 3147 112
2464 3148 833
773 3149 832
896 3149 282
1820 3149 494
1218 3150 119
2121 3150 177
2343 3150 522
738 3151 347
855 3151 213
1302 3151 357
107 3152 376
937 3152 946
2306 3152 273
266 3153 286
2229 3153 162
2474 3153 186
389 3154 179
1049 3155 318
172 3157 169
812 3157 236
1458 3157 380
379 3158 328
2289 3158 151
3008 3158 285
372 3159 254
1465 3159 628
1772 3159 204
2840 3159 119
381 3160 138
1956 3161 258
535 3162 228
3026 3162 229
942 3163 299
145 3164 264
1246 3164 127
538 3165 214
726 3165 230
1437 3166 381
2060 3166 768
541 3167 321
1623 3167 268
2690 3167 333
252 3168 214
405 3168 181
3002 3168 136
2337 3169 282
2409 3169 224
2751 3169 189
2896 3170 328
301 3171 247
945 3172 213
1457 3172 616
361 3173 346
444 3173 225
646 3174 843
2272 3174 266
3116 3174 162
1745 3175 770
837 3176 803
2234 3177 184
305 3178 278
476 3178 164
1657 3178 194
2221 3178 296
2336 3178 310
2521 3178 174
1076 3179 989
1527 3179 223
2469 3180 139
2948 3180 301
257 3181 222
527 3181 196
1316 3182 893
1594 3182 998
2962 3183 316
131 3184 176
1343 3184 366
2045 3184 142
610 3185 349
2470 3185 385
2633 3185 945
2794 3185 967
1813 3186 327
1069 3187 210
1619 3187 192
1784 3187 262
2580 3187 227
1305 3188 186
1250 3189 273
1776 3189 234
2407 3189 252
2549 3189 214
804 3190 101
2436 3190 206
55 3191 251
931 3191 263
2673 3191 292
853 3192 157
671 3193 198
1846 3194 244
1267 3195 186
1664 3196 229
1211 3197 989
1943 3197 186
313 3198 216
2065 3198 131
2968 3198 282
165 3199 334
900 3199 327
2841 3199 163
2914 3200 312
1092 3201 198
2016 3201 283
1208 3202 215
1692 3202 328
1480 3203 262
1484 3203 253
2058 3203 791
2848 3203 179
502 3204 322
1613 3204 269
2787 3204 998
814 3205 137
2075 3205 247
2138 3205 279
2453 3205 225
6 3206 171
1557 3206 746
2350 3206 218
2837 3206 160
1647 3207 269
1921 3207 138
302 3208 245
531 3208 512
937 3208 131
3143 3208 202
144 3209 248
2940 3209 175
1506 3210 121
1281 3211 424
2804 3211 232
2878 3211 206
2449 3212 710
1592 3213 122
1598 3213 673
3179 3213 662
634 3214 164
2452 3214 204
534 3215 191
828 3215 359
1052 3216 163
472 3217 281
696 3217 201
762 3218 110
838 3218 230
1511 3218 186
2786 3218 288
934 3219 195
1398 3219 250
1877 3219 167
2145 3219 157
2082 3220 200
2342 3220 227
2501 3220 304
439 3222 129
1187 3222 279
2075 3222 276
595 3223 282
297 3224 118
308 3224 107
2108 3224 284
1964 3225 145
3039 3225 286
636 3226 172
1300 3226 261
2833 3226 166
218 3227 160
2929 3227 229
631 3228 392
2268 3228 151
2827 3228 325
1911 3229 115
3128 3229 221
396 3230 196
1177 3230 131
1677 3230 119
2513 3230 223
373 3231 112
855 3231 329
3172 3231 257
732 3232 501
2833 3232 155
535 3233 302
1143 3233 252
1254 3233 291
1165 3234 319
291 3235 821
2220 3235 131
3045 3235 720
698 3236 900
665 3237 253
1557 3237 117
2450 3237 173
3171 3237 420
757 3238 259
2422 3238 163
1338 3239 158
2126 3240 167
528 3241 133
846 3242 240
1484 3242 216
1655 3242 201
1993 3242 185
2913 3242 132
96 3243 184
418 3243 125
823 3243 251
1174 3244 345
1486 3244 212
1832 3244 261
2212 3244 312
340 3245 334
461 3245 265
3199 3245 343
984 3246 133
2604 3246 192
2856 3246 287
3165 3247 202
600 3248 155
1566 3248 196
2833 3248 618
3171 3249 307
1995 3250 842
2654 3250 402
2729 3251 138
2730 3251 118
336 3252 193
1942 3252 350
3029 3252 387
619 3253 217
2392 3253 259
3115 3253 750
1561 3254 551
3165 3254 151
235 3255 228
3026 3256 108
2678 3257 233
497 3258 374
1522 3258 816
2128 3259 202
23 3260 174
1937 3260 145
1939 3260 156
2783 3260 170
2989 3260 157
1054 3261 208
2358 3262 249
2220 3263 190
2614 3263 123
751 3264 312
1523 3265 215
1693 3265 249
3057 3265 275
866 3266 275
92 3267 217
474 3268 196
1025 3268 177
2565 3268 256
332 3269 242
3041 3270 180
1716 3271 980
2343 3272 191
2045 3273 247
2384 3273 172
791 3274 248
2000 3274 299
2467 3274 290
321 3275 259
1425 3275 297
2402 3275 353
89 3276 200
1392 3277 255
2756 3277 348
1519 3278 335
654 3279 188
2160 3280 256
342 3281 628
1886 3281 298
2407 3281 338
630 3282 141
1783 3282 311
125 3283 206
1753 3283 209
2610 3285 212
2235 3286 146
2904 3286 455
1193 3288 243
2276 3288 319
1080 3289 241
2273 3289 353
346 3291 309
2312 3291 349
2457 3291 366
1724 3292 254
2141 3292 205
3083 3292 189
3104 3292 268
2253 3294 286
27 3295 217
863 3295 344
2462 3295 278
38 3296 192
2278 3296 903
2876 3296 127
775 3297 234
852 3297 901
132 3298 245
1295 3298 257
2927 3298 309
2231 3299 118
1012 3300 137
1383 3300 638
1473 3300 122
3056 3301 233
3086 3301 159
800 3302 228
857 3302 318
1274 3302 101
1275 3302 118
2899 3302 187
2966 3302 266
3082 3302 262
919 3303 139
1887 3303 123
2379 3303 174
2417 3304 231
3266 3304 245
1282 3305 758
2695 3305 270
1201 3306 249
178 3307 279
3258 3308 101
250 3309 199
893 3309 314
1527 3309 991
2801 3309 264
113 3310 117
434 3310 225
1493 3310 185
2038 3311 305
205 3312 122
2157 3312 305
2252 3314 239
2615 3314 184
312 3315 186
892 3315 159
1988 3315 298
2595 3315 269
3068 3315 148
568 3316 902
3313 3316 289
998 3317 909
1375 3317 180
1461 3317 169
1924 3317 158
2269 3317 704
2953 3317 261
3309 3318 180
1607 3319 222
1693 3319 133
498 3320 135
1908 3320 765
42 3321 700
152 3322 111
3255 3322 168
59 3323 336
1199 3323 156
1330 3324 242
3125 3324 230
1585 3325 247
2193 3325 255
246 3326 210
696 3326 392
2182 3326 190
1974 3327 122
1651 3328 108
2895 3328 347
3290 3328 262
1240 3330 367
901 3331 174
1346 3331 253
1859 3331 214
2973 3331 292
3044 3332 230
1451 3333 205
731 3334 183
1575 3334 220
1195 3335 951
3320 3335 154
627 3336 110
2982 3336 135
789 3337 177
1615 3337 261
1963 3337 176
2100 3337 226
2887 3337 336
3233 3337 202
1509 3338 869
2098 3339 283
1987 3340 202
2610 3340 303
3289 3340 218
546 3341 190
445 3342 216
3339 3343 191
254 3344 204
3288 3344 864
111 3345 894
682 3345 199
2732 3346 628
2899 3346 318
3293 3346 245
189 3347 301
37 3348 225
1770 3348 244
2229 3348 131
2642 3348 305
1912 3349 106
2216 3349 164
1419 3350 128
3246 3350 244
1454 3351 122
2287 3351 158
3287 3351 227
2515 3352 297
466 3353 231
1211 3353 318
2771 3353 167
2377 3354 245
2440 3354 179
3120 3354 241
3337 3354 263
359 3355 269
1412 3355 154
734 3356 128
1483 3356 120
2389 3357 203
1359 3359 235
2034 3359 370
644 3360 205
1412 3361 187
2016 3361 613
2155 3361 160
989 3362 269
2419 3362 855
467 3363 153
979 3363 321
1021 3363 167
1994 3363 195
2407 3363 187
2724 3363 301
219 3364 343
1977 3365 125
1888 3366 187
2242 3366 792
3162 3366 153
3336 3366 984
1581 3367 337
1692 3367 253
1718 3367 256
1226 3368 340
1406 3369 160
1534 3369 293
2428 3369 140
66 3370 167
3221 3370 271
3329 3370 242
34 3371 181
978 3371 328
508 3372 162
326 3373 152
519 3373 227
64 3374 145
2587 3374 110
2720 3374 176
2433 3375 104
3213 3375 169
3280 3375 267
401 3376 136
610 3376 107
2613 3376 287
2879 3376 190
961 3377 219
2354 3377 333
3154 3377 239
2244 3378 269
2809 3378 148
3156 3378 972
3319 3378 653
2621 3379 143
97 3380 220
114 3380 278
2320 3381 202
2541 3381 240
3255 3381 228
1650 3382 980
2486 3382 586
2910 3382 275
2503 3383 173
864 3384 747
2059 3384 167
2632 3384 177
2954 3384 175
314 3385 281
1019 3385 949
3355 3386 223
2009 3387 179
2761 3387 121
1053 3388 298
1878 3389 145
3320 3389 149
551 3390 173
1042 3390 184
351 3391 214
1645 3391 252
1792 3392 135
2074 3392 976
2645 3392 148
3171 3392 124
1991 3393 102
2522 3393 203
2550 3393 337
63 3394 196
1411 3394 324
268 3395 265
328 3395 329
729 3395 387
2248 3395 311
2411 3396 196
2183 3397 264
664 3398 239
993 3398 148
12 3399 159
1170 3400 138
1949 3400 225
2867 3400 845
1580 3401 248
1636 3401 132
2537 3401 129
46 3402 318
934 3402 340
972 3402 646
2144 3402 258
904 3403 693
2146 3403 112
2682 3403 222
1582 3404 112
1709 3404 915
514 3405 208
2439 3405 342
1154 3406 218
83 3407 863
849 3407 940
2616 3407 147
1117 3408 236
462 3409 283
2754 3409 178
1002 3410 109
1099 3410 160
1222 3410 190
1747 3410 296
3115 3410 287
1028 3411 296
1168 3412 295
3232 3412 160
3263 3412 153
236 3413 168
2802 3414 146
2337 3415 748
128 3416 199
1712 3416 206
3408 3417 133
1167 3418 133
1233 3418 123
1696 3418 165
1574 3419 636
3343 3419 154
366 3420 140
3011 3420 171
593 3421 191
2532 3421 341
1210 3422 291
2417 3422 369
1281 3423 140
619 3424 205
766 3424 234
1405 3424 804
100 3425 172
503 3425 204
623 3425 618
479 3426 303
2118 3426 868
3284 3426 252
70 3427 273
272 3427 254
784 3427 184
3110 3427 163
3274 3427 909
1446 3428 740
2487 3428 142
2846 3428 235
508 3429 211
1610 3429 839
2087 3429 228
2484 3429 146
387 3430 336
778 3430 905
2660 3430 171
1417 3431 196
2428 3431 211
417 3432 660
991 3432 134
1178 3432 167
3144 3432 161
3072 3433 223
1365 3434 326
199 3435 237
1745 3436 640
2642 3436 315
1616 3437 256
992 3438 114
2268 3438 252
3154 3438 194
768 3439 201
2937 3439 317
2398 3440 315
2809 3440 325
3103 3440 195
632 3441 104
954 3441 214
365 3442 301
3012 3442 234
2878 3443 265
1406 3444 216
1318 3445 426
2138 3446 286
2667 3447 226
2013 3448 320
2703 3448 262
2928 3448 110
2052 3449 163
2033 3450 155
3080 3451 899
1395 3452 282
2827 3452 227
3344 3452 255
358 3453 228
2187 3453 177
2739 3453 153
2908 3453 171
3227 3454 920
12 3455 989
173 3456 267
2978 3456 359
128 3457 179
3105 3457 255
1351 3458 347
2942 3458 179
2999 3458 180
3358 3458 320
1201 3459 272
2240 3460 244
2218 3461 250
2563 3461 255
2829 3462 271
3411 3462 198
1653 3463 308
2696 3464 171
857 3465 239
2005 3465 147
1728 3466 257
590 3467 753
1564 3468 303
1658 3468 328
2913 3469 183
2586 3470 151
110 3471 272
1579 3471 212
2632 3471 908
2745 3471 225
71 3472 220
1385 3472 302
54 3473 202
197 3473 121
716 3473 516
615 3474 298
1781 3475 223
1861 3476 165
1939 3476 725
2979 3476 335
3129 3477 265
1096 3478 201
2855 3478 234
656 3479 235
1906 3479 262
1977 3479 363
3334 3479 194
230 3480 327
374 3480 188
2598 3481 169
3404 3481 140
2550 3482 235
1501 3483 229
2286 3483 534
428 3484 337
1711 3484 211
2330 3485 196
2154 3486 743
1159 3487 210
1694 3487 100
2076 3487 714
2187 3487 114
3386 3487 306
1009 3488 115
3346 3488 240
2930 3489 171
1027 3490 327
1400 3490 129
376 3491 211
1903 3492 764
2302 3492 156
2558 3492 119
1295 3493 185
521 3494 136
1738 3495 147
2273 3495 255
2380 3495 290
2828 3495 163
2091 3496 153
813 3497 209
321 3498 219
701 3498 242
1258 3498 164
2246 3498 146
827 3499 756
2447 3500 304
