1
0
1
1
1000000
0
0
0
0
1
7 12 141
3 13 118
9 19 909
32 37 122
2 42 297
6 42 110
13 44 153
35 45 247
4 49 183
22 49 175
5 58 197
51 63 114
57 68 157
51 69 199
60 73 377
69 76 138
7 78 267
77 78 168
58 79 194
50 80 199
15 81 150
25 83 239
37 84 120
21 86 224
16 87 300
53 87 188
4 89 229
17 90 163
85 92 204
56 93 268
65 96 204
66 97 171
59 99 349
77 99 125
17 103 124
4 104 104
25 104 161
5 107 149
59 107 228
60 107 300
87 107 127
20 108 365
85 108 201
90 108 279
92 109 118
85 110 277
109 110 330
80 111 206
7 112 206
77 112 234
80 114 108
74 115 274
101 116 140
60 117 122
72 117 183
87 117 159
45 119 298
89 119 250
100 119 204
104 119 189
114 120 149
110 121 339
10 122 183
107 123 272
122 123 205
41 124 270
99 126 111
50 127 268
52 127 275
41 131 249
21 132 228
31 132 117
47 132 364
88 132 167
49 133 122
130 134 191
3 136 210
31 136 290
49 137 211
104 137 332
13 138 185
20 138 161
36 138 279
86 138 160
69 139 184
51 140 143
105 140 193
16 141 229
21 141 270
26 141 102
5 142 181
60 142 216
72 142 310
45 143 254
100 143 231
54 144 198
79 144 158
87 144 169
141 144 174
74 145 952
63 146 122
40 147 121
16 149 165
46 149 239
16 150 225
55 150 257
113 152 148
14 153 352
21 153 254
47 153 312
85 154 162
140 154 254
147 155 269
61 156 228
98 156 152
4 157 162
25 157 183
36 158 250
103 158 257
109 158 222
28 160 126
91 160 641
49 161 252
157 161 149
98 162 187
60 163 302
12 164 921
75 164 777
143 165 266
120 166 135
120 167 523
91 168 199
4 169 150
133 169 243
109 170 226
1 171 213
68 171 166
63 172 172
109 172 203
12 173 335
75 173 160
17 174 210
95 174 111
110 174 214
77 175 288
50 176 359
114 176 187
165 176 227
166 176 891
42 178 267
171 178 841
173 178 302
24 180 173
37 180 225
90 180 272
63 181 269
77 181 207
48 182 711
154 182 162
15 183 243
82 183 143
46 184 299
89 187 374
169 187 224
2 188 331
29 188 296
40 189 677
106 189 218
51 190 152
53 190 147
92 190 155
170 191 212
172 191 527
181 191 297
86 193 112
101 193 233
81 194 122
78 195 246
177 195 132
125 196 252
94 197 180
85 198 334
90 198 185
140 198 202
174 198 285
190 198 879
86 199 175
153 199 141
1 200 243
178 200 293
177 201 171
103 202 658
11 203 187
45 204 262
89 204 713
164 205 265
59 206 203
60 206 274
136 207 335
9 208 162
54 208 258
185 208 121
68 209 251
112 209 823
175 209 168
54 210 121
87 210 836
150 210 161
84 211 283
116 211 193
101 212 647
101 213 337
185 213 155
2 215 141
26 215 258
27 215 239
34 215 225
39 215 229
9 216 142
86 216 162
141 216 161
179 216 171
146 217 194
181 217 332
78 218 243
177 218 214
205 218 224
145 219 100
66 220 186
145 220 722
59 221 394
87 221 219
91 222 196
186 222 206
194 223 264
96 224 203
188 224 239
38 225 769
150 226 156
64 227 106
102 227 231
113 227 165
213 227 150
155 228 167
156 228 358
118 229 154
33 230 181
220 230 268
8 231 185
66 232 196
51 233 171
53 233 356
107 233 129
163 233 176
16 234 285
29 234 315
46 234 294
88 234 209
226 234 120
23 235 210
26 235 320
29 235 239
16 236 177
21 236 261
32 236 113
53 236 215
88 236 221
160 236 132
72 237 196
149 237 281
99 238 244
112 238 140
206 238 321
41 239 260
128 239 733
44 240 251
139 240 137
11 241 155
6 242 110
117 242 255
206 242 238
221 242 344
32 243 214
88 243 834
192 243 202
102 244 915
113 244 104
186 245 117
2 246 249
6 246 165
16 246 157
26 246 219
29 246 161
221 246 311
13 247 176
136 247 200
197 248 175
130 249 120
101 250 158
233 250 303
44 252 324
92 252 152
138 252 331
193 252 404
151 253 236
200 253 115
100 254 316
166 254 180
22 255 165
67 255 370
133 255 303
135 255 250
27 256 130
39 256 140
147 256 119
170 256 430
134 257 230
175 257 335
249 257 130
83 258 276
100 258 794
104 258 222
203 258 691
133 259 241
187 259 230
31 260 132
138 260 669
247 260 927
37 261 124
103 261 619
151 261 267
114 262 127
5 263 227
72 263 247
79 263 160
87 263 126
149 263 133
39 264 181
98 264 358
147 264 172
228 264 282
231 266 157
101 267 244
182 267 297
240 267 318
252 267 368
120 268 236
131 268 163
159 268 211
254 268 140
262 268 127
22 269 279
67 269 528
161 269 227
222 269 392
35 270 198
204 270 294
34 271 115
39 271 239
50 271 244
78 272 282
167 272 354
38 273 191
71 273 104
77 274 254
256 274 115
1 275 218
61 275 360
98 275 192
191 276 294
43 277 230
51 277 237
92 277 371
139 277 127
154 277 269
172 277 830
250 277 297
267 277 324
30 278 878
118 278 224
124 278 205
65 279 194
224 279 231
57 281 192
209 281 224
40 282 290
162 282 142
264 282 177
271 282 177
27 283 118
99 283 147
102 283 219
201 284 187
58 285 107
107 285 202
144 285 143
213 285 393
250 285 274
11 286 915
173 286 207
31 287 247
56 287 130
129 287 324
158 287 169
86 288 332
132 288 175
260 288 226
82 289 109
207 289 284
225 289 759
266 289 305
105 290 389
180 290 233
198 290 164
61 291 117
223 291 204
228 291 283
24 292 356
90 292 273
17 293 233
180 293 235
261 293 342
41 294 232
189 295 158
249 295 112
67 296 221
135 296 415
222 296 259
20 297 185
36 297 284
121 297 184
112 298 114
181 298 280
273 298 163
106 299 337
130 299 933
155 299 287
43 300 923
48 300 114
154 300 130
251 300 883
131 301 226
245 301 139
272 301 882
294 301 315
40 302 184
80 302 230
256 302 145
271 302 284
30 303 198
124 303 324
245 303 168
294 303 250
93 304 188
162 304 269
271 304 262
233 305 194
265 305 165
32 306 120
192 306 191
153 307 804
236 307 157
306 307 369
196 308 139
219 308 154
305 308 245
113 309 168
213 309 255
280 309 150
80 310 592
127 310 250
124 311 250
131 311 123
159 311 185
245 311 213
63 312 225
140 312 279
174 312 342
228 313 912
282 313 171
35 314 309
119 314 127
137 314 121
159 314 876
254 314 152
67 315 202
133 315 167
161 315 208
14 316 196
21 316 231
53 316 138
92 316 153
144 316 175
193 316 226
248 316 233
250 316 900
39 317 241
50 317 189
166 317 275
286 317 113
120 318 266
131 318 225
272 318 142
131 319 167
239 319 440
262 319 252
62 320 201
83 321 195
203 321 136
43 322 148
76 322 190
139 322 159
240 323 217
322 323 252
3 324 193
207 324 686
80 325 183
120 325 697
256 325 312
317 325 305
111 326 211
128 326 148
284 326 249
43 327 188
250 327 196
320 327 263
39 328 139
56 328 224
98 328 241
304 328 250
2 329 231
39 329 228
178 329 138
202 329 105
274 329 101
286 329 370
173 330 262
321 330 148
118 331 277
10 332 218
54 332 641
185 332 314
285 332 185
2 333 176
27 333 150
99 333 287
221 333 117
274 333 204
24 334 162
151 334 205
293 334 840
278 335 194
311 335 120
331 335 208
70 336 223
186 336 206
269 336 230
10 337 340
123 337 144
152 337 328
285 337 211
309 337 159
327 337 276
9 338 109
54 338 166
141 338 256
150 338 865
127 339 169
317 339 240
55 340 247
226 340 287
28 341 674
45 341 177
57 342 158
155 342 250
291 342 286
75 343 137
241 343 114
126 344 273
152 344 306
244 344 326
283 344 128
51 345 137
105 345 682
163 345 173
59 346 276
152 346 126
227 346 224
283 346 243
285 346 158
19 347 162
226 347 161
338 347 300
10 348 222
185 348 218
309 348 172
68 349 252
147 349 226
175 349 247
274 349 210
342 349 144
178 350 202
202 350 323
253 350 299
261 350 270
137 351 356
254 351 315
258 351 235
77 352 261
126 352 263
195 352 188
217 352 152
257 352 353
6 353 189
29 353 263
12 354 204
78 354 153
167 354 228
205 354 165
274 354 287
286 354 219
325 354 221
69 355 198
345 355 134
191 356 290
217 356 246
223 357 349
49 358 639
89 358 339
259 358 857
270 358 209
314 358 312
156 359 374
162 359 196
313 359 516
111 360 925
114 360 170
128 360 305
318 360 296
319 360 202
47 361 201
199 361 180
288 361 317
94 362 119
116 362 375
105 363 139
312 363 163
43 364 140
51 364 278
76 364 231
146 364 260
56 365 244
202 365 197
253 365 131
43 366 271
146 366 186
172 366 126
214 366 257
251 366 370
356 366 318
3 367 238
44 367 252
92 367 279
139 367 181
32 368 292
53 368 234
117 368 172
163 368 245
355 369 333
212 370 149
320 370 105
166 371 201
167 371 301
203 371 582
286 371 364
330 371 159
351 371 147
244 372 189
295 372 631
326 372 258
12 373 180
68 373 818
112 373 269
178 373 196
274 373 206
170 374 151
181 374 181
202 374 284
274 374 261
248 375 142
341 375 203
8 376 205
168 376 257
57 377 122
171 377 174
291 377 105
102 378 399
111 378 287
189 378 116
276 378 268
302 378 198
372 378 101
140 379 225
300 379 168
364 379 327
207 380 262
148 381 218
255 381 125
259 381 278
70 382 436
186 382 198
301 382 195
50 383 145
52 383 263
165 383 116
304 383 202
35 384 184
143 384 207
176 384 117
254 384 244
262 384 203
110 385 126
154 385 173
172 385 192
251 385 202
312 385 196
7 386 214
272 386 217
382 386 118
195 387 132
201 387 151
326 387 265
70 388 256
83 388 291
330 388 226
351 388 266
132 389 302
141 389 347
184 389 257
234 389 174
235 389 191
347 389 220
31 390 246
108 390 170
129 390 205
292 390 183
261 391 145
179 392 175
184 392 316
63 393 127
298 393 158
345 393 259
363 393 378
391 393 159
196 394 130
170 395 101
276 395 263
302 395 982
37 396 921
190 396 332
290 396 218
345 396 128
368 396 131
369 396 328
391 396 139
82 397 230
184 397 496
225 397 229
28 398 288
36 398 291
93 398 355
271 398 239
395 398 108
195 399 215
272 399 253
294 399 242
75 400 193
205 400 330
230 400 135
241 400 164
286 400 922
339 400 103
306 401 319
368 401 210
18 402 205
71 402 351
6 403 864
16 403 205
32 403 317
55 403 281
117 403 267
237 403 110
163 404 397
401 404 173
58 405 252
213 405 137
280 405 251
58 406 319
280 406 578
337 406 326
249 407 177
344 407 230
352 407 313
356 407 282
372 407 259
387 407 119
171 408 156
264 408 146
275 408 142
291 408 251
329 408 742
349 408 231
46 409 260
237 409 285
148 410 589
270 410 199
331 410 139
134 411 154
175 411 160
281 411 219
299 411 230
342 411 125
201 412 261
218 412 322
12 413 370
70 413 130
167 413 198
330 413 138
386 413 102
37 414 151
324 414 295
369 414 244
380 414 211
121 415 304
182 415 210
385 415 237
55 416 128
73 416 149
117 416 108
210 416 199
95 417 214
289 417 124
35 418 132
159 418 315
262 418 149
410 418 319
11 419 101
173 419 206
200 419 159
321 419 352
343 419 303
14 420 375
53 420 337
307 420 302
401 420 320
224 421 186
323 421 233
37 422 138
90 422 937
103 422 152
190 422 211
236 422 283
324 422 127
22 423 138
159 423 384
335 423 268
358 423 138
381 423 141
410 423 263
3 424 215
21 424 186
31 424 136
92 424 178
108 424 216
138 424 712
158 424 267
422 424 287
63 425 123
103 425 268
109 425 164
174 425 180
190 425 247
374 425 283
391 425 112
52 426 548
241 426 212
339 426 304
14 427 261
212 427 269
250 427 889
320 427 240
111 428 307
284 428 158
310 428 654
412 428 186
42 429 192
188 429 346
200 429 115
353 429 340
20 430 241
85 430 202
121 430 756
182 430 125
252 430 309
64 431 200
144 431 121
193 431 216
208 431 213
213 431 173
216 431 243
157 432 140
169 432 135
315 432 161
73 433 209
107 433 162
122 433 241
210 433 107
332 433 138
135 434 491
335 434 187
381 434 196
357 435 262
62 436 223
233 436 286
404 436 109
420 436 173
427 436 217
17 437 132
108 437 281
110 437 171
129 437 297
158 437 249
297 437 151
48 438 325
214 438 135
251 438 295
415 438 112
11 439 205
188 439 189
200 439 843
275 439 167
328 439 156
329 439 351
365 439 121
24 440 235
37 440 246
151 440 182
243 440 196
380 440 156
147 441 107
175 441 291
189 441 292
249 441 313
299 441 855
36 442 323
109 442 289
121 442 903
252 442 308
395 442 210
18 443 278
91 443 361
433 443 170
435 443 115
305 444 152
36 445 884
93 445 132
260 445 500
287 445 315
19 446 152
23 446 265
216 446 317
288 446 203
389 446 219
392 446 184
187 447 205
204 447 288
311 448 237
319 448 134
331 448 297
418 448 238
27 449 112
34 449 867
64 449 637
102 449 196
302 449 117
129 450 215
297 450 326
445 450 115
74 451 583
234 452 366
243 452 782
340 452 207
353 452 300
403 452 301
409 452 250
78 453 289
111 453 858
318 453 378
325 453 128
387 453 279
412 453 268
1 454 228
61 454 117
377 454 244
40 455 244
106 455 176
155 455 347
313 455 238
11 456 150
317 456 149
328 456 113
383 456 229
426 456 201
103 457 189
151 457 186
287 457 121
365 457 288
79 458 175
141 458 785
149 458 167
179 458 178
184 458 348
273 458 166
174 459 766
290 459 120
293 459 291
363 459 210
391 459 158
100 460 931
165 460 244
166 460 667
203 460 117
456 460 101
106 461 228
130 461 339
295 461 111
14 462 242
193 462 125
199 462 112
212 462 170
17 463 214
129 463 374
292 463 183
334 463 884
457 463 219
22 464 266
30 464 255
135 464 910
222 464 250
245 464 199
335 464 271
225 465 151
451 465 131
69 466 363
190 466 106
324 466 234
367 466 273
369 466 212
298 467 250
350 467 513
373 467 235
374 467 250
391 467 104
43 468 316
48 468 191
214 468 157
267 468 126
323 468 167
205 469 270
310 469 107
325 469 279
339 469 274
412 469 350
188 470 328
215 470 289
235 470 262
328 470 247
20 471 164
260 471 148
390 471 254
450 471 161
30 472 118
71 472 203
135 472 206
101 473 333
248 473 229
309 473 155
327 473 275
370 473 310
468 473 643
41 474 249
128 474 730
318 474 837
387 474 184
399 474 148
23 475 233
34 475 110
304 475 383
470 475 254
59 476 153
123 476 263
126 476 205
152 476 233
146 477 172
251 477 237
312 477 965
379 477 539
172 478 243
214 478 593
267 478 346
276 478 183
415 478 180
442 478 112
25 479 722
137 479 360
161 479 338
336 479 164
388 479 413
451 480 103
26 481 334
27 481 137
64 481 289
144 481 168
221 481 299
346 481 286
77 482 269
191 482 563
256 482 159
283 482 284
378 482 204
407 482 247
441 482 193
453 482 143
7 483 194
164 483 183
218 483 209
79 484 168
179 484 174
405 484 291
431 484 202
5 485 115
123 485 187
406 485 257
23 486 142
26 486 247
34 486 287
64 486 199
216 486 115
39 487 202
56 487 760
158 487 210
170 487 194
202 487 250
398 487 203
148 488 200
229 488 258
331 488 250
434 488 220
145 489 307
148 489 231
259 489 111
270 489 148
447 489 254
230 490 234
31 491 324
88 491 143
207 491 241
292 491 469
422 491 241
440 491 257
457 491 122
214 492 192
276 492 444
356 492 196
372 492 236
84 493 225
95 493 132
298 493 198
42 494 330
238 494 174
242 494 264
333 494 233
373 494 196
22 495 222
137 495 118
159 495 158
245 495 544
336 495 201
70 496 180
167 496 929
268 496 165
301 496 273
351 496 227
495 496 109
118 497 336
124 497 179
239 497 221
448 497 252
229 498 751
278 498 178
434 498 166
472 498 127
62 499 170
123 499 257
233 499 242
327 499 283
364 499 621
47 500 226
88 500 224
192 500 187
307 500 197
