1
0
1
1
1000000
0
0
0
0
1
1 28 108
4 41 521
45 48 481
28 58 124
57 60 718
2 62 183
16 66 146
25 72 159
11 73 168
52 73 186
8 76 178
7 79 504
74 80 566
45 82 557
51 86 412
80 86 567
20 93 785
7 94 578
92 94 682
28 95 904
62 97 671
2 99 925
97 99 161
14 100 279
65 104 601
57 107 831
7 119 420
77 124 233
10 125 123
9 126 333
62 128 133
86 130 431
39 131 242
46 132 988
83 134 166
123 135 356
28 136 187
31 138 745
84 140 158
108 142 314
51 144 370
4 152 280
35 157 138
33 158 395
151 160 121
124 164 237
34 167 590
25 168 481
16 169 137
82 170 402
157 175 940
5 178 468
17 178 538
112 178 366
141 180 177
44 181 202
159 181 183
165 181 103
37 183 802
100 183 461
168 184 703
156 185 459
163 187 183
103 188 135
93 190 751
150 190 137
104 191 128
174 192 175
162 194 134
21 195 312
64 196 869
46 197 591
117 200 657
149 201 408
53 202 109
63 205 491
35 207 243
40 208 200
139 208 323
29 210 142
205 211 125
205 212 457
47 215 271
174 215 462
21 217 312
43 218 376
67 218 411
89 220 935
205 220 106
17 222 197
173 222 516
213 223 129
106 224 176
88 225 191
72 226 426
182 226 465
188 228 928
181 229 347
118 230 684
44 231 143
218 232 411
226 232 209
117 233 237
206 236 231
18 237 295
186 237 976
33 239 227
231 239 156
59 240 195
81 240 369
153 240 405
214 240 372
181 242 248
231 242 189
77 244 281
200 244 283
42 246 839
124 246 118
171 246 746
217 248 860
148 251 108
44 252 253
53 252 268
158 252 434
159 252 234
239 252 266
199 254 133
143 255 915
237 255 189
238 256 113
160 257 846
233 257 113
32 259 143
134 259 146
176 260 364
215 262 323
255 263 916
108 266 139
129 266 913
70 267 564
185 267 361
20 268 597
170 270 206
194 270 342
240 271 300
179 273 156
173 274 273
166 275 567
165 276 883
64 277 633
217 277 300
251 277 478
84 281 299
185 282 145
160 284 100
74 285 608
170 286 406
194 286 955
94 287 183
67 288 229
170 288 386
98 289 342
30 290 167
127 291 152
150 291 672
218 293 234
50 294 504
107 294 564
228 294 537
256 295 637
161 296 177
235 296 282
37 298 434
223 298 131
31 301 181
39 301 147
88 303 497
66 305 152
161 306 105
247 306 132
12 307 271
76 307 115
56 310 131
260 310 352
265 312 465
227 313 285
230 313 158
239 313 213
177 315 107
88 316 116
250 317 719
27 319 161
44 319 209
137 319 222
25 320 178
137 321 319
2 322 202
51 322 366
80 322 521
12 323 117
59 323 939
153 323 116
276 323 107
135 324 850
150 324 326
241 324 279
268 324 113
291 324 346
243 325 595
69 326 103
114 326 255
177 329 313
153 330 272
249 330 196
3 332 109
234 333 828
129 335 247
166 335 485
20 336 758
201 336 755
160 338 709
50 339 263
151 339 267
228 339 158
324 340 221
248 344 302
75 345 481
275 345 578
52 347 143
90 349 104
230 349 113
239 349 168
152 351 319
294 351 122
98 353 357
106 353 913
86 354 575
144 354 533
266 355 164
270 356 940
128 357 284
58 359 410
95 359 625
142 360 179
77 363 362
246 363 784
126 364 314
209 364 157
272 364 538
311 365 250
317 366 728
30 367 223
308 367 278
48 368 160
53 368 108
125 369 151
90 370 139
121 370 374
130 372 425
337 372 286
354 372 569
179 374 730
224 374 207
37 375 964
338 376 539
363 376 579
101 378 798
140 378 941
278 379 605
283 379 157
162 380 122
61 381 213
100 381 340
176 381 296
92 382 184
287 382 314
129 383 709
125 384 157
68 386 794
69 386 815
117 387 237
244 387 111
358 387 285
363 387 133
139 389 374
334 389 262
337 391 685
390 391 145
95 392 288
120 392 309
136 392 108
166 393 214
253 394 126
123 395 141
154 395 204
97 396 110
90 397 108
54 398 167
8 400 399
47 400 259
214 400 356
262 400 312
186 401 115
255 401 237
46 402 215
261 403 341
382 403 378
386 403 272
57 404 308
188 405 202
376 405 143
195 406 487
284 407 154
10 408 133
287 409 381
373 410 203
65 412 203
319 412 274
206 413 173
275 414 280
100 415 323
236 415 262
216 416 566
266 416 960
46 417 225
180 417 111
9 418 957
126 418 429
159 419 566
124 420 294
189 420 396
203 420 174
244 420 342
345 421 188
414 421 109
266 422 231
335 422 388
65 423 121
181 423 185
319 423 192
112 424 550
295 424 978
318 424 300
235 426 241
243 426 118
142 427 143
105 430 495
408 431 181
139 432 287
311 433 447
254 434 313
85 436 700
133 436 781
245 439 312
258 439 250
41 440 151
341 440 159
376 440 100
253 441 134
379 441 469
1 442 687
136 442 148
199 442 853
404 442 745
434 442 172
141 443 925
74 444 447
86 444 448
148 445 538
249 445 900
388 445 369
109 446 346
213 446 205
289 447 197
357 449 368
370 449 385
397 449 138
96 450 395
408 450 249
350 451 149
91 452 244
327 452 130
378 452 144
178 453 256
222 453 840
62 454 482
357 454 103
397 454 126
99 455 184
259 455 168
17 457 276
112 457 104
318 457 468
409 457 279
25 458 392
184 458 614
371 458 478
145 459 282
227 460 928
230 460 341
111 461 922
6 462 705
12 462 202
172 462 951
187 463 130
254 463 183
259 463 367
238 465 524
70 466 447
156 466 215
122 467 158
287 467 252
293 467 106
448 467 177
131 468 203
287 469 181
293 469 353
457 469 798
74 470 242
7 471 163
252 472 239
321 472 992
349 472 141
397 472 145
419 472 620
189 473 479
244 473 426
210 474 239
378 475 767
452 475 673
471 475 162
245 476 121
258 476 594
428 476 122
345 478 460
111 479 243
400 482 312
248 483 105
278 483 944
481 483 149
320 484 136
111 485 101
112 486 369
263 486 261
409 486 544
285 488 322
399 488 113
217 489 165
251 489 183
483 489 184
85 490 576
316 490 524
389 490 500
9 491 335
75 492 110
421 492 183
425 492 214
16 494 133
89 494 251
173 495 615
453 495 939
414 496 227
320 497 220
458 497 235
10 498 122
427 498 138
35 499 149
297 499 257
352 499 384
406 499 262
128 500 220
408 500 101
498 500 131
265 501 161
388 501 150
430 501 377
432 501 239
269 502 217
352 502 462
406 502 270
414 503 414
492 503 115
129 504 327
166 504 270
414 504 161
24 505 168
447 505 176
85 506 133
146 506 318
225 506 226
192 507 742
215 507 295
312 507 209
82 508 177
218 508 243
288 508 611
30 510 991
61 510 825
216 511 139
385 511 316
421 512 105
504 512 115
103 513 989
107 513 591
497 513 560
146 514 408
51 515 168
78 515 705
367 515 475
55 517 157
309 517 132
250 518 715
366 518 724
150 519 650
324 519 324
340 519 545
516 519 406
71 520 146
165 521 332
242 521 111
323 521 521
342 521 698
37 522 936
195 522 694
344 522 738
79 523 737
94 523 811
133 523 826
409 523 246
521 524 797
261 525 160
349 525 348
419 525 442
460 525 112
78 526 789
167 528 412
412 528 270
233 529 134
14 530 385
206 530 398
220 530 369
415 530 429
494 530 353
499 531 189
157 533 767
397 533 984
419 533 152
276 534 404
432 534 141
148 536 594
388 536 109
151 537 270
261 537 307
386 537 239
460 537 259
425 538 166
473 538 205
145 540 238
367 540 288
477 540 304
11 541 126
347 541 400
136 542 283
404 542 142
59 543 234
214 543 576
276 543 248
172 544 180
270 544 114
288 544 132
89 545 138
110 545 101
197 546 826
284 546 108
417 546 460
202 547 976
329 547 129
368 547 961
92 548 752
229 548 636
523 548 880
321 549 819
396 549 927
48 550 285
202 550 139
411 551 597
459 551 201
196 552 832
211 552 916
277 552 233
302 552 342
222 553 251
274 553 845
508 553 180
24 555 254
112 556 161
312 556 315
469 557 110
8 558 244
38 558 241
482 558 278
495 559 643
110 560 166
446 560 102
118 561 744
155 562 146
503 562 308
505 562 582
465 564 741
538 564 530
22 565 212
171 565 701
338 565 960
27 566 146
390 566 152
446 566 220
90 567 395
230 567 482
125 568 137
128 568 622
408 568 148
18 569 206
255 569 999
16 570 454
137 570 725
412 570 227
109 571 470
319 571 358
566 571 344
115 572 101
52 573 290
235 573 335
2 574 114
80 574 307
455 574 103
470 574 152
371 575 520
430 575 503
557 575 339
350 576 102
554 576 515
298 577 110
566 577 123
42 578 159
203 578 748
256 578 143
358 578 159
35 579 154
159 579 134
423 579 136
64 580 148
183 581 538
375 581 699
461 581 263
238 582 804
564 582 354
383 583 265
393 583 218
496 583 373
504 583 161
32 584 134
399 584 143
455 584 160
470 584 724
40 585 653
312 585 198
160 586 105
188 586 781
339 586 250
376 586 586
429 586 781
126 587 406
372 587 463
290 589 333
477 589 404
225 590 524
303 590 892
172 591 180
162 592 217
249 592 218
400 593 277
449 593 337
248 594 301
277 594 529
580 594 614
328 595 178
48 596 120
177 596 261
368 596 281
550 596 405
380 597 895
390 598 438
577 598 720
308 599 229
38 600 203
97 600 222
6 601 142
12 601 920
59 601 990
63 601 547
76 601 395
37 602 983
223 602 417
526 602 866
310 603 186
195 604 507
217 604 163
344 604 551
499 604 282
531 604 929
50 605 357
440 605 206
586 605 478
125 606 930
128 606 190
498 606 101
23 607 680
237 607 562
316 607 629
288 608 829
387 609 626
473 609 251
297 610 141
342 610 153
98 612 124
351 612 257
105 613 292
295 613 314
318 613 382
578 613 111
7 614 126
287 614 268
168 615 668
377 615 561
4 618 245
405 618 199
84 619 120
91 619 155
382 620 457
409 620 523
529 620 367
548 620 110
104 621 228
195 621 678
269 621 366
406 621 419
531 621 346
223 622 390
602 622 807
13 623 117
289 623 113
505 623 151
612 623 203
131 624 108
157 624 134
207 624 240
321 624 109
397 624 155
300 625 237
29 626 116
323 626 339
462 626 660
63 627 768
196 627 701
290 627 149
580 627 937
76 628 153
118 628 606
231 628 274
349 628 158
617 628 118
73 629 356
165 630 250
281 630 673
297 630 597
342 630 114
531 630 164
48 631 508
177 631 368
202 631 362
315 631 711
329 631 681
596 631 629
6 632 628
76 632 755
118 632 168
254 632 808
325 633 417
32 634 159
199 634 292
399 634 168
561 634 139
207 635 289
464 635 198
103 636 110
293 636 549
371 636 310
405 636 178
497 636 679
557 636 130
132 637 390
401 638 904
438 638 442
569 638 332
582 639 745
585 639 156
278 640 509
479 640 268
68 641 846
307 641 109
403 641 278
211 642 162
302 642 365
572 642 118
5 643 130
208 643 429
316 643 504
57 644 308
294 644 789
612 644 555
261 645 310
300 645 147
473 646 475
478 646 406
564 646 216
337 647 890
587 647 266
13 648 348
121 648 151
155 648 206
505 648 146
53 649 143
177 649 325
315 649 140
550 649 469
20 650 105
149 650 780
527 650 240
357 651 269
369 651 336
427 651 212
456 651 189
482 651 274
593 651 239
606 651 175
290 652 214
367 652 270
477 652 285
580 652 158
599 652 221
15 653 129
123 653 898
178 653 441
406 654 439
108 655 207
296 655 257
42 656 140
557 656 130
613 656 916
451 657 145
384 658 590
456 658 102
606 658 889
179 659 137
289 659 578
260 660 252
385 660 387
370 661 239
447 661 356
456 661 141
593 661 191
660 662 180
142 664 311
216 664 375
498 664 262
314 666 108
350 666 126
590 666 974
264 667 151
530 667 440
46 668 481
475 668 113
212 669 505
290 669 117
510 669 485
38 670 475
482 670 264
606 670 166
315 671 156
130 672 313
279 672 132
444 672 331
118 673 779
231 673 111
313 673 168
647 673 470
23 674 651
389 674 575
548 674 787
100 675 380
176 675 336
236 675 319
581 675 457
233 676 167
625 676 201
151 677 249
284 677 228
300 677 302
362 677 243
33 678 255
83 678 219
99 678 215
322 678 793
77 679 138
200 679 140
429 679 252
555 679 103
13 680 289
179 680 112
289 680 329
353 680 636
60 681 477
228 681 297
623 681 932
644 681 549
209 682 158
70 683 784
267 683 219
299 683 103
273 684 215
357 684 273
369 684 208
450 684 296
568 684 195
40 685 904
192 685 923
8 686 483
89 686 146
205 686 306
543 686 110
601 686 134
147 688 822
346 688 451
539 688 268
83 689 923
99 689 879
259 689 726
600 689 957
617 689 342
58 690 148
187 690 185
162 691 151
597 691 119
61 692 228
110 692 856
687 693 149
17 694 919
430 694 379
432 694 241
6 695 117
536 696 409
657 696 133
45 697 175
67 698 224
68 698 644
103 698 104
293 698 480
250 699 699
366 699 708
94 700 556
119 700 398
133 700 571
12 701 442
211 701 697
276 701 511
686 701 867
374 702 685
434 702 325
456 702 152
659 702 142
183 703 524
381 703 404
479 703 265
602 703 705
385 704 500
663 704 369
182 706 196
232 706 401
274 706 214
31 707 800
216 707 286
257 708 162
284 708 178
300 708 252
471 708 190
676 708 216
14 709 208
206 709 221
260 709 339
675 709 310
34 710 562
138 710 423
60 711 667
68 711 136
307 711 387
462 711 859
632 711 894
24 712 206
113 712 136
492 712 181
562 712 969
90 713 174
239 713 110
167 714 211
311 714 213
110 715 485
660 715 305
704 715 143
476 716 618
53 717 271
117 717 347
202 717 161
368 717 163
547 717 259
596 717 135
161 718 977
633 718 613
39 719 230
635 719 412
710 719 545
104 720 293
59 721 134
231 721 146
391 721 100
521 721 926
647 721 121
201 722 138
643 722 415
9 723 267
304 723 260
364 723 248
682 723 250
660 724 922
709 724 179
26 725 269
193 725 289
8 726 203
47 726 160
307 726 139
701 726 686
324 727 830
477 727 254
327 728 504
588 728 489
41 729 139
164 729 186
341 729 147
121 730 252
505 730 988
661 730 116
681 730 411
212 731 163
545 731 139
558 731 479
686 731 147
451 732 116
532 732 538
696 732 104
317 733 709
518 733 705
564 733 346
699 733 689
219 734 238
643 734 400
69 735 177
561 735 565
42 736 199
405 736 238
137 737 763
331 737 869
423 737 347
352 738 993
604 738 343
106 739 125
567 739 926
173 740 201
576 740 325
27 741 107
104 741 778
291 741 945
412 741 221
101 742 629
60 743 131
153 743 337
626 743 255
62 744 415
301 744 133
396 744 185
464 744 301
500 744 128
224 745 368
285 745 330
399 745 106
470 745 351
547 745 115
739 745 143
116 746 202
413 746 186
411 747 121
591 747 161
695 747 300
532 748 441
667 748 209
152 749 351
188 749 115
429 749 194
555 749 323
618 749 316
131 750 254
321 750 241
365 750 170
570 750 430
714 750 133
51 751 174
78 751 362
530 752 383
722 752 216
318 753 189
469 753 140
656 753 343
706 753 203
373 754 193
343 755 964
245 756 246
299 756 188
355 756 224
238 757 968
638 757 290
308 758 347
359 758 685
540 758 357
513 759 571
698 759 622
282 760 141
428 760 959
435 760 258
76 761 175
254 761 180
558 761 240
617 761 140
115 762 157
139 762 751
178 762 417
556 762 212
39 763 367
332 763 137
454 763 140
549 763 141
624 763 169
635 763 218
744 763 506
747 764 586
289 767 182
661 767 371
681 767 386
702 767 102
96 768 537
275 768 611
335 768 529
468 768 262
589 769 545
627 769 361
764 769 812
48 770 256
53 770 989
202 770 110
256 770 752
315 770 964
550 770 288
649 770 441
24 771 135
113 771 658
228 771 440
730 771 664
115 772 801
534 772 663
642 772 968
701 772 412
354 773 589
418 773 507
587 773 483
251 774 121
445 774 668
118 775 568
386 775 823
460 775 103
711 775 165
735 775 184
314 776 146
732 776 131
153 777 220
249 777 144
271 777 115
774 777 121
160 778 250
292 778 390
407 778 527
537 778 399
243 779 242
347 779 410
541 779 414
401 780 413
582 780 617
609 780 194
646 780 242
757 780 781
5 781 265
208 781 346
762 781 214
494 782 251
705 782 476
720 782 229
741 782 122
131 783 390
714 783 104
207 784 366
252 784 376
319 784 332
321 784 236
579 784 276
101 785 462
182 785 499
193 785 704
700 785 697
328 786 189
249 787 179
388 787 126
144 788 379
610 788 273
713 788 379
773 788 435
303 789 625
451 789 932
514 789 237
488 790 871
634 790 142
35 791 292
406 791 405
40 792 199
190 792 237
162 793 111
286 793 734
588 793 618
170 794 423
75 795 313
155 795 266
200 795 218
712 795 223
375 796 834
710 796 666
569 798 736
219 799 910
238 799 515
295 799 443
257 800 206
261 800 280
382 800 317
529 800 227
614 800 271
778 800 372
115 801 373
139 801 269
192 801 148
334 801 158
534 801 124
47 803 263
113 803 205
562 803 165
593 803 280
603 803 208
730 803 206
88 804 246
140 804 245
490 804 161
506 804 281
514 804 372
789 804 134
410 805 239
104 806 510
269 806 189
334 806 112
75 807 396
200 807 301
425 807 726
473 807 444
478 807 375
282 808 539
189 810 237
203 810 157
256 810 843
465 810 235
538 810 369
452 811 435
668 811 255
304 812 267
342 812 178
364 812 255
587 812 347
34 813 215
527 813 104
665 813 335
714 813 163
18 814 452
436 814 738
607 814 718
798 814 171
107 815 186
210 815 256
24 816 301
228 816 161
351 816 338
623 816 284
749 816 370
98 817 157
343 817 926
659 817 107
182 818 458
575 818 282
694 818 157
131 819 472
157 819 729
365 819 979
791 819 227
809 819 212
179 820 128
755 820 102
348 821 269
588 821 405
615 821 382
15 822 307
667 822 143
439 823 588
782 823 324
265 824 855
358 824 146
430 824 301
457 824 106
557 824 137
613 824 980
382 825 237
469 825 104
641 825 137
698 825 117
54 826 146
310 826 132
158 827 206
454 827 747
635 827 706
214 828 167
271 828 948
774 828 100
369 829 126
447 829 768
562 829 362
593 829 788
30 830 271
459 830 380
540 830 336
589 830 437
493 831 111
572 831 125
135 832 968
147 832 613
346 832 254
502 832 492
791 832 184
809 832 644
598 833 111
630 833 129
356 834 214
591 834 234
764 834 659
197 836 796
284 836 105
362 836 120
668 836 686
69 837 174
292 837 322
537 837 331
300 838 199
362 838 140
610 838 161
311 839 151
393 839 704
783 839 416
819 839 168
111 840 220
176 840 352
581 840 474
703 840 460
112 841 204
295 841 443
312 841 109
824 841 222
63 842 675
212 842 162
290 842 525
50 843 215
106 843 242
644 843 860
9 844 157
764 844 522
9 845 345
304 845 338
587 845 417
773 845 661
187 846 162
551 846 504
174 848 548
276 848 136
720 848 984
801 848 280
256 849 142
358 849 158
538 849 213
582 849 109
609 849 674
841 849 344
49 850 650
213 850 128
563 850 237
662 850 114
345 851 135
809 851 182
39 852 810
142 852 748
468 852 771
580 853 265
788 853 620
845 853 431
5 854 116
453 854 949
520 854 345
559 854 653
13 855 620
339 855 226
429 855 534
816 855 229
167 856 350
311 856 745
688 856 559
242 857 808
307 857 171
403 857 339
525 857 158
628 857 208
775 857 148
98 858 499
106 858 377
404 858 571
644 858 118
767 858 102
151 859 144
460 859 133
567 859 514
390 860 166
543 860 382
731 860 124
476 861 271
760 861 380
36 862 120
53 862 190
66 862 161
202 862 806
315 862 188
329 862 487
368 862 821
649 862 475
676 862 196
637 863 605
263 864 142
437 864 123
438 864 736
569 864 151
676 865 178
151 866 158
257 866 120
261 866 194
300 866 211
143 867 896
263 867 111
529 867 115
204 868 392
301 868 835
396 868 521
663 868 211
374 869 219
574 869 682
820 869 178
394 870 767
474 870 229
603 870 136
619 871 892
657 871 347
738 871 152
789 871 170
411 872 293
589 872 227
842 872 100
355 873 160
217 874 987
657 874 106
738 874 810
18 875 110
186 875 880
638 875 629
184 876 800
371 876 664
588 876 423
615 876 765
178 877 507
424 877 195
495 877 156
14 878 833
212 878 846
220 878 674
545 878 613
692 878 452
232 879 155
293 879 216
448 879 491
484 879 443
753 879 428
298 880 275
522 880 226
616 880 344
621 880 400
741 880 249
78 881 795
598 881 505
411 882 326
459 882 468
589 882 525
764 882 792
57 883 158
542 883 331
743 883 361
815 883 336
117 884 320
257 884 196
363 884 216
586 884 217
679 884 114
87 885 282
739 885 747
843 885 191
859 885 116
87 886 702
227 886 321
39 887 637
549 887 410
750 887 650
813 887 953
868 887 390
106 888 285
370 888 347
374 888 316
567 888 169
680 888 130
767 888 145
42 889 200
358 889 200
363 889 377
405 889 239
557 889 190
273 890 873
357 890 330
370 890 347
374 890 316
456 890 249
69 891 695
114 891 820
122 891 102
292 891 217
759 891 651
183 892 260
278 892 313
283 892 127
461 892 144
479 892 656
481 892 863
13 893 368
353 893 214
612 893 122
843 893 153
573 894 411
629 894 271
754 894 343
92 895 606
229 895 490
242 895 390
403 895 434
524 895 358
645 895 415
115 896 185
116 896 219
305 896 214
781 896 242
831 896 208
592 897 304
691 897 238
815 897 322
126 898 391
372 898 449
491 898 393
672 898 338
33 899 122
144 899 460
322 899 456
713 899 460
827 899 311
406 900 500
522 900 707
880 900 481
37 901 937
298 901 503
622 901 762
719 901 688
796 901 808
900 901 708
65 902 122
346 902 671
365 902 485
579 902 138
791 902 276
856 902 127
320 903 819
341 903 152
736 903 188
658 904 200
702 904 120
869 904 297
344 905 609
594 905 304
833 905 302
853 905 508
881 905 696
361 906 202
379 906 853
640 906 298
144 907 249
598 907 126
751 907 532
827 907 100
881 907 379
91 908 183
838 908 318
35 909 270
159 909 716
297 909 968
533 909 342
625 909 155
2 910 401
90 910 719
454 910 902
890 910 136
899 910 214
27 911 132
44 911 612
165 911 375
390 911 184
543 911 197
721 911 968
833 911 496
64 912 630
194 912 107
908 912 451
92 913 570
524 913 323
120 914 366
477 914 352
599 914 289
758 914 406
272 915 155
326 915 210
735 915 892
886 915 233
47 916 199
60 916 149
153 916 568
307 916 438
730 916 142
251 917 124
483 917 126
594 917 239
828 917 103
200 918 317
425 918 225
555 918 240
712 918 192
354 919 275
372 919 541
477 919 456
491 919 485
845 919 495
8 920 211
16 920 175
89 920 165
137 920 446
262 920 611
53 921 494
174 921 166
177 921 611
315 921 468
329 921 924
862 921 141
74 922 249
488 922 358
584 922 659
308 923 184
361 923 769
640 923 672
210 924 214
477 925 178
580 925 517
769 925 319
844 925 297
845 925 217
346 926 211
579 926 924
545 928 693
558 928 257
920 928 223
641 929 163
726 929 193
772 929 128
113 930 171
117 930 141
265 930 630
358 930 124
918 930 728
308 931 249
359 931 588
361 931 141
460 932 153
735 932 685
837 932 225
885 932 136
886 932 758
4 933 175
405 933 229
440 933 186
497 933 119
903 933 179
89 934 638
115 934 716
701 934 429
848 934 810
189 935 382
256 935 229
438 935 139
609 935 154
757 935 213
210 936 200
272 936 180
626 936 174
883 936 280
412 937 451
571 937 535
17 938 339
432 938 643
762 938 218
772 938 141
36 939 953
102 939 138
31 940 108
813 940 106
868 940 102
78 941 522
367 941 292
510 941 167
923 941 199
258 942 107
283 942 163
481 942 122
716 942 415
58 943 876
931 943 902
113 944 165
492 944 210
507 944 248
193 945 282
221 945 235
480 945 256
764 945 766
19 946 334
811 946 448
80 947 287
134 947 101
455 947 123
678 947 154
922 947 289
191 948 266
539 948 226
806 948 373
597 949 786
723 949 822
834 949 108
844 949 282
356 950 131
544 950 152
591 950 151
608 950 102
924 950 137
66 951 107
169 951 985
433 951 352
746 951 152
380 952 215
914 952 240
925 952 667
57 953 340
711 953 289
735 953 270
658 954 872
670 954 164
943 954 333
536 955 105
619 955 209
657 955 103
214 956 183
482 956 924
860 956 141
304 957 339
362 957 255
610 957 276
773 957 438
812 957 301
148 958 135
435 958 250
489 958 210
696 958 171
874 958 143
560 959 363
860 959 359
71 960 840
657 960 127
78 961 455
598 961 165
751 961 928
40 962 157
139 962 281
192 962 159
312 962 248
501 962 232
274 963 242
740 963 170
1 964 280
32 964 167
199 964 297
463 964 347
687 964 381
846 964 171
150 965 468
332 965 465
527 966 820
822 966 617
352 967 175
514 967 377
865 967 222
871 967 122
71 968 479
657 968 910
14 969 148
260 969 278
381 969 209
692 969 196
715 969 566
561 970 970
673 970 100
790 970 992
915 970 129
327 971 174
348 971 485
576 971 332
963 971 177
377 972 152
728 972 116
821 972 271
971 972 488
213 973 134
560 973 442
662 973 377
705 973 512
715 973 227
40 974 230
219 974 298
643 974 459
357 975 264
427 975 206
450 975 600
500 975 199
763 975 204
852 975 138
375 976 783
522 976 755
616 976 184
428 977 101
435 977 152
685 977 354
716 977 405
792 977 144
23 978 359
65 978 142
346 978 865
539 978 937
806 978 133
802 979 291
167 980 413
16 981 202
360 981 854
704 981 271
928 981 250
597 982 104
883 982 238
897 982 223
49 983 209
213 983 273
298 983 275
566 983 288
705 983 104
741 983 249
937 983 479
21 984 810
202 984 469
861 984 215
196 986 141
270 986 427
302 986 566
794 986 587
912 986 684
140 987 208
490 987 614
523 987 783
694 987 442
22 988 763
284 988 109
338 988 160
417 988 466
471 988 121
668 988 723
331 989 868
486 989 730
556 989 522
620 989 710
674 989 333
867 989 458
754 990 677
868 990 566
191 991 497
245 991 923
720 991 663
746 991 145
823 991 160
281 992 659
619 992 156
738 992 219
908 992 184
66 993 155
215 993 388
496 993 432
199 994 531
404 994 247
561 994 574
632 994 725
695 994 541
953 994 279
207 995 277
344 995 452
499 995 183
900 995 421
148 996 651
162 996 100
249 996 101
912 996 736
192 997 154
330 997 220
445 997 113
501 997 227
534 997 129
42 998 740
124 998 108
203 998 108
27 999 124
344 999 245
531 999 212
577 999 101
833 999 613
880 999 266
995 999 206
79 1000 439
529 1000 105
548 1000 583
676 1000 724
76 1001 775
240 1001 111
400 1001 296
661 1001 210
916 1001 236
32 1002 117
134 1002 121
279 1002 507
790 1002 100
922 1002 489
835 1003 102
280 1004 572
359 1004 103
91 1005 557
286 1005 715
327 1005 584
794 1005 732
912 1005 829
955 1005 791
836 1006 333
41 1007 154
77 1007 196
164 1007 201
376 1007 102
429 1007 832
618 1007 387
127 1008 498
493 1008 463
174 1009 126
489 1009 120
716 1009 454
774 1009 592
245 1010 680
583 1010 357
951 1010 153
993 1010 415
233 1011 993
387 1011 989
592 1012 403
787 1012 365
793 1012 298
876 1012 659
20 1013 110
653 1013 772
375 1014 759
602 1014 778
840 1014 533
120 1015 258
145 1015 178
477 1015 244
491 1015 273
844 1015 950
882 1015 364
79 1016 482
119 1016 398
133 1016 571
437 1016 255
320 1017 246
636 1017 705
656 1017 712
736 1017 131
879 1017 599
24 1018 114
648 1018 552
679 1018 370
795 1018 114
855 1018 416
167 1019 529
412 1019 388
750 1019 185
784 1019 445
902 1019 307
105 1020 512
182 1020 284
377 1020 461
575 1020 520
656 1020 311
544 1021 167
642 1021 150
986 1021 572
324 1022 856
72 1023 171
443 1023 218
637 1023 461
302 1024 677
794 1024 698
955 1024 757
968 1024 637
157 1025 441
809 1025 500
122 1026 100
443 1026 116
448 1026 119
484 1026 262
576 1027 197
972 1027 101
186 1028 105
832 1028 733
865 1028 123
973 1029 101
141 1030 217
1026 1030 125
302 1031 553
572 1031 267
874 1031 664
968 1031 513
326 1032 342
386 1032 157
895 1032 473
281 1033 279
297 1033 947
352 1033 820
625 1033 153
838 1033 114
992 1033 379
193 1034 256
221 1034 493
398 1034 494
653 1035 129
927 1035 121
324 1036 179
33 1037 187
313 1037 173
488 1037 935
947 1037 866
21 1038 159
183 1038 407
248 1038 105
415 1038 270
481 1038 612
522 1038 541
183 1039 422
248 1039 119
278 1039 130
2 1040 122
128 1040 254
658 1040 152
869 1040 201
890 1040 299
109 1041 593
204 1041 736
396 1041 396
464 1041 424
208 1042 248
685 1042 138
720 1042 682
801 1042 194
806 1042 148
896 1042 280
75 1043 457
96 1043 480
155 1043 410
175 1043 106
275 1043 555
503 1043 232
283 1044 398
360 1044 146
705 1044 191
1029 1044 500
990 1045 145
144 1046 153
515 1046 692
652 1046 487
853 1046 595
881 1046 782
919 1046 659
219 1047 143
314 1047 672
748 1047 452
19 1048 346
797 1048 360
979 1048 352
132 1049 197
402 1049 771
742 1049 158
1023 1049 268
558 1050 302
600 1050 264
617 1050 202
94 1051 640
378 1051 310
785 1051 781
818 1051 328
863 1051 635
913 1051 528
987 1051 613
422 1052 182
707 1052 190
852 1052 157
338 1053 147
467 1053 288
614 1053 304
778 1053 404
96 1054 400
155 1054 330
449 1054 388
684 1054 301
829 1054 219
56 1055 561
89 1055 140
221 1055 781
398 1055 783
826 1055 573
229 1056 357
234 1056 795
331 1056 326
334 1056 195
423 1056 195
674 1056 508
926 1056 151
978 1056 216
79 1057 493
237 1057 383
263 1057 286
379 1058 737
483 1058 107
828 1058 847
942 1058 803
1009 1058 433
725 1059 335
945 1059 174
146 1060 319
554 1060 512
118 1061 100
254 1061 286
259 1061 150
617 1061 430
634 1061 166
1 1062 613
58 1062 775
434 1062 245
463 1062 127
904 1062 638
954 1062 434
29 1063 745
67 1063 158
474 1063 171
436 1064 974
486 1064 228
490 1064 849
523 1064 101
607 1064 954
674 1064 925
1057 1064 775
3 1065 171
150 1065 154
324 1065 122
509 1065 134
1022 1065 130
1036 1065 123
116 1066 549
948 1066 247
991 1066 159
1042 1066 136
424 1067 170
436 1067 261
486 1067 484
798 1067 305
864 1067 807
797 1068 329
979 1068 321
671 1069 120
802 1069 174
487 1070 149
611 1070 150
861 1070 421
966 1070 208
123 1071 620
154 1071 125
196 1071 332
234 1071 244
413 1072 169
530 1072 393
831 1072 173
303 1073 424
871 1073 371
960 1073 552
286 1074 451
697 1074 284
281 1075 404
342 1075 383
524 1075 111
838 1075 458
908 1075 777
687 1076 118
702 1076 100
313 1077 212
488 1077 133
886 1077 249
970 1077 145
28 1078 167
279 1078 106
690 1078 191
846 1078 168
45 1079 433
105 1080 308
377 1080 256
748 1080 631
1027 1080 274
222 1081 229
642 1081 745
938 1081 119
1024 1081 297
301 1082 131
431 1082 653
500 1082 126
664 1082 209
707 1082 298
852 1082 646
340 1083 114
509 1083 104
516 1083 100
519 1083 600
966 1083 141
88 1084 116
269 1084 130
1073 1084 246
165 1085 646
229 1085 308
281 1085 106
334 1085 146
524 1085 177
534 1085 112
291 1086 323
519 1086 301
1025 1086 366
166 1087 435
345 1087 446
512 1087 153
187 1088 136
551 1088 239
830 1088 155
872 1088 542
762 1089 115
285 1090 639
354 1090 604
418 1090 522
444 1090 478
491 1090 910
898 1090 484
49 1091 268
191 1091 238
528 1091 115
616 1091 161
741 1091 667
823 1091 135
687 1092 584
1013 1092 138
1092 1093 125
337 1094 666
690 1094 194
305 1095 152
507 1095 366
585 1095 356
685 1095 200
993 1095 459
27 1096 524
104 1096 225
165 1096 167
334 1096 835
423 1096 839
531 1096 140
848 1096 464
262 1097 314
427 1097 252
593 1097 279
114 1098 284
180 1098 274
292 1098 150
407 1098 380
546 1098 116
116 1099 115
413 1099 100
831 1099 105
56 1100 408
394 1100 819
441 1100 896
603 1100 510
247 1101 142
595 1101 181
146 1102 183
350 1102 684
506 1102 135
554 1102 853
590 1102 391
789 1102 125
114 1103 370
474 1103 391
637 1103 518
312 1104 815
425 1104 124
639 1104 395
849 1104 628
930 1104 281
944 1104 120
199 1105 248
411 1105 405
695 1105 132
846 1105 150
164 1106 166
246 1106 470
341 1106 126
376 1106 676
565 1106 109
736 1106 163
195 1107 457
269 1107 228
502 1107 240
738 1107 293
765 1107 306
1073 1107 178
88 1108 279
186 1108 231
303 1108 229
514 1108 404
269 1109 232
281 1109 115
315 1109 183
334 1109 154
352 1109 610
531 1109 212
738 1109 382
14 1110 106
494 1110 745
545 1110 384
705 1110 300
715 1110 146
724 1110 763
981 1110 142
8 1111 345
44 1111 149
137 1111 581
472 1111 162
628 1111 319
1050 1111 404
132 1112 177
197 1112 199
209 1112 308
1006 1112 132
1103 1112 305
50 1113 248
151 1113 252
837 1113 313
885 1113 224
227 1114 292
242 1114 253
673 1114 174
775 1114 962
915 1114 203
1032 1114 336
209 1115 497
362 1115 101
812 1115 148
1006 1115 523
1075 1115 743
402 1116 162
1049 1116 858
245 1117 133
428 1117 560
685 1117 455
1066 1117 430
147 1118 140
809 1118 139
839 1118 116
297 1119 825
788 1119 214
833 1119 701
905 1119 232
907 1119 844
995 1119 748
189 1120 398
465 1120 184
646 1120 393
757 1120 229
350 1121 457
495 1121 174
740 1121 239
137 1122 624
549 1122 223
571 1122 426
928 1122 401
1050 1122 447
33 1123 203
83 1123 168
231 1123 132
391 1123 465
617 1123 417
159 1124 152
229 1124 316
625 1124 101
645 1124 242
926 1124 110
1000 1124 263
7 1125 432
180 1125 306
407 1125 412
988 1125 148
1053 1125 250
139 1126 389
178 1126 102
490 1126 515
643 1126 495
694 1126 343
19 1127 299
102 1127 200
797 1127 313
327 1128 670
451 1128 129
576 1128 829
955 1128 877
760 1129 111
765 1129 133
984 1129 531
79 1130 175
471 1130 165
676 1130 191
1011 1130 122
146 1131 315
225 1131 223
590 1131 171
875 1131 168
1108 1131 311
82 1132 943
286 1132 984
327 1132 322
348 1132 691
588 1132 175
697 1132 638
811 1132 308
65 1133 393
66 1133 516
365 1133 565
433 1133 762
570 1133 824
737 1133 862
786 1134 910
49 1135 170
662 1135 349
705 1135 484
724 1135 260
823 1135 332
114 1136 205
122 1136 206
180 1136 194
443 1136 109
637 1136 352
439 1137 408
782 1137 249
942 1137 265
1044 1137 499
61 1138 237
526 1138 588
640 1138 190
703 1138 428
941 1138 322
1039 1138 325
449 1139 354
1065 1139 305
10 1140 105
108 1140 129
369 1140 133
427 1140 449
450 1140 221
23 1141 401
208 1141 275
316 1141 350
389 1141 325
806 1141 175
1084 1141 116
65 1142 810
191 1142 815
433 1142 287
528 1142 147
539 1142 324
856 1142 857
120 1143 233
597 1143 202
844 1143 706
952 1143 107
84 1144 146
389 1144 399
432 1144 312
548 1144 610
913 1144 429
987 1144 513
1085 1144 283
288 1145 851
553 1145 420
794 1145 413
1021 1145 120
1081 1145 442
71 1146 377
781 1146 907
831 1146 572
854 1146 576
79 1147 251
263 1147 436
409 1147 239
437 1147 248
529 1147 824
614 1147 126
1011 1147 471
96 1148 257
503 1148 970
829 1148 768
1097 1148 123
1140 1148 838
38 1149 212
163 1149 181
463 1149 214
689 1149 105
761 1149 211
954 1149 432
175 1150 249
275 1150 199
393 1150 154
468 1150 149
496 1150 309
819 1150 822
851 1150 243
462 1151 945
591 1151 944
695 1151 370
924 1151 800
936 1151 987
953 1151 109
416 1152 115
422 1152 251
431 1152 182
707 1152 877
1101 1153 160
577 1154 199
635 1154 316
901 1154 592
907 1154 145
995 1154 305
43 1155 269
67 1155 304
474 1155 262
608 1155 157
759 1155 141
924 1155 192
22 1156 604
402 1156 297
668 1156 563
742 1156 512
198 1157 100
535 1157 127
1004 1157 641
181 1158 172
419 1158 298
726 1158 381
737 1158 705
857 1158 412
1111 1158 523
269 1159 271
765 1159 115
948 1159 119
84 1160 175
619 1160 557
676 1160 222
967 1160 267
1033 1160 173
379 1161 192
956 1161 220
1044 1161 433
157 1162 842
321 1162 158
365 1162 162
419 1162 530
579 1162 245
737 1162 459
1153 1163 274
22 1164 101
119 1164 111
171 1164 526
471 1164 146
62 1165 737
322 1165 274
464 1165 198
751 1165 821
827 1165 129
60 1166 414
68 1166 389
103 1166 784
107 1166 386
228 1166 360
348 1167 959
697 1167 905
1079 1167 296
1116 1167 216
12 1168 662
63 1168 103
172 1168 181
196 1168 969
211 1168 180
1021 1168 168
91 1169 384
475 1169 138
708 1169 166
836 1169 941
838 1169 113
1160 1169 173
338 1170 959
417 1170 508
440 1170 142
478 1171 120
639 1171 973
780 1171 430
851 1171 203
921 1172 594
1079 1172 109
863 1173 605
913 1173 497
1006 1173 345
1063 1173 298
1103 1173 517
433 1174 554
539 1174 234
443 1175 128
448 1175 209
700 1175 318
135 1176 109
333 1176 701
493 1176 708
873 1176 941
105 1177 355
182 1177 127
694 1177 239
360 1178 224
511 1178 128
664 1178 766
704 1178 549
1029 1178 128
466 1179 908
766 1179 905
808 1179 592
29 1180 569
323 1180 258
330 1180 131
524 1180 105
534 1180 408
122 1181 207
180 1181 340
292 1181 323
1030 1181 233
1053 1181 337
1170 1181 943
58 1182 179
136 1182 242
434 1182 774
1094 1182 226
309 1183 182
441 1183 104
480 1183 111
769 1183 412
172 1184 190
196 1184 105
270 1184 123
769 1184 397
834 1184 244
560 1185 103
906 1185 154
1029 1185 329
1161 1185 262
174 1186 259
214 1186 259
262 1186 174
1058 1186 176
1137 1186 361
1161 1186 295
283 1187 238
479 1187 110
485 1187 235
906 1187 166
1029 1187 341
25 1188 433
226 1188 231
371 1188 520
615 1188 621
1017 1188 280
1020 1188 520
37 1189 998
344 1189 800
526 1189 880
577 1189 453
881 1189 886
1039 1189 617
1154 1189 652
224 1190 247
309 1190 111
470 1190 472
755 1190 839
869 1190 362
184 1191 673
897 1191 433
1012 1191 532
21 1192 680
415 1192 178
1072 1192 142
163 1193 524
690 1193 546
943 1193 597
959 1193 183
91 1194 238
286 1194 111
811 1194 429
836 1194 106
1006 1194 727
303 1195 134
451 1195 164
520 1195 776
666 1195 142
776 1195 180
960 1195 147
119 1196 128
171 1196 354
437 1196 146
614 1196 166
48 1197 199
177 1197 593
315 1197 102
547 1197 922
596 1197 320
717 1197 167
195 1198 552
654 1198 504
765 1198 401
976 1198 614
984 1198 321
133 1199 222
318 1199 125
409 1199 358
437 1199 938
1067 1199 298
1016 1200 151
1060 1200 207
1130 1200 154
1164 1200 135
46 1201 183
132 1201 847
697 1201 241
811 1201 486
1116 1201 368
280 1202 128
333 1202 175
388 1203 706
430 1203 297
532 1203 719
1080 1203 109
13 1204 213
121 1204 399
339 1204 377
681 1204 188
843 1204 329
859 1204 255
888 1204 372
359 1205 624
392 1205 287
914 1205 344
1182 1205 340
55 1206 213
309 1206 188
480 1206 116
605 1206 237
1059 1206 390
691 1207 164
793 1207 124
1074 1207 961
1191 1207 359
582 1208 377
585 1208 201
799 1208 113
841 1208 113
974 1208 942
421 1209 266
496 1209 384
639 1209 212
851 1209 319
944 1209 293
1095 1209 412
311 1210 239
688 1210 108
1118 1210 205
1174 1210 345
335 1211 217
383 1211 101
393 1211 538
468 1211 492
783 1211 250
1052 1211 121
448 1212 181
565 1212 488
1030 1212 187
1053 1212 292
1196 1212 154
253 1213 128
1183 1213 105
186 1214 163
514 1214 336
865 1214 182
939 1214 175
1057 1214 122
1130 1214 195
117 1215 283
609 1215 109
807 1215 832
1104 1215 113
1171 1215 171
263 1216 529
401 1216 120
438 1216 744
609 1216 598
1011 1216 961
1214 1216 168
29 1217 214
524 1217 263
1032 1217 378
1115 1217 144
1173 1217 437
26 1218 270
55 1218 159
1059 1218 337
84 1219 890
653 1219 159
1065 1219 141
1139 1219 172
273 1220 170
369 1220 164
384 1220 170
447 1220 114
456 1220 862
659 1220 152
192 1221 591
445 1221 183
958 1221 100
977 1221 220
1009 1221 108
35 1222 506
352 1222 606
625 1222 131
832 1222 576
865 1222 108
926 1222 110
1025 1222 432
326 1223 300
837 1223 220
886 1223 323
1098 1223 329
246 1224 136
387 1224 553
420 1224 175
578 1224 756
935 1224 161
287 1225 248
448 1225 173
700 1225 123
753 1225 816
1196 1225 146
1199 1225 225
101 1226 178
452 1226 314
554 1226 251
971 1226 166
360 1227 216
511 1227 119
131 1228 331
207 1228 463
719 1228 586
791 1228 512
900 1228 607
1019 1228 542
85 1229 430
734 1229 274
877 1229 345
1126 1229 369
1177 1229 266
145 1230 249
444 1230 436
491 1230 343
672 1230 288
355 1231 182
766 1231 158
222 1232 436
740 1232 121
1024 1232 504
1128 1232 624
85 1233 534
133 1233 615
785 1233 741
987 1233 573
1177 1233 370
594 1234 151
652 1234 248
669 1234 151
881 1234 543
941 1234 270
1039 1234 274
17 1235 475
218 1235 478
469 1235 278
553 1235 252
706 1235 467
818 1235 225
324 1236 105
1083 1236 126
175 1237 308
215 1237 325
496 1237 368
503 1237 182
803 1237 317
944 1237 277
1097 1237 315
22 1238 839
119 1238 296
141 1238 180
1125 1238 308
1175 1238 216
1212 1238 138
77 1239 323
555 1239 209
618 1239 203
889 1239 339
998 1239 921
329 1240 153
456 1240 133
547 1240 144
631 1240 834
717 1240 114
921 1240 107
220 1241 143
248 1241 387
415 1241 203
48 1242 131
53 1242 111
177 1242 932
202 1242 149
547 1242 991
550 1242 154
631 1242 377
1240 1242 457
147 1243 306
654 1243 463
791 1243 429
839 1243 204
856 1243 280
134 1244 134
337 1244 209
673 1244 114
790 1244 113
1037 1244 119
1061 1244 137
1123 1244 136
766 1245 175
168 1246 360
821 1246 742
1167 1246 522
226 1247 232
742 1247 336
785 1247 736
863 1247 590
1023 1247 446
1175 1247 357
230 1248 623
399 1248 971
561 1248 683
739 1248 478
932 1248 568
1077 1248 116
174 1249 217
245 1249 223
685 1249 135
716 1249 955
720 1249 646
993 1249 124
1137 1249 319
75 1250 349
175 1250 316
851 1250 310
944 1250 285
1025 1250 177
1215 1250 278
315 1251 135
547 1251 125
596 1251 154
649 1251 485
1197 1251 336
1240 1251 189
432 1252 130
818 1252 466
913 1252 246
1063 1252 469
1180 1252 293
451 1253 781
453 1253 511
520 1253 922
968 1253 241
1121 1253 252
1232 1253 107
545 1254 224
560 1254 493
566 1254 170
705 1254 563
860 1254 488
1161 1254 127
835 1255 157
1245 1255 194
282 1256 275
756 1256 185
1231 1256 143
49 1257 129
298 1257 195
375 1257 334
616 1257 264
796 1257 500
194 1258 609
304 1258 262
362 1258 408
682 1258 251
908 1258 213
1115 1258 142
1194 1258 267
223 1259 771
850 1259 765
1014 1259 283
1257 1259 141
272 1260 104
521 1260 121
626 1260 983
647 1260 163
812 1260 969
1114 1260 153
1217 1260 195
317 1261 834
518 1261 830
699 1261 814
1139 1261 619
30 1262 223
163 1262 186
842 1262 184
1088 1262 138
385 1263 597
980 1263 121
1089 1263 231
1093 1263 281
674 1264 493
865 1264 392
867 1264 692
926 1264 136
1000 1264 289
1057 1264 344
143 1265 106
401 1265 120
809 1265 101
1028 1265 110
1171 1265 122
146 1266 235
438 1266 697
875 1266 884
1200 1266 123
1214 1266 164
34 1267 710
204 1267 791
719 1267 694
887 1267 399
937 1267 713
1019 1267 650
43 1268 253
72 1268 121
232 1268 288
484 1268 885
1172 1268 114
331 1269 539
867 1269 128
926 1269 616
1025 1269 938
1162 1269 129
71 1270 424
831 1270 525
1031 1270 458
1192 1270 211
424 1271 905
798 1271 144
799 1271 254
314 1272 560
350 1272 744
732 1272 414
748 1272 565
1027 1272 474
233 1273 119
865 1273 129
867 1273 996
1025 1273 647
1215 1273 165
1216 1273 116
1265 1273 116
121 1274 406
339 1274 383
771 1274 220
866 1274 274
884 1274 350
1018 1274 199
169 1275 683
383 1275 228
439 1275 600
1010 1275 320
1227 1275 211
136 1276 273
1078 1276 253
1094 1276 256
1105 1276 235
164 1277 627
618 1277 177
736 1277 595
998 1277 662
233 1278 662
64 1279 756
251 1279 129
380 1279 107
777 1279 129
996 1279 862
140 1280 178
452 1280 228
554 1280 165
619 1280 139
789 1280 672
1128 1280 307
163 1281 189
601 1281 175
731 1281 189
761 1281 347
842 1281 188
47 1282 410
153 1282 257
174 1282 225
214 1282 224
276 1282 338
774 1282 157
997 1282 204
485 1283 301
511 1283 149
662 1283 390
1029 1283 406
374 1284 118
567 1284 287
574 1284 324
745 1284 523
910 1284 612
45 1285 803
170 1285 744
356 1285 808
608 1285 517
1074 1285 288
248 1286 804
516 1286 683
519 1286 276
1176 1286 845
232 1287 185
274 1287 203
508 1287 168
1172 1287 113
205 1288 587
552 1288 245
594 1288 541
627 1288 864
669 1288 540
1241 1288 959
194 1289 111
356 1289 167
682 1289 793
691 1289 129
949 1289 886
1074 1289 611
262 1290 321
360 1290 295
427 1290 259
482 1290 321
928 1290 360
1161 1290 823
158 1291 646
549 1291 434
571 1291 614
635 1291 511
784 1291 588
1041 1291 737
1267 1291 792
156 1292 657
873 1292 981
361 1293 122
670 1293 676
943 1293 636
956 1293 104
959 1293 113
1185 1293 146
135 1294 101
727 1294 667
965 1294 305
1065 1294 138
388 1295 439
532 1295 452
696 1295 958
792 1295 167
962 1295 125
1221 1295 254
83 1296 120
391 1296 187
1193 1296 696
393 1297 110
851 1297 200
1087 1297 110
1118 1297 157
169 1298 152
206 1298 193
494 1298 148
724 1298 150
746 1298 206
823 1298 221
66 1299 177
494 1299 165
720 1299 143
746 1299 223
896 1299 240
934 1299 126
1072 1299 205
1010 1300 335
1095 1300 379
1117 1300 133
536 1301 632
728 1301 103
787 1301 744
793 1301 727
996 1301 399
1005 1301 538
227 1302 383
407 1302 435
537 1302 306
645 1302 369
677 1302 518
1032 1302 427
1223 1302 384
95 1303 321
120 1303 341
145 1303 262
758 1303 381
536 1304 100
728 1304 140
732 1304 369
1027 1304 125
1128 1304 233
1203 1304 188
234 1305 633
535 1305 158
935 1305 266
61 1306 142
100 1306 270
669 1306 108
878 1306 743
1039 1306 231
1241 1306 150
31 1307 163
39 1307 129
710 1307 185
783 1307 101
813 1307 161
1052 1307 645
280 1308 794
333 1308 125
983 1308 269
1089 1308 800
1305 1308 204
808 1309 595
835 1309 101
66 1310 159
215 1310 738
726 1310 181
737 1310 505
920 1310 188
934 1310 108
361 1311 185
379 1311 466
828 1311 576
956 1311 740
38 1312 218
110 1312 629
704 1312 254
928 1312 233
22 1313 388
141 1313 571
402 1313 826
417 1313 920
147 1314 201
502 1314 189
654 1314 358
765 1314 255
1159 1314 243
34 1315 545
138 1315 406
204 1315 626
563 1315 451
940 1315 224
532 1316 771
776 1316 154
792 1316 199
974 1316 230
1047 1316 759
229 1317 786
331 1317 762
403 1317 525
620 1317 604
929 1317 410
1158 1317 598
16 1318 993
262 1318 335
360 1318 309
993 1318 400
1137 1318 431
1275 1318 305
211 1319 191
220 1319 172
572 1319 147
934 1319 117
1072 1319 196
805 1320 188
1134 1320 613
11 1321 232
655 1321 270
894 1321 371
392 1322 158
542 1322 135
982 1322 418
1143 1322 830
113 1323 237
117 1323 362
795 1323 786
1250 1323 357
1274 1323 392
435 1324 267
696 1324 187
776 1324 215
792 1324 259
960 1324 181
81 1325 137
135 1325 200
487 1325 125
847 1325 458
1236 1325 220
51 1326 300
130 1326 318
515 1326 468
961 1326 218
1296 1326 112
236 1327 288
581 1327 426
976 1327 510
984 1327 217
1038 1327 296
458 1328 384
474 1328 315
513 1328 204
815 1328 331
1191 1328 442
171 1329 496
437 1329 257
438 1329 245
1011 1329 462
1200 1329 780
1224 1329 263
234 1330 168
324 1330 131
847 1330 200
1065 1330 929
47 1331 146
113 1331 883
265 1331 817
507 1331 170
929 1331 634
997 1331 577
203 1332 436
244 1332 124
358 1332 411
538 1332 962
918 1332 155
1239 1332 124
258 1333 163
461 1333 106
481 1333 178
727 1333 196
861 1333 375
1327 1333 569
277 1334 188
297 1334 125
604 1334 382
630 1334 125
905 1334 440
992 1334 258
59 1335 122
391 1335 884
860 1335 269
1094 1335 467
1193 1335 935
1281 1335 439
101 1336 111
140 1336 197
506 1336 234
554 1336 184
1060 1336 236
1233 1336 166
41 1337 621
152 1337 166
429 1337 903
605 1337 116
34 1338 532
49 1338 265
528 1338 354
563 1338 438
665 1338 188
937 1338 535
247 1339 709
655 1339 151
542 1340 288
695 1340 176
936 1340 237
1276 1340 279
23 1341 784
143 1341 395
989 1341 763
85 1342 447
225 1342 873
316 1342 395
734 1342 291
814 1342 485
84 1343 112
389 1343 140
804 1343 198
871 1343 814
967 1343 203
1084 1343 689
1109 1343 327
218 1344 254
226 1344 523
371 1344 236
818 1344 184
863 1344 305
1063 1344 155
305 1345 572
331 1345 943
978 1345 400
1133 1345 936
1174 1345 728
1341 1345 838
271 1346 121
599 1346 152
931 1346 172
1205 1346 208
1311 1346 492
212 1347 178
510 1347 796
692 1347 139
1262 1347 201
188 1348 129
555 1348 775
771 1348 415
884 1348 882
889 1348 166
930 1348 902
240 1349 330
943 1349 100
956 1349 142
1182 1349 192
1335 1349 133
1346 1349 187
5 1350 200
112 1350 989
1208 1350 346
1271 1350 529
279 1351 629
337 1351 491
790 1351 431
898 1351 212
1276 1351 140
271 1352 362
952 1352 554
1205 1352 159
1322 1352 307
6 1353 174
63 1353 701
172 1353 148
747 1353 129
769 1353 355
872 1353 374
202 1354 903
438 1354 648
671 1354 139
802 1354 193
946 1354 243
978 1354 955
1048 1354 254
197 1355 112
682 1355 282
1074 1355 141
1112 1355 924
1194 1355 298
1201 1355 355
325 1356 652
426 1356 124
629 1356 780
4 1357 167
729 1357 245
903 1357 292
1277 1357 995
143 1358 194
346 1358 150
365 1358 266
809 1358 189
1210 1358 255
1269 1358 233
1345 1358 638
223 1359 209
446 1359 963
526 1359 427
577 1359 719
961 1359 937
258 1360 189
283 1360 246
461 1360 132
485 1360 243
330 1361 126
641 1361 637
771 1361 136
916 1361 899
1166 1361 180
1331 1361 361
380 1362 129
592 1362 225
743 1362 267
777 1362 151
982 1362 144
1352 1362 721
142 1363 187
383 1363 242
468 1363 190
496 1363 349
1097 1363 296
1318 1363 318
382 1364 251
386 1364 146
467 1364 190
698 1364 131
778 1364 306
891 1364 134
97 1365 176
158 1365 370
454 1365 157
472 1365 175
549 1365 158
1050 1365 658
83 1366 249
109 1366 390
600 1366 610
236 1367 170
413 1367 112
984 1367 988
1192 1367 858
278 1368 421
599 1368 112
917 1368 361
923 1368 681
1234 1368 139
1311 1368 971
169 1369 191
385 1369 484
665 1369 383
724 1369 189
981 1369 255
1227 1369 479
121 1370 372
155 1370 135
175 1370 317
449 1370 382
533 1370 146
803 1370 326
1323 1370 358
377 1371 396
575 1371 456
728 1371 127
787 1371 305
876 1371 599
1203 1371 249
313 1372 227
567 1372 337
713 1372 551
773 1372 608
7 1373 463
92 1373 567
407 1373 443
645 1373 377
708 1373 110
800 1373 659
1000 1373 398
116 1374 116
305 1374 112
951 1374 676
1174 1374 269
1300 1374 114
80 1375 718
285 1375 760
354 1375 725
899 1375 653
1037 1375 343
1284 1375 378
1372 1375 744
132 1376 226
378 1376 116
668 1376 797
742 1376 187
811 1376 175
863 1376 441
1006 1376 181
197 1377 135
209 1377 124
362 1377 177
682 1377 338
305 1378 156
556 1378 182
585 1378 473
781 1378 183
1341 1378 423
1350 1378 119
430 1379 452
532 1379 226
841 1379 173
962 1379 307
974 1379 380
1126 1379 416
21 1380 146
435 1380 189
874 1380 821
960 1380 103
1107 1380 130
1129 1380 426
1270 1380 615
265 1381 131
457 1381 152
556 1381 210
620 1381 397
825 1381 177
929 1381 203
938 1381 215
502 1382 278
967 1382 249
1028 1382 150
1073 1382 900
1084 1382 114
1108 1382 276
108 1383 939
129 1383 456
414 1383 321
768 1383 327
1148 1383 479
1363 1383 125
330 1384 269
501 1384 276
575 1384 403
787 1384 252
1252 1384 167
82 1385 635
348 1385 151
963 1385 511
1079 1385 511
1287 1385 289
5 1386 476
26 1386 528
559 1386 294
734 1386 206
877 1386 515
1271 1386 329
421 1387 169
425 1387 200
478 1387 102
564 1387 874
639 1387 115
105 1388 466
219 1388 341
295 1388 206
748 1388 152
1229 1388 377
1379 1388 423
403 1389 380
927 1389 439
1013 1389 112
1022 1389 183
1261 1389 642
439 1390 455
1044 1390 547
1135 1390 645
1227 1390 183
1283 1390 452
1360 1390 395
240 1391 437
542 1391 339
743 1391 369
1182 1391 299
1352 1391 173
150 1393 190
241 1393 160
340 1393 179
725 1393 209
1139 1393 504
1278 1393 143
1294 1393 174
207 1394 123
252 1394 134
397 1394 397
713 1394 243
827 1394 946
909 1394 929
1119 1394 786
38 1395 380
110 1395 117
163 1395 156
731 1395 155
959 1395 793
1347 1395 171
348 1396 262
742 1396 139
811 1396 502
1116 1396 383
1156 1396 190
1226 1396 380
108 1397 257
422 1397 350
431 1397 281
450 1397 349
768 1397 491
852 1397 151
43 1398 142
72 1398 105
458 1398 222
474 1398 153
637 1398 279
1344 1398 202
167 1399 574
710 1399 546
783 1399 259
1228 1399 587
1243 1399 505
498 1400 268
670 1400 333
1178 1400 319
1185 1400 118
1202 1400 369
1290 1400 389
1312 1400 119
1045 1401 265
1163 1401 329
3 1402 342
19 1402 265
93 1402 113
201 1402 103
277 1402 118
68 1403 263
69 1403 284
107 1403 260
759 1403 240
924 1403 746
953 1403 162
434 1404 304
456 1404 338
482 1404 423
761 1404 155
927 1404 383
954 1404 323
1001 1404 408
1349 1404 189
385 1405 520
563 1405 377
663 1405 390
665 1405 419
940 1405 189
299 1406 997
649 1406 782
873 1406 242
1003 1406 752
10 1407 950
108 1407 119
416 1407 755
431 1407 142
664 1407 564
230 1408 158
399 1408 192
455 1408 209
1037 1408 172
1061 1408 190
1284 1408 138
250 1409 762
366 1409 771
733 1409 752
974 1409 573
1261 1409 877
138 1410 332
204 1410 551
301 1410 760
464 1410 239
622 1410 528
719 1410 454
87 1411 390
364 1411 295
418 1411 409
723 1411 464
957 1411 341
1377 1411 262
126 1412 183
272 1412 768
647 1412 444
970 1412 514
1340 1412 133
1351 1412 457
89 1413 601
1003 1413 632
1292 1413 620
1309 1413 623
44 1414 227
158 1414 409
390 1414 185
571 1414 377
1050 1414 274
1123 1414 217
1366 1414 297
87 1415 526
285 1415 663
418 1415 546
739 1415 319
1077 1415 207
1372 1415 647
144 1416 392
372 1416 428
391 1416 210
598 1416 269
1046 1416 545
1326 1416 321
109 1417 525
204 1417 668
213 1417 384
563 1417 492
663 1417 649
937 1417 590
341 1418 130
565 1418 113
1030 1418 260
1170 1418 112
1313 1418 528
54 1419 466
67 1419 502
825 1419 394
938 1419 433
1145 1419 358
1235 1419 568
1252 1419 296
29 1420 213
330 1420 287
592 1420 309
743 1420 352
815 1420 327
1166 1420 179
97 1421 612
158 1421 806
678 1421 666
1004 1421 110
1041 1421 897
1165 1421 471
1366 1421 695
250 1422 711
366 1422 720
733 1422 701
1261 1422 826
224 1423 320
442 1423 121
702 1423 171
817 1423 136
858 1423 171
329 1424 178
368 1424 145
550 1424 133
768 1424 445
770 1424 135
921 1424 864
1251 1424 175
512 1425 142
583 1425 292
1209 1425 303
1297 1425 185
1300 1425 270
217 1426 328
552 1426 206
1031 1426 471
1192 1426 664
1241 1426 919
1319 1426 120
19 1427 255
36 1427 113
102 1427 156
217 1427 139
84 1428 348
91 1428 705
378 1428 299
913 1428 247
1006 1428 953
1075 1428 355
1169 1428 321
82 1429 634
327 1429 507
553 1429 276
794 1429 655
963 1429 510
1232 1429 461
23 1430 325
143 1430 880
237 1430 207
346 1430 525
1028 1430 457
1264 1430 167
268 1431 121
169 1432 339
433 1432 593
528 1432 158
570 1432 656
665 1432 531
714 1432 359
261 1433 202
419 1433 862
529 1433 149
1124 1433 933
1269 1433 162
1317 1433 386
101 1434 874
475 1434 156
1060 1434 211
1156 1434 992
1164 1434 140
1226 1434 910
317 1435 724
518 1435 721
699 1435 705
1409 1435 768
1422 1435 716
130 1436 176
134 1436 755
279 1436 525
337 1436 376
690 1436 907
1296 1436 290
453 1437 780
572 1437 270
762 1437 825
968 1437 510
1081 1437 170
1146 1437 408
87 1438 479
227 1438 871
677 1438 418
859 1438 313
957 1438 430
1372 1438 600
138 1439 459
622 1439 655
796 1439 701
1014 1439 625
1259 1439 342
148 1440 614
277 1440 545
302 1440 581
874 1440 692
912 1440 699
955 1440 661
992 1440 691
616 1441 771
654 1441 847
796 1441 100
900 1441 908
976 1441 956
1399 1441 888
300 1442 322
610 1442 284
713 1442 389
909 1442 239
1438 1442 438
390 1443 120
446 1443 188
959 1443 721
961 1443 152
1296 1443 104
1366 1443 233
64 1444 111
304 1444 269
342 1444 180
610 1444 268
853 1444 362
908 1444 220
1334 1444 294
343 1445 136
384 1445 169
659 1445 151
820 1445 142
904 1445 130
92 1446 587
114 1446 368
407 1446 463
1032 1446 455
1173 1446 515
1364 1446 151
60 1447 143
404 1447 102
434 1447 127
632 1447 779
767 1447 574
1001 1447 231
1391 1447 946
94 1448 515
467 1448 791
863 1448 511
1125 1448 370
1136 1448 258
1175 1448 277
1446 1448 421
33 1449 246
99 1449 207
349 1449 187
617 1449 851
910 1449 154
1365 1449 222
1408 1449 232
315 1450 803
946 1450 179
1197 1450 216
1427 1450 100
464 1451 243
526 1451 589
622 1451 531
751 1451 163
1154 1451 362
1359 1451 162
160 1452 463
292 1452 186
546 1452 543
605 1452 107
1113 1452 177
1170 1452 425
56 1453 330
221 1453 352
441 1453 325
480 1453 331
1393 1453 479
1441 1453 938
184 1454 476
588 1454 996
697 1454 375
1207 1454 162
1246 1454 133
50 1455 127
351 1455 199
855 1455 906
893 1455 654
1337 1455 462
198 1456 823
234 1456 150
1113 1456 266
1202 1456 242
264 1457 105
653 1457 123
1071 1457 279
152 1458 989
188 1458 137
294 1458 982
513 1458 100
605 1458 184
933 1458 164
142 1459 541
216 1459 145
266 1459 540
383 1459 108
1052 1459 490
1227 1459 912
127 1460 824
985 1460 507
1092 1460 436
1219 1460 128
1431 1460 560
342 1461 184
587 1461 352
721 1461 207
788 1461 304
833 1461 159
853 1461 366
1416 1461 317
179 1462 121
224 1462 131
353 1462 723
755 1462 955
817 1462 917
27 1463 168
89 1463 122
543 1463 378
782 1463 398
848 1463 267
1186 1463 620
1254 1463 485
29 1464 372
67 1464 270
68 1464 110
462 1464 880
544 1464 173
924 1464 158
36 1465 336
1450 1465 212
6 1466 187
187 1466 214
254 1466 434
872 1466 132
1094 1466 223
1105 1466 202
1281 1466 220
64 1467 660
194 1467 110
304 1467 915
380 1467 981
925 1467 291
949 1467 871
1184 1467 479
6 1468 152
59 1468 199
626 1468 147
647 1468 331
1094 1468 188
1340 1468 211
1391 1468 262
43 1469 160
45 1469 110
508 1469 269
608 1469 487
1172 1469 213
717 1470 274
722 1470 230
1118 1470 199
1392 1470 103
1402 1470 195
103 1471 255
371 1471 455
596 1471 230
1012 1471 450
1063 1471 217
1328 1471 360
1384 1471 338
1420 1471 356
570 1472 708
663 1472 554
665 1472 583
887 1472 343
937 1472 293
981 1472 456
1122 1472 607
96 1473 125
175 1473 248
449 1473 314
468 1473 149
624 1473 203
975 1473 210
1097 1473 255
191 1474 182
616 1474 368
621 1474 423
654 1474 443
1159 1474 328
1198 1474 612
633 1475 848
718 1475 698
1339 1475 443
140 1476 267
475 1476 250
514 1476 394
1060 1476 306
1130 1476 253
1160 1476 284
1280 1476 896
273 1477 141
384 1477 140
568 1477 121
820 1477 113
1040 1477 703
43 1478 146
122 1478 559
293 1478 438
484 1478 183
497 1478 173
759 1478 185
90 1479 142
121 1479 221
525 1479 554
533 1479 406
859 1479 767
866 1479 899
1442 1479 201
329 1480 159
649 1480 160
708 1480 227
770 1480 116
946 1480 280
1197 1480 121
1240 1480 174
1251 1480 155
1424 1480 197
12 1481 434
641 1481 126
772 1481 917
1021 1481 145
1180 1481 575
1419 1481 383
1464 1481 151
171 1482 154
257 1482 642
338 1482 274
363 1482 843
471 1482 922
614 1482 129
1011 1482 496
115 1483 156
305 1483 186
331 1483 557
507 1483 286
556 1483 212
929 1483 205
1310 1483 193
86 1484 164
130 1484 447
515 1484 597
540 1484 411
919 1484 563
1230 1484 421
87 1485 345
546 1485 165
677 1485 284
1113 1485 287
1223 1485 480
1377 1485 218
159 1486 175
227 1486 280
239 1486 208
242 1486 241
525 1486 746
645 1486 266
1442 1486 711
17 1487 718
173 1487 468
318 1487 488
706 1487 710
877 1487 687
1059 1487 765
1177 1487 386
520 1488 212
559 1488 959
666 1488 436
1121 1488 372
255 1489 231
486 1489 584
607 1489 141
798 1489 405
1341 1489 617
1350 1489 314
103 1490 131
265 1490 987
557 1490 150
825 1490 144
1348 1490 125
1361 1490 707
1384 1490 214
273 1491 175
370 1491 849
447 1491 118
648 1491 137
680 1491 132
1054 1491 261
1 1492 114
343 1492 122
904 1492 116
1190 1492 110
1423 1492 166
1099 1493 247
1129 1493 887
1270 1493 278
1367 1493 368
18 1494 371
436 1494 657
864 1494 316
1016 1494 447
1057 1494 459
1266 1494 172
21 1495 120
435 1495 295
481 1495 219
489 1495 254
716 1495 138
861 1495 416
271 1496 478
580 1496 287
599 1496 923
917 1496 565
952 1496 438
1279 1496 616
48 1497 190
368 1497 300
550 1497 945
717 1497 166
862 1497 851
921 1497 560
1424 1497 142
1480 1497 122
233 1498 949
533 1498 788
625 1498 128
866 1498 101
1025 1498 404
1323 1498 219
1433 1498 109
209 1499 136
210 1499 259
272 1499 240
326 1499 295
1103 1499 411
1217 1499 331
109 1500 597
396 1500 137
600 1500 270
663 1500 400
1122 1500 453
1312 1500 285
