1
0
1
1
1000000
0
0
0
0
1
7 17 272
16 34 210
6 42 297
22 44 173
14 56 254
53 59 257
10 60 108
50 64 294
64 70 213
29 79 232
72 80 169
27 81 288
62 82 633
28 92 112
62 92 178
20 95 174
69 96 236
88 96 583
20 100 195
87 103 154
91 112 231
84 122 178
9 123 158
56 123 287
97 125 143
71 126 234
49 130 217
97 130 259
94 131 296
35 133 369
76 136 654
47 137 263
115 137 153
78 138 110
122 139 589
55 141 200
81 143 274
118 144 244
20 152 134
133 152 215
119 153 231
133 155 452
45 156 253
50 159 306
86 161 263
63 162 163
122 162 172
56 167 300
67 169 598
88 170 855
85 171 268
138 173 197
57 174 280
112 177 109
102 178 547
173 181 293
7 183 209
29 183 278
83 184 162
21 185 263
163 186 298
144 187 260
132 189 363
63 190 869
122 190 207
151 191 195
119 194 250
66 196 354
140 196 132
170 196 227
31 201 650
38 202 312
17 203 184
134 206 160
51 207 191
134 208 279
54 211 150
32 212 253
137 212 177
63 213 327
24 215 299
93 216 196
40 218 239
75 219 322
166 219 231
3 222 874
191 222 284
199 222 182
147 223 364
47 224 158
110 224 235
159 224 916
212 224 196
162 225 115
15 226 378
100 228 191
100 232 152
27 233 217
21 237 219
63 238 234
104 238 910
107 242 149
2 243 218
144 244 177
116 245 149
164 245 191
114 247 389
124 247 919
192 247 247
231 248 261
142 249 250
217 250 192
75 251 309
199 252 251
16 253 363
117 253 198
240 253 275
72 254 239
140 256 296
170 256 306
23 258 139
185 261 258
124 262 334
214 264 129
260 264 348
163 265 184
87 268 274
91 268 852
197 268 169
127 269 126
158 269 149
126 270 174
121 271 893
123 272 804
88 273 149
111 273 190
197 273 220
10 275 248
218 275 264
7 277 228
29 277 181
79 277 238
276 279 373
32 284 176
180 284 204
102 285 290
193 286 568
76 287 269
55 288 265
230 290 198
161 291 247
205 291 879
222 292 189
144 293 302
46 295 128
89 296 204
70 297 147
75 298 194
137 299 137
75 303 293
130 303 252
245 303 166
126 305 245
117 306 132
175 306 614
270 306 208
305 306 150
194 307 182
211 307 189
245 310 164
150 312 281
311 312 570
48 313 188
130 313 214
181 314 673
244 314 175
293 314 181
35 315 140
118 315 179
150 315 233
181 315 193
244 315 129
75 316 176
245 316 205
26 317 141
196 319 162
252 320 132
25 322 210
26 322 207
295 323 202
39 327 228
304 327 205
44 329 332
228 329 206
232 329 261
323 329 210
15 331 236
226 331 288
35 332 212
46 332 267
152 332 172
223 333 111
37 334 220
78 334 219
245 335 301
9 336 163
56 336 167
289 336 144
84 337 613
162 337 132
213 337 355
228 338 290
135 341 310
101 342 604
195 347 291
125 351 103
281 351 132
128 353 250
216 355 289
232 355 138
323 355 233
48 358 511
338 358 995
40 360 348
218 360 187
174 361 846
242 361 304
285 361 209
198 362 126
219 362 864
137 364 216
203 365 814
334 366 199
12 367 244
215 367 913
189 368 366
125 370 222
217 370 256
84 372 798
71 375 279
270 375 206
317 376 216
322 376 236
41 377 164
133 377 171
156 377 254
267 378 181
127 379 949
146 380 143
144 381 165
204 383 155
247 383 118
262 383 172
350 384 225
260 385 110
289 385 244
62 387 244
359 387 246
175 388 261
80 390 180
254 390 367
19 391 218
302 391 281
26 392 288
161 393 128
205 393 598
371 393 217
54 394 212
185 394 112
236 394 249
130 395 142
217 395 230
267 395 180
149 398 250
247 398 320
373 398 251
6 401 228
295 403 246
329 403 164
189 405 243
342 406 229
358 406 245
94 407 325
149 407 675
301 407 663
57 408 102
341 408 251
215 409 132
375 409 171
121 410 194
65 411 164
159 412 112
212 412 124
364 412 297
386 412 258
314 413 229
219 414 188
298 414 242
100 415 174
349 415 120
40 416 323
60 416 116
151 416 267
201 417 250
214 417 210
276 419 133
139 421 342
162 421 213
299 421 147
83 422 181
303 422 315
363 422 154
154 423 136
49 425 345
39 426 914
4 427 273
181 427 189
413 427 107
49 428 166
313 428 155
339 428 146
21 430 213
211 430 296
251 430 145
339 431 172
374 432 275
322 434 134
403 434 249
74 435 288
270 435 135
132 436 346
225 436 607
337 436 257
252 437 257
151 438 877
280 438 149
292 438 396
307 439 113
142 440 902
237 441 207
203 442 185
172 445 417
341 445 306
39 447 108
304 447 237
391 448 339
147 449 268
154 449 224
333 449 254
434 449 139
269 451 192
445 451 694
102 452 829
174 452 644
285 452 207
361 452 162
292 453 140
127 454 242
134 454 161
158 454 203
310 455 262
28 456 293
188 456 100
214 456 329
362 458 248
399 458 159
102 459 182
178 459 153
118 460 306
181 460 219
217 460 484
293 460 865
161 461 278
237 461 267
18 462 141
367 463 120
385 463 298
79 465 125
365 465 188
429 465 244
69 466 166
84 466 231
103 466 285
190 466 143
213 466 243
132 467 286
368 467 205
145 468 329
404 469 139
23 470 195
82 470 265
348 470 131
352 470 863
387 470 303
41 471 284
71 472 158
305 472 247
131 473 211
194 473 211
232 474 143
377 474 110
471 474 313
102 475 205
178 475 177
285 475 259
361 475 130
452 475 255
147 476 169
154 476 290
156 476 276
98 477 186
3 478 300
191 478 223
191 479 216
199 479 201
312 480 244
25 481 103
26 481 195
16 482 155
471 483 164
326 484 220
357 484 154
37 485 180
401 485 201
169 486 178
278 486 194
400 487 147
193 488 245
290 488 144
322 488 355
392 488 244
218 489 140
360 489 207
426 490 165
107 491 266
136 491 168
172 491 204
408 491 283
451 491 184
321 492 172
467 492 239
108 494 284
357 495 220
108 497 347
370 497 208
15 498 220
226 498 176
36 499 182
220 499 219
129 500 190
186 500 140
20 502 303
216 502 216
232 502 160
332 502 220
433 503 222
31 504 194
38 504 164
443 504 287
484 504 276
205 505 342
276 505 969
286 505 311
334 506 191
49 507 145
250 507 948
43 508 502
383 508 323
68 509 724
248 509 127
9 510 323
289 510 206
495 510 248
26 511 165
133 514 223
156 514 199
54 516 169
311 516 177
384 516 277
20 517 213
228 517 184
333 517 734
41 518 244
378 518 236
353 519 270
246 520 202
297 522 219
290 524 294
457 524 298
115 526 168
235 526 140
238 526 291
1 527 207
19 527 375
208 527 120
448 527 339
501 527 207
104 528 374
188 528 190
258 528 181
244 529 194
311 529 198
381 529 305
350 530 227
236 531 364
301 531 432
309 531 202
384 531 273
134 533 372
459 533 268
468 533 700
436 534 237
467 534 354
28 537 181
99 538 223
42 539 276
313 540 284
339 540 148
105 542 245
239 542 957
206 543 160
269 543 215
201 544 271
214 544 148
260 544 157
278 544 892
396 545 185
397 545 252
334 546 312
179 548 239
309 550 120
248 551 339
363 552 289
271 553 129
535 553 158
183 554 245
442 554 194
17 555 210
168 555 179
203 555 288
442 555 209
83 556 203
303 556 391
420 556 237
550 556 136
135 557 262
136 557 103
172 557 134
242 557 482
451 557 177
229 558 156
57 559 372
411 560 293
81 561 203
189 561 649
27 562 129
405 562 308
378 564 296
109 565 254
146 565 134
227 565 249
507 565 244
168 566 161
203 566 142
64 567 216
210 567 231
443 567 317
484 567 593
163 568 324
351 569 460
355 569 283
370 569 239
67 570 249
22 571 140
119 571 312
45 572 204
295 572 149
363 572 189
259 573 251
272 573 354
240 574 197
306 574 162
435 574 304
247 575 287
373 575 792
397 575 220
508 575 250
465 576 175
566 576 101
420 577 288
146 578 242
227 578 195
300 578 238
317 578 195
356 578 213
151 579 198
416 579 215
438 579 210
478 579 165
265 580 142
493 580 214
134 582 218
269 582 664
379 582 214
77 585 175
99 585 132
113 585 181
145 585 238
348 586 178
352 586 164
217 587 305
266 588 171
500 588 110
412 589 298
53 590 159
450 590 180
282 591 108
340 591 242
414 592 211
204 593 178
247 593 196
397 593 170
530 593 119
117 594 212
270 594 175
318 594 146
226 595 170
239 595 239
498 595 194
512 596 895
248 597 896
401 597 146
441 597 185
1 598 155
158 598 888
501 598 112
357 599 640
580 599 222
155 600 185
377 600 216
476 600 121
198 601 505
458 601 233
168 602 535
442 602 354
465 602 157
566 602 218
37 603 869
248 603 232
369 603 237
401 603 291
210 604 282
584 604 243
199 605 863
263 605 320
464 606 211
511 606 245
243 607 222
431 608 231
186 610 377
537 610 357
588 610 199
126 611 313
594 611 146
17 612 236
277 612 225
365 612 908
580 613 268
368 614 773
534 614 111
324 615 162
548 615 193
195 616 213
364 616 175
589 616 216
66 617 134
258 617 270
318 617 187
319 617 273
611 617 194
500 618 165
356 619 206
608 619 107
120 620 223
167 620 268
74 621 152
256 621 151
463 621 178
240 622 300
319 622 301
466 622 158
30 623 261
581 623 268
127 624 474
134 624 221
158 624 296
379 624 181
543 624 553
317 625 898
392 625 154
47 626 272
159 626 174
364 626 267
221 627 315
384 627 150
355 628 171
324 629 231
48 630 218
229 630 274
297 631 167
154 632 114
333 632 128
431 632 915
54 633 154
185 633 223
430 633 502
577 633 219
255 634 298
95 635 174
61 636 253
234 636 275
577 636 125
45 637 152
93 637 344
223 637 124
47 638 565
110 638 162
115 638 184
235 638 151
53 639 114
69 639 155
84 639 152
436 639 232
402 640 970
518 642 205
572 642 173
6 643 338
430 643 255
577 643 232
237 644 586
108 646 296
229 646 479
564 646 312
41 647 666
147 647 870
483 647 131
600 647 221
642 647 103
87 648 162
126 648 204
319 648 198
435 648 380
114 649 279
575 649 207
345 650 321
591 650 156
110 651 153
115 651 172
212 651 125
386 651 258
444 652 154
188 653 273
193 654 167
392 654 313
511 654 121
274 655 178
346 656 337
604 657 139
650 657 103
464 658 374
503 658 361
521 659 159
560 659 244
347 660 230
115 661 269
162 661 190
238 661 255
299 661 963
283 662 175
581 663 175
652 663 262
524 664 208
91 665 177
102 666 241
136 666 219
178 666 216
242 666 169
408 666 332
206 667 264
230 668 197
524 668 205
12 669 293
98 669 348
495 669 135
122 670 182
282 671 178
591 671 223
472 672 185
493 672 240
599 672 228
8 674 264
345 674 182
327 675 165
426 675 187
609 675 119
165 676 326
459 676 347
21 677 157
192 677 171
644 677 192
145 678 152
176 678 754
468 678 275
195 679 290
457 680 199
668 680 165
645 681 132
80 682 279
489 682 255
605 682 125
31 683 214
544 683 270
673 683 259
96 684 624
170 684 168
319 684 801
611 684 236
110 686 221
235 686 335
568 686 205
28 687 692
157 687 111
610 687 248
300 688 207
517 688 106
608 688 176
216 689 227
332 689 859
497 689 990
287 690 279
585 690 203
72 691 254
280 691 120
100 692 196
474 692 266
483 692 208
600 692 943
31 693 148
120 693 201
443 693 263
527 694 181
36 695 163
266 695 161
339 696 301
423 696 200
525 696 193
632 696 253
171 697 198
618 698 218
295 699 263
646 699 253
87 700 178
126 700 192
197 700 269
614 700 253
314 701 153
593 701 173
168 702 239
465 702 245
576 702 224
612 702 185
389 703 725
127 705 864
206 705 179
582 705 125
336 706 266
30 707 215
206 707 219
576 707 133
624 707 160
198 708 112
310 708 328
316 708 217
350 709 350
627 709 195
634 709 245
42 710 819
114 710 254
303 710 170
310 710 168
363 710 238
280 711 164
479 711 930
293 712 274
413 712 203
551 712 202
524 713 938
704 713 259
143 714 140
418 714 250
679 714 288
32 715 189
180 715 357
412 715 113
15 716 857
239 716 104
345 716 349
498 716 285
36 717 164
537 717 240
588 717 200
236 718 280
52 719 900
89 719 270
330 719 314
66 720 216
273 720 509
282 721 245
591 721 268
657 721 208
671 721 197
63 722 137
104 722 264
64 723 233
450 723 725
599 723 180
613 723 141
196 724 189
268 724 115
648 724 128
282 725 222
340 725 272
650 725 164
657 725 143
671 725 914
96 726 202
372 726 135
405 726 148
639 726 355
2 727 212
513 727 236
607 727 121
62 728 113
215 729 321
673 729 198
157 730 227
266 730 287
610 730 175
655 730 304
469 731 246
522 731 410
209 732 176
230 732 272
6 733 241
231 733 370
539 733 214
603 733 109
70 734 138
180 734 153
197 735 265
259 735 130
29 736 234
277 736 135
612 736 186
469 737 242
155 738 920
349 738 260
423 738 162
476 738 360
514 738 247
668 738 109
417 739 143
541 739 178
734 739 731
88 740 280
268 740 267
289 740 383
706 740 327
35 741 319
46 741 349
323 741 132
300 742 503
209 743 130
230 743 976
488 743 200
95 744 155
267 744 108
471 744 219
518 744 132
146 745 288
507 745 207
300 746 196
356 746 248
558 746 277
608 746 296
109 747 326
146 747 141
314 747 215
356 747 286
583 747 323
9 748 174
148 748 114
693 748 326
516 749 215
633 749 146
587 750 146
233 751 243
368 751 174
573 751 196
278 752 101
570 752 296
69 753 390
213 753 144
436 753 263
27 754 221
372 754 261
405 754 104
561 754 272
231 755 169
399 755 294
509 755 267
178 756 205
459 756 922
559 756 314
25 757 183
488 757 251
419 758 216
441 758 188
461 758 264
324 759 160
411 759 284
106 760 346
216 760 216
281 760 522
497 760 245
569 760 147
134 761 180
158 761 284
208 761 202
379 761 266
454 761 180
543 761 149
705 761 337
707 761 254
122 762 202
225 762 160
639 762 207
568 763 867
728 763 343
473 764 170
225 765 277
492 765 201
534 765 287
670 765 254
21 766 179
156 766 115
211 766 186
283 766 340
291 766 257
394 766 217
533 767 349
663 767 323
100 768 210
152 768 149
349 768 186
483 768 108
514 768 348
124 769 238
251 769 158
764 769 168
490 770 210
675 770 185
24 771 943
71 771 138
409 771 286
735 771 362
52 772 311
12 773 292
98 773 447
157 773 162
605 774 136
682 774 117
98 775 274
265 775 336
472 775 291
599 775 154
344 776 231
185 777 687
85 778 152
34 779 183
58 779 330
496 779 224
590 780 842
737 780 257
97 781 294
227 781 167
351 781 227
494 781 281
125 782 256
583 782 235
742 782 749
14 783 142
336 783 502
541 783 230
590 783 218
64 784 288
110 784 229
159 784 350
386 784 208
104 785 647
359 785 157
499 785 229
227 786 248
293 786 206
300 786 335
351 786 219
558 786 279
782 786 765
584 787 161
19 788 166
444 788 266
501 788 574
778 788 584
296 789 156
719 789 748
772 789 358
653 790 152
734 790 187
393 791 313
461 791 127
505 791 947
121 792 997
211 792 160
439 792 324
643 792 210
246 793 225
250 793 158
23 794 872
348 794 317
290 796 974
713 796 176
757 796 165
96 797 234
273 797 286
611 797 315
700 797 321
753 797 232
118 798 770
535 798 176
424 799 227
583 799 491
742 799 373
59 800 227
132 800 111
405 800 377
639 800 274
285 801 172
299 801 192
364 801 125
208 802 129
454 802 202
543 802 137
582 802 298
705 802 767
707 802 208
425 803 122
507 803 897
209 804 128
376 804 134
488 804 322
625 804 238
306 805 239
375 805 362
388 805 146
472 805 351
315 806 758
798 806 950
13 807 213
343 807 824
174 808 204
285 808 159
361 808 224
452 808 117
354 809 124
80 810 118
275 810 330
390 810 340
489 810 248
333 811 236
424 811 331
431 811 969
688 811 317
116 812 178
298 812 203
303 812 359
200 813 193
429 813 197
6 814 194
138 814 267
485 814 155
127 815 182
158 815 304
206 815 146
379 815 327
501 815 176
802 815 163
542 816 264
367 817 107
673 817 818
30 818 293
171 818 257
432 818 281
501 818 248
778 818 174
66 819 184
170 819 248
273 819 237
611 819 193
355 820 163
370 820 215
689 820 189
24 821 248
202 821 139
326 821 163
504 821 179
683 821 320
729 821 206
328 822 178
604 822 162
6 823 217
231 823 132
430 823 983
597 823 161
701 823 425
545 824 787
593 824 290
486 825 194
591 826 988
650 826 173
657 826 143
671 826 233
725 826 148
439 827 189
719 827 248
132 828 123
225 828 259
421 828 195
492 828 298
72 829 173
263 829 272
774 829 248
373 830 162
508 830 170
143 831 357
616 831 270
236 832 305
677 832 887
766 832 201
163 833 275
326 833 117
763 833 216
775 833 316
3 834 150
199 834 213
222 834 106
453 834 147
167 835 855
336 835 333
541 835 119
48 836 912
540 836 277
803 836 183
76 837 228
135 837 244
408 837 129
209 838 361
376 838 236
70 839 135
148 839 201
450 839 141
631 839 157
566 840 359
602 840 227
228 841 245
415 841 320
578 841 241
619 841 181
688 841 969
287 842 536
374 842 739
432 842 191
267 843 208
471 843 250
820 843 263
76 844 184
172 844 263
242 844 295
408 844 864
690 844 200
154 845 194
425 845 171
431 845 262
641 846 489
142 847 271
231 847 189
109 848 126
227 848 155
356 848 185
494 848 305
558 848 237
8 849 201
151 849 105
280 849 244
438 849 816
453 849 160
479 849 206
691 849 138
9 850 320
148 850 169
450 850 358
495 850 291
783 850 231
90 851 235
615 851 370
131 852 250
350 852 201
407 852 312
531 852 783
764 852 209
832 852 209
584 853 247
351 854 193
494 854 870
558 854 245
646 854 290
210 855 275
640 855 191
14 856 592
123 856 150
850 856 853
6 857 219
42 857 187
141 858 566
288 858 218
433 858 300
425 859 330
428 859 184
431 859 281
746 859 268
804 859 330
596 860 307
321 861 303
493 861 199
613 861 278
765 861 283
19 862 219
57 862 219
645 862 696
202 863 201
326 863 956
763 863 346
794 863 654
81 864 164
111 864 345
189 864 179
562 864 133
751 864 232
184 865 728
422 865 216
812 865 224
21 866 235
192 866 190
419 866 308
440 866 143
441 866 104
823 866 320
847 866 327
18 867 175
51 867 286
595 867 268
202 868 113
260 868 235
168 869 106
554 869 272
585 869 171
73 870 111
190 870 275
482 870 101
622 870 108
722 870 243
50 872 229
70 872 200
180 872 285
230 873 149
796 873 154
62 874 967
359 874 144
80 875 154
390 875 131
711 875 253
774 875 126
28 877 306
214 877 278
570 877 111
338 878 185
587 878 655
547 879 117
204 880 294
255 880 100
396 880 735
824 880 241
24 882 186
357 882 106
504 882 225
510 882 165
735 882 238
404 883 176
417 883 157
456 883 290
653 883 290
731 883 288
734 883 129
115 884 279
195 884 314
364 884 145
386 884 294
380 885 124
385 885 160
540 885 267
696 885 305
92 886 134
477 886 228
773 886 246
143 887 218
418 887 171
620 887 141
49 888 936
250 888 345
395 888 199
41 889 150
378 889 203
506 889 215
520 889 172
843 889 335
664 890 253
668 890 264
732 890 178
46 891 180
152 891 370
315 891 191
403 891 304
64 892 334
484 892 161
599 892 109
833 892 201
19 893 286
158 893 986
379 893 197
454 893 365
543 893 204
598 893 314
76 894 178
242 894 187
341 894 131
491 894 615
829 895 445
312 896 247
320 897 998
331 897 813
284 898 286
299 898 320
34 899 328
220 899 354
186 900 177
687 900 226
728 900 170
833 900 137
239 901 782
331 901 262
716 901 160
76 902 115
341 902 204
451 902 180
666 902 189
808 902 282
477 903 247
737 903 309
32 904 145
780 904 283
477 905 124
469 906 274
526 906 120
651 906 210
686 906 214
271 907 252
410 907 627
480 907 150
532 907 136
7 908 114
17 908 281
183 908 350
555 908 147
736 908 228
869 908 164
4 909 136
395 909 190
312 910 101
315 910 144
529 910 172
98 911 263
450 911 348
495 911 301
599 911 259
160 912 128
254 912 194
705 912 268
652 913 648
170 914 330
385 914 311
621 914 314
724 914 146
740 914 305
149 915 194
247 915 299
309 915 111
530 915 136
677 915 346
769 915 705
852 915 186
148 916 657
495 916 228
489 917 262
895 917 179
912 917 577
387 918 290
528 918 394
785 918 247
425 919 328
888 919 249
490 920 107
63 921 191
225 921 215
753 921 298
69 922 128
190 922 107
482 922 169
762 922 243
921 922 204
193 923 239
536 923 184
743 923 222
66 924 246
807 924 105
11 925 345
264 925 199
404 925 642
417 925 692
541 925 267
245 926 264
422 926 322
348 927 292
387 927 317
728 927 352
71 928 271
357 928 103
672 928 246
700 928 130
735 928 231
239 929 174
595 929 173
901 929 218
308 930 757
460 930 125
798 930 263
279 931 634
505 931 145
628 931 192
121 932 248
643 932 277
857 932 250
282 933 250
340 933 145
650 933 807
721 933 211
725 933 353
826 933 261
199 934 153
263 934 160
280 934 134
292 934 160
453 934 192
846 935 268
392 936 136
481 936 310
757 936 292
53 937 186
69 937 135
103 937 192
905 937 110
309 938 309
769 938 467
107 939 300
135 939 271
136 939 388
445 939 306
844 939 236
163 940 312
522 940 187
610 940 896
655 940 201
5 941 109
23 941 114
352 941 339
868 941 136
55 942 197
457 942 236
121 943 350
792 943 202
812 943 310
41 944 289
147 944 803
156 944 313
506 944 178
637 944 605
663 945 228
202 946 183
586 946 598
729 946 118
284 947 226
297 947 241
731 947 279
734 947 756
5 948 165
11 948 283
23 948 274
195 948 207
464 949 132
77 950 238
99 950 281
113 950 310
287 950 198
468 950 187
533 950 106
585 950 178
690 950 343
233 951 791
368 951 363
754 951 864
425 952 229
836 952 110
191 953 114
416 953 138
478 953 224
226 954 695
331 954 186
286 955 118
433 955 180
791 955 261
923 955 204
19 956 194
135 956 308
302 956 280
444 956 147
913 956 216
180 957 143
620 957 209
739 957 298
389 958 288
519 958 403
596 958 882
296 959 153
355 959 362
474 959 124
741 959 191
843 959 327
45 960 147
744 960 835
263 961 170
453 961 202
691 961 234
829 961 207
934 961 275
179 962 223
344 962 169
269 963 222
379 963 384
454 963 201
543 963 239
707 963 265
449 964 190
647 964 201
49 965 267
339 965 292
423 965 272
745 965 222
845 965 217
48 966 308
229 966 188
428 966 208
746 966 170
450 967 258
856 967 175
42 968 254
310 968 279
335 968 278
401 968 265
750 969 263
120 971 139
272 971 206
443 971 146
563 971 172
200 972 116
667 972 349
347 973 145
567 973 159
784 973 308
286 974 208
288 974 233
433 974 137
658 974 294
949 974 143
32 975 309
469 975 184
651 975 231
780 975 129
947 975 175
187 976 314
244 976 805
430 976 153
530 976 257
701 976 267
749 976 172
74 977 503
253 977 844
574 977 155
886 977 238
905 977 264
685 978 689
776 978 181
93 979 118
518 979 234
699 979 263
944 979 274
839 980 238
911 980 976
916 980 202
73 981 317
175 981 171
496 981 692
574 981 183
154 982 211
185 982 302
236 982 885
309 982 228
677 982 912
904 983 193
967 983 598
70 984 137
522 984 228
883 984 231
892 984 259
980 984 201
128 985 328
585 986 229
179 987 245
199 987 133
605 987 211
657 987 149
711 987 371
774 987 224
834 987 237
961 987 240
102 988 132
178 988 114
285 988 349
451 988 321
459 988 101
475 988 111
756 988 106
10 989 202
40 989 191
60 989 256
160 989 261
275 989 284
659 989 171
855 989 142
257 990 552
437 990 172
462 990 618
208 991 159
269 991 209
582 991 100
624 991 330
705 991 148
815 991 253
893 991 249
963 991 299
50 992 278
224 992 184
24 993 145
367 993 103
385 993 325
510 993 309
669 993 228
6 994 218
267 994 146
458 994 263
564 994 181
793 994 218
888 994 150
960 994 217
148 995 155
213 996 283
528 996 353
617 996 149
622 996 154
722 996 210
21 997 162
291 997 193
351 997 272
419 997 210
461 997 335
505 997 928
777 997 230
12 998 111
215 998 155
375 998 248
498 999 318
595 999 306
929 999 250
954 999 268
186 1000 253
568 1000 130
618 1000 189
728 1000 245
874 1000 359
23 1001 216
387 1001 241
528 1001 107
321 1002 382
467 1002 174
90 1003 167
179 1003 271
226 1003 123
294 1003 235
434 1004 106
525 1004 209
642 1004 205
964 1004 119
149 1005 124
301 1005 158
309 1005 184
75 1006 222
362 1006 203
399 1006 135
708 1006 108
710 1006 180
81 1007 218
111 1007 165
714 1007 247
720 1007 223
618 1008 872
874 1008 217
418 1009 190
679 1009 241
739 1009 270
790 1009 153
995 1009 217
66 1010 217
140 1010 126
318 1010 204
320 1011 190
674 1011 978
131 1012 858
339 1012 782
525 1012 247
550 1012 209
608 1012 205
836 1012 335
966 1012 137
402 1013 201
604 1013 185
352 1014 289
752 1014 326
1010 1014 141
21 1015 244
261 1015 291
283 1015 265
440 1015 711
43 1016 176
248 1016 778
249 1016 142
441 1016 338
847 1016 145
118 1017 281
346 1017 200
462 1017 172
879 1017 101
961 1017 323
258 1018 205
679 1018 228
948 1018 276
214 1019 223
326 1019 173
683 1019 889
279 1020 269
635 1020 319
404 1021 105
477 1021 348
590 1021 253
737 1021 258
911 1021 162
937 1021 636
631 1022 194
696 1023 240
738 1023 244
1004 1023 231
108 1024 192
229 1024 170
848 1024 883
104 1025 218
359 1025 281
526 1025 242
1001 1025 176
5 1026 200
195 1026 247
660 1026 193
714 1026 156
831 1026 817
258 1027 666
318 1027 810
470 1027 327
570 1027 224
918 1027 307
1014 1027 177
112 1028 238
238 1029 117
653 1029 125
731 1029 237
286 1030 220
606 1030 132
654 1030 190
949 1030 260
94 1031 119
149 1031 132
58 1032 212
717 1032 347
1008 1032 265
349 1033 185
423 1033 183
885 1033 112
531 1034 348
550 1034 189
35 1035 251
246 1035 113
377 1035 222
889 1035 162
959 1035 191
493 1036 194
765 1036 220
921 1036 152
619 1037 245
799 1037 253
952 1037 210
1012 1037 142
281 1038 315
630 1038 389
1024 1038 163
445 1039 201
666 1039 125
837 1039 819
894 1039 115
403 1040 208
572 1040 228
1004 1040 152
282 1041 803
340 1041 196
591 1041 223
650 1041 120
657 1041 334
671 1041 319
11 1042 183
38 1042 314
484 1042 246
863 1042 216
973 1042 170
114 1043 351
164 1043 162
310 1043 132
383 1043 101
116 1044 301
335 1044 936
439 1044 131
943 1044 282
11 1045 336
195 1045 844
331 1045 772
386 1045 272
541 1045 130
589 1045 190
973 1045 237
190 1046 262
205 1046 158
286 1046 209
606 1046 137
658 1046 125
116 1047 195
146 1047 309
194 1047 127
298 1047 288
316 1047 103
592 1047 357
169 1048 235
825 1048 235
916 1048 185
995 1048 193
133 1049 704
329 1049 339
474 1049 117
741 1049 228
891 1049 277
656 1050 252
849 1050 356
166 1051 362
414 1051 295
194 1052 477
211 1052 187
251 1052 316
298 1052 223
571 1052 254
764 1052 357
10 1053 303
60 1053 192
292 1053 260
579 1053 186
45 1054 188
483 1054 289
514 1054 898
642 1054 186
744 1054 119
1023 1054 230
85 1055 169
945 1055 249
399 1056 156
455 1056 216
539 1056 264
552 1056 735
649 1056 276
710 1056 257
12 1057 268
67 1057 136
157 1057 208
817 1057 150
235 1058 349
776 1059 253
127 1060 215
206 1060 186
208 1060 180
582 1060 309
707 1060 221
815 1060 381
893 1060 230
57 1061 170
174 1061 310
361 1061 959
559 1061 255
808 1061 343
29 1062 836
543 1062 305
840 1062 279
33 1063 765
213 1065 240
238 1065 301
528 1065 170
653 1065 302
1018 1065 158
92 1066 172
537 1066 112
874 1066 248
1032 1066 100
325 1067 198
468 1067 220
585 1067 288
844 1067 297
950 1067 447
881 1068 151
1028 1068 185
349 1069 241
483 1069 196
885 1069 141
964 1069 984
1023 1069 147
250 1070 289
455 1070 253
552 1070 663
308 1071 262
857 1071 163
909 1071 110
237 1072 246
662 1072 233
1015 1072 191
87 1073 220
372 1073 550
614 1073 537
951 1073 198
139 1074 108
492 1074 324
670 1074 210
623 1075 773
694 1075 233
809 1075 168
106 1076 118
216 1076 291
323 1076 652
572 1076 678
637 1076 253
29 1077 283
79 1077 219
465 1077 232
576 1077 155
840 1077 230
74 1078 103
648 1078 329
684 1078 297
905 1078 362
914 1078 275
35 1079 212
246 1079 173
689 1079 275
184 1080 292
556 1080 162
812 1080 287
1034 1080 868
124 1081 227
575 1081 193
755 1081 190
106 1082 241
281 1082 277
564 1082 297
854 1082 213
187 1083 246
237 1083 210
307 1083 257
430 1083 854
597 1083 293
154 1084 169
600 1084 239
964 1084 323
138 1085 690
1037 1085 430
84 1086 236
139 1086 373
754 1086 183
800 1086 112
745 1087 190
747 1087 236
782 1087 211
109 1088 227
217 1088 152
494 1088 151
497 1088 143
1079 1088 134
858 1089 328
955 1089 279
580 1090 157
737 1090 221
911 1090 113
106 1091 276
518 1091 135
564 1091 269
572 1091 239
699 1091 138
960 1091 112
685 1092 213
795 1092 279
378 1093 193
506 1093 264
630 1093 173
646 1093 675
979 1093 165
78 1094 234
366 1094 183
1085 1094 161
95 1095 196
146 1095 183
276 1095 219
942 1095 105
1020 1095 257
522 1096 238
631 1096 211
655 1096 112
980 1096 168
1090 1096 185
381 1097 720
935 1097 354
5 1098 864
11 1098 107
38 1098 221
868 1098 322
1013 1099 243
148 1100 205
856 1100 231
3 1101 475
60 1101 318
160 1101 349
345 1101 141
787 1101 222
25 1102 282
72 1103 797
254 1103 740
263 1103 279
280 1103 352
691 1103 265
875 1103 356
816 1104 373
382 1105 149
972 1105 225
264 1106 286
385 1106 217
477 1106 294
669 1106 129
1078 1106 160
65 1107 108
487 1107 337
38 1108 219
443 1108 133
563 1108 297
660 1108 128
973 1108 323
515 1109 379
790 1109 168
839 1109 208
995 1109 157
1022 1109 144
128 1110 166
74 1111 195
253 1111 102
256 1111 161
594 1111 356
684 1111 519
962 1112 350
109 1113 943
125 1113 274
130 1113 206
217 1113 834
507 1113 223
1087 1113 188
308 1114 180
553 1114 165
798 1114 364
449 1115 339
811 1115 255
845 1115 184
952 1115 207
393 1116 321
503 1116 252
536 1116 281
955 1116 186
1046 1116 231
410 1117 233
420 1117 220
943 1117 268
1080 1117 707
456 1118 265
537 1118 136
731 1118 362
940 1118 231
124 1119 223
251 1119 305
755 1119 280
823 1119 332
1006 1119 230
970 1120 182
978 1120 309
369 1121 363
539 1121 659
733 1121 224
857 1121 311
909 1121 150
277 1122 122
408 1122 137
702 1122 288
869 1122 210
1062 1122 129
87 1123 262
96 1123 150
319 1123 261
372 1123 205
466 1123 209
673 1124 233
687 1124 136
877 1124 138
1019 1124 301
1057 1124 186
67 1125 303
157 1125 202
4 1126 181
181 1126 168
615 1126 227
806 1126 251
930 1126 199
1071 1126 858
871 1127 266
95 1128 211
758 1128 198
1016 1128 248
173 1129 210
315 1129 558
33 1130 210
629 1130 228
759 1130 140
304 1131 247
382 1131 578
1 1132 174
448 1132 934
469 1133 268
903 1133 203
1066 1133 216
1118 1133 210
52 1134 223
118 1134 174
330 1134 221
1129 1134 184
460 1135 174
525 1135 189
836 1135 332
885 1135 254
964 1135 857
1115 1135 229
27 1136 625
372 1136 106
1007 1136 202
281 1137 314
583 1137 348
786 1137 156
380 1138 244
540 1138 269
565 1138 197
803 1138 234
743 1139 160
757 1139 256
873 1139 195
1102 1139 280
17 1140 175
168 1140 120
566 1140 236
869 1140 266
155 1141 255
228 1141 945
692 1141 143
1049 1141 370
271 1142 290
532 1142 276
806 1142 160
932 1142 124
1071 1142 746
1114 1142 238
204 1143 201
356 1143 272
396 1143 383
397 1143 141
508 1143 125
551 1143 187
359 1144 104
698 1144 124
927 1144 244
1000 1144 128
479 1145 311
970 1145 226
64 1146 257
110 1146 204
297 1146 771
613 1146 328
992 1146 183
129 1147 171
186 1147 217
265 1147 196
388 1147 202
308 1148 157
369 1148 167
909 1148 150
167 1149 151
563 1149 631
589 1149 277
831 1149 286
563 1150 249
660 1150 304
831 1150 744
97 1151 731
313 1151 167
520 1151 160
1138 1151 164
241 1152 153
353 1152 127
116 1153 295
865 1153 235
926 1153 142
132 1154 367
337 1154 333
421 1154 323
561 1154 323
801 1154 131
1086 1154 285
360 1155 159
816 1155 237
895 1155 272
917 1155 174
117 1156 249
305 1156 162
611 1156 263
753 1156 799
996 1156 168
160 1157 307
547 1157 317
656 1157 261
671 1157 954
867 1157 291
80 1158 186
479 1158 280
521 1158 237
605 1158 252
691 1158 323
711 1158 155
875 1158 249
929 1159 174
954 1159 140
999 1159 352
721 1160 132
816 1160 156
223 1161 299
329 1161 156
502 1161 126
517 1161 305
1040 1161 167
1076 1161 221
205 1162 157
606 1162 237
147 1163 811
295 1163 158
434 1163 162
642 1163 140
979 1163 261
117 1164 958
240 1164 614
318 1164 216
918 1164 177
996 1164 193
51 1165 162
257 1165 286
310 1166 295
363 1166 905
926 1166 175
1070 1166 263
134 1167 111
208 1167 170
269 1167 207
391 1167 287
444 1167 302
705 1167 490
707 1167 870
815 1167 270
893 1167 224
11 1168 156
23 1168 228
82 1168 174
264 1168 335
863 1168 815
868 1168 701
468 1169 722
585 1169 168
619 1170 107
747 1170 329
799 1170 204
410 1171 247
420 1171 314
532 1171 158
577 1171 324
932 1171 378
56 1172 229
233 1172 104
562 1172 277
706 1172 117
31 1173 245
510 1173 162
748 1173 291
825 1173 215
916 1173 208
9 1174 193
259 1174 558
272 1174 203
443 1174 128
882 1174 156
322 1175 247
536 1175 148
743 1175 182
838 1175 280
1102 1175 173
389 1176 301
549 1177 186
676 1177 101
887 1178 137
957 1178 236
1009 1178 379
152 1179 562
155 1179 270
349 1179 209
40 1180 263
953 1180 140
1155 1180 131
402 1181 268
816 1181 250
235 1182 331
568 1182 174
1025 1182 343
1144 1182 174
156 1183 709
506 1183 222
793 1183 229
960 1183 330
1035 1183 173
331 1184 182
498 1184 278
716 1184 269
901 1184 377
954 1184 158
999 1184 967
150 1185 236
244 1185 164
311 1185 147
749 1185 230
73 1186 220
482 1186 174
903 1186 169
905 1186 100
163 1187 208
522 1187 101
580 1187 181
686 1187 250
892 1187 121
1146 1187 468
150 1188 325
480 1188 144
532 1188 330
806 1188 754
468 1189 304
767 1189 418
1067 1189 397
369 1190 182
455 1190 191
539 1190 358
603 1190 361
968 1190 278
13 1191 250
67 1192 902
486 1192 232
752 1192 355
817 1192 124
213 1193 122
617 1193 232
720 1193 188
797 1193 169
1018 1193 364
1123 1193 151
265 1194 187
388 1194 166
472 1194 218
493 1194 228
101 1195 225
641 1195 120
14 1196 257
167 1196 120
541 1196 254
589 1196 316
715 1196 300
957 1196 137
45 1197 257
223 1197 160
476 1197 331
632 1197 148
791 1197 755
1023 1197 379
1040 1197 369
298 1198 172
1051 1198 239
1080 1198 248
131 1199 347
350 1199 335
634 1199 214
340 1200 902
665 1200 130
721 1200 194
725 1200 766
826 1200 289
933 1200 258
1041 1200 283
129 1201 268
388 1201 333
335 1202 249
401 1202 158
439 1202 172
643 1202 113
1083 1202 304
217 1203 256
267 1203 241
793 1203 192
820 1203 104
1079 1203 111
282 1204 260
340 1204 146
650 1204 227
657 1204 129
721 1204 135
826 1204 270
515 1205 288
995 1205 996
1100 1205 193
1178 1205 243
427 1206 209
460 1206 283
546 1206 209
712 1206 207
1191 1207 227
136 1208 145
172 1208 126
837 1208 200
894 1208 142
340 1209 156
591 1209 273
657 1209 267
671 1209 152
933 1209 226
1041 1209 287
1200 1209 289
1204 1209 163
15 1210 246
40 1210 218
239 1210 342
679 1210 258
716 1210 193
1159 1210 185
130 1211 140
540 1211 313
641 1211 168
965 1211 261
1033 1211 176
1087 1211 184
52 1212 961
138 1212 168
334 1212 325
485 1212 156
272 1213 231
856 1213 298
160 1214 207
218 1214 859
917 1214 207
1155 1214 306
1180 1214 166
549 1215 231
667 1215 297
920 1215 214
50 1216 255
567 1216 187
971 1216 152
1213 1216 212
24 1217 293
71 1217 133
326 1217 154
357 1217 168
669 1217 237
775 1217 105
998 1217 255
22 1218 120
54 1218 994
1052 1218 124
1198 1218 135
82 1219 163
92 1219 297
264 1219 274
877 1219 647
90 1220 141
1112 1220 327
3 1221 622
222 1221 473
953 1221 200
1053 1221 133
1101 1221 302
257 1222 287
292 1222 283
328 1222 239
346 1222 117
879 1222 300
282 1223 469
340 1223 171
650 1223 237
657 1223 143
671 1223 217
721 1223 235
1200 1223 278
1204 1223 224
246 1224 177
250 1224 214
565 1224 156
781 1224 230
1088 1224 198
1151 1224 134
254 1225 160
263 1225 165
682 1225 163
829 1225 221
895 1225 300
917 1225 180
271 1226 123
480 1226 172
535 1226 229
806 1226 108
910 1226 182
12 1227 199
74 1227 198
463 1227 667
886 1227 282
1106 1227 293
1219 1227 129
106 1228 169
323 1228 243
569 1228 161
699 1228 259
854 1228 143
1134 1228 153
82 1229 239
348 1229 132
728 1229 183
863 1229 352
946 1229 576
43 1230 258
192 1230 115
575 1230 354
847 1230 333
82 1231 204
352 1231 194
868 1231 265
946 1231 222
161 1232 235
237 1232 134
307 1232 153
662 1232 201
766 1232 139
28 1233 168
188 1233 191
570 1233 171
918 1233 188
1125 1233 544
79 1234 187
554 1234 222
602 1234 231
840 1234 766
1062 1234 191
1122 1234 691
763 1235 555
794 1235 312
927 1235 133
1001 1235 612
1058 1235 241
1182 1235 331
201 1236 159
260 1236 303
289 1236 326
835 1236 904
925 1236 107
1098 1236 321
380 1237 216
415 1237 228
692 1237 263
1069 1237 103
1084 1237 327
98 1238 116
157 1238 157
655 1238 509
980 1238 283
153 1239 157
194 1239 166
251 1239 111
316 1239 165
1083 1239 281
402 1240 607
584 1240 328
876 1240 240
291 1241 326
394 1241 159
619 1241 170
777 1241 201
1162 1241 109
62 1242 326
763 1242 184
1001 1242 824
1168 1242 147
43 1243 168
192 1243 199
383 1243 781
441 1243 256
644 1243 267
246 1244 346
311 1244 849
569 1244 229
781 1244 836
959 1244 151
104 1245 264
188 1245 225
274 1245 302
1029 1245 188
1118 1245 137
356 1246 131
583 1246 286
966 1246 123
1024 1246 134
1037 1246 220
989 1247 204
1068 1247 205
417 1248 133
653 1248 821
1009 1248 281
1018 1248 364
1048 1248 155
61 1249 236
89 1249 194
234 1249 278
896 1249 117
44 1250 179
153 1250 250
251 1250 257
571 1250 363
773 1251 235
775 1251 151
805 1251 267
900 1251 105
998 1251 213
1147 1251 142
59 1252 179
904 1252 307
1074 1252 326
482 1253 206
722 1253 212
921 1253 117
1156 1253 145
290 1254 314
664 1254 215
732 1254 203
804 1254 188
8 1255 345
18 1255 169
901 1255 316
1050 1255 338
455 1256 144
508 1256 276
649 1256 239
1043 1256 208
91 1257 324
682 1257 168
345 1258 637
826 1258 761
897 1258 143
221 1259 296
255 1259 343
530 1259 235
709 1259 368
824 1259 168
494 1260 220
741 1260 978
1079 1260 284
1228 1260 176
1244 1260 268
155 1261 188
423 1261 231
745 1261 260
1084 1261 157
812 1262 299
852 1262 339
1034 1262 298
93 1263 269
108 1263 191
760 1263 216
1038 1263 356
1093 1263 281
851 1264 306
1220 1264 107
296 1265 271
1249 1265 251
737 1266 200
922 1266 253
937 1266 172
1186 1266 187
1191 1267 247
53 1268 144
84 1268 169
103 1268 195
534 1268 179
670 1268 130
1073 1268 218
61 1269 185
1265 1269 309
109 1270 354
125 1270 902
281 1270 121
497 1270 837
583 1270 177
1024 1270 260
114 1271 443
164 1271 280
303 1271 240
550 1271 234
915 1271 160
1262 1271 180
380 1272 134
745 1272 197
803 1272 309
845 1272 181
1084 1272 151
1135 1272 120
308 1273 215
369 1273 290
401 1273 658
857 1273 945
895 1273 200
968 1273 338
78 1274 224
173 1274 151
427 1274 303
546 1274 478
118 1275 217
330 1275 292
381 1275 116
535 1275 248
910 1275 345
730 1276 332
773 1276 224
1147 1276 147
180 1277 252
515 1277 674
790 1277 166
801 1277 146
898 1277 297
1178 1277 314
11 1278 563
386 1278 196
404 1278 270
906 1278 932
1242 1278 291
75 1279 164
166 1279 190
556 1279 223
1198 1279 346
857 1280 219
871 1280 187
1064 1280 156
127 1281 179
158 1281 230
206 1281 158
208 1281 273
582 1281 217
893 1281 122
963 1281 243
1167 1281 194
198 1282 909
219 1282 120
316 1282 172
592 1282 303
289 1283 264
495 1283 269
783 1283 129
925 1283 918
1021 1283 930
1106 1283 195
359 1284 285
499 1284 222
698 1284 305
1008 1284 243
5 1285 160
714 1285 249
720 1285 291
1018 1285 998
718 1286 356
969 1286 209
262 1287 215
473 1287 181
769 1287 301
1239 1287 169
568 1288 307
874 1288 191
906 1288 163
1025 1288 181
1133 1288 231
1242 1288 382
300 1289 198
799 1289 192
811 1289 276
859 1289 214
952 1289 254
1137 1289 168
160 1290 151
275 1290 354
912 1290 334
1155 1290 229
444 1291 106
663 1291 264
778 1291 267
1055 1291 201
1105 1291 299
193 1292 180
290 1292 324
457 1292 186
10 1293 150
160 1293 322
1101 1293 366
1180 1293 150
1221 1293 932
1290 1293 138
57 1294 253
178 1294 181
459 1294 136
559 1294 354
756 1294 244
1110 1294 267
1208 1294 158
50 1295 327
723 1295 421
967 1295 108
1002 1295 828
1213 1295 174
347 1296 182
794 1296 377
948 1296 238
1042 1296 308
1058 1296 749
270 1297 217
409 1297 185
220 1298 344
722 1298 380
785 1298 134
1164 1298 155
231 1299 280
397 1299 711
413 1299 153
551 1299 270
701 1299 324
187 1300 263
204 1300 120
293 1300 213
551 1300 143
597 1300 158
701 1300 180
424 1301 967
434 1301 216
525 1301 115
1037 1301 340
1115 1301 880
200 1302 751
1215 1302 366
228 1303 297
403 1303 137
619 1303 152
982 1303 343
1301 1303 159
131 1304 189
164 1304 194
383 1304 738
644 1304 272
915 1304 349
1031 1304 165
1287 1304 234
20 1305 267
415 1305 364
424 1305 106
688 1305 298
742 1305 289
1179 1305 882
53 1306 869
706 1306 219
726 1306 175
783 1306 368
1073 1306 213
7 1307 298
79 1307 281
183 1307 108
365 1307 284
31 1308 369
417 1308 212
484 1308 160
916 1308 209
984 1308 282
1019 1308 137
558 1309 133
859 1309 204
919 1309 189
1082 1309 159
1137 1309 349
16 1310 304
240 1310 490
870 1310 128
981 1310 195
1298 1310 131
165 1311 312
200 1311 812
429 1311 208
607 1311 267
661 1312 106
790 1312 199
898 1312 190
947 1312 375
1022 1312 145
1029 1312 751
207 1313 326
629 1313 859
897 1313 305
1050 1313 170
126 1314 211
197 1314 198
724 1314 320
771 1314 221
819 1314 187
1297 1314 291
274 1315 193
695 1315 200
730 1315 285
1125 1315 203
887 1316 104
1205 1316 198
42 1317 144
303 1317 223
335 1317 237
420 1317 130
643 1317 283
932 1317 273
943 1317 144
274 1318 280
1022 1318 208
1029 1318 119
1096 1318 171
337 1319 136
372 1319 146
561 1319 208
679 1319 329
1007 1319 258
1193 1319 211
383 1320 222
398 1320 165
830 1320 124
1031 1320 805
259 1321 367
614 1321 316
928 1321 196
598 1322 146
697 1322 315
818 1322 125
386 1323 147
404 1323 150
541 1323 292
590 1323 277
715 1323 267
734 1323 220
975 1323 220
366 1324 290
772 1324 328
1085 1324 149
1212 1324 309
165 1325 191
429 1325 298
357 1326 660
567 1326 195
723 1326 106
850 1326 169
1174 1326 152
1213 1326 882
1321 1326 177
107 1327 205
135 1327 224
172 1327 110
902 1327 178
1039 1327 196
33 1328 377
521 1328 211
795 1328 249
4 1329 230
930 1329 218
1148 1329 277
1206 1329 167
629 1330 900
1059 1330 105
1145 1330 620
58 1331 853
269 1331 278
886 1331 259
903 1331 169
1066 1331 149
1276 1331 126
347 1332 180
616 1332 231
626 1332 232
1150 1332 136
16 1333 190
117 1333 150
175 1333 164
899 1333 157
1253 1333 154
1298 1333 779
191 1334 178
257 1334 241
438 1334 214
478 1334 128
479 1334 229
711 1334 242
834 1334 305
809 1335 340
531 1336 357
764 1336 118
938 1336 280
1218 1336 143
103 1337 344
305 1337 337
534 1337 169
672 1337 148
700 1337 257
753 1337 670
1036 1337 325
193 1338 595
322 1338 302
511 1338 186
536 1338 698
1046 1338 176
279 1339 125
635 1339 930
111 1340 182
189 1340 348
436 1340 255
614 1340 235
726 1340 237
797 1340 122
1319 1340 270
116 1341 239
131 1341 139
164 1341 309
1262 1341 345
65 1342 175
487 1342 183
685 1342 187
313 1343 196
378 1343 111
395 1343 232
520 1343 324
630 1343 717
450 1344 187
613 1344 175
631 1344 158
780 1344 246
983 1344 244
1090 1344 246
176 1345 252
325 1345 136
374 1345 344
533 1345 128
538 1345 166
986 1345 196
1189 1345 195
426 1346 256
802 1346 134
1152 1346 298
98 1347 233
265 1347 118
655 1347 663
903 1347 818
1090 1347 273
1276 1347 342
13 1348 271
88 1348 126
196 1348 100
268 1348 783
720 1348 241
1123 1348 337
1136 1348 227
73 1349 164
103 1349 254
190 1349 111
670 1349 130
1036 1349 244
1266 1349 228
34 1350 103
220 1350 229
496 1350 229
1310 1350 201
523 1351 303
718 1351 266
14 1352 216
59 1352 319
405 1352 168
951 1352 186
1172 1352 226
1306 1352 192
1127 1353 143
1280 1353 180
232 1354 112
332 1354 153
471 1354 234
768 1354 142
820 1354 199
506 1355 620
520 1355 285
630 1355 253
793 1355 306
1094 1355 231
260 1356 302
463 1356 323
1219 1356 270
1231 1356 830
221 1357 180
309 1357 301
384 1357 217
530 1357 240
749 1357 282
48 1358 258
250 1358 117
803 1358 153
919 1358 162
1151 1358 266
1355 1358 279
628 1359 259
1162 1359 916
169 1360 703
188 1360 170
214 1360 143
258 1360 200
278 1360 337
570 1360 104
1248 1360 216
513 1361 177
607 1361 127
609 1361 167
770 1361 162
368 1362 257
573 1362 148
1002 1362 297
1213 1362 300
1321 1362 156
146 1363 275
841 1363 265
1141 1363 116
1170 1363 132
1237 1363 123
1261 1363 286
653 1364 102
980 1364 697
1048 1364 211
1109 1364 113
1318 1364 159
53 1365 102
670 1365 207
762 1365 246
780 1365 296
1252 1365 115
1266 1365 880
515 1366 912
839 1366 360
872 1366 120
967 1366 109
1100 1366 229
95 1367 304
276 1367 302
758 1367 139
791 1367 275
1089 1367 117
1339 1367 202
517 1368 216
525 1368 276
608 1368 259
632 1368 218
1040 1368 210
1303 1368 175
686 1369 186
763 1369 251
784 1369 272
892 1369 125
1042 1369 240
1058 1369 139
1278 1369 525
120 1370 304
123 1370 148
748 1370 249
1100 1370 336
1316 1370 240
187 1371 648
204 1371 227
255 1371 867
530 1371 161
1199 1371 162
1304 1371 134
249 1372 273
440 1372 169
441 1372 190
1072 1372 214
15 1373 119
331 1373 209
901 1373 111
929 1373 304
1159 1373 295
1210 1373 153
1214 1373 174
369 1374 313
1064 1374 125
1084 1374 262
1353 1374 284
107 1375 228
391 1375 119
445 1375 321
557 1375 302
837 1375 124
902 1375 212
365 1376 218
555 1376 146
576 1376 101
612 1376 225
736 1376 225
505 1377 261
628 1377 132
777 1377 350
1030 1377 299
1162 1377 196
321 1378 136
613 1378 221
983 1378 142
992 1378 218
1295 1378 104
549 1379 169
676 1379 899
988 1379 308
1302 1379 217
1311 1379 134
576 1380 850
702 1380 200
736 1380 271
1062 1380 180
1122 1380 217
1140 1380 134
95 1381 206
141 1381 268
680 1381 617
942 1381 265
1089 1381 256
337 1382 223
661 1382 222
679 1382 223
790 1382 399
801 1382 301
884 1382 302
1065 1382 215
57 1383 210
459 1383 184
559 1383 193
756 1383 906
1294 1383 154
134 1384 169
158 1384 290
543 1384 138
705 1384 602
802 1384 240
963 1384 164
1060 1384 212
607 1385 299
609 1385 129
1105 1385 459
233 1386 258
268 1386 268
706 1386 372
1073 1386 181
1136 1386 109
7 1387 287
554 1387 218
869 1387 199
1062 1387 224
1140 1387 166
182 1388 304
604 1388 191
855 1388 490
1104 1388 259
1247 1388 175
795 1389 244
1063 1389 176
1120 1389 347
380 1390 148
415 1390 211
578 1390 160
742 1390 303
1033 1390 256
486 1391 351
683 1391 164
817 1391 293
993 1391 278
1173 1391 178
203 1392 164
442 1392 187
554 1392 185
840 1392 146
1307 1392 157
1387 1392 105
211 1393 220
350 1393 198
516 1393 202
529 1393 358
976 1393 340
340 1394 171
478 1394 296
953 1394 230
1101 1394 207
1180 1394 135
1214 1394 335
183 1395 311
365 1395 161
442 1395 195
1077 1395 136
1307 1395 108
1376 1395 106
69 1396 230
253 1396 493
482 1396 192
622 1396 288
684 1396 277
905 1396 192
1156 1396 384
636 1397 146
643 1397 188
814 1397 220
70 1398 231
148 1398 197
567 1398 530
693 1398 353
739 1398 136
1308 1398 115
54 1399 220
234 1399 160
410 1399 189
577 1399 303
792 1399 330
1117 1399 740
73 1400 689
103 1400 221
305 1400 242
574 1400 165
622 1400 273
648 1400 198
905 1400 235
140 1401 181
240 1401 131
318 1401 165
319 1401 178
435 1401 127
1111 1401 211
631 1402 319
983 1402 277
1366 1402 226
169 1403 218
188 1403 223
274 1403 233
1125 1403 122
1238 1403 345
1364 1403 170
44 1404 151
251 1404 236
633 1404 165
938 1404 209
1218 1404 168
1279 1404 142
48 1405 620
919 1405 193
952 1405 167
1038 1405 290
1137 1405 265
1246 1405 285
73 1406 329
175 1406 931
305 1406 273
1036 1406 164
1194 1406 182
1253 1406 262
262 1407 142
508 1407 279
509 1407 196
1081 1407 176
89 1408 264
234 1408 201
792 1408 124
827 1408 209
1397 1408 269
446 1409 284
645 1409 296
694 1409 268
187 1410 168
307 1410 187
381 1410 313
1199 1410 360
1393 1410 199
371 1411 161
791 1411 714
931 1411 123
1339 1411 236
345 1412 495
1165 1412 277
1258 1412 329
36 1413 929
537 1413 157
785 1413 122
1233 1413 240
1245 1413 130
1315 1413 180
919 1414 958
994 1414 878
1038 1414 329
1082 1414 176
1355 1414 643
668 1415 219
713 1415 268
873 1415 231
86 1416 252
704 1416 182
835 1417 232
1026 1417 333
1045 1417 171
1098 1417 217
1108 1417 253
1149 1417 295
68 1418 246
153 1418 227
15 1419 315
275 1419 115
360 1419 488
390 1419 266
810 1419 121
912 1419 329
989 1419 781
106 1420 180
506 1420 148
637 1420 181
960 1420 225
1263 1420 342
1414 1420 110
523 1421 270
704 1421 255
327 1422 291
609 1422 340
1105 1422 257
1131 1422 238
418 1423 277
748 1423 174
825 1423 152
995 1423 136
1316 1423 229
89 1424 150
330 1424 413
896 1424 335
910 1424 199
1129 1424 321
419 1425 209
847 1425 988
1095 1425 325
1128 1425 132
121 1426 748
439 1426 121
553 1426 209
1044 1426 148
201 1427 794
278 1427 334
418 1427 247
825 1427 248
1248 1427 270
1285 1427 170
175 1428 138
496 1428 111
899 1428 213
1201 1428 219
68 1429 174
755 1429 861
61 1430 215
150 1430 212
896 1430 211
1129 1430 122
59 1431 122
467 1431 628
951 1431 291
1074 1431 324
1086 1431 146
1268 1431 179
173 1432 317
460 1432 265
546 1432 246
1134 1432 936
1212 1432 123
400 1433 157
1059 1433 179
8 1434 113
1011 1434 308
52 1435 294
485 1435 208
827 1435 128
1202 1435 235
1397 1435 382
456 1436 352
687 1436 922
833 1436 122
940 1436 393
984 1436 228
1019 1436 166
1238 1436 260
544 1437 154
673 1437 326
752 1437 137
877 1437 920
1356 1437 151
111 1438 114
197 1438 195
259 1438 172
614 1438 238
751 1438 126
1386 1438 278
97 1439 209
227 1439 230
782 1439 200
1138 1439 279
1211 1439 253
1390 1439 218
261 1440 127
283 1440 217
394 1440 966
57 1441 258
174 1441 215
559 1441 139
808 1441 253
1061 1441 224
1383 1441 250
230 1442 263
680 1442 477
923 1442 194
1089 1442 299
1292 1442 183
14 1443 478
59 1443 148
590 1443 215
715 1443 213
904 1443 262
967 1443 229
201 1444 308
418 1444 583
620 1444 259
693 1444 711
739 1444 245
835 1444 166
1119 1445 336
1250 1445 846
1418 1445 544
1429 1445 201
5 1446 283
38 1446 283
660 1446 239
1296 1446 924
513 1447 205
770 1447 304
920 1447 165
139 1448 214
762 1448 203
800 1448 262
828 1448 592
1252 1448 272
10 1449 201
40 1449 198
218 1449 126
416 1449 343
579 1449 179
1104 1449 362
1394 1449 284
399 1450 549
455 1450 318
509 1450 340
601 1450 277
708 1450 251
46 1451 173
93 1451 688
108 1451 466
689 1451 220
699 1451 321
1260 1451 305
35 1452 262
464 1452 636
514 1452 130
744 1452 187
1183 1452 204
1203 1452 158
1354 1452 226
226 1453 216
239 1453 210
595 1453 314
954 1453 355
1159 1453 286
1210 1453 205
206 1454 188
208 1454 136
269 1454 140
379 1454 164
454 1454 322
624 1454 483
707 1454 116
1384 1454 913
262 1455 135
509 1455 103
597 1455 209
708 1455 246
1119 1455 285
1239 1455 395
1418 1455 206
294 1456 231
970 1456 318
1112 1456 207
347 1457 139
626 1457 111
638 1457 102
784 1457 819
884 1457 142
1058 1457 444
202 1458 268
586 1458 738
794 1458 130
941 1458 200
1446 1458 289
207 1459 209
547 1459 208
1434 1459 129
88 1460 152
111 1460 259
562 1460 144
706 1460 227
726 1460 285
1136 1460 151
87 1461 229
96 1461 189
740 1461 200
937 1461 244
1078 1461 161
1283 1461 123
1306 1461 199
92 1462 246
264 1462 352
404 1462 133
456 1462 491
477 1462 192
1133 1462 289
1242 1462 250
97 1463 357
370 1463 292
395 1463 302
520 1463 191
843 1463 112
1244 1463 182
140 1464 177
435 1464 301
621 1464 222
724 1464 186
1297 1464 305
294 1465 636
1063 1465 347
1092 1465 333
360 1466 290
390 1466 127
489 1466 170
682 1466 128
774 1466 284
895 1466 855
76 1467 890
107 1467 197
135 1467 205
168 1467 170
451 1467 162
1039 1467 390
519 1468 259
694 1468 202
169 1469 272
669 1469 388
916 1469 160
1019 1469 107
1057 1469 878
1238 1469 138
1391 1469 182
3 1470 210
60 1470 228
151 1470 149
292 1470 960
453 1470 187
1053 1470 260
37 1471 208
78 1471 159
733 1471 267
814 1471 274
296 1472 160
772 1472 346
1085 1472 287
1269 1472 206
341 1473 154
559 1473 951
666 1473 319
844 1473 335
1208 1473 197
1375 1473 163
1395 1473 190
1467 1473 334
534 1474 292
672 1474 127
723 1474 147
861 1474 156
1002 1474 685
1321 1474 216
52 1475 242
61 1475 712
89 1475 273
138 1475 201
1129 1475 291
1397 1475 273
1472 1475 131
120 1476 318
872 1476 195
957 1476 250
1100 1476 239
1216 1476 693
1398 1476 138
243 1477 247
972 1477 248
1385 1477 158
58 1478 219
129 1478 196
266 1478 274
1276 1478 458
86 1479 213
994 1479 676
1097 1479 128
46 1480 234
93 1480 105
223 1480 292
502 1480 127
1163 1480 247
284 1481 239
297 1481 126
872 1481 251
992 1481 126
1402 1481 142
229 1482 142
428 1482 149
564 1482 321
888 1482 256
1309 1482 117
1343 1482 303
194 1483 338
742 1483 794
1033 1483 714
1087 1483 287
1170 1483 159
1179 1483 193
1261 1483 230
72 1484 186
254 1484 322
346 1484 218
810 1484 998
895 1484 139
912 1484 284
1290 1484 352
326 1485 279
729 1485 217
900 1485 206
998 1485 278
1124 1485 120
1229 1485 214
526 1486 273
884 1486 156
948 1486 228
1001 1486 128
1058 1486 370
1065 1486 199
1278 1486 191
113 1487 238
242 1487 227
408 1487 243
451 1487 263
939 1487 756
1208 1487 229
1327 1487 277
515 1488 314
898 1488 174
1022 1488 135
1402 1488 382
16 1489 197
779 1489 163
977 1489 336
981 1489 163
1186 1489 203
1331 1489 126
205 1490 269
371 1490 301
931 1490 130
1359 1490 207
143 1491 144
561 1491 143
616 1491 241
679 1491 243
801 1491 525
1178 1491 253
344 1492 864
548 1492 244
1264 1492 140
131 1493 920
644 1493 236
832 1493 198
1232 1493 169
66 1494 105
258 1494 722
278 1494 288
941 1494 257
1014 1494 353
1285 1494 262
124 1495 170
424 1495 690
891 1495 483
1141 1495 881
1170 1495 290
1179 1495 206
1303 1495 122
159 1496 284
563 1496 202
589 1496 284
973 1496 192
1216 1496 130
1332 1496 396
276 1497 185
286 1497 142
288 1497 169
942 1497 219
1089 1497 193
1292 1497 584
335 1498 237
932 1498 218
1114 1498 234
1202 1498 925
1273 1498 224
1426 1498 109
256 1499 258
594 1499 144
819 1499 307
1010 1499 149
1297 1499 244
20 1500 718
333 1500 310
419 1500 208
424 1500 163
434 1500 156
891 1500 184
1480 1500 212
