1
0
1
1
1000000
0
0
0
0
1
62 72 444
70 83 205
83 89 141
69 103 312
12 121 430
40 126 280
93 134 139
74 141 213
137 144 143
135 157 830
98 163 477
156 168 521
165 175 284
145 194 213
189 196 677
169 198 861
129 202 364
170 206 291
167 211 779
47 234 154
149 235 223
99 240 334
170 246 272
114 260 263
11 265 583
26 271 494
152 276 766
86 282 483
110 283 346
22 284 264
172 286 394
20 288 177
176 288 265
211 291 949
3 303 798
250 304 415
269 306 180
272 311 930
178 313 292
253 319 188
171 324 279
186 324 421
287 325 314
95 326 356
106 326 197
264 328 564
35 329 216
24 330 401
202 333 284
262 337 886
266 337 331
257 338 802
221 351 245
261 355 242
98 362 312
288 362 171
88 364 132
211 364 441
308 365 145
325 367 266
262 368 719
142 369 721
111 372 104
225 373 635
342 374 510
133 380 286
35 389 692
68 391 386
154 392 427
381 394 164
242 399 452
361 399 285
138 403 374
122 404 111
71 411 309
360 417 259
23 419 295
63 421 374
36 429 208
432 436 174
9 438 291
263 438 572
29 439 862
57 439 294
318 440 406
17 443 222
137 445 450
257 446 215
145 447 615
403 449 239
444 455 113
295 456 403
161 458 136
383 458 354
276 460 752
345 462 150
327 464 294
150 466 122
199 467 382
313 469 419
252 473 271
359 478 324
164 481 358
128 482 405
59 484 130
173 486 314
90 487 355
229 490 755
454 492 566
85 497 474
181 497 523
146 500 272
415 500 132
162 502 936
300 502 571
465 502 431
7 506 208
412 506 207
11 507 136
457 508 162
51 515 172
151 518 220
510 521 318
214 522 422
386 523 333
406 524 142
251 530 800
329 532 704
401 532 868
305 535 513
127 536 118
330 536 258
311 541 414
135 543 992
364 543 337
256 551 138
425 552 685
351 555 613
540 558 185
501 559 142
554 559 442
151 560 160
319 561 221
260 562 589
77 565 235
176 566 318
362 566 929
341 569 469
394 571 214
18 572 969
180 572 235
297 573 223
110 575 584
23 576 107
432 576 761
454 580 611
429 584 224
440 585 739
190 589 197
464 589 593
267 591 451
537 591 184
231 592 356
482 595 190
353 598 907
204 601 299
227 602 245
350 602 211
347 606 375
400 607 219
361 608 399
497 608 788
221 610 151
423 610 227
555 610 562
69 611 111
173 616 801
117 618 688
489 621 278
348 624 399
392 627 609
373 629 103
169 631 397
270 631 359
18 633 195
121 633 148
201 634 303
304 634 192
504 634 351
252 637 119
463 640 153
377 642 187
100 647 298
490 647 972
499 648 316
425 650 458
378 651 216
341 653 246
351 653 172
431 654 250
339 655 200
426 656 283
474 656 395
486 658 434
616 658 133
49 659 207
79 662 228
519 663 522
657 666 252
496 668 141
660 670 362
42 671 603
249 672 484
272 675 379
211 677 215
543 677 273
267 679 534
448 684 214
243 685 459
268 685 295
612 685 276
92 693 124
118 693 344
19 698 638
251 699 528
483 701 296
234 703 113
542 706 605
696 706 458
573 707 545
112 708 406
593 709 434
207 710 407
475 712 329
494 712 472
704 713 199
146 714 223
363 715 260
657 715 184
30 716 291
687 716 168
514 717 536
170 718 424
43 719 436
601 719 850
219 722 247
463 723 107
37 724 613
255 725 394
290 725 327
270 726 232
140 727 960
663 733 646
480 735 394
485 736 176
169 737 936
366 738 461
381 743 284
571 743 562
569 744 782
298 746 267
598 746 126
285 748 632
448 750 268
549 750 616
680 751 363
56 752 131
472 756 459
521 757 115
117 758 127
24 759 387
751 760 561
221 761 138
371 762 262
512 764 882
355 766 270
240 767 294
695 767 134
538 769 104
63 770 248
436 770 548
576 770 390
247 771 463
52 772 470
57 772 863
320 772 169
177 775 384
19 776 285
538 778 445
604 778 933
41 782 286
530 782 480
674 782 740
699 782 340
506 784 224
12 785 259
660 787 655
574 788 276
414 791 275
479 791 155
441 792 117
688 793 176
297 795 207
673 796 100
402 797 436
513 797 326
239 799 409
308 799 179
315 800 300
464 800 154
754 800 116
308 801 429
749 803 101
142 805 403
759 806 153
456 808 344
624 812 147
179 813 450
311 814 861
643 816 287
207 817 258
315 818 106
84 819 248
21 821 329
105 822 205
639 823 741
306 825 879
754 825 635
163 826 896
669 826 314
544 827 174
580 830 177
633 830 436
295 831 118
537 835 629
133 837 506
829 837 326
370 838 439
326 839 300
656 840 282
734 840 446
745 840 717
749 841 209
70 842 394
463 842 375
696 843 327
313 844 251
322 845 517
638 848 174
187 849 651
74 850 127
162 850 104
542 851 187
777 851 148
120 852 841
595 853 669
203 854 519
559 855 349
332 859 781
417 859 140
529 859 197
755 860 247
166 862 677
6 863 121
179 864 109
386 864 274
358 865 343
193 866 580
605 866 529
190 867 193
570 868 420
763 870 761
344 871 595
499 871 679
230 873 188
735 873 191
50 875 685
63 875 217
436 875 418
178 876 217
180 876 743
216 876 719
484 877 244
60 878 269
600 879 132
370 880 573
208 884 127
561 885 253
262 887 196
525 887 389
80 888 453
25 889 473
380 890 752
832 890 270
578 891 289
466 892 190
74 893 118
98 894 482
347 895 496
570 895 381
400 896 989
269 897 283
825 897 113
124 899 279
358 899 185
158 900 279
471 901 510
4 903 528
103 903 755
611 904 502
176 905 534
316 906 383
333 906 665
453 907 277
534 908 569
26 910 378
909 910 167
650 912 782
563 913 317
907 913 505
773 914 540
65 917 332
463 919 325
239 920 253
244 922 308
898 922 348
754 923 771
427 925 148
240 927 234
232 929 244
152 931 420
220 931 186
339 931 762
773 932 284
860 934 260
335 940 137
196 941 636
564 942 247
12 943 420
344 945 186
168 948 772
317 951 819
240 952 573
695 952 110
398 953 112
649 954 183
501 955 275
924 956 182
221 957 224
569 958 261
653 958 173
942 958 337
381 960 231
358 962 483
166 967 905
238 967 111
294 968 146
628 969 351
261 970 650
874 970 141
291 972 590
673 972 395
592 973 293
910 973 550
18 974 538
75 974 309
50 975 166
436 975 265
713 976 471
434 977 213
601 978 163
340 980 203
321 985 708
437 985 557
764 986 477
332 987 547
417 987 152
337 989 165
368 989 283
648 989 507
98 991 761
566 991 338
826 991 149
957 992 142
129 993 296
366 993 585
394 994 141
903 994 718
697 995 281
706 997 422
46 999 146
226 999 604
173 1000 382
628 1000 711
101 1001 112
235 1001 163
112 1002 605
827 1002 130
847 1003 514
134 1005 126
231 1006 475
888 1006 503
30 1008 171
904 1010 505
795 1012 408
363 1013 309
458 1014 536
254 1015 416
934 1016 134
950 1017 132
199 1018 665
286 1019 554
771 1022 304
302 1023 740
23 1024 109
692 1024 328
14 1026 385
20 1026 531
292 1029 300
1002 1030 347
376 1031 349
503 1031 288
334 1033 663
139 1034 164
8 1035 273
774 1036 552
60 1037 606
481 1038 604
393 1039 214
493 1039 291
524 1040 387
248 1046 469
181 1047 462
608 1047 253
37 1048 785
93 1050 538
596 1050 219
614 1051 424
643 1052 286
775 1053 400
748 1056 224
630 1060 243
560 1062 653
762 1062 665
786 1063 978
507 1064 224
666 1064 600
340 1065 511
143 1066 171
209 1066 542
487 1066 878
400 1068 455
952 1069 272
130 1070 336
107 1071 152
502 1074 200
850 1074 204
130 1075 441
725 1076 402
849 1076 217
246 1080 473
66 1082 157
476 1083 136
578 1084 554
817 1084 256
449 1085 259
488 1085 267
141 1087 100
312 1087 231
850 1087 383
314 1088 590
867 1088 653
205 1090 171
1003 1090 274
520 1092 398
1009 1093 472
33 1094 866
220 1094 249
564 1097 407
694 1097 685
709 1097 248
243 1098 702
998 1098 521
690 1099 372
34 1100 163
1072 1100 462
818 1105 163
341 1106 430
744 1106 919
935 1107 279
736 1109 411
897 1110 489
949 1110 570
121 1111 574
726 1111 196
830 1111 928
943 1111 387
105 1113 234
599 1113 491
1004 1113 230
520 1114 415
662 1114 376
25 1117 926
447 1118 383
790 1118 373
694 1119 300
546 1121 289
264 1122 199
382 1123 103
824 1123 227
196 1124 190
147 1125 147
938 1125 596
963 1126 580
571 1128 199
994 1128 422
316 1129 435
1130 1132 455
853 1133 430
245 1135 930
533 1136 143
87 1138 491
734 1138 583
745 1138 521
709 1139 239
514 1141 579
1071 1141 400
1093 1142 228
125 1143 946
670 1144 433
787 1144 945
523 1145 541
393 1146 907
361 1148 413
497 1148 224
1120 1149 190
344 1151 392
742 1151 954
1011 1154 423
690 1156 608
1149 1156 253
334 1157 200
1079 1157 393
909 1159 415
796 1161 167
928 1162 153
932 1164 982
1147 1164 499
695 1168 631
1032 1168 176
554 1169 179
707 1169 555
89 1170 190
1152 1170 553
1034 1171 554
963 1172 433
303 1173 317
424 1173 347
684 1174 225
844 1174 549
760 1175 156
254 1176 105
556 1177 111
839 1177 512
614 1178 596
1175 1178 468
1103 1179 553
611 1180 102
867 1180 387
398 1181 223
1038 1181 292
1006 1183 131
1132 1183 189
766 1184 197
889 1185 165
811 1186 762
885 1186 233
15 1187 166
939 1188 202
374 1189 743
1044 1189 255
916 1190 184
856 1191 170
1086 1191 588
87 1192 530
745 1192 484
937 1192 442
621 1194 332
53 1195 182
500 1195 315
714 1195 201
239 1196 467
644 1196 749
616 1197 126
826 1198 295
1070 1198 733
574 1199 662
1138 1199 664
257 1200 479
711 1201 842
685 1203 382
882 1203 238
1053 1203 685
488 1205 327
741 1206 381
448 1207 278
1174 1207 297
786 1208 179
391 1210 366
680 1211 655
416 1213 407
755 1213 345
197 1215 491
992 1215 297
56 1216 255
651 1216 182
109 1217 233
728 1218 639
337 1219 188
648 1219 810
871 1219 342
937 1220 286
531 1221 301
88 1222 109
157 1222 207
543 1222 215
971 1222 254
922 1223 535
146 1225 929
415 1225 353
918 1225 233
1112 1226 706
583 1227 483
1108 1227 501
140 1228 397
602 1228 421
281 1229 302
527 1229 970
92 1230 521
369 1230 643
483 1231 371
528 1232 219
987 1232 375
11 1234 397
267 1235 341
537 1235 347
678 1235 544
22 1236 156
206 1236 297
919 1237 288
455 1238 444
1121 1239 747
1163 1239 316
27 1240 417
1012 1241 199
486 1243 151
929 1243 183
1000 1243 165
405 1247 156
1230 1249 130
286 1253 452
1115 1253 823
257 1254 190
163 1257 549
894 1257 207
912 1257 320
1118 1258 116
860 1259 180
1016 1259 103
1216 1259 173
273 1260 879
661 1260 276
891 1260 456
1059 1260 651
192 1261 554
298 1263 292
1194 1263 328
1168 1264 847
528 1265 375
1142 1265 229
548 1266 137
567 1267 352
637 1268 119
282 1269 717
260 1270 192
1248 1273 488
1255 1274 324
858 1275 524
1209 1275 351
104 1276 752
283 1280 287
801 1280 530
3 1281 344
608 1281 298
150 1282 282
312 1282 142
1172 1284 158
406 1285 310
368 1287 294
395 1287 289
1057 1289 398
403 1290 675
788 1291 344
1139 1292 404
983 1293 405
918 1294 391
1109 1294 358
1075 1295 760
636 1297 988
313 1298 596
922 1298 423
579 1299 311
1092 1299 611
504 1300 319
564 1301 460
709 1301 155
83 1303 683
1179 1304 387
147 1305 122
215 1306 435
293 1306 352
1037 1307 304
1306 1310 266
517 1313 735
670 1313 135
541 1314 230
814 1314 131
640 1315 396
723 1315 324
902 1316 249
31 1318 317
168 1318 107
289 1318 105
70 1319 870
188 1319 251
1068 1319 163
1303 1319 442
1190 1320 635
643 1321 426
123 1322 100
1221 1324 421
411 1325 559
102 1328 549
399 1328 385
418 1328 309
1148 1328 662
795 1329 106
921 1330 439
306 1332 376
413 1332 398
1105 1332 219
597 1333 230
655 1333 124
1009 1334 353
260 1335 299
1223 1336 227
552 1337 132
525 1338 287
560 1338 266
762 1338 137
431 1340 795
99 1341 153
952 1341 168
588 1342 306
1221 1342 448
356 1343 611
107 1344 882
863 1344 470
46 1345 527
325 1346 154
203 1347 781
340 1347 682
982 1348 464
472 1349 426
478 1350 314
766 1350 202
1322 1351 746
1343 1351 556
454 1352 450
726 1352 537
830 1352 773
89 1353 222
1303 1353 906
808 1354 609
1308 1354 525
349 1355 418
1246 1355 286
1093 1356 300
362 1357 379
894 1357 130
1045 1357 533
365 1359 143
801 1359 323
15 1360 253
17 1361 669
1271 1361 371
1343 1361 467
566 1362 366
905 1362 687
440 1363 444
707 1363 715
409 1364 334
769 1364 275
921 1365 308
131 1366 189
244 1367 253
898 1367 390
901 1367 169
1317 1369 639
1231 1370 394
892 1371 318
335 1372 174
469 1372 423
684 1372 455
844 1372 237
594 1374 959
703 1374 946
494 1375 440
125 1377 524
939 1377 233
757 1378 528
46 1379 168
561 1380 203
245 1381 113
540 1382 353
1358 1382 653
851 1384 379
582 1385 375
990 1385 150
1245 1385 197
258 1386 495
478 1386 279
526 1386 896
1178 1387 851
918 1388 948
585 1389 452
808 1389 449
310 1390 311
591 1390 200
835 1390 872
164 1391 414
1171 1392 301
224 1393 724
565 1395 104
29 1396 254
614 1396 197
1269 1397 192
1341 1399 863
926 1400 932
743 1402 408
960 1402 451
909 1403 356
761 1404 608
957 1404 900
525 1406 468
762 1406 160
117 1407 593
517 1407 557
462 1408 404
1141 1408 102
964 1409 266
556 1411 247
199 1412 409
392 1412 513
719 1414 223
978 1414 573
1155 1414 578
310 1415 126
983 1415 526
214 1416 216
484 1416 559
301 1418 631
960 1418 358
1392 1419 247
1042 1421 305
204 1422 206
600 1422 577
185 1424 426
242 1425 179
1265 1425 320
316 1426 374
333 1426 637
152 1427 406
220 1427 183
1047 1428 240
1281 1428 280
270 1429 560
696 1429 137
997 1429 261
396 1430 355
906 1430 430
336 1432 447
1022 1432 271
366 1433 159
429 1434 269
926 1434 524
522 1436 294
50 1437 251
1272 1437 171
781 1438 300
624 1439 391
749 1439 457
1063 1439 298
139 1440 975
183 1441 796
1368 1441 889
275 1442 222
375 1444 492
744 1444 415
1033 1446 113
295 1449 120
213 1450 114
606 1450 503
895 1450 748
27 1451 406
293 1451 189
1391 1454 705
848 1455 893
198 1456 164
943 1456 166
122 1458 117
536 1458 225
798 1458 817
331 1459 518
1448 1460 341
596 1461 104
625 1462 116
72 1463 392
412 1464 330
626 1464 301
784 1464 373
347 1466 469
544 1466 229
724 1467 639
1048 1467 746
664 1469 340
868 1469 365
309 1470 297
884 1471 479
1102 1471 248
936 1472 490
1292 1472 218
228 1473 134
1420 1473 397
85 1475 483
687 1475 387
914 1476 708
932 1476 399
1327 1477 137
420 1478 235
1187 1478 273
1364 1478 460
974 1479 301
1464 1480 416
147 1481 148
938 1481 307
1314 1481 149
604 1483 704
680 1483 738
760 1483 410
1144 1486 218
10 1487 220
274 1487 631
881 1488 202
1240 1490 177
299 1491 299
165 1492 668
142 1494 175
480 1495 386
873 1495 189
1169 1496 346
1220 1496 674
1363 1496 402
559 1497 719
1169 1497 212
1220 1497 293
746 1498 518
615 1499 234
879 1499 364
1422 1499 272
528 1500 166
1142 1500 399
570 1501 206
1469 1501 192
845 1502 227
321 1503 500
944 1503 145
1305 1504 304
1337 1504 264
1057 1505 108
1471 1505 549
1045 1507 251
255 1508 720
724 1508 247
845 1508 391
669 1509 163
776 1509 249
1198 1509 229
618 1510 257
752 1510 393
505 1511 135
1020 1513 561
1436 1514 340
1475 1514 627
1005 1516 546
916 1517 521
268 1518 148
59 1519 273
549 1519 200
730 1519 594
1416 1519 235
42 1522 240
300 1523 884
1074 1523 178
167 1524 127
364 1524 369
534 1525 737
1188 1525 321
187 1526 894
930 1526 472
1076 1526 842
109 1527 512
408 1528 957
822 1528 506
1374 1528 237
672 1529 129
948 1529 671
664 1530 113
1323 1530 336
557 1531 861
618 1532 402
1407 1532 208
607 1533 470
684 1534 610
1460 1536 626
301 1537 494
723 1537 271
243 1538 912
612 1538 395
699 1538 348
1288 1539 667
227 1540 132
280 1540 579
1288 1544 442
1373 1544 556
1041 1545 236
558 1546 810
1494 1546 497
425 1548 219
894 1548 225
912 1548 274
1045 1548 180
1246 1549 628
77 1550 254
911 1550 255
1274 1550 139
514 1551 118
1071 1551 146
1189 1552 581
242 1553 346
1265 1553 307
171 1554 279
269 1555 365
1110 1555 800
855 1557 345
1497 1557 885
499 1558 174
368 1559 270
395 1559 266
887 1559 659
600 1560 949
156 1561 151
384 1561 660
948 1561 777
1381 1561 142
558 1562 874
908 1562 470
1256 1562 134
1494 1562 475
495 1564 916
300 1566 846
465 1566 346
911 1566 288
843 1567 745
1417 1567 102
1565 1567 506
953 1568 432
1547 1570 194
509 1571 515
311 1572 416
675 1572 252
769 1573 673
778 1573 582
1478 1573 424
270 1574 235
492 1574 662
997 1574 737
1352 1574 524
110 1576 491
644 1576 131
1167 1576 288
1280 1576 689
688 1577 477
302 1578 131
1443 1579 210
302 1580 597
287 1582 459
1327 1582 136
1346 1582 182
735 1583 301
1051 1583 960
1 1584 366
283 1584 248
801 1584 844
398 1585 836
1568 1585 439
309 1586 533
1238 1586 364
184 1587 306
38 1588 690
1010 1588 416
114 1589 216
228 1589 218
1335 1589 105
1340 1589 354
651 1592 554
1259 1592 321
99 1594 325
714 1594 322
927 1594 230
7 1595 805
332 1595 214
784 1595 270
1232 1595 181
141 1596 362
312 1596 189
36 1597 168
207 1597 542
584 1597 115
1084 1597 552
13 1598 272
681 1598 639
41 1599 340
692 1599 531
1249 1599 812
949 1600 116
459 1601 277
968 1602 340
1286 1602 748
1490 1602 232
106 1603 221
249 1603 235
823 1603 902
213 1604 885
606 1604 105
938 1604 119
75 1605 257
1479 1605 314
1324 1606 490
135 1607 550
352 1607 490
293 1608 381
1310 1608 153
1453 1608 446
210 1609 786
775 1610 207
217 1612 117
615 1612 641
1502 1612 261
516 1613 515
1380 1613 600
310 1614 176
591 1614 170
679 1614 558
983 1614 183
285 1615 438
501 1615 696
554 1615 333
327 1616 484
589 1616 279
700 1616 373
1384 1616 360
359 1617 155
682 1617 664
253 1618 207
355 1618 295
1184 1618 494
936 1619 368
1292 1619 544
20 1623 200
176 1623 317
1485 1624 159
349 1625 193
623 1625 114
185 1626 947
1297 1626 240
794 1627 505
1131 1627 736
379 1628 463
443 1628 201
946 1628 306
109 1629 319
949 1629 375
1061 1629 960
781 1630 103
111 1631 116
115 1633 273
284 1633 545
1001 1634 118
4 1635 766
54 1635 449
250 1637 132
568 1638 620
582 1638 713
249 1639 620
823 1639 771
1529 1639 316
243 1640 558
674 1640 623
699 1640 535
998 1640 437
298 1641 143
1498 1641 291
717 1642 906
1207 1643 117
1634 1643 258
576 1644 152
1024 1644 119
1599 1644 314
882 1645 748
1267 1645 895
225 1646 313
1244 1646 222
1462 1647 268
635 1648 214
1212 1648 787
555 1649 372
653 1649 225
461 1650 325
1378 1650 324
982 1651 469
64 1652 815
80 1652 857
470 1653 151
48 1654 161
652 1654 166
3 1655 501
1428 1655 377
713 1656 345
771 1658 219
1432 1658 201
8 1659 191
796 1659 128
1394 1661 537
471 1662 334
1307 1662 173
1367 1662 103
877 1663 560
1605 1663 217
1391 1664 314
1585 1664 979
642 1665 384
1320 1665 552
343 1666 950
1294 1668 451
1388 1668 268
1555 1669 441
1657 1671 207
476 1672 468
380 1673 153
837 1673 463
33 1674 590
154 1674 100
721 1675 315
1613 1675 521
205 1676 171
956 1676 385
1182 1676 251
1545 1676 521
1102 1677 496
1289 1677 423
1505 1677 547
718 1680 322
63 1681 272
1173 1682 585
1356 1682 693
995 1683 224
1200 1684 497
51 1685 221
134 1685 173
1050 1685 500
1073 1686 474
1333 1686 461
588 1688 281
1633 1688 163
1588 1689 276
38 1691 168
492 1691 532
777 1691 450
96 1692 134
450 1692 337
731 1692 264
1632 1693 740
367 1695 233
757 1696 355
1273 1696 758
614 1698 109
1387 1698 516
51 1699 739
1050 1699 911
1461 1699 399
1273 1701 271
568 1702 691
708 1702 364
31 1703 500
1253 1704 188
120 1705 788
1279 1705 641
1310 1706 546
1379 1706 195
1560 1706 455
203 1707 271
917 1707 221
742 1708 558
1493 1708 217
1558 1709 404
256 1710 312
727 1710 225
834 1711 139
1398 1711 133
1067 1712 201
896 1713 150
884 1714 537
85 1715 352
181 1715 876
1514 1715 422
681 1716 257
247 1717 261
1491 1717 228
1421 1718 127
1465 1718 307
494 1720 242
12 1722 238
944 1722 364
1456 1722 128
1040 1724 414
1121 1724 735
804 1727 107
1120 1728 129
1698 1728 521
343 1729 640
519 1729 739
1632 1730 758
1163 1731 417
65 1732 148
1537 1732 668
398 1734 315
1674 1734 106
179 1735 162
220 1735 289
980 1736 248
1065 1736 350
173 1737 425
628 1737 875
1197 1737 331
423 1738 107
955 1738 366
1251 1738 491
1277 1738 432
1012 1739 809
1329 1739 465
1449 1739 417
290 1740 291
1076 1740 192
1145 1741 296
1726 1742 215
144 1743 489
218 1743 472
966 1743 129
1063 1745 219
1648 1745 322
978 1746 349
667 1747 373
1054 1747 920
1377 1747 242
495 1748 154
110 1749 151
1167 1749 194
223 1750 145
676 1750 510
1417 1750 420
1565 1750 187
1141 1751 293
30 1752 348
877 1752 431
1093 1753 140
1334 1753 321
1480 1753 223
1500 1753 386
950 1754 147
1533 1754 248
265 1755 441
441 1755 427
969 1755 198
736 1756 276
1294 1756 110
965 1757 930
294 1759 171
78 1760 463
1166 1761 306
1410 1761 490
1580 1762 107
1196 1763 837
456 1764 285
831 1764 536
1354 1764 447
122 1765 578
798 1765 736
34 1767 514
1174 1769 119
1336 1769 194
1643 1769 596
410 1771 236
1542 1771 420
1746 1771 656
509 1772 195
683 1772 189
1375 1772 370
729 1773 342
666 1774 626
1737 1774 371
39 1775 232
1333 1775 808
533 1776 110
1473 1777 221
55 1778 161
356 1778 204
1137 1779 721
279 1780 176
1026 1780 138
1623 1780 417
241 1781 108
405 1781 202
597 1781 599
384 1782 178
639 1782 302
948 1782 358
1639 1782 307
1397 1784 219
1408 1784 202
1751 1784 615
477 1785 220
861 1785 235
1300 1785 170
1345 1786 565
1535 1786 759
1665 1787 271
314 1788 422
818 1788 422
867 1788 996
108 1790 206
626 1790 182
1334 1790 353
1480 1790 681
273 1791 801
1360 1791 201
39 1792 363
460 1792 160
1069 1792 260
238 1793 111
439 1794 386
1051 1794 377
1396 1794 186
1418 1796 204
1537 1796 725
1504 1797 905
721 1799 356
7 1800 287
829 1801 221
1673 1801 277
1701 1802 161
208 1803 649
1471 1803 281
462 1804 352
1269 1804 372
1784 1804 267
811 1805 148
959 1805 739
276 1806 349
1038 1806 277
1427 1806 587
939 1807 273
1747 1807 285
721 1808 209
1613 1808 580
208 1811 131
990 1811 487
1245 1811 181
1714 1811 370
953 1812 639
1018 1812 201
1734 1812 401
1032 1813 801
1264 1813 537
255 1814 450
724 1814 807
1080 1815 142
345 1816 694
514 1816 339
1408 1816 218
1642 1816 457
75 1817 250
469 1817 296
1312 1818 147
1057 1819 484
1530 1819 815
387 1820 467
1741 1820 491
623 1821 215
747 1821 488
34 1823 124
284 1823 519
1072 1823 330
672 1824 301
1703 1824 342
401 1825 631
988 1825 613
828 1826 110
1717 1826 450
1110 1827 397
1600 1827 111
786 1828 907
809 1829 241
1077 1829 556
127 1830 325
330 1830 680
940 1831 712
223 1832 321
1565 1832 651
1725 1832 256
480 1833 460
1025 1833 318
1296 1833 556
57 1834 567
320 1834 337
1096 1836 643
36 1837 418
336 1837 271
661 1837 326
1104 1838 192
836 1841 204
1420 1841 127
1773 1841 574
22 1842 595
1633 1842 436
1694 1843 237
320 1844 274
908 1845 156
1256 1845 133
1525 1845 420
1719 1846 236
753 1847 325
1581 1847 422
419 1850 506
160 1851 376
1095 1851 548
622 1852 813
1636 1852 626
1593 1853 215
1758 1853 196
1067 1854 657
594 1855 220
972 1856 181
1757 1856 390
1766 1857 209
833 1858 248
1274 1858 285
233 1859 102
277 1859 222
142 1860 209
693 1860 111
1230 1860 546
1546 1860 457
732 1861 115
1339 1861 105
371 1862 433
1062 1862 192
1375 1863 616
1720 1863 287
481 1865 173
1181 1865 132
1391 1865 190
1585 1865 234
701 1866 358
172 1868 686
390 1869 180
1078 1871 713
112 1872 912
1101 1872 210
366 1873 539
1620 1874 199
69 1875 735
815 1875 107
903 1875 315
1128 1875 456
1017 1877 304
1660 1877 273
1719 1877 319
245 1878 369
627 1879 119
691 1879 273
1412 1879 872
1541 1880 249
1138 1882 390
1221 1882 219
857 1883 720
1716 1884 184
870 1885 392
350 1886 656
515 1886 575
1155 1887 136
1244 1888 280
314 1889 532
461 1889 546
272 1890 231
1642 1890 312
81 1891 185
1337 1892 636
1797 1892 302
836 1893 371
1420 1893 706
1777 1893 171
178 1894 231
180 1894 928
469 1894 304
584 1895 152
675 1895 831
1434 1895 614
1890 1895 345
870 1896 777
130 1897 327
698 1897 511
355 1899 377
1350 1899 706
1386 1899 982
1694 1900 506
375 1901 161
54 1902 161
60 1902 168
1307 1902 230
586 1903 699
1359 1903 188
1682 1904 415
1237 1905 948
324 1906 133
1517 1906 103
444 1907 750
668 1907 242
53 1908 933
1454 1908 255
415 1909 161
918 1909 111
1756 1909 132
490 1910 550
773 1910 919
809 1911 548
1387 1911 166
1728 1911 161
120 1912 677
476 1913 158
1017 1913 241
1754 1913 541
87 1914 191
531 1914 221
1488 1914 177
1882 1914 174
405 1915 302
597 1915 302
1686 1915 882
631 1916 586
737 1916 387
1429 1916 369
738 1918 388
1433 1918 653
1900 1919 409
276 1921 323
1399 1921 501
104 1922 409
25 1923 503
731 1924 141
794 1924 278
108 1925 724
143 1925 342
626 1925 759
56 1926 968
651 1926 163
1073 1927 753
1247 1927 626
1679 1927 320
1915 1927 677
1540 1928 255
197 1929 352
1106 1929 871
1444 1929 405
1901 1929 951
310 1930 181
1678 1930 666
506 1931 256
1800 1931 110
1423 1932 633
116 1933 412
258 1933 101
526 1933 116
1571 1933 465
250 1934 282
1371 1934 226
1617 1936 334
1541 1938 277
864 1940 296
931 1940 322
1735 1940 836
617 1941 715
996 1941 305
1773 1941 589
429 1942 296
926 1942 638
1837 1942 103
700 1943 504
427 1944 515
363 1945 231
657 1945 202
1064 1945 376
669 1946 436
991 1946 643
1362 1946 755
1556 1946 581
844 1947 198
1223 1947 187
1298 1947 636
1769 1947 673
246 1948 396
718 1948 830
945 1949 208
1543 1949 383
303 1950 777
424 1950 761
1655 1950 509
296 1951 144
353 1952 553
858 1952 100
1270 1953 319
1482 1953 513
1809 1953 219
323 1954 552
1091 1954 141
1607 1954 257
238 1955 508
1373 1956 342
1447 1956 924
565 1958 273
1523 1958 471
129 1960 833
490 1960 497
1066 1961 569
847 1962 253
415 1963 177
149 1964 227
883 1964 323
177 1965 100
685 1965 173
1053 1965 912
1098 1965 282
806 1966 518
1330 1966 447
516 1967 386
885 1967 178
1380 1967 980
39 1968 744
1264 1968 479
715 1969 321
1013 1969 268
1376 1969 181
1419 1969 237
658 1970 131
1035 1970 328
1690 1970 806
562 1971 239
1270 1971 145
1482 1971 533
197 1972 468
992 1972 289
1106 1972 261
742 1973 203
1309 1973 180
768 1974 257
387 1975 238
1741 1975 266
1778 1976 626
471 1977 365
1558 1977 291
86 1979 503
1269 1979 315
1892 1979 123
1797 1980 310
1804 1980 262
1979 1980 111
1046 1982 368
299 1983 682
847 1983 127
59 1984 254
448 1984 276
549 1984 580
1534 1984 167
535 1985 798
872 1986 153
924 1986 553
21 1987 555
621 1987 336
813 1987 180
642 1989 544
1787 1989 794
1939 1989 129
1858 1990 323
171 1991 688
186 1991 222
1885 1991 775
375 1994 271
1188 1994 137
1845 1994 467
301 1995 155
289 1996 648
1730 1996 718
1225 1997 200
1285 1997 878
1388 1997 568
1598 1998 766
679 1999 194
1725 1999 440
253 2000 300
1184 2000 191
427 2001 155
1771 2001 469
508 2002 606
1527 2003 381
1962 2003 104
1156 2004 573
397 2005 542
1370 2005 608
1809 2005 210
1242 2006 149
1862 2006 603
492 2007 770
542 2007 461
777 2007 104
997 2007 689
511 2008 255
1815 2008 398
1696 2009 258
1701 2009 160
1043 2010 242
1495 2010 108
440 2011 347
937 2011 484
1496 2011 179
1015 2012 299
1742 2012 201
247 2013 680
1022 2013 385
1059 2013 250
1826 2013 273
212 2014 190
663 2015 883
205 2016 234
956 2016 992
1978 2017 116
33 2018 506
154 2018 373
1468 2019 421
692 2020 424
1489 2020 261
27 2021 307
215 2021 128
293 2021 757
552 2022 895
650 2022 543
1293 2022 101
1415 2022 642
751 2023 190
1583 2023 255
325 2024 296
1830 2024 509
170 2025 182
1080 2025 157
1536 2026 176
512 2027 573
1657 2027 969
796 2028 120
297 2029 441
1329 2029 367
1389 2029 266
1878 2030 174
182 2031 219
1702 2031 875
765 2032 292
1311 2032 223
1516 2032 891
288 2033 468
1357 2033 936
1507 2033 244
1129 2034 639
1512 2034 372
1556 2034 838
1082 2035 310
613 2036 220
1760 2036 876
505 2037 946
1943 2037 126
230 2038 299
1834 2038 117
1844 2038 595
222 2039 394
933 2039 386
725 2040 371
1526 2040 250
1814 2040 460
51 2041 257
1886 2041 835
155 2042 213
443 2042 235
940 2043 412
29 2044 607
1149 2044 336
229 2045 143
396 2045 691
428 2045 269
1147 2045 277
1605 2046 610
1099 2047 817
1156 2047 145
2044 2047 169
837 2048 801
213 2050 209
434 2050 373
1236 2051 220
1842 2051 285
374 2052 528
738 2052 218
223 2053 122
282 2053 612
1725 2053 621
433 2054 402
667 2054 505
1077 2054 319
1109 2055 466
15 2056 220
828 2056 489
217 2057 121
322 2057 197
1502 2057 280
241 2058 319
874 2058 459
658 2059 539
1690 2059 685
360 2060 291
528 2060 379
987 2060 135
1553 2060 281
1190 2061 565
1517 2061 472
1728 2062 826
101 2063 242
278 2063 335
1634 2063 418
1666 2064 492
404 2065 776
612 2065 627
1203 2065 168
1645 2065 308
504 2066 360
1312 2067 530
869 2068 485
1027 2068 111
1452 2068 235
1043 2070 332
447 2071 803
453 2071 937
681 2071 170
1677 2072 301
1740 2072 782
149 2073 878
1001 2073 455
1336 2073 672
1643 2073 377
1520 2074 168
768 2075 590
798 2075 307
70 2076 951
896 2076 122
1068 2076 140
1967 2077 114
1818 2078 275
2067 2078 413
2041 2079 672
667 2080 578
1054 2080 715
1422 2081 532
1535 2081 368
518 2082 458
893 2082 387
1353 2082 792
708 2083 993
1872 2083 278
652 2084 144
1926 2084 856
2006 2084 148
1445 2085 181
1569 2085 139
281 2086 845
1963 2086 358
423 2087 270
832 2087 390
1251 2087 136
24 2088 465
806 2088 558
1830 2088 204
183 2089 640
1079 2089 704
1904 2089 478
1847 2090 528
649 2091 180
682 2091 142
1768 2091 659
1936 2091 457
1974 2092 182
1090 2093 308
2016 2093 598
1511 2094 214
1190 2095 568
1690 2095 257
81 2097 234
477 2097 297
861 2097 741
1160 2097 396
32 2098 571
827 2099 152
895 2099 117
1466 2099 136
1501 2099 326
2085 2099 680
413 2100 858
1498 2100 390
586 2101 298
1202 2101 360
1681 2101 181
985 2102 272
1008 2102 153
256 2103 216
515 2103 120
1699 2103 361
1085 2104 106
746 2105 577
1669 2105 839
2100 2105 222
1671 2106 668
1957 2106 576
739 2107 765
755 2107 246
1299 2108 510
789 2109 132
1081 2109 921
69 2110 236
815 2110 516
1088 2110 768
1180 2110 425
1154 2112 536
630 2113 590
1056 2113 738
851 2114 981
904 2114 238
92 2115 323
118 2115 100
674 2115 412
998 2115 573
1227 2116 773
1836 2116 516
426 2117 861
840 2117 935
485 2118 166
1891 2118 155
2014 2118 124
249 2119 133
1712 2119 403
546 2120 266
2035 2120 803
705 2121 188
225 2122 623
629 2122 241
748 2123 154
955 2123 444
1251 2123 397
1615 2123 195
255 2124 162
290 2124 456
845 2124 972
14 2125 527
347 2125 563
346 2126 511
1394 2126 323
1924 2126 115
374 2127 158
1044 2127 199
1034 2128 349
1440 2128 814
1112 2129 199
138 2130 429
187 2130 205
930 2130 379
1652 2131 660
294 2132 109
1602 2132 250
642 2133 120
1504 2134 385
1507 2134 402
1247 2135 121
1330 2136 126
1365 2136 211
1695 2136 109
1876 2136 110
128 2137 765
563 2137 767
1055 2138 173
388 2140 149
899 2140 176
1748 2141 200
1796 2141 607
75 2142 259
1663 2142 219
527 2143 574
936 2144 824
1205 2144 521
1473 2145 192
1789 2145 453
318 2146 266
585 2146 136
808 2146 139
499 2147 549
1709 2147 141
2058 2149 285
1136 2150 139
1423 2150 244
1776 2150 595
1199 2151 316
44 2152 890
287 2152 952
1327 2152 400
542 2153 245
700 2153 627
1384 2153 591
820 2154 306
1344 2154 822
1761 2154 909
343 2155 338
720 2155 264
458 2156 126
546 2157 485
501 2158 624
855 2158 428
856 2159 191
1411 2159 930
1201 2160 448
1978 2160 564
522 2161 754
730 2161 614
1416 2161 107
717 2162 564
1434 2162 641
1890 2162 164
66 2163 250
1013 2163 419
2035 2163 113
81 2164 205
281 2164 834
1160 2164 332
262 2165 831
266 2165 144
701 2166 348
925 2166 127
1231 2166 456
1944 2166 248
207 2168 969
584 2168 148
675 2168 729
307 2170 215
467 2170 406
1484 2170 228
1846 2170 174
184 2171 124
822 2171 277
935 2171 165
928 2172 400
2143 2172 251
861 2174 639
1160 2174 365
1443 2174 174
397 2175 134
1777 2175 350
578 2176 240
1025 2176 334
1211 2176 754
1867 2177 166
91 2178 132
118 2178 307
998 2178 249
615 2179 259
879 2179 652
1453 2179 327
1142 2180 362
1356 2180 585
1425 2180 125
509 2181 283
241 2182 123
405 2182 149
2135 2182 889
2149 2182 224
1257 2184 832
980 2185 121
1347 2185 233
144 2186 117
1492 2186 233
898 2187 692
1037 2187 176
1662 2187 328
182 2188 159
1030 2188 222
768 2189 346
798 2189 754
1153 2190 225
1215 2190 448
304 2191 437
1477 2192 840
2092 2192 161
1132 2193 175
1667 2193 632
1413 2194 345
301 2195 341
960 2195 330
968 2197 318
1286 2197 235
2117 2197 249
1861 2198 212
1983 2198 582
338 2199 330
446 2199 266
145 2201 803
854 2202 435
1214 2202 212
1347 2202 605
314 2203 249
461 2203 285
818 2203 246
495 2204 477
1402 2204 475
1418 2204 652
2141 2204 166
112 2205 504
182 2205 146
1030 2205 199
1702 2205 442
338 2206 452
883 2206 119
1254 2206 644
1959 2206 693
2050 2207 105
1543 2208 779
77 2209 471
1395 2209 849
1046 2210 748
1647 2211 203
1165 2212 118
174 2213 237
1294 2213 689
1981 2213 409
789 2214 339
342 2215 790
1776 2215 237
616 2216 667
2059 2216 254
1130 2217 173
363 2218 159
2163 2218 157
834 2219 204
2019 2219 247
731 2220 304
1233 2220 626
1697 2220 658
1366 2221 320
1563 2222 294
1 2223 174
2101 2223 148
862 2224 963
2096 2224 971
2111 2224 209
39 2225 243
695 2225 356
1069 2225 403
1264 2225 146
1660 2226 380
1719 2226 116
339 2227 508
1940 2227 408
1829 2228 615
2054 2228 337
2080 2228 369
2020 2229 508
230 2230 269
439 2230 349
1834 2230 817
654 2231 750
1848 2231 103
2221 2232 321
510 2233 275
821 2233 271
258 2234 211
478 2234 115
1863 2234 171
603 2235 480
863 2235 108
1511 2235 430
2037 2235 378
751 2236 188
1025 2236 174
1211 2236 245
551 2237 466
1140 2237 697
1710 2237 561
1195 2238 216
21 2239 701
621 2239 968
1263 2239 101
2233 2239 126
734 2240 116
1324 2240 211
1882 2240 586
1822 2241 182
1034 2242 925
784 2243 313
1232 2243 200
1480 2243 342
1500 2243 966
1666 2244 132
571 2245 642
1248 2245 515
419 2246 429
729 2247 394
1512 2247 491
1941 2247 480
527 2248 390
1443 2248 321
381 2249 465
2195 2249 405
1211 2250 115
1791 2250 357
179 2251 463
386 2251 784
489 2251 608
1987 2251 202
1745 2252 537
1839 2252 535
925 2253 256
1231 2253 386
2019 2254 408
753 2255 755
1544 2255 185
814 2256 469
1481 2256 450
1604 2256 586
446 2257 312
1200 2257 346
2093 2258 316
763 2259 309
1617 2259 205
250 2260 735
2191 2260 803
157 2261 705
971 2261 190
1007 2261 795
58 2262 336
1089 2262 386
1492 2262 153
540 2263 195
1358 2263 740
1611 2264 593
1866 2264 417
356 2265 434
807 2265 344
1798 2265 561
1322 2266 465
984 2267 164
1158 2267 133
1295 2267 211
202 2268 244
993 2268 758
1552 2268 636
586 2269 377
1359 2269 153
1584 2269 444
2223 2269 135
1075 2270 128
1897 2270 639
389 2271 171
1165 2271 258
517 2272 771
670 2272 148
1532 2272 102
385 2273 109
1670 2274 363
1684 2274 490
2208 2274 266
244 2275 349
1223 2275 674
1493 2275 599
307 2276 483
1564 2276 279
1802 2276 501
1462 2277 419
188 2278 103
1596 2278 308
8 2279 363
486 2279 319
929 2279 499
1970 2279 139
202 2280 107
1426 2280 983
1552 2280 628
562 2281 909
1335 2281 182
753 2282 349
2090 2282 684
1125 2283 276
1305 2283 265
2134 2283 325
44 2284 813
127 2284 762
1458 2284 252
2189 2284 246
819 2285 192
1881 2285 173
1716 2286 527
2038 2287 366
33 2288 380
1181 2288 298
1734 2288 487
234 2289 465
191 2290 607
1208 2290 805
1393 2290 143
1305 2291 203
1797 2291 227
1800 2293 285
1122 2294 299
664 2295 394
1304 2295 428
1366 2296 560
366 2297 284
1189 2297 288
2052 2297 111
2268 2297 202
819 2298 485
1135 2298 111
1539 2299 604
2190 2299 176
395 2300 691
1315 2300 150
280 2301 171
581 2301 234
1161 2301 538
1928 2301 624
1759 2303 306
1315 2304 472
1537 2304 215
1995 2304 503
1736 2305 273
1048 2306 210
1451 2306 682
1608 2306 443
204 2307 550
719 2307 189
2081 2307 183
88 2308 805
317 2308 104
971 2308 561
17 2309 267
148 2309 423
2098 2309 791
86 2310 509
1293 2310 262
2053 2310 262
1323 2311 363
2287 2311 595
1182 2312 330
1545 2312 104
254 2313 280
357 2314 270
1606 2314 198
1744 2314 242
558 2316 910
1256 2316 143
2263 2316 196
833 2317 372
1016 2317 487
1990 2317 380
794 2318 118
1937 2318 135
758 2319 489
1213 2319 356
2107 2319 754
49 2320 143
866 2320 287
1398 2320 259
641 2321 263
1431 2321 263
1988 2321 127
538 2322 159
2080 2322 136
268 2323 184
622 2323 228
1756 2323 528
126 2324 869
1732 2324 190
1345 2325 155
1379 2325 151
1560 2325 672
190 2326 256
904 2326 400
1180 2326 753
2285 2327 189
564 2328 299
694 2328 612
958 2328 374
1649 2328 769
2026 2329 421
1669 2330 368
396 2331 141
428 2331 335
1789 2331 111
1073 2332 573
1679 2332 663
1820 2332 455
833 2333 146
1843 2333 749
1020 2334 178
365 2335 164
854 2335 211
1214 2335 344
1903 2335 680
513 2336 831
1626 2337 232
309 2338 203
125 2339 751
939 2339 269
1525 2339 532
86 2340 884
552 2340 117
1293 2340 139
1892 2340 601
84 2341 107
1052 2341 271
2285 2341 941
759 2342 313
1489 2342 454
1966 2342 715
2229 2342 286
739 2343 854
1442 2343 324
85 2344 203
418 2344 939
687 2344 993
1148 2344 151
113 2345 223
1801 2345 152
1014 2346 788
1533 2346 706
89 2347 228
151 2347 547
1152 2347 331
2082 2347 238
61 2349 261
1217 2349 112
1658 2349 281
1653 2350 411
1601 2351 119
654 2352 446
1335 2352 302
1340 2352 202
1437 2353 504
45 2354 211
1619 2355 570
422 2356 590
961 2356 502
90 2357 270
819 2357 112
1135 2357 927
2327 2357 102
266 2358 155
344 2358 245
1219 2358 607
1949 2358 164
1 2359 116
283 2359 439
575 2359 910
1272 2359 159
683 2360 289
712 2360 141
1375 2360 115
404 2361 383
567 2361 325
1645 2361 740
1765 2361 176
161 2362 212
201 2362 550
2156 2362 501
125 2363 305
538 2364 282
289 2365 523
646 2365 347
1730 2365 699
811 2366 528
885 2366 275
2077 2366 286
1836 2367 862
3 2368 235
1425 2368 378
1695 2369 128
1876 2369 131
78 2370 536
563 2370 353
1349 2370 133
38 2371 157
777 2371 459
1010 2371 317
2114 2371 396
647 2372 514
1433 2372 238
2159 2372 502
454 2373 244
1691 2373 608
882 2374 340
1053 2374 460
1610 2374 222
1810 2374 876
1126 2375 209
84 2376 161
620 2376 244
1052 2376 237
1321 2376 326
466 2377 919
1282 2377 395
14 2378 189
1125 2378 384
537 2379 103
1007 2380 393
1311 2380 782
290 2381 254
1102 2381 211
2072 2381 205
400 2382 375
950 2382 528
1533 2382 190
1713 2382 230
122 2383 655
536 2383 292
655 2384 398
1686 2384 219
2227 2384 217
954 2385 140
1770 2385 857
2246 2385 232
94 2386 155
587 2386 197
421 2387 153
475 2387 300
1850 2387 125
927 2388 228
1285 2388 239
1283 2390 691
548 2391 101
1570 2391 833
2036 2391 117
346 2392 487
2214 2392 411
413 2393 943
1498 2393 296
1650 2393 286
426 2394 455
2104 2394 408
2197 2394 591
988 2395 101
230 2396 257
1495 2396 274
2287 2396 440
2 2397 113
1632 2397 203
1996 2397 239
52 2398 130
320 2398 333
920 2399 525
1196 2399 107
1787 2400 277
1896 2400 498
1917 2400 167
1939 2400 177
135 2401 293
352 2401 313
677 2401 130
2028 2401 305
638 2402 405
441 2403 147
969 2403 378
1000 2403 828
678 2405 273
460 2406 321
1069 2406 744
1341 2406 579
1921 2406 204
73 2407 150
1874 2407 141
2232 2407 279
1155 2408 251
1866 2408 662
2188 2409 581
2295 2409 514
101 2410 980
235 2410 770
496 2411 524
253 2412 225
561 2412 274
1186 2412 744
618 2415 358
752 2415 619
758 2415 510
2107 2415 209
1411 2416 550
1918 2416 243
2372 2416 686
1566 2417 100
227 2418 200
1228 2418 305
1928 2418 547
2261 2419 143
2380 2419 322
1373 2420 822
1447 2420 627
2255 2420 893
2282 2420 366
533 2421 413
2030 2421 488
665 2422 224
982 2422 238
2012 2422 226
5 2423 294
1351 2423 402
2413 2423 179
409 2424 176
769 2424 159
1054 2424 196
2322 2424 167
474 2425 658
1220 2425 415
1557 2425 617
102 2427 692
360 2427 264
437 2427 229
299 2428 185
847 2428 821
2003 2428 389
1090 2429 181
1339 2429 365
2258 2429 184
14 2430 392
20 2430 546
2033 2430 603
357 2431 401
1744 2431 146
2122 2431 375
158 2432 472
371 2432 358
1406 2432 244
291 2433 291
673 2433 850
677 2433 852
2028 2433 749
1210 2434 144
2270 2434 228
1867 2435 104
2010 2436 724
2311 2436 282
2396 2436 514
349 2437 929
732 2437 221
799 2437 319
920 2437 215
2198 2437 113
1124 2438 190
2404 2438 387
420 2439 768
1187 2439 139
1763 2439 358
2056 2439 131
601 2440 285
1542 2440 510
1746 2440 374
338 2441 455
883 2441 307
342 2442 109
2127 2442 230
27 2443 308
1490 2443 709
2132 2443 463
1057 2444 465
1530 2444 875
2295 2444 358
258 2445 590
1571 2445 691
1772 2445 259
1863 2445 360
935 2446 254
2057 2447 519
547 2448 593
1021 2448 346
1276 2448 112
2039 2449 291
67 2450 254
164 2451 633
1399 2451 301
2238 2451 518
1370 2452 368
1470 2452 452
2253 2452 361
964 2453 684
2411 2453 113
748 2454 497
832 2454 616
1251 2454 599
340 2455 524
739 2455 281
2202 2455 477
43 2456 547
1535 2456 379
2307 2456 207
31 2457 600
289 2457 248
646 2457 323
188 2458 134
1303 2458 892
1596 2458 491
1285 2459 733
1388 2459 134
158 2460 861
2165 2460 347
752 2461 799
860 2461 226
1216 2461 582
2107 2461 244
2379 2462 440
1420 2464 294
2145 2464 137
143 2465 177
1210 2465 345
1961 2465 164
31 2466 152
168 2466 786
1529 2466 582
1824 2466 234
545 2467 303
1121 2468 788
2157 2468 762
953 2469 395
1018 2469 250
2226 2469 451
1153 2470 204
1215 2470 371
712 2471 435
2387 2471 498
198 2472 223
631 2472 126
726 2472 433
943 2472 228
544 2473 441
1002 2473 368
1872 2473 251
498 2474 406
2144 2474 273
2158 2474 216
665 2475 197
620 2476 693
1321 2476 238
1693 2476 786
7 2477 121
332 2477 196
1197 2478 421
1774 2478 109
568 2479 769
708 2479 182
1593 2480 692
1742 2480 328
1507 2481 487
2283 2481 285
2378 2481 367
2430 2481 764
1779 2482 355
2112 2482 637
778 2483 152
1175 2483 481
1483 2483 997
2364 2483 514
322 2484 315
2124 2484 170
2381 2484 871
2294 2485 509
1327 2486 300
1461 2486 276
203 2487 151
2181 2487 404
2185 2487 204
1986 2488 181
353 2489 515
985 2490 112
1008 2490 508
2046 2490 515
140 2491 352
1906 2491 303
4 2492 614
994 2492 603
137 2493 363
1255 2494 193
1550 2494 356
2209 2494 100
1237 2495 583
2141 2495 393
426 2496 314
474 2496 459
488 2496 472
2104 2496 291
567 2497 578
1765 2497 128
2075 2497 892
102 2498 215
418 2498 165
437 2498 584
2102 2498 139
1038 2499 145
1094 2499 884
1427 2499 387
2288 2499 132
1575 2500 107
1733 2500 199
765 2501 178
1007 2501 121
1091 2501 162
1311 2501 742
336 2502 235
1400 2502 789
1942 2502 245
6 2503 101
701 2504 771
1944 2504 662
2408 2504 388
539 2505 650
1193 2505 627
1661 2505 534
652 2506 151
1062 2506 183
2006 2506 141
1606 2507 239
2240 2507 603
204 2508 288
1499 2508 352
2440 2508 194
669 2509 124
776 2509 168
1556 2509 247
875 2511 279
1681 2511 376
2223 2511 257
48 2512 287
162 2512 213
378 2512 682
465 2512 168
416 2514 114
1864 2514 306
1919 2514 332
138 2515 643
930 2515 391
1290 2515 232
2303 2515 364
838 2516 593
365 2517 205
732 2517 526
799 2517 129
1214 2517 589
91 2518 227
1956 2518 539
1077 2519 601
53 2520 482
500 2520 172
1963 2520 260
1453 2521 349
1467 2521 563
2306 2521 610
1423 2522 450
1918 2522 222
511 2523 316
1308 2523 445
1764 2523 233
765 2524 900
1516 2524 388
2079 2524 246
1459 2525 752
212 2527 463
477 2527 199
326 2528 795
1603 2528 138
2119 2528 254
1579 2529 180
2174 2529 201
593 2530 833
1301 2530 187
2062 2530 274
2519 2530 365
241 2531 194
959 2531 555
97 2532 252
1995 2532 158
2195 2532 342
18 2533 375
121 2533 689
785 2533 189
1479 2533 407
758 2534 340
1591 2534 209
1636 2534 114
200 2535 260
2292 2535 502
217 2536 311
410 2536 220
1542 2536 372
2447 2536 322
323 2537 449
1540 2537 329
573 2538 236
585 2538 528
1363 2538 263
2029 2538 494
1248 2539 739
28 2540 373
789 2540 134
1058 2540 327
947 2541 873
1531 2541 472
237 2542 458
1486 2542 246
1670 2542 266
1684 2542 502
1287 2543 490
2300 2543 349
2304 2543 595
1171 2544 678
1376 2544 154
1419 2544 192
2242 2544 295
29 2545 100
57 2545 309
2047 2545 803
186 2546 234
1906 2546 873
1917 2546 834
2061 2546 435
166 2547 402
2337 2547 333
37 2548 578
1759 2548 391
1814 2548 877
1074 2549 142
1087 2549 528
1282 2549 122
1163 2550 261
1668 2550 199
2459 2550 490
2354 2551 205
318 2552 335
881 2552 263
4 2553 892
54 2553 502
103 2553 181
1689 2553 690
1055 2554 197
153 2555 722
519 2555 473
886 2555 129
77 2556 594
300 2556 498
911 2556 378
1958 2556 917
1785 2557 157
2527 2557 170
638 2558 129
1831 2558 215
100 2559 151
434 2560 522
1043 2560 261
2207 2560 585
540 2561 412
693 2561 207
1546 2561 579
90 2562 705
2327 2562 306
1898 2563 424
2489 2563 232
606 2564 104
938 2564 120
2125 2564 153
2378 2564 289
734 2565 247
1286 2565 683
2117 2565 588
2507 2565 206
921 2566 603
1770 2566 470
1966 2566 618
2229 2566 176
809 2567 517
1175 2567 438
1387 2567 971
2364 2567 575
82 2568 417
1448 2568 178
341 2569 223
351 2569 160
957 2569 385
1972 2569 167
68 2570 295
412 2570 720
626 2570 594
592 2572 106
1276 2572 400
2116 2572 436
510 2573 711
627 2573 608
691 2573 224
821 2573 682
452 2574 714
689 2574 104
811 2575 464
959 2575 679
1813 2575 318
150 2576 574
312 2576 569
1250 2576 701
2278 2576 311
516 2577 405
1376 2577 467
1808 2577 444
2242 2577 103
728 2578 293
80 2579 446
1252 2579 351
2513 2579 235
493 2580 556
907 2580 336
1042 2580 259
476 2581 318
1754 2581 177
2346 2581 332
227 2582 303
350 2582 253
2537 2582 981
285 2584 155
630 2584 429
1056 2584 374
38 2585 719
2373 2585 117
95 2586 155
839 2586 143
740 2587 152
761 2587 454
209 2588 348
533 2588 429
2030 2588 468
2215 2588 304
1210 2589 226
1961 2589 469
2442 2589 737
657 2590 157
721 2590 407
729 2591 522
1129 2591 344
1512 2591 707
878 2593 197
1588 2593 141
2585 2593 468
403 2594 218
2355 2594 207
706 2595 111
843 2595 336
1943 2595 136
2153 2595 292
1097 2597 485
1119 2597 107
1139 2597 450
1472 2597 829
198 2598 118
2405 2598 880
736 2599 286
2055 2599 312
115 2600 140
531 2600 963
1342 2600 469
1688 2600 570
216 2601 356
878 2601 125
2585 2601 199
2410 2602 412
1100 2603 255
1767 2603 523
1888 2603 217
115 2604 323
531 2604 360
1488 2604 257
945 2605 910
1254 2605 733
1543 2605 447
1959 2605 796
620 2606 135
1693 2606 109
2397 2606 564
237 2607 108
1486 2607 135
102 2608 514
360 2608 395
399 2608 173
1553 2608 797
1554 2609 242
1876 2609 446
929 2610 272
1316 2610 756
1445 2610 205
1005 2611 201
1685 2611 192
2041 2611 176
2524 2611 236
214 2612 513
716 2612 244
1436 2612 262
1475 2612 139
336 2613 283
661 2613 311
1022 2613 418
1059 2613 405
109 2614 207
1061 2614 621
2312 2614 729
529 2615 191
1503 2615 622
245 2617 320
2298 2617 468
433 2618 418
667 2618 529
1807 2618 368
737 2619 171
1565 2619 350
1627 2620 354
857 2621 330
1229 2622 288
1908 2622 718
2143 2622 274
813 2623 359
1094 2623 581
1735 2623 850
2018 2623 269
108 2624 221
143 2624 352
487 2624 295
2562 2624 501
1493 2626 367
1964 2626 265
456 2627 172
1329 2627 313
1389 2627 104
1449 2627 939
1372 2628 177
1534 2628 150
1817 2628 632
2142 2628 695
182 2629 254
1803 2629 521
2409 2629 160
1713 2630 307
1905 2630 361
548 2631 512
882 2632 232
1267 2632 474
1810 2632 536
1549 2633 576
1973 2633 185
423 2634 889
555 2634 915
1277 2634 471
596 2635 398
1477 2635 502
2486 2635 484
672 2636 297
1067 2636 454
2119 2636 214
1563 2638 420
1867 2638 551
2336 2638 871
771 2639 191
2003 2639 226
236 2640 322
613 2640 238
2148 2640 253
177 2641 589
1447 2641 293
2518 2641 286
133 2642 498
740 2642 380
890 2642 240
763 2643 103
766 2643 206
2299 2644 632
359 2645 781
682 2645 238
1720 2645 864
2234 2645 285
924 2646 977
1975 2646 369
2016 2646 387
483 2647 144
1370 2647 147
1809 2647 162
951 2648 122
2308 2648 199
1824 2649 656
1854 2649 463
2636 2649 640
148 2650 363
1958 2651 892
1799 2652 510
2478 2652 620
916 2653 909
2095 2653 831
150 2654 222
383 2654 256
1250 2654 368
1317 2655 175
1487 2655 266
2005 2656 385
2175 2656 121
2452 2656 214
232 2657 297
792 2657 114
1243 2657 211
2403 2657 107
2231 2658 333
2281 2658 565
2352 2658 479
581 2659 219
1035 2659 420
1161 2659 546
1659 2659 312
776 2660 342
1426 2660 356
1065 2661 277
2258 2661 697
871 2662 282
1151 2662 226
1558 2662 201
116 2663 446
2135 2663 809
2149 2663 179
1885 2664 131
686 2665 313
1705 2665 375
1292 2666 239
2004 2666 566
2355 2666 384
87 2667 790
1488 2667 595
2552 2667 617
590 2668 124
632 2668 135
2221 2668 523
433 2669 528
1077 2669 218
1869 2670 521
73 2671 259
165 2672 814
1017 2673 395
1162 2673 227
1660 2673 161
359 2674 127
1350 2674 113
2259 2674 200
2643 2674 124
346 2675 384
1271 2675 195
113 2676 766
1060 2676 168
2113 2676 824
1582 2677 631
2486 2677 404
380 2678 326
2113 2678 101
815 2679 853
1088 2679 185
1889 2679 662
2539 2679 343
832 2680 291
2587 2680 253
2642 2680 138
228 2681 132
1340 2681 990
2145 2681 679
493 2682 344
187 2683 289
1099 2683 485
273 2684 172
891 2684 611
2176 2684 709
2250 2684 105
785 2685 482
1503 2685 394
1722 2685 167
1202 2686 305
2360 2686 954
2471 2686 185
2193 2687 249
1694 2688 227
1864 2688 375
1919 2688 484
2333 2688 659
2315 2689 310
1393 2690 234
239 2691 918
308 2691 487
644 2691 219
1280 2691 621
391 2692 453
1925 2692 153
2465 2692 263
2570 2692 982
509 2693 296
683 2693 191
1707 2693 197
2487 2693 139
513 2694 532
913 2694 497
2547 2694 102
163 2695 352
1198 2695 264
2184 2695 111
321 2696 348
437 2696 307
2615 2696 136
205 2697 173
1003 2697 279
1182 2697 257
1962 2697 296
1239 2698 970
1724 2698 599
2550 2698 592
376 2699 154
472 2699 913
76 2700 106
114 2701 295
228 2701 135
397 2701 514
1777 2701 464
1612 2702 313
2179 2702 231
2521 2702 242
1289 2703 739
1819 2703 555
1844 2703 115
2398 2703 177
1184 2704 198
2643 2704 340
1477 2705 469
2092 2705 640
2152 2705 915
1166 2706 444
1400 2706 695
1410 2706 981
569 2707 370
942 2707 545
2669 2707 166
647 2708 243
1910 2708 263
2159 2708 240
735 2709 417
1833 2709 492
2023 2709 836
2236 2709 216
54 2710 102
60 2710 413
1689 2710 760
2593 2710 625
942 2711 894
1301 2711 685
2519 2711 873
2669 2711 425
225 2712 123
1244 2712 632
235 2713 682
1964 2713 173
2441 2713 241
2602 2713 386
306 2714 125
315 2714 723
754 2714 523
1105 2714 526
409 2715 102
1054 2715 242
1377 2715 381
2363 2715 258
322 2716 354
1714 2716 663
2447 2716 351
783 2717 722
2049 2717 732
195 2718 150
1580 2718 734
2426 2718 965
1032 2719 235
1440 2719 350
148 2720 264
575 2721 103
1143 2721 120
1272 2721 236
2353 2721 271
1539 2722 122
1011 2723 697
1268 2723 379
690 2724 340
2130 2724 390
2683 2724 871
971 2725 440
2419 2725 954
2648 2725 100
926 2726 622
2162 2726 537
2706 2726 362
1653 2727 224
2213 2727 510
2699 2727 931
409 2728 457
1749 2728 114
2363 2728 281
780 2729 171
1709 2729 439
1977 2729 756
647 2730 157
993 2730 221
1433 2730 199
1960 2730 618
924 2731 276
1145 2731 432
1975 2731 515
2488 2731 581
1126 2732 100
679 2733 473
983 2733 451
1725 2733 258
2310 2733 164
702 2734 312
139 2735 288
524 2735 314
1171 2735 214
883 2736 348
1708 2736 782
1959 2736 288
2626 2736 282
1048 2737 519
1451 2737 323
2443 2737 257
2316 2738 225
1647 2739 125
892 2740 490
1637 2740 453
1934 2740 301
2273 2742 158
132 2743 508
354 2743 398
1988 2743 704
1432 2744 519
2349 2744 825
2502 2744 552
979 2745 428
1127 2745 653
727 2746 790
1554 2746 619
2237 2746 142
66 2747 844
1234 2747 663
2218 2747 290
152 2748 474
339 2748 632
460 2748 469
1140 2749 314
2369 2749 477
2609 2749 161
2746 2749 549
1781 2750 825
2531 2750 441
2535 2751 356
2571 2751 280
2574 2751 578
428 2752 237
431 2752 576
1147 2752 244
831 2753 100
2008 2753 744
2523 2753 699
466 2754 102
2654 2754 745
2740 2754 184
146 2755 507
1594 2755 299
1997 2755 517
2388 2755 296
296 2756 352
481 2757 147
1806 2757 381
1921 2757 300
2451 2757 505
78 2758 451
1019 2758 630
2232 2758 228
81 2759 774
212 2759 268
477 2759 482
2118 2759 427
114 2760 748
397 2760 360
1270 2760 366
1809 2760 241
820 2761 632
897 2761 225
1827 2761 203
292 2762 107
829 2762 253
2048 2762 274
68 2763 262
1158 2763 504
1295 2763 125
521 2764 102
1378 2764 333
1641 2764 257
2393 2764 887
1680 2765 239
1948 2765 437
1242 2766 581
1862 2766 449
1144 2767 852
1313 2767 534
2607 2767 241
640 2768 457
1170 2768 714
2300 2768 512
2002 2769 817
2329 2769 140
1130 2770 167
1804 2771 101
1831 2771 237
2196 2771 247
2637 2771 134
406 2772 116
1040 2772 365
2459 2772 100
2698 2772 743
138 2773 199
2594 2773 532
2724 2773 372
391 2774 514
1075 2774 475
2434 2774 186
2763 2774 138
141 2775 937
893 2775 145
1353 2775 317
2458 2775 319
518 2776 312
560 2776 138
1654 2776 156
2506 2776 378
833 2777 482
1843 2777 287
22 2778 482
1823 2778 470
266 2779 156
1949 2779 346
2208 2779 739
2460 2779 458
836 2780 273
1262 2780 292
2173 2780 174
1430 2781 695
2331 2781 480
739 2782 361
2212 2782 307
2 2783 944
156 2783 141
1381 2783 134
2617 2783 671
413 2784 887
1105 2784 903
1650 2784 767
2203 2784 470
483 2785 405
1611 2785 855
1866 2785 532
787 2786 104
900 2786 495
2432 2786 177
1008 2787 233
1663 2787 299
1752 2787 754
2046 2787 259
981 2788 116
2682 2788 613
2741 2788 933
1491 2789 304
2399 2789 208
475 2790 430
494 2790 353
954 2790 848
229 2791 425
932 2791 236
1147 2791 178
1910 2791 351
2192 2792 351
2635 2792 488
410 2793 296
1245 2793 190
2001 2793 334
15 2794 239
828 2794 588
1791 2794 135
1109 2795 738
1163 2795 164
1668 2795 171
2098 2796 799
471 2798 889
1307 2798 256
2729 2798 340
107 2799 364
863 2799 575
1511 2799 203
805 2800 306
975 2800 126
1437 2800 802
377 2801 113
1989 2801 625
1523 2802 603
2377 2802 732
2549 2802 325
2651 2802 133
1027 2803 357
1122 2803 364
2392 2803 210
185 2804 230
342 2805 868
1776 2805 138
2052 2805 920
795 2806 409
1060 2806 112
1241 2806 778
738 2807 448
2150 2807 436
2522 2807 240
2805 2807 145
879 2808 573
1310 2808 410
1453 2808 743
1560 2808 815
855 2809 353
1205 2809 163
2474 2809 181
804 2810 568
1873 2810 895
2356 2811 271
2109 2812 252
2 2813 301
156 2813 272
1318 2813 372
1996 2813 264
61 2814 601
1166 2814 107
1600 2814 713
430 2816 674
1405 2816 849
97 2817 274
2147 2817 290
375 2818 580
1188 2818 218
1807 2818 302
1413 2819 338
1484 2820 317
1748 2820 611
1905 2820 653
2495 2820 123
944 2821 320
2615 2821 383
1401 2822 306
1993 2822 363
2362 2823 513
2529 2823 559
722 2824 108
1251 2824 123
525 2825 166
1559 2825 288
656 2826 218
745 2826 200
937 2826 193
2425 2826 244
2042 2827 313
2596 2828 172
2516 2829 501
349 2830 542
1362 2830 399
1512 2830 227
1556 2830 344
384 2831 354
1381 2831 165
1878 2831 412
2421 2831 789
772 2832 107
1099 2832 168
2545 2832 289
511 2833 343
1308 2833 261
963 2834 106
976 2834 163
2167 2834 375
586 2835 429
1202 2835 344
428 2836 640
431 2836 248
1789 2836 183
2681 2836 567
105 2837 417
1795 2837 804
1003 2838 296
1861 2838 651
1983 2838 359
2429 2838 191
715 2839 247
1376 2839 357
1808 2839 626
2590 2839 751
108 2840 277
1334 2840 790
2562 2840 912
1286 2841 367
1490 2841 550
2507 2841 151
1855 2842 201
116 2843 739
526 2843 862
874 2843 330
2149 2843 979
215 2844 127
629 2844 518
330 2845 474
2383 2845 277
1544 2846 220
949 2847 672
1061 2847 717
1555 2847 101
2330 2847 188
140 2849 383
602 2849 439
1710 2849 497
1200 2850 205
1254 2850 470
1543 2850 677
2274 2850 280
1661 2851 524
2526 2851 421
2616 2851 463
1870 2852 339
2583 2852 717
1718 2853 279
2137 2854 467
2675 2854 439
806 2855 212
1330 2855 181
1695 2855 443
984 2856 500
1678 2856 141
73 2857 267
815 2858 512
1128 2858 145
2245 2858 436
2539 2858 204
2663 2859 329
660 2860 159
2272 2860 216
2766 2860 612
556 2861 417
1932 2861 166
2416 2861 545
2522 2861 449
95 2862 374
1712 2862 569
2528 2862 893
184 2863 214
410 2864 256
1245 2864 212
1714 2864 528
2447 2864 405
2596 2865 182
297 2866 771
630 2866 251
2806 2866 307
1029 2867 136
1581 2867 111
2140 2868 249
2386 2869 203
2480 2869 720
2127 2870 267
2434 2870 229
2589 2870 134
1440 2871 289
1042 2872 367
2816 2872 306
180 2873 193
216 2873 866
56 2874 889
1242 2874 100
1510 2874 278
2084 2874 101
226 2875 609
373 2875 152
1646 2875 392
178 2876 380
898 2876 275
1298 2876 112
1398 2877 182
1601 2877 240
2717 2877 986
717 2878 224
1410 2878 546
1551 2878 680
2726 2878 187
529 2879 167
2821 2879 296
30 2881 286
418 2881 328
687 2881 102
2102 2881 239
158 2882 574
887 2882 255
1406 2882 127
2165 2882 404
956 2883 627
1545 2883 440
1986 2883 115
1470 2884 307
1638 2884 283
2173 2884 246
2479 2884 310
683 2886 264
1707 2886 191
2686 2886 242
2835 2886 266
634 2887 668
2066 2887 639
2191 2887 367
593 2889 731
1139 2889 195
2666 2889 839
129 2890 144
333 2890 122
1430 2890 267
2294 2891 255
2467 2892 404
2503 2892 244
972 2893 207
1757 2893 403
545 2894 449
1719 2895 329
2630 2895 210
6 2896 275
2074 2896 384
1763 2897 120
2056 2897 834
2399 2897 518
67 2898 986
219 2898 288
280 2899 147
352 2899 612
1954 2899 462
2537 2899 159
1590 2900 566
2183 2900 225
928 2901 931
1083 2901 302
2143 2901 245
2248 2901 240
1092 2902 135
1849 2902 200
1014 2903 251
1672 2903 886
2156 2903 442
2581 2903 468
1009 2904 407
1881 2904 265
2327 2904 108
2840 2904 291
1255 2905 164
1858 2905 199
2777 2905 506
604 2906 298
680 2906 204
1360 2906 288
2250 2906 235
1454 2907 351
1664 2907 683
2172 2907 214
2622 2907 309
835 2908 427
2293 2908 179
2379 2908 462
884 2909 297
1102 2909 701
2484 2909 328
2716 2909 332
1893 2910 703
2175 2910 180
2780 2910 221
945 2912 156
1151 2912 377
1708 2912 527
1959 2912 499
1563 2913 363
916 2914 626
2418 2914 457
2665 2915 213
936 2916 302
1085 2916 159
1205 2916 357
581 2917 508
1928 2917 318
2653 2917 437
2914 2917 359
805 2918 798
908 2918 937
1494 2918 316
753 2919 196
1581 2919 824
1206 2920 270
222 2921 245
1116 2921 219
167 2922 308
291 2922 105
1856 2922 255
553 2923 479
1409 2923 659
2902 2924 142
1324 2925 302
1342 2925 289
2314 2925 311
729 2926 442
1841 2926 416
2464 2926 561
814 2927 363
977 2927 227
1572 2927 122
1027 2928 118
1621 2928 478
19 2929 125
2280 2929 252
2660 2929 213
1873 2930 590
581 2931 132
1035 2931 500
1690 2931 437
2653 2931 254
1235 2932 502
2379 2932 308
2405 2932 595
881 2933 202
1308 2933 635
2139 2934 429
2337 2934 243
2596 2934 175
1104 2935 495
662 2936 515
854 2937 146
1707 2937 202
1903 2937 388
2835 2937 288
665 2938 319
34 2939 716
284 2939 749
1688 2939 217
442 2940 895
1278 2940 105
1591 2941 105
438 2942 896
756 2942 168
1206 2942 179
1665 2943 342
2133 2943 195
2216 2943 707
1383 2944 366
433 2945 884
744 2945 231
2707 2945 294
1569 2946 469
1624 2946 860
2823 2946 523
780 2947 345
1635 2947 489
2492 2947 112
357 2948 327
802 2948 524
2122 2948 182
2712 2948 327
1871 2949 118
1197 2950 792
2133 2950 310
2216 2950 172
2652 2950 243
597 2951 146
1775 2951 413
1968 2951 184
2750 2951 441
572 2952 905
580 2952 108
633 2952 171
2873 2952 632
1770 2953 398
2229 2953 542
2246 2953 337
1832 2954 553
1999 2954 578
2619 2954 206
1273 2955 723
1889 2955 571
2539 2955 188
650 2956 206
1415 2956 130
1930 2956 188
873 2957 280
1583 2957 503
1794 2957 587
2230 2957 505
2722 2958 664
2867 2958 984
2919 2958 143
265 2959 238
507 2959 192
969 2959 160
1859 2960 304
2852 2960 884
498 2961 123
955 2961 439
1277 2961 539
2158 2961 337
760 2962 635
1051 2962 165
1178 2962 130
2023 2962 439
68 2963 160
412 2963 236
1158 2963 223
1931 2963 300
139 2964 126
524 2964 930
2871 2964 310
763 2965 304
1896 2965 145
1939 2965 232
2704 2965 220
323 2966 339
1886 2966 471
2079 2966 414
2582 2966 338
1013 2967 238
1419 2967 139
2035 2967 519
856 2969 360
1086 2969 257
1177 2969 615
1411 2969 300
387 2970 344
1736 2970 604
2661 2970 415
188 2971 292
607 2971 275
1068 2971 787
551 2972 177
1461 2972 196
2103 2972 186
2677 2972 252
383 2973 725
1014 2973 238
1250 2973 190
1881 2974 682
1904 2974 147
2341 2974 101
190 2975 452
315 2975 671
464 2975 850
1788 2975 253
2833 2976 430
690 2977 749
2004 2977 486
2355 2977 345
2773 2977 233
876 2978 341
2187 2978 119
2876 2978 103
107 2979 451
1410 2979 789
1551 2979 614
2154 2979 453
72 2980 152
1762 2980 176
2822 2980 290
666 2981 846
1799 2981 220
2478 2981 124
2590 2981 438
83 2983 312
640 2983 455
842 2983 237
1170 2983 719
411 2984 182
1020 2984 228
26 2985 866
43 2986 340
1414 2986 132
1887 2986 571
572 2987 424
974 2987 314
1817 2987 253
1894 2987 259
97 2988 124
648 2988 135
2147 2988 165
780 2989 196
1635 2989 617
1902 2989 566
2798 2989 452
696 2990 295
1567 2990 595
1916 2990 233
2619 2990 125
1041 2991 413
1061 2991 454
2312 2991 128
2330 2991 654
2121 2992 632
261 2993 363
526 2993 733
874 2993 197
1899 2993 789
151 2994 525
1152 2994 139
1338 2994 403
2825 2994 142
1240 2995 138
1744 2995 105
2021 2995 635
1358 2996 802
1373 2996 245
2846 2996 549
149 2998 307
1336 2998 148
2275 2998 385
2626 2998 274
130 2999 295
984 2999 937
1295 2999 411
1467 3000 165
1502 3000 418
1508 3000 388
2702 3000 570
921 3001 505
1770 3001 554
1250 3003 156
2278 3003 565
2971 3003 324
544 3004 164
1780 3004 155
214 3005 529
484 3005 342
716 3005 248
1752 3005 438
498 3006 325
1119 3006 544
1277 3006 244
523 3007 460
1741 3007 761
2332 3007 342
376 3008 404
577 3008 358
2848 3008 733
928 3009 258
1083 3009 319
1913 3009 566
2673 3009 848
1349 3010 416
2571 3010 341
2960 3010 478
836 3011 292
996 3011 252
1262 3011 315
1773 3011 842
846 3012 844
1680 3012 182
802 3013 340
1767 3013 467
1888 3013 181
2712 3013 694
1247 3014 326
1679 3014 218
2305 3014 553
646 3015 349
1312 3015 173
161 3016 375
201 3016 494
304 3016 132
1637 3016 416
1083 3017 231
1579 3017 198
1672 3017 341
2248 3017 235
19 3018 379
1070 3018 125
1509 3018 579
1897 3018 113
546 3019 373
1724 3019 173
498 3020 571
1119 3020 939
1472 3020 532
2144 3020 728
425 3021 148
1045 3021 598
1337 3021 347
2134 3021 825
1800 3022 118
2462 3022 115
2477 3022 554
2908 3022 342
2017 3023 114
2894 3023 103
600 3024 978
1786 3024 104
2081 3024 325
2325 3024 687
111 3025 272
625 3025 165
491 3026 253
1039 3026 173
2069 3026 910
1 3027 564
50 3027 285
1272 3027 186
2511 3027 148
2155 3028 772
1365 3029 402
1876 3029 748
171 3030 638
2609 3030 625
3029 3030 506
1031 3031 504
1891 3032 178
2086 3032 138
2164 3032 141
890 3033 968
1056 3033 234
2454 3033 453
2678 3033 361
475 3034 181
954 3034 168
1850 3034 503
2246 3034 238
588 3035 881
802 3035 113
1767 3035 366
2939 3035 459
223 3036 550
282 3036 998
676 3036 323
1397 3036 207
950 3037 893
1713 3037 280
1877 3037 193
2895 3037 197
1306 3038 206
1706 3038 341
2844 3038 404
740 3039 574
2510 3039 292
710 3040 171
977 3040 109
1572 3040 180
2168 3040 340
688 3041 830
756 3041 548
1541 3041 320
1158 3042 508
1931 3042 109
2293 3042 286
1173 3043 148
1904 3043 467
1153 3044 213
1288 3044 257
2299 3044 431
2846 3044 704
480 3045 493
1296 3045 604
2010 3045 274
2070 3045 448
1317 3046 367
828 3047 314
1717 3047 290
2789 3047 349
2897 3047 858
1457 3048 352
2219 3048 512
435 3049 144
1204 3049 264
1700 3049 213
2267 3050 831
2856 3050 346
3042 3050 230
732 3051 538
1214 3051 485
1339 3051 515
2455 3051 228
232 3052 488
792 3052 456
965 3052 837
810 3053 515
49 3054 410
406 3055 472
2388 3055 326
2964 3055 402
1879 3056 291
2276 3056 142
970 3057 136
1186 3057 210
1805 3057 406
518 3058 213
893 3058 113
1654 3058 203
516 3059 385
2077 3059 104
2128 3059 246
2242 3059 918
853 3060 467
1762 3060 739
1920 3060 617
261 3061 177
1618 3061 204
2412 3061 222
3057 3061 207
728 3062 790
2336 3062 613
2944 3062 198
226 3063 144
373 3063 595
2844 3063 139
1789 3064 400
2464 3064 229
2781 3064 207
44 3065 258
1974 3065 281
2189 3065 310
2705 3065 280
1673 3066 302
2345 3066 160
2676 3066 219
2678 3066 245
303 3067 165
1682 3067 126
2180 3067 128
2368 3067 931
1065 3068 221
1339 3068 464
2258 3068 191
2455 3068 153
177 3069 428
1098 3069 431
2178 3069 277
2518 3069 642
881 3070 196
2604 3070 138
710 3071 175
817 3071 140
1296 3071 338
2070 3071 146
996 3072 161
1101 3072 312
1262 3072 339
2083 3072 525
208 3073 580
990 3073 131
2031 3073 506
2629 3073 744
420 3074 214
1167 3074 454
1364 3074 155
2728 3074 171
199 3075 248
392 3075 278
1674 3075 336
1812 3075 174
2510 3076 555
2722 3076 186
449 3077 106
1290 3077 212
2104 3077 506
810 3078 229
838 3078 868
1133 3078 531
485 3079 165
2014 3079 215
2599 3079 258
1564 3080 175
1802 3080 243
1248 3081 989
1701 3081 211
3080 3081 380
911 3082 269
1274 3082 676
1990 3082 530
2417 3082 207
1172 3083 273
2318 3084 245
505 3085 123
843 3085 765
1417 3085 598
1943 3085 183
106 3086 242
823 3086 199
1932 3086 200
2311 3087 689
1015 3088 492
2797 3088 315
461 3089 620
1378 3089 619
1696 3089 990
2955 3089 591
97 3090 517
1995 3090 110
2543 3090 167
594 3091 480
1992 3091 287
2625 3091 356
902 3092 240
2689 3092 174
1610 3093 165
1810 3093 256
1935 3093 217
191 3094 548
1579 3095 603
1672 3095 223
2156 3095 340
2823 3095 346
369 3096 529
432 3096 921
805 3096 125
975 3096 307
321 3097 414
2490 3097 529
2685 3097 471
24 3098 124
251 3098 674
2845 3098 324
1242 3099 562
1510 3099 228
1532 3099 400
2860 3099 591
273 3100 488
1059 3100 940
1826 3100 135
2794 3100 651
2249 3101 613
2532 3101 848
2817 3101 225
2273 3102 248
2500 3102 419
1354 3103 176
2146 3103 558
2552 3103 123
2933 3103 513
36 3104 229
661 3104 198
891 3104 276
1084 3104 511
1829 3105 150
1911 3105 344
2062 3105 286
2519 3105 125
889 3106 769
2592 3106 256
1392 3107 503
2120 3107 611
2967 3107 431
3019 3107 181
868 3108 333
2207 3108 194
3087 3108 250
84 3109 292
620 3109 210
2298 3109 689
467 3110 302
1018 3110 123
1846 3110 331
2226 3110 293
655 3111 162
1775 3111 376
1792 3111 237
2748 3111 371
213 3112 537
434 3112 774
2256 3112 102
2927 3112 627
473 3113 297
2151 3113 144
136 3114 332
2389 3114 137
550 3115 790
1371 3115 284
1304 3116 663
1766 3116 119
40 3117 762
1485 3117 273
393 3118 172
649 3119 144
1768 3119 346
2385 3119 136
3001 3119 730
613 3120 116
1331 3120 109
2911 3120 605
61 3121 297
1217 3121 479
1600 3121 471
1629 3121 177
1103 3122 228
604 3123 960
1187 3123 110
1360 3123 863
1573 3123 253
157 3124 801
1007 3124 700
1091 3124 510
1607 3124 537
1164 3125 521
1476 3125 869
1848 3125 172
549 3126 349
730 3126 228
272 3127 334
345 3127 381
541 3127 230
1642 3127 533
1040 3128 129
1392 3128 301
2735 3128 504
3019 3128 210
1394 3129 803
1871 3129 330
2734 3129 563
159 3130 225
407 3130 408
2869 3130 356
2663 3131 857
3122 3131 144
2700 3132 114
1365 3133 150
1768 3133 339
3001 3133 701
1240 3134 126
1606 3134 297
1744 3134 177
2841 3134 315
215 3135 380
629 3135 160
2431 3135 476
2995 3135 545
1703 3136 321
2067 3136 642
2649 3136 586
1162 3137 254
1568 3137 123
1660 3137 550
2469 3137 168
3053 3138 575
2390 3140 633
327 3141 160
603 3141 550
800 3141 288
923 3141 364
570 3142 321
1450 3142 117
2050 3142 216
3108 3142 268
917 3143 292
124 3144 192
535 3144 451
1112 3144 583
992 3145 202
1404 3145 148
2190 3145 617
2644 3145 312
1239 3146 195
1731 3146 233
2468 3146 396
48 3147 117
74 3147 314
162 3147 486
3058 3147 227
251 3148 162
1538 3148 279
2845 3148 101
99 3149 317
714 3149 162
1399 3149 562
2238 3149 288
961 3150 778
3102 3150 354
1675 3151 524
1799 3151 650
2928 3152 630
861 3153 133
1300 3153 262
2529 3153 184
625 3154 102
1828 3154 592
3150 3154 976
654 3155 235
1164 3155 161
1848 3155 511
2752 3155 678
1887 3156 102
2264 3156 654
2408 3156 155
1700 3157 330
1783 3157 530
2815 3157 111
970 3158 359
1805 3158 947
2058 3158 235
2531 3158 164
1746 3159 322
1944 3159 112
2001 3159 185
201 3160 543
504 3160 718
2823 3160 519
3153 3160 180
575 3161 497
1143 3161 802
1749 3161 197
2363 3161 725
593 3162 229
1120 3162 197
2062 3162 181
1855 3163 200
1731 3164 196
2055 3164 244
2795 3164 303
192 3165 369
1506 3165 436
835 3166 507
2293 3166 192
3050 3166 380
1703 3167 879
2067 3167 137
2457 3167 124
3015 3167 173
402 3168 119
1028 3168 159
1622 3168 141
1016 3169 118
1592 3169 771
1990 3169 344
2417 3169 215
100 3170 193
160 3170 664
2725 3170 301
1185 3171 684
1413 3171 572
3114 3171 239
2921 3172 234
1055 3173 226
1279 3173 122
1309 3174 690
2559 3174 296
1070 3175 655
2695 3175 111
2999 3175 517
1229 3176 928
1908 3176 471
2086 3176 229
2520 3176 320
617 3177 709
905 3177 132
2247 3177 483
2830 3177 338
737 3178 127
2954 3178 497
386 3179 341
489 3179 171
1145 3179 561
2488 3179 171
113 3180 262
1060 3180 124
1241 3180 230
2438 3181 252
244 3182 383
742 3182 120
901 3182 270
1493 3182 705
417 3183 272
529 3183 609
2427 3183 252
2696 3183 351
395 3184 545
1152 3184 364
2768 3184 428
2825 3184 110
377 3185 243
3151 3185 242
510 3186 387
691 3186 303
757 3186 328
2009 3186 738
382 3187 303
1520 3187 182
645 3188 430
3139 3188 399
323 3189 216
765 3189 341
1091 3189 348
2079 3189 245
2315 3190 280
2338 3190 213
598 3191 229
1041 3191 189
2105 3191 479
2330 3191 548
1261 3192 395
1857 3192 124
232 3193 143
965 3193 638
2893 3193 364
394 3194 377
2249 3194 771
2492 3194 359
774 3195 107
1032 3196 295
2366 3196 180
2575 3196 668
292 3197 294
2048 3197 353
2510 3197 452
269 3198 415
1332 3198 318
1669 3198 190
2100 3198 513
206 3199 246
718 3199 334
3012 3199 185
607 3200 188
2346 3200 217
2973 3200 266
3003 3200 385
846 3201 547
1072 3201 287
2778 3201 423
820 3202 192
1761 3202 259
1827 3202 354
2814 3202 662
42 3203 287
2700 3203 130
115 3204 253
1842 3204 386
3070 3204 742
370 3205 328
2277 3206 449
1289 3207 610
2072 3207 212
2398 3207 117
557 3208 503
1291 3208 121
870 3209 327
1936 3209 321
2259 3209 201
2664 3209 790
367 3210 321
2024 3210 365
2088 3210 237
2855 3210 780
809 3211 595
2228 3211 346
2322 3211 180
2364 3211 276
206 3212 891
2025 3212 195
2051 3212 183
2976 3212 235
420 3213 107
644 3213 132
1167 3213 294
1763 3213 199
1262 3214 986
2083 3214 260
2173 3214 335
2479 3214 155
242 3215 407
361 3215 266
1281 3215 474
2368 3215 270
1095 3216 374
1506 3216 262
37 3217 891
1759 3217 316
2132 3217 260
2737 3217 453
986 3218 493
2241 3219 370
53 3220 356
164 3220 880
1454 3220 241
2238 3220 421
1447 3221 799
2282 3221 859
2277 3222 558
1390 3223 119
1930 3223 165
2856 3223 715
3166 3223 603
217 3224 301
615 3224 432
1542 3224 387
2508 3224 965
495 3225 132
1402 3225 290
3080 3225 165
2051 3226 195
2976 3226 120
3204 3226 237
2199 3227 253
2441 3227 320
2602 3227 106
1009 3228 557
1356 3228 171
1881 3228 321
1904 3228 103
367 3229 736
1140 3229 476
1346 3229 245
2369 3229 991
842 3230 255
919 3230 548
2076 3230 309
915 3231 490
1982 3231 381
2200 3231 367
103 3232 721
611 3232 108
1010 3232 115
1689 3232 480
2516 3233 200
2824 3234 425
3218 3234 399
980 3235 359
2305 3235 828
2947 3236 385
3101 3236 128
3194 3236 465
1279 3237 145
1726 3237 353
2186 3237 826
703 3238 581
2414 3238 252
3002 3238 762
676 3239 790
1397 3239 334
1751 3239 198
2094 3239 210
723 3240 316
919 3240 169
1796 3240 117
2495 3240 573
1086 3241 608
1177 3241 258
2586 3241 198
279 3242 191
617 3242 270
996 3242 102
1101 3242 352
3048 3243 538
210 3244 105
3131 3244 119
91 3245 141
1382 3245 802
1956 3245 348
2996 3245 248
827 3246 830
1030 3246 410
1501 3246 398
553 3247 717
1957 3247 273
285 3248 112
554 3248 570
707 3248 252
550 3249 346
1395 3249 545
104 3250 209
774 3251 256
1183 3251 295
2390 3251 278
61 3252 829
1166 3252 902
1400 3252 108
2744 3252 264
427 3254 718
1385 3254 446
2793 3254 486
1026 3255 115
1466 3255 824
2125 3255 637
2315 3255 280
3004 3255 200
1228 3256 333
1517 3256 646
2491 3256 160
2914 3256 720
698 3257 763
1044 3257 246
1552 3257 461
2929 3257 129
2734 3258 370
307 3259 578
467 3259 371
1412 3259 226
3056 3259 277
327 3260 278
603 3260 124
700 3260 872
2037 3260 614
968 3261 255
2394 3261 456
3077 3261 448
824 3262 780
1518 3262 608
1162 3263 445
1568 3263 931
1664 3263 356
2172 3263 341
639 3264 233
1136 3264 237
1423 3264 231
3086 3264 290
1029 3265 341
2958 3265 851
3076 3265 198
3197 3265 333
2591 3266 173
2926 3266 108
3064 3266 235
371 3267 152
660 3267 432
2766 3267 135
2786 3267 347
377 3268 335
2133 3268 167
2652 3268 313
3151 3268 324
116 3269 665
1571 3269 814
2181 3269 401
2859 3269 762
1182 3270 252
1527 3270 271
1962 3270 870
2614 3270 797
934 3271 287
1864 3271 437
2317 3271 146
2333 3271 290
906 3272 574
1129 3272 698
2781 3272 380
3266 3272 581
16 3273 109
1368 3273 161
133 3274 227
740 3274 264
2048 3274 272
2510 3274 729
649 3276 285
682 3276 750
1720 3276 482
2790 3276 128
589 3277 625
1384 3277 651
2114 3277 472
2326 3277 231
1835 3278 277
416 3279 354
755 3279 420
934 3279 458
1864 3279 296
3106 3280 409
862 3281 787
2968 3281 514
2997 3281 383
1137 3282 263
3143 3282 199
2682 3283 164
2982 3283 141
3275 3283 137
384 3284 213
639 3284 416
1136 3284 431
2421 3284 167
1153 3285 168
1358 3285 241
2846 3285 626
489 3286 148
872 3286 795
1194 3286 162
2488 3286 148
978 3287 100
1155 3287 404
2504 3287 201
3159 3287 808
316 3288 404
2034 3288 102
2509 3288 161
2660 3288 312
797 3289 732
1459 3289 187
551 3290 352
1140 3290 155
1346 3290 119
2677 3290 221
1939 3291 354
2000 3291 492
2704 3291 327
2801 3291 221
3088 3292 675
1505 3293 316
1803 3293 483
2409 3293 921
2444 3293 518
267 3294 631
678 3294 217
1999 3294 449
3178 3294 491
197 3295 120
1901 3295 382
2470 3295 673
2738 3295 213
41 3296 443
530 3296 691
692 3296 115
1489 3296 429
378 3297 137
465 3297 805
1592 3297 199
2417 3297 266
967 3298 694
1515 3298 114
1723 3298 822
930 3299 355
2040 3299 463
2303 3299 108
2548 3299 124
1609 3300 449
2252 3301 292
52 3302 301
849 3302 177
2683 3302 155
2832 3302 221
1320 3303 898
2059 3303 308
2095 3303 204
2943 3303 449
82 3304 518
999 3305 141
1379 3305 175
3038 3305 290
3063 3305 393
91 3306 462
118 3306 301
1382 3306 271
2561 3306 635
2944 3307 327
299 3308 469
920 3308 223
2198 3308 948
2789 3308 480
419 3309 128
1024 3309 187
2020 3309 303
2953 3309 197
408 3310 106
1828 3310 317
2854 3310 579
1134 3311 140
1302 3311 196
2571 3311 663
523 3312 368
864 3312 316
2227 3312 404
1835 3313 418
2941 3313 286
247 3314 272
1491 3314 276
2428 3314 391
2639 3314 148
2788 3314 310
1446 3315 250
1727 3315 492
2405 3316 208
2821 3316 101
1150 3317 129
3025 3317 939
3253 3317 144
1470 3318 405
2173 3318 835
2656 3318 332
2910 3318 930
609 3319 116
810 3319 468
1326 3319 973
279 3320 647
617 3320 373
905 3320 195
1623 3320 222
1082 3321 270
2120 3321 130
2157 3321 107
278 3322 296
750 3322 219
1207 3322 225
1634 3322 251
507 3323 377
1234 3323 115
1945 3323 115
2218 3323 932
357 3324 128
588 3324 599
802 3324 519
2925 3324 208
319 3325 377
1380 3325 328
1675 3325 303
3185 3325 366
1444 3326 395
2618 3326 538
2818 3326 406
2945 3326 601
568 3327 457
582 3327 253
990 3327 514
2031 3327 137
565 3328 227
2651 3328 541
3249 3328 625
1920 3329 187
2940 3329 318
573 3330 383
2584 3330 341
2866 3330 178
3248 3330 314
119 3331 531
1679 3332 311
1820 3332 204
2305 3332 227
2970 3332 798
106 3333 196
556 3333 564
839 3333 815
1932 3333 116
8 3334 215
929 3334 354
3193 3334 271
1073 3335 555
2384 3335 882
3007 3335 159
3312 3335 281
3300 3336 473
222 3337 272
1133 3337 502
2984 3337 208
1217 3338 213
1527 3338 161
1658 3338 136
2639 3338 124
989 3339 746
1287 3339 829
2988 3339 732
3090 3339 427
1049 3340 487
1593 3340 150
2885 3340 455
186 3341 198
1885 3341 549
1896 3341 496
1917 3341 510
781 3342 357
857 3342 326
888 3342 704
2090 3343 397
3221 3343 244
580 3344 215
2373 3344 292
2601 3344 107
2873 3344 188
2135 3345 334
2859 3345 545
3014 3345 440
3235 3345 134
259 3346 196
2450 3346 762
530 3347 434
759 3347 452
1489 3347 314
3098 3347 232
2833 3348 922
2933 3348 188
3070 3348 182
3226 3348 722
1874 3349 172
402 3350 643
1840 3350 901
2880 3350 194
1768 3351 206
1936 3351 865
2664 3351 145
944 3352 549
1456 3352 308
2598 3352 361
3316 3352 869
1043 3353 258
2207 3353 180
2436 3353 345
3087 3353 228
742 3354 282
901 3354 155
1977 3354 582
2662 3354 548
1469 3355 108
2188 3355 351
2295 3355 196
3246 3355 566
1539 3356 254
2644 3356 259
3039 3356 382
3076 3356 162
1320 3357 980
1787 3357 346
1917 3357 197
2061 3357 169
825 3358 308
923 3358 565
2761 3358 176
534 3359 795
1143 3359 663
2339 3359 561
2353 3359 557
947 3360 461
550 3361 297
1371 3361 703
3328 3361 884
23 3362 101
421 3362 867
770 3362 398
1850 3362 236
628 3363 173
1064 3363 486
1774 3363 503
2959 3363 357
387 3364 514
2093 3364 364
2646 3364 845
2661 3364 688
172 3365 488
511 3366 655
1815 3366 274
2025 3366 335
2976 3366 473
859 3367 207
2462 3367 271
2477 3367 994
2879 3367 174
1300 3368 758
2066 3368 104
2557 3368 788
816 3369 384
1052 3369 117
2974 3369 541
3043 3369 302
264 3370 590
2462 3371 269
2879 3371 593
2932 3371 742
3316 3371 143
404 3372 838
612 3372 666
2383 3372 515
3148 3372 148
1934 3373 109
2260 3373 616
3115 3373 124
21 3374 268
813 3374 114
2018 3374 439
3029 3375 581
3133 3375 409
3351 3375 535
294 3376 138
1290 3376 545
2303 3376 294
3261 3376 231
767 3377 147
1168 3377 605
2719 3377 187
2871 3377 103
1570 3378 103
275 3379 112
2930 3379 442
1610 3380 201
1935 3380 282
3343 3380 552
1323 3381 210
1819 3381 332
1844 3381 890
2287 3381 271
619 3382 233
976 3382 278
1474 3382 225
2837 3383 364
256 3384 154
350 3384 334
515 3384 364
2849 3384 183
1149 3385 206
2004 3385 370
2889 3385 305
3162 3385 341
598 3386 194
872 3386 115
1041 3386 111
2883 3386 556
2181 3387 359
2185 3387 218
2859 3387 624
3235 3387 102
1521 3388 480
2302 3388 269
2872 3388 125
468 3389 309
3329 3389 875
279 3390 256
1101 3390 336
2473 3390 453
3004 3390 625
2 3391 676
2606 3391 399
2617 3391 416
3109 3391 582
521 3392 390
1263 3392 643
1641 3392 195
2233 3392 443
169 3393 498
678 3393 174
2598 3393 107
3178 3393 317
505 3394 999
676 3394 693
1417 3394 537
2094 3394 202
1114 3395 160
1721 3395 705
2348 3395 725
237 3396 182
1684 3396 464
2257 3396 364
298 3397 658
598 3397 697
872 3397 202
1194 3397 202
578 3398 577
817 3398 261
1025 3398 599
1296 3398 302
278 3399 165
750 3399 170
3126 3399 152
281 3400 733
527 3400 367
1160 3400 352
1443 3400 211
912 3401 272
1678 3401 322
2184 3401 795
2956 3401 469
191 3402 302
449 3403 189
1619 3403 629
2594 3403 155
2916 3403 125
1700 3404 239
1988 3404 393
2167 3404 971
595 3405 330
1711 3405 421
2167 3405 622
421 3406 791
1202 3406 332
1681 3406 373
2471 3406 124
743 3407 327
2245 3407 355
3081 3407 154
3225 3407 247
2077 3408 269
2128 3408 392
2719 3408 532
3196 3408 173
780 3409 229
1709 3409 123
2817 3409 517
3236 3409 582
48 3410 171
378 3410 229
652 3410 271
1926 3410 448
1470 3411 551
1638 3411 479
2253 3411 316
259 3412 504
2395 3412 613
369 3413 363
432 3413 512
1249 3413 508
1644 3413 142
216 3414 444
878 3414 346
1037 3414 122
2978 3414 184
664 3415 187
868 3415 300
1323 3415 381
3087 3415 757
2139 3416 290
90 3417 176
1135 3417 327
1878 3417 700
3331 3418 980
1071 3419 298
1751 3419 409
2094 3419 139
2799 3419 336
582 3420 708
925 3420 229
3254 3420 101
3411 3420 122
1909 3421 328
1963 3421 112
3032 3421 223
93 3422 247
596 3422 435
2792 3422 442
1104 3423 550
1920 3423 612
3331 3423 541
474 3424 594
488 3424 616
1557 3424 632
2809 3424 212
1435 3425 807
2463 3425 931
3173 3425 288
161 3426 436
383 3426 503
1637 3426 225
2754 3426 361
59 3427 101
877 3427 742
1534 3427 322
2142 3427 697
14 3428 346
457 3428 535
3278 3428 366
711 3429 152
3336 3429 542
44 3430 488
127 3430 428
287 3430 754
2024 3430 149
307 3431 113
1484 3431 561
1564 3431 418
1748 3431 333
1953 3432 668
2647 3432 323
2785 3432 723
2169 3433 261
2888 3433 243
3289 3433 367
1019 3434 190
2241 3434 350
2354 3434 250
959 3435 285
1813 3435 544
1968 3435 619
2750 3435 518
1297 3436 453
453 3437 515
1982 3437 144
2655 3437 286
973 3438 708
2745 3438 274
2900 3438 275
779 3439 117
961 3439 134
1224 3439 101
791 3440 130
834 3440 478
1869 3440 226
710 3441 314
977 3441 187
2070 3441 231
2560 3441 788
698 3442 423
1044 3442 687
2270 3442 363
2870 3442 366
820 3443 355
1344 3443 174
3358 3443 795
1120 3444 259
1396 3444 188
1698 3444 861
2044 3444 330
995 3445 142
2214 3445 590
3188 3445 429
209 3446 354
1961 3446 365
2215 3446 309
2442 3446 510
1124 3447 333
1760 3447 446
3203 3447 181
1991 3448 162
2664 3448 110
3030 3448 199
3375 3448 132
603 3449 258
863 3449 199
923 3449 186
3443 3449 953
296 3450 210
1208 3450 246
2121 3450 223
318 3451 294
1192 3451 610
2011 3451 545
2667 3451 982
451 3452 283
1421 3452 382
1687 3452 331
52 3453 348
849 3453 193
1740 3453 205
3207 3453 338
610 3454 532
761 3454 550
2087 3454 372
2680 3454 280
914 3455 467
1191 3455 189
485 3456 416
1756 3456 279
1891 3456 215
3421 3456 706
1404 3457 142
2587 3457 325
2644 3457 310
3039 3457 504
534 3458 635
2353 3458 474
2800 3458 891
2918 3458 113
767 3459 403
927 3459 298
2871 3459 361
3055 3459 491
3053 3460 299
2139 3461 817
775 3462 643
2641 3462 364
3221 3462 170
3380 3462 587
408 3463 690
520 3463 958
1729 3463 256
846 3464 491
1236 3464 685
2778 3464 367
3199 3464 462
787 3465 294
900 3465 224
1486 3465 784
1670 3465 248
88 3466 269
317 3466 420
1524 3466 372
147 3467 536
1314 3467 191
2291 3467 372
785 3468 115
1479 3468 509
2046 3468 304
3097 3468 300
462 3469 148
1980 3469 968
2291 3469 709
319 3470 320
2000 3470 861
2801 3470 364
3185 3470 444
900 3471 240
1670 3471 268
2208 3471 401
2460 3471 172
1854 3472 173
2078 3472 339
3136 3472 972
773 3473 591
856 3473 140
2708 3473 447
3455 3473 556
1853 3474 180
747 3475 129
1898 3475 559
673 3476 549
1659 3476 278
2893 3476 442
3334 3476 859
16 3477 651
1209 3477 257
345 3478 125
541 3478 109
3467 3478 253
3469 3478 715
1256 3479 273
1901 3479 502
1994 3479 197
2738 3479 132
1288 3480 251
2255 3480 471
2722 3480 521
2919 3480 348
1482 3481 987
1611 3481 321
3432 3481 178
3389 3482 814
231 3483 487
482 3483 172
1726 3483 348
2263 3484 178
2470 3484 149
2738 3484 258
3285 3484 585
209 3485 844
487 3485 209
2030 3485 261
3417 3485 298
424 3486 306
816 3486 332
3043 3486 435
984 3487 128
1678 3487 519
2184 3487 121
3175 3487 115
154 3488 420
627 3488 325
821 3488 161
3374 3488 360
1484 3489 130
1846 3489 143
1905 3489 265
2895 3489 174
691 3490 213
1802 3490 129
2009 3490 229
3056 3490 729
848 3491 272
896 3492 441
1237 3492 285
2630 3492 310
3230 3492 537
280 3493 139
352 3493 424
1161 3493 180
2028 3493 311
694 3494 342
1649 3494 307
2634 3494 528
3006 3494 226
3304 3495 186
3360 3495 379
324 3496 504
727 3496 111
1554 3496 503
2491 3496 110
892 3497 708
2377 3497 495
2651 3497 242
3361 3497 329
41 3498 334
92 3498 661
674 3498 118
1249 3498 853
124 3499 235
1185 3499 611
1271 3499 430
229 3500 203
396 3500 385
1960 3500 848
2890 3500 148
