1
0
1
1
1000000
0
0
0
0
1
16 83 110
16 84 110
23 89 297
9 96 310
35 96 418
51 102 101
37 105 310
91 114 152
7 126 152
7 129 764
3 130 105
74 133 310
94 135 105
99 137 455
107 138 418
120 140 105
84 150 110
87 152 105
28 156 105
158 167 101
53 172 105
22 178 101
49 184 418
128 184 101
178 186 310
16 187 110
150 187 110
112 189 105
30 201 105
36 203 418
182 205 418
15 214 455
99 214 152
40 215 455
129 215 455
36 219 310
102 219 310
139 219 310
169 228 152
215 228 152
37 230 310
80 231 105
136 231 105
69 233 105
201 235 105
92 236 105
33 238 105
114 240 455
132 242 105
48 243 310
178 243 310
187 244 110
17 247 152
185 249 105
229 249 105
97 250 105
124 253 105
45 254 105
157 255 105
238 256 105
23 258 105
202 258 105
176 259 105
232 261 105
114 262 152
247 262 455
7 265 764
169 265 455
2 276 418
100 277 418
99 278 764
11 280 764
46 282 764
46 288 911
202 289 297
160 293 105
138 298 310
169 300 455
116 301 764
7 303 764
14 303 455
126 303 764
129 303 152
265 303 764
52 306 310
184 306 310
65 307 310
138 307 310
102 309 310
139 309 310
48 310 310
206 311 105
49 313 310
119 313 310
98 318 105
39 321 418
213 321 310
149 323 418
18 327 105
186 328 310
243 328 310
285 328 310
310 328 310
312 332 310
120 335 105
281 337 105
42 338 105
4 340 105
209 340 105
49 342 418
318 344 105
261 346 105
336 346 105
77 348 310
133 348 418
10 352 105
73 352 105
47 353 105
225 354 297
286 355 310
298 355 310
307 355 310
324 355 310
45 356 105
52 359 310
207 360 105
182 362 310
111 366 418
276 366 418
4 370 297
340 370 297
344 370 105
149 373 418
163 374 101
329 374 418
116 375 455
177 375 455
314 375 764
127 376 418
248 376 310
372 376 310
121 381 105
248 382 418
192 384 764
16 385 110
187 385 110
331 386 105
189 387 105
275 388 297
373 389 101
191 390 105
360 390 297
277 394 101
292 394 101
5 396 105
365 400 418
171 408 105
52 409 310
184 409 310
82 410 310
224 410 310
137 413 764
278 413 455
8 415 105
9 416 310
292 417 418
184 421 418
332 421 310
342 421 418
216 422 105
65 427 310
292 427 418
183 428 105
288 430 152
231 433 105
39 434 310
149 434 101
230 434 310
89 436 297
111 437 310
213 437 418
431 438 105
36 440 310
77 440 310
102 440 310
139 440 310
178 440 418
391 440 595
55 445 310
182 445 310
309 445 418
120 446 105
88 452 310
416 452 418
301 453 152
125 455 105
377 456 310
16 460 110
150 460 110
187 460 110
244 460 110
409 461 418
410 461 310
342 463 310
382 463 310
271 464 455
453 464 455
9 465 418
111 465 310
377 465 418
14 466 764
126 466 455
399 467 128
39 469 310
105 469 310
230 469 310
296 471 105
470 471 105
266 472 418
48 473 310
139 473 418
178 473 310
275 474 105
314 476 152
464 476 764
9 479 310
164 479 418
213 479 310
302 483 105
82 484 310
461 484 310
458 485 263
334 486 418
19 487 418
410 487 310
424 488 455
139 489 418
445 489 310
77 490 310
139 490 310
128 491 101
472 491 418
486 491 418
268 494 105
298 495 310
427 495 310
52 496 310
82 496 418
457 497 105
34 499 105
388 500 105
123 503 105
144 504 105
222 505 455
24 507 418
55 507 310
110 507 310
182 507 310
266 507 101
182 508 418
309 508 310
348 508 310
440 508 310
130 509 105
445 510 310
41 513 105
36 514 310
77 514 310
412 516 105
398 517 105
9 520 418
35 520 310
452 520 310
178 521 418
469 521 418
401 522 101
89 524 105
72 526 105
299 526 297
365 528 418
241 532 105
204 533 105
206 533 105
501 535 105
259 536 105
267 538 105
450 538 105
126 541 455
228 541 764
256 545 105
305 545 105
257 546 310
13 547 105
65 549 310
138 549 310
495 549 310
503 553 297
167 555 418
14 557 152
15 557 455
466 557 764
537 559 152
35 560 310
107 560 310
549 560 418
313 561 310
46 563 764
282 563 764
235 566 105
286 572 310
427 572 310
19 573 310
283 573 418
306 573 310
409 573 310
463 575 310
47 576 105
288 578 764
430 578 764
372 579 310
377 579 310
409 579 418
421 579 310
48 580 310
74 581 310
122 581 310
490 581 418
89 582 105
250 582 105
36 586 418
461 586 418
292 587 310
469 587 310
495 587 418
314 588 152
464 588 764
119 589 418
372 589 418
397 592 105
247 594 764
102 595 418
362 595 310
445 595 310
507 595 310
71 597 105
548 597 105
342 598 310
575 598 310
475 601 105
43 602 105
75 603 105
278 604 455
413 604 455
537 604 764
559 604 764
401 607 101
49 609 310
119 609 310
203 609 418
283 609 310
409 609 418
477 609 310
586 609 418
415 611 105
273 612 105
444 615 297
327 617 105
20 622 297
255 626 105
138 627 310
469 627 418
495 627 310
109 630 105
187 631 110
385 631 110
458 631 263
460 631 110
162 632 105
6 633 418
100 633 101
195 633 101
334 633 418
394 633 418
146 634 105
567 636 105
609 637 595
111 638 310
463 638 310
598 638 310
259 639 105
42 642 105
365 643 418
129 645 455
476 645 455
196 646 1000
167 647 418
118 648 105
21 650 105
96 654 310
292 654 418
479 654 310
633 654 101
483 655 105
102 658 310
507 658 418
508 658 310
21 661 105
223 661 105
640 661 105
322 662 105
64 664 105
511 665 418
551 665 418
537 666 764
604 666 152
286 667 310
298 667 310
324 667 310
549 667 310
616 668 105
379 669 105
577 669 105
77 670 418
224 670 418
313 670 418
362 670 310
48 672 310
102 672 418
178 672 310
144 674 105
503 676 105
420 678 297
299 679 105
655 682 105
87 683 105
429 684 101
528 684 418
13 689 105
24 690 418
127 690 310
359 690 310
491 690 101
496 690 310
379 692 105
177 693 764
314 693 455
645 693 152
532 695 105
114 696 764
262 696 764
571 697 105
335 699 105
229 700 105
651 701 105
657 701 105
173 704 105
295 704 105
651 707 105
108 708 1000
49 709 310
119 709 310
283 709 310
306 709 418
477 709 310
40 711 764
133 712 310
508 712 418
337 714 105
644 717 105
55 718 310
110 718 310
477 718 418
586 718 310
528 719 418
551 719 101
643 719 418
567 721 105
6 722 418
394 722 418
427 722 101
306 723 418
312 723 310
372 723 310
421 723 310
59 724 105
158 726 418
406 726 101
647 726 101
186 727 310
243 727 310
285 727 310
310 727 310
348 727 418
580 727 310
287 730 105
534 731 418
116 734 764
453 734 152
197 735 105
562 735 105
274 736 105
570 739 105
234 741 105
39 742 310
587 742 310
280 743 455
301 743 764
734 743 152
140 744 105
421 746 310
598 746 418
306 747 418
436 748 297
527 749 297
264 750 527
48 751 310
475 752 105
11 754 152
424 754 764
716 756 105
52 757 418
437 757 418
609 757 310
709 757 310
739 759 297
311 761 105
513 761 297
133 762 418
727 762 418
590 763 297
195 764 418
334 764 101
342 764 101
455 767 105
423 768 105
686 769 105
484 771 310
595 771 418
732 772 105
148 774 105
109 777 105
224 778 310
461 778 310
747 778 310
217 779 105
180 780 105
111 781 310
561 781 418
598 781 310
153 782 105
130 783 105
382 784 310
575 784 310
589 784 310
781 784 310
114 785 1000
135 787 297
621 788 764
590 791 105
96 792 310
416 792 310
781 792 418
332 793 310
456 793 310
638 793 418
746 793 310
375 795 152
464 795 764
476 795 152
588 795 764
134 796 105
308 800 764
413 800 152
126 801 455
177 801 764
693 801 764
126 802 764
129 802 152
228 802 455
265 802 152
693 802 455
684 804 101
186 806 310
243 806 310
580 806 310
672 806 310
96 807 418
292 807 310
557 809 764
324 810 310
427 810 310
549 810 310
74 811 310
712 811 310
336 812 105
184 813 310
205 813 418
690 813 310
277 814 418
9 816 310
203 816 418
213 816 310
230 816 418
170 817 105
798 817 105
48 819 418
77 819 310
102 819 310
139 819 310
507 821 310
718 821 310
332 822 310
376 822 310
456 822 310
579 822 310
746 822 310
184 824 310
224 824 418
313 824 418
63 825 105
80 826 105
246 827 418
291 828 105
412 828 105
219 830 310
285 830 418
348 830 310
490 830 310
778 832 310
821 832 418
84 833 110
150 833 110
460 833 110
195 834 418
404 837 105
134 839 297
403 840 297
452 841 595
626 841 105
158 843 418
555 843 101
208 846 297
725 846 105
709 847 310
243 848 310
514 848 418
751 848 310
794 849 297
264 850 263
122 851 418
654 851 310
111 852 418
312 852 310
377 852 310
793 852 310
466 853 455
269 854 105
556 854 297
192 856 764
228 856 455
300 856 152
384 856 764
113 857 1000
355 859 310
495 859 310
572 859 310
54 862 297
244 864 263
458 864 263
702 866 105
341 867 105
826 868 105
332 871 310
376 871 310
456 871 310
486 871 101
690 871 418
78 872 105
539 872 105
230 873 310
687 873 418
807 873 310
215 874 455
384 874 764
754 874 455
856 874 152
340 875 105
863 875 105
107 876 418
213 876 310
526 877 105
704 880 105
640 882 105
710 882 297
383 883 105
519 883 105
87 884 105
30 885 297
642 885 105
320 886 418
609 887 310
466 888 152
557 888 764
809 888 764
663 889 105
49 890 101
128 890 418
764 890 418
808 890 101
834 890 418
441 891 105
720 891 105
148 892 105
202 892 105
647 893 101
683 895 297
878 895 105
557 896 152
888 896 764
110 897 310
119 897 418
510 897 310
514 897 418
586 897 310
670 897 310
778 897 418
821 897 310
155 898 297
124 899 105
724 900 105
37 901 310
292 901 310
873 901 310
16 902 110
385 902 110
525 902 1000
631 902 110
198 904 105
150 905 128
531 905 128
703 905 128
494 906 105
321 907 418
581 907 310
709 907 418
811 907 310
448 908 105
755 908 105
780 908 297
642 909 105
590 910 105
267 911 297
443 912 105
252 913 105
52 915 310
184 915 310
690 915 310
832 915 418
804 916 101
15 918 764
466 918 455
541 918 455
711 918 152
64 919 105
17 920 764
684 921 418
203 923 418
230 923 418
521 923 310
687 923 310
401 926 418
74 927 310
164 927 310
203 927 310
213 927 418
757 927 418
907 927 310
250 928 105
247 931 455
382 933 310
465 933 310
575 933 310
122 934 310
203 934 310
687 934 418
887 934 418
342 935 310
437 935 310
589 935 310
781 935 310
74 936 310
164 936 310
309 936 418
712 936 310
418 937 105
462 939 105
913 940 105
611 941 297
67 942 105
122 943 310
164 943 310
203 943 310
477 943 418
907 943 310
265 944 455
588 944 455
693 944 152
213 947 310
587 947 418
654 947 310
792 947 310
935 947 418
581 949 418
55 950 310
110 950 310
489 950 310
490 950 418
510 950 310
670 950 310
37 951 418
257 951 418
572 951 310
667 951 310
810 951 310
27 952 105
199 955 105
518 955 297
17 956 152
594 956 152
920 956 764
331 957 105
230 958 418
549 958 310
627 958 310
951 958 310
192 960 764
541 960 455
856 960 764
84 962 110
187 962 110
244 962 110
631 962 110
542 963 105
805 963 297
946 963 105
885 964 105
139 965 310
508 965 310
282 967 152
563 967 764
797 969 105
74 970 310
122 970 310
164 970 310
712 970 310
847 970 418
907 970 310
965 970 418
923 971 310
71 975 105
122 976 310
164 976 310
712 976 310
954 976 418
633 977 418
834 977 101
577 978 105
91 979 455
788 979 455
778 980 310
46 981 152
621 981 455
967 981 764
5 982 105
568 983 105
597 983 105
72 985 105
81 985 297
186 988 310
309 988 418
310 988 310
473 988 310
580 988 310
672 988 310
751 988 310
13 989 297
506 993 105
314 994 764
375 994 764
464 994 152
476 994 764
734 994 455
177 995 152
645 995 764
944 995 764
133 996 418
313 996 310
229 997 105
110 998 310
182 998 310
489 998 310
586 998 310
670 998 310
54 999 105
691 999 105
828 999 105
74 1000 310
561 1000 418
792 1000 418
819 1000 418
745 1001 105
82 1003 418
362 1003 310
507 1003 310
998 1003 310
899 1004 105
365 1005 101
831 1005 101
162 1006 105
313 1007 310
575 1007 418
609 1007 310
998 1007 418
766 1008 105
803 1009 297
845 1009 105
290 1010 105
163 1012 418
491 1012 101
818 1013 105
127 1014 310
409 1014 310
484 1014 418
496 1014 310
822 1014 418
887 1014 418
99 1015 764
214 1015 764
918 1015 455
19 1019 418
283 1019 310
477 1019 310
933 1019 418
996 1019 310
1007 1019 310
901 1020 310
954 1020 418
161 1021 105
222 1022 455
621 1024 455
776 1024 455
979 1024 764
174 1025 105
961 1025 105
616 1028 297
106 1030 105
673 1031 105
134 1032 105
82 1033 310
205 1033 310
224 1033 310
461 1033 310
487 1033 310
980 1033 310
998 1033 418
654 1034 310
784 1034 418
792 1034 310
122 1035 418
417 1035 310
687 1035 310
949 1035 310
954 1035 310
263 1036 105
77 1037 310
102 1037 310
362 1037 418
508 1037 310
811 1037 418
830 1037 310
853 1040 455
960 1040 455
785 1041 105
235 1043 105
441 1043 105
451 1043 105
682 1044 105
85 1045 105
1041 1045 105
83 1046 110
244 1046 110
385 1046 110
833 1046 110
902 1046 110
962 1046 110
502 1047 105
279 1048 105
420 1048 105
110 1050 310
182 1050 310
489 1050 310
821 1050 310
847 1050 418
965 1050 418
206 1051 105
959 1051 105
552 1052 455
776 1052 764
874 1052 455
866 1054 105
879 1054 105
831 1055 418
916 1055 418
25 1056 418
764 1056 101
808 1056 418
916 1056 101
15 1057 455
192 1057 455
228 1057 764
541 1057 764
468 1058 105
1028 1058 105
903 1060 105
392 1061 105
752 1061 105
52 1062 418
332 1062 310
437 1062 418
579 1062 310
723 1062 310
852 1062 310
323 1064 101
429 1064 418
528 1064 101
551 1064 418
885 1065 105
953 1066 105
248 1068 310
359 1068 418
372 1068 310
377 1068 310
793 1068 310
871 1068 310
1062 1068 310
554 1069 418
38 1070 105
501 1070 297
315 1071 105
357 1071 105
88 1072 310
495 1072 418
560 1072 310
947 1072 418
269 1073 105
77 1074 418
133 1074 310
313 1074 418
581 1074 310
811 1074 310
1000 1074 310
760 1075 105
85 1078 297
925 1078 105
963 1079 105
968 1079 105
866 1080 105
624 1082 105
752 1082 105
518 1083 105
737 1083 297
831 1084 101
1069 1084 418
428 1086 105
1085 1086 105
290 1087 297
439 1087 105
438 1088 105
308 1089 455
559 1089 152
666 1089 764
97 1090 297
942 1090 105
96 1091 418
456 1091 418
465 1091 310
638 1091 310
781 1091 310
571 1092 105
583 1094 105
883 1094 105
752 1096 297
307 1097 310
324 1097 310
546 1097 418
627 1097 310
859 1097 310
951 1097 310
1093 1098 105
727 1099 310
806 1099 310
395 1100 418
19 1101 310
127 1101 310
306 1101 310
824 1101 310
110 1103 310
182 1103 310
510 1103 310
1003 1103 310
60 1104 105
974 1104 105
16 1105 110
83 1105 110
244 1105 110
385 1105 110
1046 1105 110
131 1106 105
432 1106 105
389 1107 418
1100 1107 101
12 1108 105
104 1110 105
799 1110 105
195 1112 101
554 1112 418
1055 1112 101
1056 1112 418
1084 1112 418
585 1114 105
592 1116 105
93 1117 105
1108 1117 105
697 1119 105
456 1120 310
852 1120 310
169 1121 764
215 1121 764
1057 1121 152
256 1122 105
710 1122 105
348 1123 310
658 1123 310
1003 1123 418
1037 1123 310
1099 1123 418
332 1124 310
456 1124 310
746 1124 310
781 1124 418
852 1124 310
153 1125 105
288 1126 152
981 1126 911
122 1127 310
203 1127 310
712 1127 310
1007 1127 418
1074 1127 310
127 1128 310
306 1128 310
359 1128 310
813 1128 310
847 1128 418
915 1128 310
183 1130 105
103 1131 418
814 1131 101
52 1132 310
852 1132 418
1101 1132 310
1128 1132 310
16 1134 110
83 1134 110
84 1134 110
150 1134 110
385 1134 110
460 1134 110
870 1136 105
117 1137 105
842 1137 105
1082 1138 105
738 1139 764
1024 1139 764
271 1140 764
488 1140 152
588 1140 455
944 1140 455
354 1145 297
419 1145 297
353 1146 105
945 1146 105
258 1147 105
823 1148 105
101 1149 297
1013 1149 105
532 1150 105
65 1151 310
138 1151 310
355 1151 310
495 1151 310
958 1151 310
385 1153 128
184 1154 310
573 1154 310
746 1154 418
1014 1154 310
1101 1154 310
1128 1154 310
241 1155 105
649 1155 105
787 1155 105
115 1157 105
185 1157 297
706 1157 105
1102 1157 105
214 1158 764
308 1158 455
1089 1158 455
369 1159 105
820 1159 105
81 1160 105
679 1160 105
430 1161 152
967 1161 911
1126 1161 764
1066 1163 105
664 1164 105
82 1165 310
205 1165 310
472 1165 101
507 1165 418
690 1165 418
771 1165 310
832 1165 310
980 1165 310
410 1166 310
484 1166 310
510 1166 418
778 1166 310
62 1167 105
411 1167 105
285 1168 310
310 1168 310
473 1168 310
490 1168 418
580 1168 310
751 1168 310
949 1168 418
544 1169 105
96 1172 310
416 1172 310
816 1172 310
851 1172 310
873 1172 418
876 1172 310
934 1172 418
37 1173 310
434 1173 310
469 1173 310
742 1173 310
873 1173 310
1097 1173 418
1142 1175 105
140 1176 105
948 1176 297
293 1178 105
46 1179 764
563 1179 764
967 1179 764
981 1179 764
114 1180 764
696 1180 764
738 1180 455
956 1180 455
39 1181 310
213 1181 418
230 1181 310
587 1181 310
901 1181 310
1151 1181 418
277 1182 418
722 1182 101
1047 1183 105
848 1184 418
923 1184 310
1035 1184 310
253 1185 105
317 1185 105
417 1186 310
954 1186 310
1184 1186 310
366 1187 418
728 1188 105
90 1189 105
173 1189 105
271 1190 152
488 1190 152
801 1190 455
323 1191 101
406 1191 418
926 1191 418
1107 1191 418
297 1192 105
542 1192 297
1055 1193 418
331 1194 105
652 1194 105
668 1194 297
399 1195 128
384 1196 455
1052 1196 764
721 1198 105
466 1199 764
557 1199 764
802 1199 455
809 1199 764
287 1200 297
877 1200 105
137 1201 764
800 1201 764
1015 1201 455
65 1203 418
88 1203 310
479 1203 418
520 1203 310
560 1203 310
478 1204 105
867 1204 105
5 1205 105
601 1205 105
760 1205 297
223 1206 105
263 1206 105
671 1206 105
112 1207 105
376 1208 418
382 1208 310
575 1208 310
589 1208 310
851 1208 418
419 1209 297
815 1209 297
39 1211 418
286 1211 310
324 1211 310
549 1211 310
627 1211 310
1151 1211 310
685 1212 297
192 1213 764
300 1213 152
384 1213 764
424 1213 455
874 1213 764
960 1213 152
382 1214 310
416 1214 418
465 1214 310
589 1214 310
638 1214 310
781 1214 310
248 1215 310
421 1215 310
793 1215 310
822 1215 310
1062 1215 310
1120 1215 310
745 1216 297
1092 1216 105
227 1217 418
804 1217 418
312 1218 310
372 1218 310
377 1218 310
421 1218 310
824 1218 418
1120 1218 310
1124 1218 310
52 1219 310
184 1219 310
332 1219 418
573 1219 310
690 1219 310
771 1219 418
1012 1219 101
1014 1219 310
665 1220 101
719 1220 418
871 1221 595
416 1222 418
581 1222 310
934 1222 310
936 1222 310
976 1222 310
1000 1222 310
973 1223 105
410 1224 310
1132 1224 418
561 1225 418
824 1225 310
915 1225 310
1124 1225 418
1132 1225 310
1154 1225 310
1219 1225 310
1038 1226 105
318 1227 105
570 1228 105
939 1228 105
1018 1229 105
620 1230 105
1071 1230 105
823 1231 105
696 1232 455
738 1232 764
1024 1232 152
693 1233 764
801 1233 764
944 1233 764
995 1233 152
936 1234 418
988 1234 418
260 1236 595
382 1236 418
976 1236 418
1019 1236 310
1103 1236 418
219 1237 101
665 1237 101
1227 1238 105
938 1239 105
321 1240 310
323 1240 101
416 1240 310
434 1240 418
816 1240 310
876 1240 310
1034 1240 310
43 1241 105
428 1241 297
767 1242 105
937 1242 105
1053 1242 105
37 1243 418
257 1243 418
575 1243 418
816 1243 310
851 1243 310
1034 1243 310
1127 1243 418
186 1245 310
310 1245 310
473 1245 310
672 1245 310
687 1245 418
751 1245 310
1099 1245 310
146 1246 105
55 1247 418
410 1247 310
484 1247 310
1165 1247 310
1095 1248 105
823 1250 105
55 1253 310
410 1253 418
510 1253 310
586 1253 310
670 1253 310
1003 1253 310
744 1254 105
395 1255 418
522 1255 418
731 1255 101
879 1256 105
204 1257 105
1244 1257 105
364 1258 105
408 1258 105
180 1259 297
831 1260 418
1193 1260 418
374 1261 418
1131 1261 418
445 1262 310
718 1262 310
1103 1262 310
1212 1264 105
1010 1265 105
603 1266 105
707 1266 105
730 1266 105
1188 1267 105
288 1268 764
505 1268 455
563 1268 911
1161 1268 764
11 1269 152
116 1269 455
192 1269 455
424 1269 764
282 1270 911
288 1270 764
578 1270 764
1161 1270 152
1268 1270 764
391 1271 595
637 1271 595
1128 1271 595
1221 1271 595
894 1272 105
550 1273 105
17 1274 764
537 1274 455
594 1274 152
621 1274 455
920 1274 764
523 1275 105
758 1276 105
546 1278 418
598 1278 418
792 1278 310
1172 1278 310
1173 1278 418
1240 1278 310
1243 1278 310
471 1279 105
362 1280 310
709 1280 418
718 1280 310
747 1280 418
897 1280 310
950 1280 310
1050 1280 310
33 1281 105
497 1281 105
904 1281 105
753 1283 105
930 1283 105
95 1284 105
632 1284 105
314 1285 764
588 1285 764
743 1285 455
795 1285 764
994 1285 152
1233 1285 455
1275 1286 105
36 1287 310
328 1287 418
718 1287 418
830 1287 310
943 1287 418
19 1288 310
127 1288 310
306 1288 310
359 1288 310
409 1288 310
477 1288 418
915 1288 310
786 1289 105
86 1290 105
345 1290 105
660 1290 297
688 1290 105
307 1291 310
324 1291 310
452 1291 418
859 1291 310
24 1292 310
55 1292 418
477 1292 310
561 1292 310
887 1292 310
996 1292 310
1091 1292 418
313 1294 310
581 1294 418
709 1294 310
950 1294 418
1019 1294 310
1101 1294 418
1292 1294 310
461 1295 310
487 1295 310
573 1295 418
747 1295 310
771 1295 310
980 1295 310
1166 1295 310
411 1297 105
444 1297 105
9 1298 310
213 1298 310
654 1298 310
901 1298 418
1172 1298 310
1243 1298 310
358 1300 297
527 1300 297
1144 1300 297
96 1301 310
133 1301 418
876 1301 310
947 1301 310
1298 1301 310
598 1303 310
822 1303 418
887 1303 418
1091 1303 310
1172 1303 418
1208 1303 310
1214 1303 310
221 1304 105
319 1304 105
565 1304 105
364 1305 105
17 1306 764
247 1306 764
594 1306 764
920 1306 152
1089 1306 455
494 1307 105
190 1309 105
200 1309 105
640 1309 105
912 1309 297
1146 1310 105
328 1311 310
848 1311 310
1035 1311 418
1168 1311 310
1245 1311 310
347 1312 105
497 1312 105
653 1312 105
453 1313 764
588 1313 455
743 1313 764
608 1314 105
877 1314 105
149 1315 101
365 1315 101
1064 1315 418
330 1317 105
713 1318 297
992 1318 105
9 1319 310
74 1319 418
111 1319 418
213 1319 310
792 1319 310
1301 1319 310
88 1320 310
257 1320 310
560 1320 310
810 1320 418
851 1320 418
492 1321 105
68 1322 105
543 1322 105
1118 1322 105
65 1323 418
292 1323 310
479 1323 418
742 1323 310
1020 1323 310
1181 1323 310
1021 1325 105
766 1326 105
219 1327 418
283 1327 418
489 1327 310
510 1327 310
586 1327 310
595 1327 310
1262 1327 310
1280 1327 310
1295 1327 418
522 1328 101
731 1328 418
169 1329 455
278 1329 455
711 1329 764
267 1331 297
367 1331 297
407 1331 105
643 1332 101
1005 1332 418
1141 1332 418
1260 1332 101
482 1333 105
803 1333 105
425 1335 105
1116 1335 105
31 1336 105
294 1336 105
1205 1336 105
280 1337 152
424 1337 764
754 1337 764
1269 1337 152
210 1339 105
1264 1339 297
9 1340 310
933 1340 418
1240 1340 310
1243 1340 310
1301 1340 310
526 1341 105
36 1342 310
77 1342 310
139 1342 310
508 1342 310
830 1342 310
998 1342 418
1123 1342 310
1127 1342 418
147 1343 105
126 1345 152
129 1345 764
265 1345 152
888 1345 455
18 1346 297
200 1346 297
178 1347 310
328 1347 310
806 1347 310
848 1347 310
1168 1347 310
1277 1348 105
596 1349 105
628 1349 297
133 1350 310
581 1350 310
811 1350 310
830 1350 418
943 1350 310
976 1350 310
1019 1350 418
1127 1350 310
1340 1350 418
36 1351 310
102 1351 310
139 1351 310
934 1351 418
1123 1351 310
1245 1351 418
194 1352 105
380 1352 105
330 1353 297
1339 1353 105
975 1355 105
1279 1355 105
239 1356 105
55 1357 310
182 1357 310
348 1357 418
670 1357 310
821 1357 310
996 1357 418
1003 1357 310
1262 1357 310
1353 1358 105
108 1359 1000
525 1359 1000
186 1360 310
219 1360 418
285 1360 310
473 1360 310
672 1360 310
751 1360 310
1347 1360 310
789 1361 1000
116 1362 764
301 1362 152
424 1362 455
734 1362 764
1313 1362 152
24 1363 310
119 1363 310
164 1363 418
359 1363 418
477 1363 310
757 1363 310
847 1363 310
1236 1363 310
227 1364 418
316 1364 101
345 1365 105
706 1365 105
990 1365 105
374 1366 418
731 1366 101
1012 1366 101
214 1367 152
278 1367 764
537 1367 455
671 1368 105
133 1369 310
927 1369 310
943 1369 310
947 1369 418
970 1369 310
1000 1369 310
378 1370 105
276 1372 418
1016 1372 418
1210 1372 418
271 1373 764
476 1373 455
488 1373 764
645 1373 455
754 1373 455
1251 1375 105
567 1376 105
326 1377 105
293 1380 105
1002 1380 105
1093 1380 105
44 1383 105
635 1383 105
908 1384 105
513 1385 297
719 1386 101
1193 1386 101
1217 1386 418
1332 1386 418
19 1388 418
248 1388 310
312 1388 310
377 1388 310
933 1388 418
1120 1388 310
9 1389 418
74 1389 310
164 1389 310
203 1389 310
971 1389 418
1074 1389 310
1222 1389 310
1350 1389 310
128 1390 418
472 1390 101
477 1391 418
933 1391 310
935 1391 310
1091 1391 310
1208 1391 310
323 1392 418
373 1392 418
551 1392 101
1107 1392 101
1237 1392 418
45 1394 105
284 1394 105
760 1395 105
1251 1395 105
280 1396 152
384 1396 455
424 1396 764
734 1396 455
754 1396 764
1269 1396 764
83 1397 110
150 1397 110
244 1397 110
833 1397 110
902 1397 110
1136 1398 105
1272 1399 105
569 1400 418
1364 1400 101
44 1401 105
57 1401 105
177 1402 764
488 1402 455
645 1402 764
801 1402 152
944 1402 152
995 1402 764
1345 1402 455
395 1403 418
869 1403 101
939 1404 105
195 1405 418
394 1405 101
469 1405 101
1084 1405 101
197 1406 105
165 1407 105
270 1407 105
50 1410 105
644 1411 105
1032 1411 105
184 1412 418
205 1412 310
224 1412 310
461 1412 310
747 1412 310
771 1412 310
832 1412 310
1390 1412 101
84 1413 110
244 1413 110
631 1413 110
833 1413 110
962 1413 110
1134 1413 110
616 1415 105
35 1416 310
107 1416 310
181 1416 310
307 1416 418
452 1416 310
546 1416 310
1203 1416 310
134 1417 105
382 1418 310
437 1418 310
465 1418 310
575 1418 310
1298 1418 418
1303 1418 310
1041 1419 105
1414 1419 105
1064 1420 418
190 1421 297
274 1421 105
402 1421 105
590 1421 297
1085 1421 105
222 1422 455
636 1423 105
841 1423 297
1029 1424 105
36 1425 310
102 1425 310
806 1425 418
927 1425 418
1123 1425 310
14 1427 764
240 1427 455
265 1427 455
888 1427 152
896 1427 764
1199 1427 152
1329 1427 455
216 1428 105
1051 1429 105
329 1431 101
1328 1431 418
644 1432 105
137 1433 764
308 1433 152
413 1433 764
1201 1433 152
1401 1434 105
11 1435 764
280 1435 764
300 1435 455
424 1435 152
1140 1435 455
1313 1435 455
1337 1435 764
616 1436 105
1238 1436 105
855 1437 418
1372 1437 418
1115 1438 105
1043 1439 297
613 1440 105
749 1440 105
280 1441 764
754 1441 152
856 1441 455
1269 1441 764
1396 1441 764
1435 1441 152
247 1442 764
559 1442 455
696 1442 455
956 1442 764
1274 1442 152
1306 1442 152
569 1443 101
808 1443 418
1371 1443 418
1383 1444 105
288 1445 764
578 1445 152
1126 1445 764
1161 1445 764
1179 1445 911
1268 1445 764
74 1446 418
111 1446 418
561 1446 310
757 1446 310
847 1446 310
996 1446 310
1132 1446 418
1294 1446 310
358 1448 297
372 1450 310
421 1450 310
871 1450 310
915 1450 418
935 1450 418
1062 1450 310
1120 1450 310
1124 1450 310
342 1451 310
437 1451 310
465 1451 310
575 1451 310
579 1451 418
589 1451 310
609 1451 418
816 1451 418
1303 1451 310
1391 1451 310
114 1452 455
247 1452 152
604 1452 455
920 1452 764
956 1452 764
1274 1452 764
1442 1452 764
697 1453 297
1070 1453 297
285 1454 310
473 1454 310
1099 1454 310
1311 1454 310
1342 1454 418
15 1455 764
40 1455 764
711 1455 152
809 1455 455
1158 1455 455
216 1456 105
1039 1456 105
1436 1456 105
780 1457 105
1401 1457 297
426 1458 105
929 1458 297
24 1460 310
119 1460 310
283 1460 310
561 1460 310
784 1460 418
847 1460 310
1007 1460 310
1236 1460 310
99 1461 764
278 1461 764
711 1461 455
1015 1461 152
1158 1461 152
1367 1461 764
1433 1461 455
17 1463 455
621 1463 764
788 1463 764
931 1463 152
52 1464 418
82 1464 310
461 1464 310
747 1464 310
771 1464 310
832 1464 310
1224 1464 310
791 1465 105
386 1466 105
248 1467 310
312 1467 310
421 1467 310
463 1467 418
793 1467 310
813 1467 418
871 1467 310
1120 1467 310
942 1468 297
922 1469 297
957 1469 105
1440 1470 105
107 1472 310
181 1472 310
213 1472 418
1072 1472 310
1151 1472 418
1203 1472 310
1359 1473 1000
39 1474 310
105 1474 310
286 1474 418
901 1474 310
924 1475 105
724 1476 105
11 1478 455
116 1478 152
301 1478 764
453 1478 764
743 1478 764
795 1478 455
1313 1478 764
557 1479 455
853 1479 764
257 1480 310
520 1480 310
1298 1480 418
1472 1480 310
376 1481 310
456 1481 310
579 1481 310
723 1481 310
1068 1481 310
1215 1481 310
1288 1481 418
1388 1481 310
1391 1481 418
1450 1481 310
44 1482 105
249 1482 105
963 1482 297
990 1482 297
431 1483 105
65 1484 310
355 1484 310
495 1484 310
572 1484 310
742 1484 418
810 1484 310
1097 1484 310
1211 1484 310
1263 1486 105
831 1487 418
1069 1487 101
19 1488 310
306 1488 310
312 1488 418
496 1488 310
813 1488 310
824 1488 310
1132 1488 310
1219 1488 310
625 1489 105
1094 1489 105
1257 1490 105
682 1491 105
11 1492 455
192 1492 152
300 1492 764
874 1492 152
960 1492 764
56 1493 105
705 1493 105
1125 1493 105
577 1494 105
50 1495 105
295 1496 297
1189 1496 297
282 1497 152
788 1497 455
981 1497 764
1179 1497 152
1170 1498 105
1482 1498 105
632 1499 105
112 1500 105
610 1501 105
941 1501 297
1004 1501 105
66 1502 105
1083 1502 297
1189 1502 105
1259 1502 105
114 1503 1000
750 1503 263
850 1503 263
864 1503 263
930 1504 105
147 1505 105
428 1505 105
677 1505 105
39 1506 310
230 1506 310
549 1506 418
587 1506 310
807 1506 310
1323 1506 310
132 1507 105
1248 1507 105
65 1508 310
138 1508 310
572 1508 310
667 1508 310
810 1508 310
1020 1508 418
1291 1508 310
146 1509 105
1 1511 105
556 1511 105
118 1512 105
1271 1513 595
1462 1513 595
1249 1514 105
1381 1514 105
621 1515 764
920 1515 455
967 1515 455
1139 1515 455
1463 1515 764
1027 1516 105
1471 1516 105
271 1518 764
488 1518 764
995 1518 455
1140 1518 764
1337 1518 455
1373 1518 764
179 1519 105
676 1519 297
1246 1519 297
203 1520 310
219 1520 418
283 1520 418
907 1520 310
1222 1520 310
1240 1520 418
1350 1520 310
1392 1520 101
686 1521 105
1438 1522 105
7 1523 152
129 1523 764
802 1523 764
809 1523 455
1345 1523 764
869 1524 418
1107 1524 418
1237 1524 101
373 1525 101
434 1525 418
923 1525 310
1186 1525 310
1360 1525 418
1520 1525 418
28 1526 105
511 1527 101
869 1527 101
1237 1527 418
1327 1527 101
1317 1528 105
368 1529 105
987 1529 105
1453 1529 105
39 1532 418
521 1532 310
907 1532 418
949 1532 310
1184 1532 310
1347 1532 418
1525 1532 310
984 1533 105
1273 1533 105
315 1535 297
1249 1535 105
277 1536 101
292 1536 310
434 1536 310
469 1536 310
873 1536 310
1181 1536 310
1474 1536 310
726 1537 418
843 1537 418
1100 1537 418
1191 1537 101
1177 1538 105
109 1539 105
378 1539 105
20 1540 105
555 1541 418
1131 1541 101
25 1542 101
916 1542 418
172 1543 105
614 1543 105
685 1543 105
882 1544 105
339 1545 105
569 1546 418
808 1546 101
916 1546 418
1193 1546 418
1217 1546 101
1141 1547 101
1260 1547 418
185 1548 105
396 1549 297
714 1549 105
513 1550 105
783 1550 105
1118 1550 297
1308 1550 105
238 1551 105
404 1551 105
1048 1551 105
1276 1552 105
1209 1553 297
1439 1554 105
1447 1554 105
411 1555 105
909 1555 105
1008 1555 105
46 1556 152
430 1556 911
967 1556 152
1497 1556 764
627 1557 101
722 1557 101
1069 1557 101
1405 1557 418
7 1558 455
169 1558 764
215 1558 764
541 1558 152
711 1558 455
1121 1558 764
256 1559 297
671 1559 105
1174 1559 105
344 1560 105
855 1562 418
169 1563 764
215 1563 152
303 1563 455
541 1563 764
1057 1563 152
1492 1563 455
1558 1563 764
463 1564 418
654 1564 310
712 1564 418
1243 1564 310
1301 1564 310
687 1565 310
751 1565 418
949 1565 310
954 1565 310
971 1565 310
1184 1565 310
1222 1565 418
1234 1565 310
1525 1565 310
1334 1566 297
1355 1566 297
558 1567 105
966 1567 105
938 1568 105
15 1569 152
40 1569 764
711 1569 764
896 1569 455
1121 1569 455
1329 1569 764
1367 1569 455
373 1570 418
1237 1570 418
1360 1570 101
143 1571 418
534 1571 418
1403 1571 101
617 1573 105
629 1573 105
1162 1573 105
75 1575 105
234 1576 105
1355 1576 105
1458 1576 105
162 1577 105
201 1577 297
285 1578 418
762 1578 310
949 1578 310
954 1578 310
971 1578 310
1350 1578 418
1525 1578 310
32 1579 105
1148 1579 105
910 1581 105
582 1582 105
1053 1583 105
1394 1583 105
941 1584 105
455 1585 105
1185 1586 105
300 1588 764
384 1588 152
874 1588 764
960 1588 152
1492 1588 764
1558 1588 455
531 1590 128
905 1590 128
1503 1590 263
684 1591 418
719 1591 418
1217 1591 101
35 1592 310
107 1592 310
281 1592 595
298 1592 418
1072 1592 310
1301 1592 418
1480 1592 310
797 1593 105
1346 1594 105
164 1595 418
309 1595 310
514 1595 310
658 1595 310
965 1595 310
1287 1595 310
1425 1595 310
50 1596 105
94 1596 105
100 1598 101
181 1598 418
213 1598 310
654 1598 310
792 1598 310
1172 1598 310
1240 1598 310
1536 1598 418
286 1599 310
298 1599 310
427 1599 310
901 1599 418
951 1599 310
1151 1599 310
1480 1599 418
1508 1599 310
24 1600 310
49 1600 310
119 1600 310
477 1600 310
561 1600 310
757 1600 310
821 1600 418
847 1600 310
915 1600 418
935 1600 418
996 1600 310
1369 1600 418
1067 1601 105
24 1602 310
496 1602 418
757 1602 310
887 1602 310
996 1602 310
1003 1602 418
1007 1602 310
1236 1602 310
1418 1602 418
634 1604 105
875 1604 105
1176 1604 105
1574 1604 297
1538 1605 105
402 1607 105
1174 1607 297
113 1608 1000
838 1608 1000
1017 1608 1000
220 1609 105
769 1609 297
860 1609 105
566 1610 105
1047 1611 105
1070 1612 105
14 1614 152
40 1614 455
129 1614 455
552 1614 455
809 1614 764
888 1614 764
896 1614 764
1199 1614 152
779 1615 105
92 1616 105
883 1616 297
910 1617 105
192 1618 152
300 1618 764
776 1618 455
874 1618 764
1121 1618 455
1213 1618 764
1337 1618 455
1588 1618 764
35 1619 418
298 1619 310
307 1619 310
324 1619 310
427 1619 310
549 1619 310
807 1619 418
859 1619 310
740 1620 105
1252 1620 105
39 1621 310
105 1621 310
324 1621 418
807 1621 310
949 1621 418
1173 1621 310
74 1622 418
309 1622 310
348 1622 310
490 1622 310
580 1622 418
819 1622 310
965 1622 310
1037 1622 310
1425 1622 310
113 1623 1000
37 1624 310
434 1624 310
667 1624 418
1020 1624 310
1340 1624 418
1474 1624 310
1506 1624 310
1578 1624 418
1621 1624 310
1045 1625 105
593 1626 105
108 1628 1000
485 1628 527
864 1628 263
1318 1629 105
69 1631 297
179 1632 105
313 1633 310
362 1633 418
709 1633 310
811 1633 418
1019 1633 310
1446 1633 310
1460 1633 310
1488 1633 418
1602 1633 310
669 1634 105
1226 1634 105
817 1635 105
991 1635 105
663 1636 105
772 1637 105
919 1637 297
119 1638 310
283 1638 310
510 1638 418
561 1638 310
887 1638 310
1214 1638 418
1222 1638 418
1236 1638 310
1294 1638 310
447 1639 105
1485 1639 105
104 1640 297
898 1640 105
1583 1640 105
22 1641 101
91 1642 764
262 1642 764
594 1642 455
1180 1642 152
1479 1642 455
416 1643 418
434 1643 310
873 1643 310
1020 1643 310
1291 1643 418
1565 1643 418
1621 1643 310
359 1644 418
410 1644 310
778 1644 310
1165 1644 310
1464 1644 310
37 1645 310
292 1645 310
742 1645 310
810 1645 418
851 1645 418
873 1645 310
1020 1645 310
1035 1645 418
1506 1645 310
1621 1645 310
147 1646 105
150 1647 1000
316 1647 418
511 1647 101
1220 1647 418
1591 1647 418
7 1648 455
271 1648 455
464 1648 455
645 1648 764
801 1648 152
944 1648 764
995 1648 764
313 1649 310
465 1649 418
609 1649 310
1019 1649 310
1253 1649 418
1292 1649 310
1363 1649 310
1389 1649 418
1446 1649 310
1602 1649 310
1638 1649 310
559 1650 764
666 1650 152
1015 1650 455
1201 1650 455
138 1651 418
434 1651 310
469 1651 310
873 1651 310
876 1651 418
1020 1651 310
1181 1651 310
1506 1651 310
195 1652 101
321 1652 310
342 1652 418
469 1652 418
816 1652 310
876 1652 310
947 1652 310
1278 1652 310
1564 1652 310
1598 1652 310
36 1653 418
178 1653 310
328 1653 310
806 1653 310
848 1653 310
923 1653 418
1245 1653 310
1360 1653 310
1454 1653 310
224 1654 310
771 1654 310
832 1654 310
980 1654 310
1166 1654 310
1224 1654 310
1225 1654 418
1247 1654 310
566 1655 105
502 1656 105
1596 1656 105
845 1657 105
966 1658 105
169 1659 764
228 1659 764
541 1659 764
1121 1659 152
1563 1659 764
175 1660 105
241 1660 105
972 1660 105
34 1661 297
379 1661 105
1377 1662 105
1111 1663 105
450 1664 297
1060 1664 105
911 1665 105
955 1665 105
329 1666 418
1328 1666 101
1366 1666 418
620 1667 105
107 1669 310
181 1669 310
546 1669 310
627 1669 418
1072 1669 310
1652 1669 418
121 1670 105
1538 1670 105
65 1671 310
355 1671 310
520 1671 418
667 1671 310
958 1671 310
1291 1671 310
1599 1671 310
1619 1671 310
149 1672 101
389 1672 418
843 1672 101
1191 1672 418
448 1673 105
625 1673 105
1314 1674 105
400 1675 101
1315 1675 418
1420 1675 418
133 1676 310
811 1676 310
927 1676 310
934 1676 310
976 1676 310
1123 1676 418
1127 1676 310
1298 1676 418
1389 1676 310
1602 1676 418
354 1677 297
52 1678 310
184 1678 310
573 1678 310
1014 1678 310
1215 1678 418
1288 1678 310
529 1679 105
1530 1679 105
1276 1680 105
111 1681 310
463 1681 310
933 1681 310
935 1681 310
996 1681 418
1091 1681 310
1120 1681 418
1301 1681 418
1418 1681 310
1346 1682 297
24 1683 101
163 1683 101
266 1683 418
334 1683 418
491 1683 418
890 1683 101
977 1683 418
389 1684 101
843 1684 418
932 1684 418
1100 1684 418
1541 1684 101
247 1685 455
559 1685 764
604 1685 152
800 1685 455
1089 1685 764
1650 1685 764
402 1686 105
175 1687 105
515 1687 105
605 1687 105
1411 1688 105
775 1689 105
946 1689 105
849 1690 105
892 1691 105
343 1692 105
1318 1692 105
573 1693 101
607 1693 418
715 1693 101
445 1694 418
638 1694 418
936 1694 418
1292 1694 310
1363 1694 310
1446 1694 310
1638 1694 310
825 1695 105
321 1696 310
811 1696 418
1034 1696 310
1298 1696 310
1319 1696 310
1340 1696 310
1474 1696 418
1564 1696 310
1598 1696 310
438 1697 105
944 1697 1000
1299 1697 105
1229 1698 105
32 1699 297
721 1699 105
83 1700 110
84 1700 110
631 1700 110
1105 1700 110
1134 1700 110
1397 1700 110
95 1702 297
632 1702 297
787 1702 297
841 1702 105
1656 1702 105
1030 1703 105
285 1704 310
580 1704 310
672 1704 310
1037 1704 418
1099 1704 310
1347 1704 310
1249 1705 105
1605 1705 297
313 1706 418
342 1706 310
465 1706 310
575 1706 310
589 1706 310
781 1706 310
1218 1706 418
1681 1706 310
1562 1707 418
55 1708 418
309 1708 310
310 1708 418
348 1708 310
490 1708 310
658 1708 310
819 1708 310
1287 1708 310
1351 1708 310
282 1709 455
788 1709 152
931 1709 764
1515 1709 152
540 1710 105
779 1710 105
1317 1710 297
186 1711 310
285 1711 310
751 1711 310
954 1711 418
1099 1711 310
1311 1711 310
443 1712 105
185 1713 105
940 1714 297
1060 1714 105
1475 1714 105
1514 1714 105
287 1715 105
655 1715 297
763 1715 297
401 1716 418
1255 1716 101
1693 1716 101
85 1717 297
1167 1717 105
289 1718 105
368 1718 105
942 1718 105
154 1719 105
448 1719 105
584 1719 105
382 1720 418
416 1720 310
479 1720 310
851 1720 310
876 1720 310
976 1720 418
1020 1720 418
1034 1720 310
1298 1720 310
1340 1720 310
1564 1720 310
1390 1721 101
1400 1721 101
1443 1721 418
1662 1722 105
767 1723 297
1282 1723 105
1374 1723 105
1378 1723 105
601 1724 105
716 1724 105
1188 1724 105
594 1725 455
621 1725 152
788 1725 764
931 1725 764
1709 1725 764
175 1726 297
454 1726 105
186 1727 418
521 1727 310
687 1727 310
762 1727 310
954 1727 310
1234 1727 310
1525 1727 310
1651 1727 418
19 1728 310
359 1728 310
377 1728 418
409 1728 310
410 1728 418
496 1728 310
824 1728 310
1132 1728 310
1649 1728 418
1195 1729 128
24 1730 310
110 1730 418
119 1730 310
122 1730 418
127 1730 418
477 1730 310
847 1730 310
887 1730 310
1007 1730 310
1208 1730 418
1236 1730 310
1294 1730 310
138 1731 310
434 1731 418
572 1731 310
667 1731 310
958 1731 310
1097 1731 310
1211 1731 310
1291 1731 310
270 1734 297
826 1734 105
111 1735 310
463 1735 310
598 1735 310
784 1735 310
847 1735 418
935 1735 310
1208 1735 310
70 1736 105
441 1737 105
849 1738 105
117 1739 105
261 1740 105
498 1740 105
600 1740 297
1572 1740 105
68 1741 105
639 1741 105
61 1744 455
505 1744 455
1422 1744 455
226 1745 105
294 1745 297
27 1746 105
1603 1746 105
1697 1747 105
533 1748 297
1458 1748 105
725 1750 105
1499 1750 105
104 1751 105
533 1751 105
1109 1751 297
386 1752 105
88 1753 418
321 1753 310
416 1753 310
479 1753 310
589 1753 418
816 1753 310
851 1753 310
947 1753 310
1034 1753 310
1561 1754 105
376 1755 310
456 1755 310
723 1755 310
746 1755 310
852 1755 310
1101 1755 418
1218 1755 310
1388 1755 310
112 1756 297
716 1756 105
415 1757 105
618 1757 105
760 1757 297
37 1758 310
292 1758 310
469 1758 310
742 1758 310
1020 1758 310
1474 1758 310
1564 1758 418
39 1759 310
105 1759 310
230 1759 310
587 1759 310
1184 1759 418
1323 1759 310
1643 1759 310
1645 1759 310
1753 1759 418
237 1760 105
702 1760 297
1049 1760 105
164 1761 418
417 1761 310
954 1761 310
971 1761 310
1184 1761 310
1234 1761 310
1323 1761 418
214 1762 764
278 1762 152
666 1762 455
1015 1762 152
1158 1762 764
1367 1762 764
11 1763 764
280 1763 764
301 1763 455
424 1763 152
960 1763 455
1190 1763 455
1269 1763 764
1441 1763 764
15 1764 764
40 1764 764
888 1764 455
918 1764 152
1329 1764 152
1455 1764 764
1569 1764 764
1762 1764 455
436 1765 105
459 1765 105
782 1765 297
1204 1765 105
101 1766 105
1059 1767 105
321 1768 418
342 1768 310
437 1768 310
589 1768 310
709 1768 418
723 1768 418
1391 1768 310
1735 1768 310
74 1769 418
580 1769 418
762 1769 310
949 1769 310
971 1769 310
1234 1769 310
260 1770 105
1001 1770 105
1552 1770 105
770 1771 105
1692 1771 105
1723 1771 297
274 1772 105
503 1772 297
1531 1773 105
376 1774 310
723 1774 310
746 1774 310
852 1774 310
1068 1774 310
1128 1774 418
1450 1774 310
1467 1774 310
1735 1774 418
900 1775 105
985 1775 297
273 1776 105
1229 1777 105
484 1778 310
1262 1778 418
1295 1778 310
1412 1778 310
1464 1778 310
1678 1778 418
24 1779 310
49 1779 310
163 1779 101
283 1779 310
561 1779 310
595 1779 418
757 1779 310
887 1779 310
1219 1779 418
1633 1779 310
1694 1779 310
905 1780 128
240 1781 764
696 1781 455
853 1781 764
1295 1781 1000
99 1782 764
278 1782 764
559 1782 455
1015 1782 764
1158 1782 152
1367 1782 152
1078 1783 105
1698 1783 105
555 1784 418
647 1784 418
1431 1784 418
1537 1784 101
791 1786 105
966 1787 105
639 1788 105
1023 1788 105
25 1789 418
128 1789 101
808 1789 418
1721 1789 418
1273 1790 105
283 1792 418
598 1792 310
784 1792 310
933 1792 310
1214 1792 310
1240 1792 418
1451 1792 310
1768 1792 310
619 1793 105
1008 1793 105
1658 1793 297
1076 1794 105
528 1795 101
623 1795 418
804 1795 418
1005 1795 418
1055 1795 101
1386 1795 418
61 1796 455
1139 1796 455
1293 1796 455
621 1797 764
788 1797 152
931 1797 152
1179 1797 455
1452 1797 455
1515 1797 764
273 1798 105
1116 1798 297
1352 1798 105
1673 1798 105
478 1799 105
571 1799 105
573 1800 310
1014 1800 310
1101 1800 310
1166 1800 418
1225 1800 310
1638 1800 418
1728 1800 310
172 1801 105
210 1801 105
398 1802 105
11 1803 764
271 1803 455
453 1803 455
754 1803 764
1337 1803 764
1396 1803 152
1435 1803 764
1588 1803 455
1763 1803 152
1188 1804 297
107 1805 310
452 1805 310
1203 1805 310
1320 1805 310
1480 1805 310
1508 1805 418
1720 1805 418
545 1807 105
327 1808 105
765 1808 105
1449 1808 105
474 1809 105
1136 1809 105
1545 1809 105
218 1810 105
904 1810 297
1594 1810 105
1160 1811 297
1308 1811 105
1539 1811 105
1726 1811 105
1045 1812 297
42 1813 105
142 1813 105
590 1814 105
975 1814 297
1378 1814 105
166 1815 105
1354 1815 297
1228 1816 105
96 1818 310
321 1818 310
479 1818 310
560 1818 418
816 1818 310
851 1818 310
876 1818 310
943 1818 418
947 1818 310
1340 1818 310
1391 1818 418
1506 1818 418
788 1819 764
931 1819 764
1306 1819 455
1463 1819 764
1515 1819 152
1556 1819 455
1725 1819 764
1635 1820 105
857 1821 1000
1361 1821 1000
277 1822 101
555 1822 101
1131 1822 418
1084 1823 418
1260 1823 101
188 1824 297
538 1824 297
924 1824 105
1601 1824 105
356 1825 297
1587 1825 105
251 1826 105
291 1826 105
19 1827 310
127 1827 310
409 1827 310
496 1827 310
813 1827 310
824 1827 310
1007 1827 418
1033 1827 418
1154 1827 310
111 1828 310
598 1828 310
933 1828 310
1091 1828 310
1208 1828 310
1214 1828 310
1294 1828 418
1706 1828 310
1755 1828 418
1768 1828 310
941 1829 105
27 1830 105
862 1830 105
111 1831 310
312 1831 418
463 1831 310
784 1831 310
933 1831 310
1418 1831 310
1633 1831 418
1696 1831 418
1706 1831 310
1768 1831 310
271 1832 152
488 1832 764
994 1832 455
1373 1832 764
1396 1832 455
117 1833 105
1387 1834 105
328 1835 418
923 1835 310
943 1835 418
1035 1835 310
1506 1835 418
1532 1835 310
1578 1835 310
1727 1835 310
1761 1835 310
48 1836 418
1000 1836 418
1186 1836 310
1565 1836 310
1769 1836 310
1562 1837 418
1742 1837 418
1122 1838 105
325 1839 105
1110 1839 105
358 1841 297
1145 1841 297
585 1842 105
1737 1843 105
6 1844 101
100 1844 418
181 1844 101
893 1844 101
1182 1844 418
429 1846 418
511 1846 418
551 1846 418
715 1846 418
1591 1846 101
158 1847 101
406 1847 418
1672 1847 418
1106 1849 105
1087 1850 105
806 1851 418
923 1851 310
927 1851 418
1181 1851 418
1532 1851 310
1727 1851 310
1761 1851 310
1769 1851 310
137 1852 764
308 1852 152
413 1852 764
559 1852 455
800 1852 764
1201 1852 764
1782 1852 455
1552 1853 105
1582 1853 105
1615 1853 297
506 1854 105
1058 1854 105
1129 1855 105
1430 1855 105
1626 1855 105
1387 1856 105
1175 1857 105
418 1858 105
387 1859 105
725 1860 105
218 1861 105
443 1861 105
501 1861 105
948 1862 105
204 1863 105
212 1863 105
1385 1863 105
137 1865 152
308 1865 764
800 1865 152
1433 1865 764
49 1867 418
182 1867 310
440 1867 418
489 1867 310
586 1867 310
595 1867 310
670 1867 310
821 1867 310
1262 1867 310
1280 1867 310
1412 1867 418
280 1868 455
1140 1868 764
1190 1868 764
1233 1868 455
1285 1868 455
1518 1868 152
1832 1868 152
503 1869 105
1757 1869 105
1095 1871 105
1264 1871 105
863 1872 105
91 1873 455
240 1873 152
552 1873 764
853 1873 152
888 1873 455
1479 1873 764
257 1874 310
520 1874 310
560 1874 310
667 1874 418
1340 1874 418
1592 1874 310
1805 1874 310
99 1875 455
137 1875 455
559 1875 764
604 1875 764
956 1875 455
1650 1875 764
14 1876 455
240 1876 764
552 1876 152
853 1876 764
1180 1876 455
1479 1876 152
1781 1876 764
248 1877 310
312 1877 310
372 1877 310
784 1877 418
871 1877 310
1124 1877 310
1774 1877 310
1682 1878 105
808 1879 418
834 1879 101
1112 1879 418
1193 1879 101
1371 1879 418
1823 1879 418
49 1880 418
203 1880 310
440 1880 418
521 1880 418
712 1880 310
834 1880 101
907 1880 310
1074 1880 310
1369 1880 310
1652 1880 418
730 1881 105
836 1881 105
104 1882 105
929 1882 105
1096 1883 105
1574 1884 105
1830 1885 105
227 1886 418
804 1886 418
921 1886 101
1542 1886 101
19 1887 310
127 1887 310
248 1887 418
359 1887 310
496 1887 310
813 1887 310
1236 1887 418
1678 1887 310
1800 1887 310
1117 1888 105
307 1889 418
807 1889 310
1173 1889 310
1234 1889 418
1323 1889 310
1536 1889 310
1643 1889 310
1651 1889 310
1758 1889 310
530 1890 105
431 1891 105
353 1892 105
953 1892 105
1376 1892 105
240 1893 152
262 1893 455
552 1893 152
853 1893 764
1199 1893 455
1479 1893 764
1781 1893 764
1615 1894 105
1785 1894 105
1284 1896 105
952 1897 105
1878 1897 105
984 1898 105
1554 1898 297
28 1899 105
886 1900 418
1437 1900 418
1574 1901 105
40 1902 455
99 1902 152
1158 1902 764
1367 1902 764
1461 1902 764
1762 1902 764
1865 1902 455
316 1903 101
511 1903 418
715 1903 418
650 1904 105
895 1905 105
955 1905 105
1030 1905 105
698 1907 105
1531 1907 105
1668 1907 105
518 1908 105
126 1909 764
177 1909 455
303 1909 152
557 1909 455
802 1909 764
1057 1909 455
1345 1909 764
1523 1909 764
251 1910 105
829 1910 105
1138 1911 105
88 1912 310
321 1912 418
560 1912 310
1211 1912 418
1472 1912 310
1669 1912 310
1749 1912 595
55 1913 310
489 1913 310
510 1913 310
561 1913 418
595 1913 310
670 1913 310
819 1913 418
821 1913 310
1654 1913 418
530 1914 105
17 1915 455
91 1915 764
262 1915 152
552 1915 455
1180 1915 152
179 1916 105
760 1916 105
1862 1916 105
776 1917 152
1040 1917 764
1196 1917 152
1232 1917 455
1781 1917 455
891 1918 105
569 1919 101
1217 1919 418
1364 1919 418
1647 1919 101
530 1921 105
946 1921 105
592 1922 105
1627 1922 297
1767 1922 105
1011 1923 105
1038 1923 105
361 1924 105
900 1924 105
768 1925 105
1631 1926 105
678 1927 105
1810 1927 105
29 1928 105
1824 1928 105
587 1929 595
1462 1929 119
912 1930 297
1517 1930 105
1921 1930 105
243 1931 310
310 1931 310
417 1931 418
658 1931 418
672 1931 310
1099 1931 310
1311 1931 310
1641 1931 101
149 1933 418
1675 1933 101
1731 1933 101
1847 1933 101
1338 1934 105
1447 1934 105
1732 1934 105
94 1935 105
701 1937 105
1066 1938 105
536 1939 297
632 1939 297
1419 1939 105
1840 1939 105
502 1940 105
753 1941 105
1096 1942 105
105 1943 418
521 1943 310
762 1943 310
949 1943 310
971 1943 310
1074 1943 418
1184 1943 310
1836 1943 310
346 1944 105
82 1945 310
205 1945 310
487 1945 310
980 1945 310
1103 1945 418
1166 1945 310
1644 1945 310
1778 1945 310
1887 1945 418
22 1946 418
521 1946 101
834 1946 418
1405 1946 418
1823 1946 101
262 1947 455
931 1947 455
1232 1947 764
537 1948 764
604 1948 764
920 1948 455
1089 1948 152
1433 1948 455
1461 1948 455
1650 1948 152
1875 1948 764
553 1949 105
1164 1949 105
46 1950 764
282 1950 764
578 1950 911
931 1950 455
1179 1950 152
1556 1950 764
656 1951 105
691 1951 297
1897 1951 105
1932 1951 105
395 1952 101
869 1952 418
926 1952 418
1107 1952 418
1716 1952 418
65 1953 310
88 1953 418
495 1953 310
572 1953 310
810 1953 310
958 1953 310
1211 1953 310
1291 1953 310
1759 1953 418
798 1954 297
1842 1954 105
92 1955 105
397 1955 105
749 1955 105
326 1956 105
24 1957 310
49 1957 310
182 1957 418
463 1957 418
712 1957 418
813 1957 418
847 1957 310
996 1957 310
1007 1957 310
1236 1957 310
1633 1957 310
1694 1957 310
738 1958 455
1040 1958 764
1052 1958 152
1492 1958 455
1876 1958 455
1917 1958 764
138 1959 310
810 1959 310
873 1959 418
958 1959 310
1097 1959 310
1291 1959 310
1599 1959 310
1619 1959 310
226 1960 105
352 1960 105
1096 1960 105
552 1961 764
809 1961 455
1196 1961 455
1479 1961 764
1781 1961 152
1873 1961 764
1893 1961 764
326 1962 105
811 1963 310
970 1963 310
976 1963 310
1000 1963 310
1034 1963 418
1127 1963 310
1186 1963 418
1460 1963 418
1520 1963 310
419 1964 297
2 1965 418
855 1965 418
1187 1965 418
1437 1965 418
1742 1965 418
1900 1965 418
615 1966 105
906 1966 105
1414 1966 105
196 1967 1000
708 1967 1000
1590 1967 1000
343 1968 105
1148 1968 105
1283 1968 105
1374 1968 297
170 1969 105
738 1970 152
979 1970 764
1024 1970 764
1052 1970 455
1139 1970 764
1463 1970 455
1915 1970 455
1947 1970 152
545 1971 1000
12 1972 105
173 1972 105
357 1973 297
51 1974 418
103 1974 101
672 1974 101
814 1974 418
1641 1974 101
1623 1975 1000
714 1976 105
19 1977 310
496 1977 310
813 1977 310
824 1977 310
915 1977 310
996 1977 418
1120 1977 418
1132 1977 310
1678 1977 310
153 1978 297
700 1978 297
1092 1978 105
1143 1978 105
364 1979 105
1567 1979 297
1726 1979 297
105 1980 310
298 1980 418
587 1980 310
762 1980 418
807 1980 310
901 1980 310
1301 1980 418
1624 1980 310
1651 1980 310
1758 1980 310
389 1981 418
932 1981 101
1524 1981 418
1570 1981 101
738 1982 152
979 1982 764
1024 1982 152
1642 1982 455
1725 1982 455
1947 1982 764
542 1985 105
919 1986 105
1077 1986 297
1302 1986 105
472 1987 101
771 1987 101
1012 1987 418
417 1988 310
521 1988 310
672 1988 418
687 1988 310
814 1988 101
1234 1988 310
1525 1988 310
1536 1988 418
1836 1988 310
1851 1988 310
236 1990 297
1627 1990 105
1930 1990 297
1626 1991 105
1898 1991 105
390 1992 105
405 1992 105
641 1992 105
753 1993 105
1601 1994 105
153 1995 105
585 1996 105
1797 1996 1000
342 1997 310
382 1997 310
437 1997 310
638 1997 310
876 1997 418
1215 1997 418
1303 1997 310
1391 1997 310
1681 1997 310
1792 1997 310
68 1998 105
1379 1998 105
22 1999 418
440 1999 101
834 1999 418
1371 1999 101
272 2000 105
350 2000 105
1230 2001 105
1533 2001 297
387 2002 105
398 2003 105
735 2003 105
1469 2003 105
1734 2003 297
1930 2004 105
506 2005 105
1316 2006 105
1533 2006 105
481 2008 297
170 2009 105
118 2010 105
1081 2010 105
508 2011 310
830 2011 310
976 2011 418
1103 2011 418
1123 2011 310
1595 2011 310
1711 2011 418
400 2012 418
528 2012 418
623 2012 101
1420 2012 101
1665 2013 105
1701 2014 105
1895 2014 105
24 2015 418
334 2015 101
463 2015 310
654 2015 418
784 2015 310
871 2015 418
935 2015 310
1091 2015 310
1208 2015 310
1418 2015 310
226 2016 105
1609 2016 105
1679 2016 105
1522 2017 297
374 2018 418
1571 2018 101
679 2019 105
972 2019 105
663 2020 105
673 2020 105
1775 2020 105
192 2021 455
776 2021 152
1040 2021 764
1196 2021 764
1479 2021 455
1958 2021 152
1982 2021 455
599 2022 105
1104 2022 105
1531 2022 105
362 2023 310
507 2023 310
897 2023 310
980 2023 418
998 2023 310
1050 2023 310
1103 2023 310
1327 2023 310
1460 2023 418
1913 2023 310
1594 2024 105
1152 2026 105
276 2027 418
1707 2027 418
1967 2028 1000
51 2029 101
103 2029 418
143 2029 101
1261 2029 418
2018 2029 418
1377 2030 105
1002 2031 105
879 2032 105
564 2033 105
1691 2033 105
1817 2033 105
13 2034 105
144 2034 297
924 2034 105
1760 2034 105
1964 2034 297
1597 2035 105
429 2036 418
607 2036 101
715 2036 418
921 2036 101
133 2037 310
876 2037 418
927 2037 310
934 2037 310
936 2037 310
943 2037 310
976 2037 310
1520 2037 310
1727 2037 418
1880 2037 310
355 2038 418
520 2038 310
1319 2038 418
1416 2038 310
1472 2038 310
1592 2038 310
159 2039 105
937 2039 105
1109 2039 105
456 2040 418
690 2040 310
1014 2040 310
1101 2040 310
1225 2040 310
1247 2040 418
1288 2040 310
1292 2040 418
1728 2040 310
1977 2040 310
96 2041 310
416 2041 310
479 2041 310
638 2041 418
876 2041 310
936 2041 418
1278 2041 310
1319 2041 310
1416 2041 418
1564 2041 310
1598 2041 310
1889 2041 418
266 2042 101
890 2042 418
1390 2042 418
1443 2042 101
1867 2042 101
1999 2042 418
101 2043 105
686 2043 105
798 2043 105
1054 2044 105
1382 2044 105
1906 2044 105
22 2045 101
1371 2045 418
1547 2045 101
1823 2045 418
9 2046 418
105 2046 310
230 2046 310
807 2046 310
901 2046 310
971 2046 418
1323 2046 310
1624 2046 310
1643 2046 310
1671 2046 418
458 2047 1000
1361 2047 1000
251 2048 105
733 2048 105
1775 2049 105
227 2050 101
1400 2050 418
1542 2050 418
1546 2050 418
1789 2050 101
332 2052 101
486 2052 101
1012 2052 418
1666 2052 101
1878 2053 105
655 2054 105
724 2054 297
1341 2054 105
53 2055 105
407 2056 105
1119 2056 297
158 2057 1000
385 2057 110
833 2057 110
902 2057 110
1397 2057 110
1700 2057 110
462 2058 297
768 2058 105
957 2058 105
2026 2058 105
979 2059 764
1139 2059 152
1196 2059 455
1232 2059 152
1819 2059 455
1947 2059 764
1970 2059 764
1982 2059 764
285 2060 310
310 2060 310
580 2060 310
751 2060 310
971 2060 418
1099 2060 310
1653 2060 310
904 2061 105
102 2063 418
811 2063 310
927 2063 310
934 2063 310
936 2063 310
1000 2063 310
1520 2063 310
1598 2063 418
1779 2063 418
1880 2063 310
1988 2063 418
1448 2064 297
36 2065 310
77 2065 310
830 2065 310
1123 2065 310
1253 2065 418
1389 2065 418
1595 2065 310
1622 2065 310
1708 2065 310
2060 2065 418
69 2066 105
878 2066 105
1263 2066 105
1251 2067 105
643 2068 418
1141 2068 101
1220 2068 418
215 2069 764
228 2069 764
384 2069 455
1057 2069 764
1455 2069 455
1523 2069 455
1558 2069 152
1659 2069 152
80 2070 105
739 2070 105
1321 2070 297
1526 2070 105
1949 2071 105
794 2072 105
1081 2072 105
1296 2073 105
1866 2073 105
1922 2073 105
253 2074 105
46 2075 455
621 2075 152
931 2075 764
1232 2075 455
1442 2075 455
1709 2075 764
1797 2075 764
1819 2075 152
1815 2076 105
776 2077 764
979 2077 455
1040 2077 152
1052 2077 764
1196 2077 764
1213 2077 455
1873 2077 455
2021 2077 764
451 2078 105
713 2078 297
1567 2078 105
1597 2078 105
1171 2079 105
884 2080 105
1447 2080 105
2008 2080 105
1754 2081 105
89 2082 297
202 2082 105
363 2082 105
1845 2082 105
189 2083 105
281 2083 105
319 2083 105
248 2084 310
312 2084 310
377 2084 310
496 2084 418
822 2084 310
871 2084 310
1062 2084 310
1120 2084 310
1418 2084 418
1580 2085 128
1590 2085 128
1870 2085 128
13 2086 297
18 2086 297
538 2086 105
591 2086 105
518 2087 297
1275 2087 105
1613 2087 105
1871 2087 105
2030 2088 105
110 2089 418
127 2089 418
484 2089 310
778 2089 310
1033 2089 310
1165 2089 310
1945 2089 310
394 2090 418
417 2090 101
814 2090 101
977 2090 418
1641 2090 418
1946 2090 101
1788 2091 105
863 2092 105
563 2093 152
967 2093 764
981 2093 764
1463 2093 455
1497 2093 764
1556 2093 764
1950 2093 152
48 2094 310
77 2094 418
178 2094 310
727 2094 310
848 2094 310
1168 2094 310
1454 2094 310
1704 2094 310
1943 2094 418
2060 2094 310
651 2095 105
881 2095 105
1223 2095 105
413 2096 764
537 2096 455
1367 2096 455
1433 2096 764
1852 2096 152
1865 2096 764
412 2097 105
773 2097 105
1630 2097 105
1939 2098 105
1587 2099 105
51 2100 101
266 2100 418
658 2100 101
977 2100 418
1641 2100 418
1999 2100 101
100 2101 101
329 2101 418
893 2101 418
1261 2101 418
1784 2101 101
1822 2101 418
333 2102 105
351 2102 105
379 2102 297
1080 2102 105
319 2103 105
622 2103 105
599 2104 105
1125 2104 105
247 2105 764
594 2105 764
920 2105 152
956 2105 764
1442 2105 764
1650 2105 455
1709 2105 455
483 2106 105
1839 2107 105
1076 2108 105
1085 2108 105
774 2110 105
865 2110 105
1409 2110 105
403 2111 105
839 2111 105
1272 2112 105
1424 2112 105
2054 2112 105
103 2113 101
143 2113 418
932 2113 101
1541 2113 418
116 2114 764
301 2114 764
314 2114 455
734 2114 764
743 2114 764
1313 2114 152
1441 2114 455
1356 2115 105
1983 2115 105
1920 2116 105
1061 2117 105
51 2118 418
100 2118 418
163 2118 418
814 2118 418
977 2118 101
1261 2118 101
2063 2118 101
501 2119 105
53 2120 105
1295 2121 101
1527 2121 418
1693 2121 418
1903 2121 101
899 2122 105
1587 2122 105
2111 2122 105
243 2123 310
473 2123 310
580 2123 310
965 2123 418
1311 2123 310
1347 2123 310
114 2124 455
738 2124 764
979 2124 152
1024 2124 764
1139 2124 764
1232 2124 764
1797 2124 455
1947 2124 152
378 2125 105
1322 2125 297
1894 2126 105
367 2128 105
573 2129 310
690 2129 310
980 2129 418
1128 2129 310
1225 2129 310
1460 2129 418
1488 2129 310
1827 2129 310
1877 2129 418
1887 2129 310
600 2130 105
759 2130 105
96 2131 418
133 2131 310
581 2131 310
934 2131 310
936 2131 310
943 2131 310
1000 2131 310
1292 2131 418
1389 2131 310
1708 2131 418
500 2132 297
1545 2132 105
169 2133 152
215 2133 764
541 2133 152
1057 2133 764
1121 2133 764
1213 2133 455
1345 2133 455
1764 2133 455
2069 2133 764
500 2134 105
872 2134 105
1002 2134 105
856 2135 455
1040 2135 764
1052 2135 152
1196 2135 764
1893 2135 455
1917 2135 764
1947 2135 455
2021 2135 764
121 2136 105
12 2137 105
322 2137 105
407 2137 105
930 2138 105
2020 2138 297
219 2139 310
309 2139 310
490 2139 310
510 2139 418
514 2139 310
751 2139 418
819 2139 310
1222 2139 418
1351 2139 310
2011 2139 310
2065 2139 310
51 2140 418
163 2140 418
266 2140 101
595 2140 101
1987 2140 418
2018 2140 101
1910 2142 105
417 2143 310
521 2143 310
712 2143 418
762 2143 310
954 2143 310
1234 2143 310
1758 2143 418
1837 2144 418
775 2145 105
1468 2145 105
1736 2145 105
20 2146 105
143 2147 101
932 2147 418
1100 2147 418
1403 2147 418
1524 2147 101
922 2148 105
1032 2148 105
1802 2148 297
634 2149 105
914 2149 105
1344 2149 105
243 2150 418
348 2150 310
440 2150 310
514 2150 310
658 2150 310
819 2150 310
821 2150 418
965 2150 310
1287 2150 310
1369 2150 418
1425 2150 310
108 2151 1000
857 2151 1000
98 2152 105
1078 2153 105
101 2154 105
2103 2154 297
1197 2155 105
1631 2155 105
275 2156 105
181 2157 418
286 2157 310
307 2157 310
427 2157 310
627 2157 310
859 2157 310
1151 2157 310
1182 2157 101
1536 2157 418
1731 2157 310
1959 2157 310
150 2158 110
833 2158 110
902 2158 110
962 2158 110
1046 2158 110
1105 2158 110
1413 2158 110
2057 2158 110
867 2159 105
880 2159 297
390 2160 105
825 2160 105
990 2160 105
55 2162 310
110 2162 310
484 2162 418
489 2162 310
510 2162 310
586 2162 310
595 2162 310
887 2162 418
1003 2162 310
1262 2162 310
1351 2162 418
75 2163 105
186 2164 418
219 2164 310
309 2164 310
348 2164 310
440 2164 310
1262 2164 418
1287 2164 310
1351 2164 310
1425 2164 310
2011 2164 310
2037 2164 418
1559 2165 105
499 2166 297
1001 2166 105
1021 2167 105
1356 2167 105
2049 2167 105
1297 2168 105
744 2170 105
913 2171 297
25 2172 101
128 2172 418
421 2172 101
486 2172 101
764 2172 418
91 2173 152
262 2173 764
696 2173 764
853 2173 455
1180 2173 764
1642 2173 764
2105 2173 455
430 2174 764
578 2174 152
1126 2174 764
1161 2174 764
1268 2174 152
2093 2174 911
2103 2175 105
2030 2176 105
257 2177 310
1416 2177 310
1564 2177 418
1592 2177 310
1669 2177 310
1805 2177 310
2074 2178 105
400 2179 101
623 2179 418
1005 2179 418
1487 2179 101
47 2180 105
375 2181 152
464 2181 764
476 2181 764
588 2181 764
995 2181 455
1285 2181 152
1518 2181 455
280 2182 455
300 2182 764
384 2182 152
856 2182 764
960 2182 764
1492 2182 764
1618 2182 152
1659 2182 455
1917 2182 455
355 2183 418
742 2183 310
1181 2183 310
1319 2183 418
1474 2183 310
1621 2183 310
1769 2183 418
1889 2183 310
1980 2183 310
2046 2183 310
694 2184 1000
708 2184 1000
1971 2184 1000
473 2185 418
521 2185 310
687 2185 310
949 2185 310
1173 2185 418
1234 2185 310
1525 2185 310
1836 2185 310
983 2186 105
35 2187 310
181 2187 310
452 2187 310
546 2187 310
792 2187 418
859 2187 418
1072 2187 310
2038 2187 310
17 2188 764
91 2188 455
594 2188 764
666 2188 455
788 2188 455
1274 2188 764
1306 2188 764
1452 2188 152
2105 2188 152
367 2189 105
322 2190 105
592 2191 297
1263 2191 105
91 2192 764
114 2192 764
196 2192 1000
696 2192 152
1024 2192 455
1274 2192 455
1642 2192 152
1915 2192 764
193 2193 105
615 2193 105
1063 2193 105
986 2194 105
1026 2194 105
2108 2194 105
219 2195 310
514 2195 310
658 2195 310
819 2195 310
965 2195 310
1037 2195 310
1342 2195 310
1963 2195 418
2011 2195 310
2023 2195 418
382 2196 310
437 2196 310
465 2196 310
479 2196 418
589 2196 310
638 2196 310
1068 2196 418
1363 2196 418
1391 2196 310
1735 2196 310
2015 2196 310
6 2197 101
195 2197 418
554 2197 101
1557 2197 418
1669 2197 101
35 2198 310
107 2198 310
181 2198 310
452 2198 310
546 2198 310
1172 2198 418
1320 2198 310
1480 2198 310
1959 2198 418
534 2200 101
1366 2200 418
1987 2200 101
2018 2200 418
544 2201 105
107 2202 310
181 2202 310
452 2202 310
546 2202 310
1240 2202 418
1731 2202 418
1874 2202 310
1912 2202 310
399 2203 128
197 2204 105
304 2205 595
391 2205 595
637 2205 595
1221 2205 595
1271 2205 119
1462 2205 119
569 2206 418
1193 2206 418
1371 2206 101
1547 2206 418
783 2207 105
155 2208 105
480 2208 105
1378 2208 105
1038 2209 105
1848 2209 105
591 2210 297
1746 2210 105
375 2211 764
476 2211 764
488 2211 455
588 2211 152
994 2211 764
1362 2211 455
1402 2211 455
2181 2211 764
37 2212 310
292 2212 310
434 2212 310
572 2212 418
742 2212 310
1020 2212 310
1034 2212 418
1186 2212 418
1474 2212 310
1759 2212 310
414 2213 105
628 2213 105
2156 2213 105
168 2214 105
1526 2214 105
2141 2214 105
459 2216 297
1689 2216 297
1927 2216 105
17 2217 455
537 2217 764
666 2217 764
1089 2217 764
1685 2217 152
1865 2217 455
1875 2217 152
1902 2217 455
1948 2217 764
917 2218 105
2019 2218 105
738 2219 764
979 2219 152
1040 2219 455
1139 2219 152
1232 2219 764
1709 2219 455
1947 2219 764
1982 2219 764
2173 2219 455
20 2220 105
1137 2220 105
615 2221 105
1135 2221 105
1589 2221 105
417 2222 310
687 2222 310
762 2222 310
901 2222 418
954 2222 310
971 2222 310
1099 2222 418
1676 2222 418
1851 2222 310
224 2223 310
487 2223 310
747 2223 310
950 2223 418
1101 2223 418
1166 2223 310
1224 2223 310
1247 2223 310
2089 2223 310
345 2224 105
1606 2224 105
96 2225 310
321 2225 310
416 2225 310
581 2225 418
851 2225 310
1278 2225 310
1319 2225 310
1340 2225 310
1621 2225 418
1828 2225 418
1736 2226 105
1534 2227 105
1733 2227 105
1746 2227 297
884 2228 105
1202 2228 105
1496 2228 297
1258 2229 105
1499 2229 105
9 2230 310
105 2230 418
792 2230 310
1074 2230 418
1243 2230 310
1301 2230 310
1652 2230 310
1696 2230 310
1706 2230 418
1753 2230 310
2225 2230 310
408 2231 105
1791 2231 105
1812 2231 105
1317 2232 105
1634 2232 105
1815 2232 105
151 2233 105
1477 2233 105
245 2234 105
989 2234 105
953 2235 105
1324 2235 105
1749 2235 105
1160 2236 105
1264 2237 105
131 2238 105
938 2238 105
1075 2238 105
1990 2239 105
869 2240 418
1716 2240 418
2121 2240 101
100 2241 418
163 2241 418
329 2241 101
334 2241 101
2052 2241 418
143 2242 418
1100 2242 101
1261 2242 101
1541 2242 418
1784 2242 418
7 2243 455
14 2243 764
466 2243 152
711 2243 455
809 2243 152
896 2243 764
1427 2243 764
1614 2243 764
231 2244 297
2031 2244 105
2079 2244 105
2130 2244 105
283 2245 101
1008 2245 595
1392 2245 418
1522 2245 595
1527 2245 418
1693 2245 418
1846 2245 101
1952 2245 101
6 2246 101
35 2246 310
181 2246 310
427 2246 418
654 2246 418
1072 2246 310
1203 2246 310
1320 2246 310
1480 2246 310
2177 2246 310
1940 2247 105
246 2248 418
320 2248 418
827 2248 418
855 2248 418
2027 2248 418
882 2249 105
1706 2249 595
1710 2250 105
2026 2251 105
659 2252 105
1027 2252 297
1077 2252 105
2074 2252 105
105 2253 310
587 2253 310
792 2253 418
807 2253 310
859 2253 418
1173 2253 310
1536 2253 310
1643 2253 310
1836 2253 418
2183 2253 310
2212 2253 310
481 2254 105
858 2254 105
1991 2254 105
49 2255 310
283 2255 310
477 2255 310
757 2255 310
827 2255 418
887 2255 310
996 2255 310
1236 2255 310
1262 2255 418
1678 2255 418
1694 2255 310
1997 2255 418
2037 2255 418
1330 2256 105
2156 2256 105
513 2257 105
362 2258 310
487 2258 418
718 2258 310
830 2258 418
950 2258 310
998 2258 310
1019 2258 418
1103 2258 310
1253 2258 310
1327 2258 310
1357 2258 310
2001 2259 105
2010 2259 105
534 2260 101
1255 2260 418
1403 2260 418
2240 2260 101
218 2261 105
368 2261 105
1845 2261 297
58 2262 105
729 2262 105
1004 2262 105
546 2263 310
1072 2263 310
1203 2263 310
1320 2263 310
1484 2263 418
1912 2263 310
2038 2263 310
2177 2263 310
1501 2264 105
14 2265 455
15 2265 152
40 2265 152
99 2265 455
711 2265 764
918 2265 764
1329 2265 764
1563 2265 455
1978 2266 105
1194 2267 105
1743 2268 105
1806 2268 105
1908 2268 105
430 2270 764
722 2270 1000
1126 2270 764
1270 2270 152
1445 2270 152
1497 2270 911
2174 2270 764
675 2271 105
763 2271 105
1279 2271 105
2019 2271 297
458 2272 263
1134 2272 263
1729 2272 263
563 2273 455
738 2273 455
956 2273 455
1463 2273 152
1515 2273 764
1709 2273 764
1725 2273 152
1797 2273 764
2075 2273 764
211 2274 105
297 2274 297
1864 2274 105
2209 2274 105
69 2275 105
1335 2276 105
500 2277 105
570 2278 105
1042 2278 105
1113 2278 105
1940 2279 105
474 2280 105
1087 2280 105
320 2281 418
1187 2281 418
1965 2281 418
2027 2281 418
2144 2281 418
2248 2281 418
2228 2282 105
766 2283 105
849 2284 105
984 2284 105
1025 2284 105
21 2285 105
449 2285 105
1973 2285 105
359 2286 310
793 2286 418
813 2286 310
1132 2286 310
1154 2286 310
1219 2286 310
1678 2286 310
1694 2286 418
1800 2286 310
2040 2286 310
311 2287 105
89 2288 105
1529 2288 297
137 2289 152
214 2289 455
308 2289 764
800 2289 764
1201 2289 764
2096 2289 152
246 2290 418
1437 2290 836
2144 2290 418
430 2291 764
578 2291 764
1126 2291 152
1268 2291 152
1270 2291 764
2270 2291 764
14 2292 764
466 2292 764
809 2292 152
896 2292 152
1199 2292 764
1427 2292 764
1781 2292 455
697 2293 105
243 2294 418
417 2294 310
521 2294 310
587 2294 418
762 2294 310
1184 2294 310
1369 2294 418
1835 2294 310
1836 2294 310
1851 2294 310
1923 2295 105
119 2296 418
122 2296 310
164 2296 310
203 2296 310
514 2296 418
907 2296 310
1074 2296 310
1184 2296 418
1222 2296 310
1369 2296 310
1753 2296 418
1963 2296 310
748 2297 105
1235 2297 105
1489 2297 105
216 2298 297
232 2298 105
1854 2298 105
1737 2299 105
240 2300 455
300 2300 455
776 2300 764
1633 2300 1000
1917 2300 764
1958 2300 764
2077 2300 152
2124 2300 455
2135 2300 152
50 2301 297
1183 2301 297
1924 2301 105
286 2302 310
298 2302 310
307 2302 310
427 2302 310
627 2302 310
951 2302 310
1484 2302 310
1508 2302 310
1758 2302 418
2177 2302 418
776 2303 764
1040 2303 152
1052 2303 764
1139 2303 455
1196 2303 152
1588 2303 455
1958 2303 764
2300 2303 764
88 2304 310
257 2304 310
520 2304 310
560 2304 310
816 2304 418
958 2304 418
1472 2304 310
1669 2304 310
2198 2304 310
2202 2304 310
499 2305 105
126 2306 764
265 2306 764
303 2306 764
802 2306 764
1233 2306 455
1523 2306 152
1659 2306 455
2292 2306 455
167 2308 101
893 2308 418
1182 2308 101
1822 2308 418
1010 2309 105
1438 2309 105
2298 2309 105
88 2310 310
257 2310 310
572 2310 418
1034 2310 418
1805 2310 310
2187 2310 310
2202 2310 310
2246 2310 310
2263 2310 310
1623 2311 1000
1133 2312 105
2017 2312 105
2256 2312 105
35 2313 310
324 2313 418
452 2313 310
546 2313 310
1320 2313 310
1874 2313 310
1912 2313 310
2038 2313 310
2225 2313 418
395 2314 418
522 2314 418
926 2314 101
1431 2314 101
1537 2314 418
636 2315 105
713 2315 105
2109 2315 105
2224 2316 105
323 2317 418
406 2317 101
1420 2317 101
1933 2317 418
2202 2317 101
88 2318 310
257 2318 310
520 2318 310
1592 2318 310
1669 2318 310
2187 2318 310
2230 2318 418
2313 2318 310
861 2319 1000
1821 2319 1000
2062 2319 1000
360 2320 105
471 2322 297
2218 2322 105
1767 2323 105
214 2324 764
278 2324 152
800 2324 455
1015 2324 764
1158 2324 764
1685 2324 455
1782 2324 764
1902 2324 152
2227 2324 1000
116 2325 152
453 2325 764
743 2325 152
1313 2325 764
1337 2325 455
1362 2325 764
2181 2325 455
1882 2326 105
337 2327 105
435 2327 105
1013 2327 105
2220 2327 297
48 2328 310
848 2328 310
1186 2328 418
1360 2328 310
1454 2328 310
1704 2328 310
1711 2328 310
1931 2328 310
2123 2328 310
2195 2328 418
912 2329 297
1079 2329 105
269 2330 105
772 2330 105
1662 2330 105
367 2331 105
478 2331 105
780 2331 105
82 2332 310
205 2332 310
224 2332 310
487 2332 310
832 2332 310
1224 2332 310
1247 2332 310
1357 2332 418
1778 2332 310
1977 2332 418
1574 2333 105
1745 2333 105
1842 2333 105
1872 2333 297
336 2334 105
145 2335 105
775 2335 105
2025 2335 105
544 2336 105
1248 2336 105
2014 2336 105
25 2337 595
304 2337 595
1271 2337 595
248 2338 310
372 2338 310
377 2338 310
793 2338 310
822 2338 310
1124 2338 310
1214 2338 418
1755 2338 310
1800 2338 418
201 2339 105
841 2340 105
844 2340 105
2127 2340 105
1283 2341 297
2115 2341 105
376 2342 310
575 2342 418
579 2342 310
746 2342 310
1218 2342 310
1388 2342 310
1467 2342 310
1827 2342 418
1877 2342 310
2084 2342 310
132 2343 105
393 2344 105
1507 2344 105
1028 2345 297
1093 2345 105
1698 2346 105
1741 2346 105
445 2347 310
507 2347 310
718 2347 310
897 2347 310
1050 2347 310
1103 2347 310
1253 2347 310
1363 2347 418
1595 2347 418
1644 2347 418
304 2348 595
1462 2348 595
240 2349 764
552 2349 764
776 2349 455
896 2349 455
1479 2349 152
1781 2349 152
1873 2349 764
2192 2349 455
1138 2350 105
76 2351 105
1170 2351 105
2321 2351 105
404 2352 105
1862 2353 105
786 2354 105
205 2355 310
747 2355 310
832 2355 310
980 2355 310
1050 2355 418
1128 2355 418
1224 2355 310
1644 2355 310
2089 2355 310
596 2356 105
591 2357 297
2344 2357 105
227 2358 101
316 2358 418
715 2358 101
921 2358 418
1591 2358 418
576 2359 297
1597 2359 105
1141 2360 418
1220 2360 101
1386 2360 418
1919 2360 418
2206 2360 101
418 2361 105
1637 2361 297
1088 2362 105
1615 2362 105
484 2363 310
489 2363 418
828 2363 595
1033 2363 310
1154 2363 418
1295 2363 310
1412 2363 310
1654 2363 310
2223 2363 310
2355 2363 310
1353 2364 297
2155 2364 105
815 2365 297
596 2366 105
922 2366 105
2233 2366 105
26 2367 105
175 2367 105
201 2368 297
1631 2368 105
1754 2368 105
2008 2368 105
1395 2369 105
1804 2369 105
2007 2369 105
1016 2370 418
1210 2370 418
1372 2370 418
1437 2370 836
1837 2370 418
2281 2370 836
263 2371 105
43 2372 105
660 2372 105
83 2373 110
150 2373 110
244 2373 110
460 2373 110
962 2373 110
1105 2373 110
1397 2373 110
2057 2373 110
362 2374 310
445 2374 310
950 2374 310
1050 2374 310
1224 2374 418
1253 2374 310
1357 2374 310
1446 2374 418
1622 2374 418
1913 2374 310
918 2375 764
1329 2375 764
1455 2375 152
1569 2375 152
1659 2375 455
1782 2375 455
2265 2375 764
2292 2375 455
105 2376 418
286 2376 310
298 2376 310
324 2376 310
627 2376 310
859 2376 310
951 2376 310
1671 2376 310
1953 2376 310
2318 2376 418
82 2377 310
205 2377 310
224 2377 310
362 2377 418
487 2377 310
747 2377 310
771 2377 310
980 2377 310
1224 2377 310
1488 2377 418
1793 2378 105
139 2379 418
581 2379 310
934 2379 310
936 2379 310
970 2379 310
1000 2379 310
1127 2379 310
1278 2379 418
1520 2379 310
1880 2379 310
2185 2379 418
706 2380 105
1426 2380 105
1984 2380 105
328 2381 310
806 2381 310
848 2381 310
988 2381 310
1595 2381 418
1711 2381 310
1761 2381 418
1931 2381 310
2060 2381 310
2123 2381 310
177 2382 152
303 2382 455
645 2382 152
795 2382 455
801 2382 764
944 2382 764
1233 2382 764
1648 2382 764
110 2383 418
122 2383 418
490 2383 310
514 2383 310
658 2383 310
965 2383 310
1287 2383 310
1311 2383 418
1342 2383 310
1351 2383 310
2011 2383 310
512 2384 105
1156 2384 105
1771 2384 105
499 2385 105
1088 2385 105
1639 2385 105
144 2386 105
1175 2386 105
2001 2386 105
2137 2386 297
131 2387 105
37 2388 418
923 2388 310
1035 2388 310
1127 2388 418
1186 2388 310
1454 2388 418
1578 2388 310
1943 2388 310
2143 2388 310
2185 2388 310
2222 2388 310
542 2389 105
797 2390 105
1339 2390 105
1496 2390 105
183 2391 105
1081 2392 105
1579 2393 105
1663 2394 105
1814 2395 105
1869 2395 105
374 2396 101
395 2396 101
731 2396 418
1431 2396 418
1571 2396 418
2242 2396 418
702 2397 105
1920 2397 105
2372 2397 105
301 2398 455
314 2398 764
375 2398 764
464 2398 152
795 2398 764
801 2398 455
1190 2398 455
1285 2398 764
2211 2398 152
1271 2399 119
2348 2399 595
188 2400 105
1080 2400 105
1354 2400 105
952 2401 297
1159 2401 105
1826 2401 105
2227 2401 105
626 2402 105
2315 2402 297
98 2403 105
1448 2404 297
749 2405 105
83 2406 1000
214 2406 455
537 2406 152
594 2406 455
666 2406 764
1089 2406 764
1650 2406 764
1685 2406 764
1875 2406 152
2289 2406 455
349 2407 105
906 2407 105
665 2408 418
1570 2408 101
2068 2408 101
91 2409 764
262 2409 764
696 2409 152
1306 2409 455
1642 2409 764
1915 2409 764
1961 2409 455
2059 2409 455
114 2410 764
920 2410 455
1139 2410 455
1180 2410 764
1915 2410 764
2173 2410 152
2192 2410 764
2409 2410 152
49 2411 310
283 2411 310
489 2411 418
561 2411 310
598 2411 418
847 2411 310
887 2411 310
1007 2411 310
1154 2411 418
1294 2411 310
1694 2411 310
2379 2411 418
321 2412 310
479 2412 310
742 2412 418
851 2412 310
947 2412 310
970 2412 418
1034 2412 310
1278 2412 310
1319 2412 310
1564 2412 310
1735 2412 418
2263 2412 418
72 2413 105
442 2414 105
919 2414 105
1511 2414 105
314 2415 455
693 2415 455
1140 2415 152
1190 2415 764
1373 2415 152
1441 2415 455
1832 2415 764
1868 2415 764
798 2416 105
2220 2416 105
234 2417 105
805 2418 105
1170 2418 105
1277 2418 105
673 2419 105
332 2420 310
573 2420 418
579 2420 310
607 2420 101
723 2420 310
746 2420 310
1215 2420 310
1388 2420 310
1792 2420 418
1877 2420 310
2338 2420 310
453 2421 764
476 2421 455
734 2421 764
754 2421 455
1362 2421 764
1478 2421 152
2114 2421 152
2325 2421 764
617 2422 105
952 2422 105
811 2423 418
1186 2423 310
1474 2423 418
1532 2423 310
1578 2423 310
1704 2423 418
1769 2423 310
1943 2423 310
1988 2423 310
2143 2423 310
2222 2423 310
141 2424 105
390 2424 297
1691 2424 105
2307 2424 105
620 2425 105
1619 2425 595
2048 2426 105
11 2427 455
271 2427 764
795 2427 455
1140 2427 764
1190 2427 764
1373 2427 152
1868 2427 764
2382 2427 455
574 2428 105
1408 2428 105
2079 2428 105
24 2429 418
122 2429 310
164 2429 310
417 2429 418
654 2429 418
658 2429 418
712 2429 310
977 2429 101
1369 2429 310
1676 2429 310
1963 2429 310
2063 2429 310
2131 2429 310
360 2430 105
774 2430 105
1510 2430 105
680 2431 105
1321 2431 105
1640 2431 297
2169 2431 105
310 2432 418
417 2432 310
687 2432 310
762 2432 310
807 2432 418
949 2432 310
971 2432 310
1234 2432 310
1835 2432 310
1836 2432 310
2131 2432 418
2006 2433 105
1227 2434 105
1387 2434 105
373 2435 101
551 2435 418
643 2435 101
1315 2435 418
2408 2435 418
1076 2436 105
2116 2436 297
83 2437 110
84 2437 110
187 2437 110
631 2437 110
902 2437 110
1413 2437 110
1700 2437 110
2057 2437 110
735 2438 297
835 2438 105
1393 2438 105
2434 2438 105
1192 2439 105
71 2440 105
790 2440 105
1459 2440 105
1321 2441 105
1407 2441 105
1722 2441 105
1783 2442 105
1920 2443 105
2224 2443 297
208 2444 105
1726 2444 105
2093 2444 1000
2161 2444 105
181 2445 310
286 2445 418
1480 2445 310
1696 2445 418
1874 2445 310
1912 2445 310
2038 2445 310
2177 2445 310
2310 2445 310
2318 2445 310
703 2446 128
1153 2446 128
2203 2446 128
7 2447 764
129 2447 764
265 2447 764
896 2447 455
995 2447 455
1121 2447 455
1345 2447 764
1909 2447 152
2306 2447 152
1998 2448 105
454 2449 105
332 2450 418
342 2450 310
437 2450 310
638 2450 310
781 2450 310
1303 2450 310
1598 2450 418
1779 2450 418
1792 2450 310
1831 2450 310
2015 2450 310
2241 2450 101
1223 2451 105
603 2452 105
1566 2452 105
2269 2452 105
1070 2453 105
1936 2453 105
2086 2453 105
177 2454 455
375 2454 455
488 2454 764
1190 2454 764
1269 2454 455
1518 2454 152
1832 2454 764
2415 2454 764
2427 2454 152
240 2455 764
552 2455 764
853 2455 152
1876 2455 764
1961 2455 152
2243 2455 455
2303 2455 455
2349 2455 764
2410 2455 455
461 2456 310
487 2456 310
718 2456 418
747 2456 310
832 2456 310
1247 2456 310
1288 2456 418
1644 2456 310
1778 2456 310
2089 2456 310
591 2457 105
1670 2457 105
1908 2457 105
119 2458 418
127 2458 310
306 2458 310
359 2458 310
372 2458 418
409 2458 310
778 2458 418
824 2458 310
915 2458 310
1800 2458 310
2129 2458 310
742 2459 418
970 2459 418
1035 2459 310
1186 2459 310
1532 2459 310
1761 2459 310
1769 2459 310
2123 2459 418
2143 2459 310
2185 2459 310
2294 2459 310
878 2460 105
913 2460 105
2234 2460 105
219 2461 310
440 2461 310
490 2461 310
514 2461 310
907 2461 418
965 2461 310
1037 2461 310
1280 2461 418
1287 2461 310
1347 2461 418
1425 2461 310
323 2462 418
429 2462 101
607 2462 418
926 2462 101
1792 2462 101
2245 2462 418
1424 2463 105
205 2464 310
445 2464 418
771 2464 310
1166 2464 310
1224 2464 310
1247 2464 310
1644 2464 310
1778 2464 310
2286 2464 418
2363 2464 310
255 2465 105
1554 2466 105
335 2467 105
1116 2468 105
2171 2468 105
2199 2468 105
454 2469 105
599 2470 297
845 2470 105
1582 2470 105
1620 2470 105
1192 2471 105
1801 2471 105
1990 2471 105
79 2472 105
606 2472 105
1750 2472 105
287 2473 105
554 2474 101
623 2474 101
1055 2474 418
1487 2474 418
650 2475 105
620 2476 297
681 2476 105
737 2476 105
1108 2476 105
1670 2476 297
1881 2477 105
586 2478 310
595 2478 310
757 2478 418
821 2478 310
1003 2478 310
1262 2478 310
1280 2478 310
1425 2478 418
1464 2478 418
2347 2478 310
2374 2478 310
2367 2479 105
1986 2480 105
922 2481 105
1516 2481 105
2000 2481 105
308 2482 764
413 2482 152
666 2482 455
1201 2482 152
1762 2482 455
1865 2482 764
2096 2482 764
2289 2482 764
664 2483 105
707 2483 297
941 2483 105
1663 2483 105
1353 2484 105
177 2485 764
645 2485 764
693 2485 764
994 2485 455
1233 2485 152
1402 2485 764
1523 2485 455
1648 2485 152
1832 2485 455
1928 2486 105
282 2487 764
563 2487 152
981 2487 152
1497 2487 764
1556 2487 764
1725 2487 455
1950 2487 764
2291 2487 911
2072 2488 105
2371 2488 297
1164 2489 105
1334 2489 105
2051 2489 105
350 2490 297
493 2490 105
2215 2490 105
2280 2490 105
178 2491 310
508 2491 418
727 2491 310
988 2491 310
1454 2491 310
1704 2491 310
1711 2491 310
1931 2491 310
2123 2491 310
2143 2491 418
518 2492 105
1640 2493 105
1277 2494 105
668 2495 1000
850 2495 263
1989 2495 263
2272 2495 263
2407 2496 105
1813 2497 105
15 2498 764
40 2498 152
228 2498 455
918 2498 764
1199 2498 455
1329 2498 152
1455 2498 764
2324 2498 455
2375 2498 764
786 2499 105
1333 2499 105
2104 2499 105
371 2500 105
767 2500 105
840 2500 105
