1
0
1
1
1000000
0
0
0
0
1
55 92 230
1 140 948
39 143 230
8 147 230
42 148 230
99 158 185
99 164 230
118 164 461
69 169 230
56 180 230
155 191 230
151 196 230
21 246 230
239 250 230
101 254 230
85 257 230
119 258 230
40 260 230
199 268 230
26 275 185
72 276 185
38 284 230
143 292 230
159 293 230
121 294 185
34 306 230
199 308 230
11 309 230
39 311 230
292 311 230
76 313 262
31 316 185
278 331 230
130 342 230
136 351 230
40 354 230
260 354 230
62 372 230
185 373 230
127 379 1000
297 381 230
356 381 230
138 383 230
323 384 230
317 386 230
188 390 230
106 393 230
280 396 230
382 406 230
337 409 230
205 410 461
135 414 230
93 416 262
1 417 948
140 417 948
85 421 230
172 428 230
425 428 230
280 431 230
142 432 230
36 433 230
298 433 230
71 437 262
353 437 525
243 438 230
412 439 262
178 441 185
51 442 185
192 442 230
31 446 230
149 459 230
310 461 230
275 462 230
155 463 230
381 466 230
154 467 230
135 470 230
215 472 230
452 473 185
419 475 185
236 476 185
246 476 230
209 481 230
199 482 230
448 484 230
393 485 230
141 486 230
63 487 230
51 494 230
66 505 230
99 509 230
288 512 230
25 514 230
377 516 230
405 519 230
314 522 230
300 524 230
511 524 230
19 527 262
281 527 525
487 533 230
107 534 230
78 537 230
112 540 262
408 543 230
344 544 230
532 544 230
432 545 230
451 547 230
407 551 230
528 552 230
327 555 230
168 556 461
291 556 230
9 560 185
90 560 230
134 563 230
440 564 230
423 568 185
127 569 262
274 571 262
154 572 230
195 572 230
202 574 185
460 580 230
39 581 230
357 581 230
374 584 230
426 585 461
239 591 185
252 591 230
339 592 461
116 594 185
379 594 262
494 600 230
564 601 230
59 608 230
285 614 230
92 616 185
105 617 230
183 619 230
29 626 230
16 627 230
151 627 230
427 627 230
195 633 230
407 635 230
531 636 230
467 639 230
572 639 230
392 640 230
91 641 230
35 642 230
61 644 185
104 644 230
81 646 230
447 650 230
517 652 262
404 653 230
224 655 230
373 657 230
84 658 230
456 658 230
263 661 230
10 665 230
317 666 185
147 669 185
169 669 230
641 672 230
13 675 525
564 676 185
325 679 230
43 681 230
220 681 230
632 681 230
258 685 230
360 685 230
340 686 230
507 686 230
294 687 230
452 687 230
47 688 185
562 690 230
58 692 230
611 695 461
294 696 230
452 696 230
402 701 230
430 702 230
489 705 230
119 706 230
351 708 230
245 710 230
501 711 230
264 712 230
139 713 230
537 713 185
620 714 230
459 716 262
521 716 525
179 717 230
525 722 230
643 725 230
60 729 230
463 733 230
312 737 262
506 738 230
69 741 230
669 741 230
557 742 185
109 743 230
94 745 461
692 746 230
298 747 185
334 749 230
523 749 230
624 753 230
101 754 230
149 761 230
503 761 230
245 762 461
58 768 230
308 774 230
395 777 230
566 778 230
580 780 461
197 781 230
175 784 230
95 788 230
538 789 230
9 791 230
385 794 230
165 797 185
254 798 230
663 799 230
220 800 230
348 800 461
71 802 262
437 802 262
395 805 230
18 807 230
161 807 185
78 813 230
242 821 230
549 822 230
500 823 230
620 824 230
714 824 230
362 826 230
804 827 230
66 829 230
249 831 230
644 833 461
553 834 185
536 837 461
135 839 230
210 839 230
528 840 230
589 842 461
757 844 525
329 846 230
726 847 461
16 848 230
229 848 230
427 848 230
707 849 230
747 850 230
769 851 230
797 851 230
568 852 230
329 854 185
459 854 230
452 855 230
170 857 461
14 858 230
841 859 230
207 860 230
515 861 230
659 862 230
3 866 230
301 867 230
190 868 230
699 869 230
818 869 230
50 870 230
349 870 185
288 871 230
806 873 230
588 874 230
9 875 230
791 875 230
262 878 1000
323 878 230
379 879 262
144 881 230
23 882 262
354 882 262
876 882 525
333 883 230
715 884 230
676 885 230
703 887 262
585 888 230
613 891 230
79 894 230
386 894 230
17 895 230
361 895 185
628 895 230
485 901 230
594 903 230
6 905 230
704 906 185
530 907 230
50 908 230
295 909 230
278 915 230
710 917 230
577 918 230
88 921 230
25 924 230
829 927 230
742 928 230
68 930 461
48 934 185
162 937 230
824 937 185
39 941 185
363 948 230
71 949 262
437 949 525
465 951 230
636 955 230
320 956 230
689 958 230
219 960 230
682 961 230
601 962 185
719 962 230
934 964 230
73 966 230
925 966 185
106 967 230
393 967 230
649 969 230
457 970 1000
842 973 230
716 974 525
173 975 230
181 976 185
940 978 230
492 980 230
137 984 230
960 987 230
303 988 230
340 988 230
612 989 230
751 989 230
158 990 230
534 991 230
862 993 230
773 997 185
84 998 230
658 998 230
810 1000 230
88 1002 230
192 1003 230
453 1006 185
102 1008 185
975 1008 230
933 1010 230
234 1011 230
52 1012 230
684 1012 230
689 1015 230
435 1017 230
1006 1017 230
567 1018 230
809 1018 230
91 1019 185
401 1020 230
26 1021 230
418 1022 230
648 1022 230
277 1023 230
568 1024 230
291 1025 230
668 1025 185
130 1026 230
1010 1027 230
784 1030 230
495 1032 230
205 1034 230
810 1034 230
914 1035 230
282 1037 262
793 1038 230
597 1039 230
467 1040 185
253 1041 230
154 1043 230
195 1043 230
81 1044 230
583 1046 230
211 1047 230
740 1047 230
880 1047 185
311 1048 230
357 1048 230
581 1048 230
442 1049 230
124 1051 230
1031 1052 230
793 1053 230
668 1054 230
236 1055 185
923 1055 230
255 1057 230
123 1058 230
816 1061 230
180 1062 230
241 1063 230
97 1064 230
1025 1064 230
51 1065 230
111 1065 230
600 1065 230
445 1066 461
365 1067 230
856 1067 230
37 1070 230
179 1070 230
150 1071 230
863 1072 230
149 1073 230
503 1073 230
990 1074 230
322 1076 230
682 1076 230
281 1077 525
863 1078 230
134 1081 230
641 1081 185
95 1082 230
963 1082 230
244 1088 1000
1037 1088 262
228 1089 230
337 1090 230
1054 1091 461
111 1093 230
792 1094 185
1032 1094 230
144 1095 230
298 1096 230
818 1098 230
798 1100 230
480 1101 461
1059 1106 230
912 1109 230
188 1116 230
390 1116 230
330 1117 230
1092 1118 230
21 1122 230
224 1125 230
485 1125 185
824 1126 230
277 1127 230
230 1128 230
290 1129 230
745 1130 230
40 1131 230
186 1131 230
33 1132 230
625 1132 185
290 1133 230
565 1134 230
481 1135 230
578 1136 461
355 1138 525
268 1139 230
632 1140 230
433 1143 230
882 1145 525
737 1146 262
330 1147 230
1046 1149 230
950 1150 230
270 1153 230
777 1153 230
515 1154 230
984 1156 230
300 1159 230
136 1160 185
65 1161 230
471 1161 230
1158 1162 230
283 1167 230
1026 1169 185
843 1170 461
901 1170 185
1119 1171 230
171 1174 230
605 1174 230
232 1177 230
709 1179 230
181 1186 230
109 1189 230
218 1189 230
374 1191 230
1041 1193 185
940 1198 230
978 1198 230
666 1199 230
633 1200 461
939 1202 230
188 1203 230
436 1204 230
651 1205 230
1099 1206 230
1087 1207 230
769 1208 230
797 1208 230
819 1209 230
228 1210 461
1019 1210 230
1021 1211 230
27 1214 230
836 1214 230
284 1215 230
30 1216 230
1106 1217 230
27 1218 262
422 1219 230
971 1220 230
775 1221 230
5 1222 230
637 1223 230
634 1224 230
567 1225 230
680 1225 230
512 1226 230
813 1227 230
48 1229 230
1016 1229 230
738 1230 230
763 1232 230
1144 1232 230
7 1233 230
110 1233 230
1198 1233 185
380 1236 230
1005 1236 230
652 1237 230
945 1237 230
582 1238 230
420 1240 262
259 1242 230
337 1245 230
409 1245 230
947 1246 230
157 1247 230
213 1248 230
1214 1249 230
42 1250 230
148 1250 230
866 1250 230
892 1251 461
613 1253 230
1075 1254 230
518 1256 230
781 1256 230
1013 1257 230
17 1259 230
895 1259 230
24 1260 230
366 1260 185
587 1260 230
1239 1261 230
53 1263 230
946 1265 230
221 1266 230
394 1266 230
10 1267 230
588 1268 230
1147 1270 230
293 1271 230
520 1273 230
163 1274 230
320 1275 230
983 1278 230
1228 1280 230
33 1281 230
1132 1281 230
744 1284 230
1098 1285 230
1063 1286 230
157 1288 230
526 1288 230
958 1289 230
160 1292 230
1085 1294 230
1246 1294 230
107 1295 262
16 1296 230
229 1296 230
256 1297 230
230 1299 230
599 1299 230
117 1300 230
74 1301 230
602 1302 230
971 1302 230
678 1303 230
32 1304 230
56 1304 230
519 1305 230
688 1305 230
996 1306 230
1197 1306 230
28 1308 230
424 1308 461
1111 1309 230
703 1310 262
998 1310 262
1123 1311 230
104 1314 230
500 1316 230
830 1318 230
1057 1318 230
36 1319 185
201 1319 230
203 1320 230
898 1320 230
27 1322 230
323 1324 230
301 1325 230
388 1325 230
1170 1325 230
808 1326 230
803 1328 230
790 1329 461
558 1331 230
55 1335 230
122 1336 230
41 1338 230
89 1338 185
1134 1340 230
711 1341 230
995 1341 230
172 1343 230
930 1343 230
473 1347 230
1198 1347 230
1334 1348 461
603 1349 230
900 1349 230
309 1350 230
778 1350 230
836 1352 230
436 1353 230
251 1354 230
315 1359 461
638 1359 230
605 1360 230
791 1361 230
501 1363 230
919 1363 461
602 1365 185
1157 1366 230
125 1369 230
627 1370 185
364 1373 230
1019 1373 230
1089 1373 230
193 1374 230
1053 1375 230
570 1376 185
719 1376 230
1333 1378 230
1361 1379 230
940 1381 230
74 1383 185
984 1383 230
504 1384 230
1289 1387 230
689 1388 230
1293 1388 230
285 1389 230
996 1389 230
992 1390 230
338 1391 230
715 1391 230
375 1393 230
668 1394 230
507 1401 185
1190 1401 230
986 1402 230
247 1403 230
1192 1403 230
103 1404 185
1083 1404 461
129 1405 230
731 1406 230
1059 1407 230
1106 1407 230
1190 1408 230
355 1409 262
1146 1409 262
551 1411 230
635 1411 230
1185 1412 230
923 1413 230
1276 1413 230
1392 1414 230
200 1415 230
341 1415 230
429 1416 230
519 1417 230
1335 1418 185
270 1419 230
805 1419 230
1191 1420 230
1415 1420 185
463 1421 230
733 1421 230
225 1424 230
700 1425 185
1134 1426 230
702 1427 230
163 1428 185
470 1428 185
724 1428 230
983 1429 461
1264 1430 230
284 1431 230
1215 1431 230
1370 1432 230
285 1433 230
1389 1433 230
1234 1434 461
302 1437 230
400 1437 230
1248 1438 230
569 1439 230
280 1441 185
964 1441 230
1321 1441 230
140 1442 1000
301 1444 230
867 1444 230
901 1444 185
1109 1445 230
712 1446 230
351 1447 230
789 1447 230
163 1449 230
1309 1449 230
20 1451 230
610 1452 230
486 1453 230
654 1453 230
794 1455 230
982 1455 262
1274 1456 230
1449 1456 230
328 1457 230
435 1457 185
1358 1457 230
366 1459 230
964 1461 230
1321 1461 230
734 1462 230
1008 1463 230
718 1464 230
234 1465 230
173 1466 230
936 1466 185
975 1466 230
1463 1466 230
1364 1467 230
1252 1468 230
1394 1468 230
248 1469 230
906 1469 230
872 1472 230
1277 1472 230
970 1473 230
212 1475 230
380 1475 230
1005 1475 230
124 1476 230
1051 1476 230
1235 1477 230
1270 1478 230
379 1479 262
255 1480 230
1318 1480 230
586 1481 461
951 1482 230
1342 1483 185
634 1484 230
501 1485 185
549 1485 230
584 1490 185
1224 1492 230
1484 1492 230
1216 1493 230
539 1494 230
141 1495 230
654 1495 230
1460 1495 230
463 1500 185
111 1501 230
601 1502 230
1088 1503 262
803 1504 230
1221 1504 230
1418 1506 230
982 1507 262
1195 1507 230
934 1508 230
767 1511 230
667 1512 230
744 1514 230
171 1515 230
1174 1515 230
1195 1515 185
1479 1516 525
1371 1518 230
28 1519 230
1001 1520 230
961 1521 230
933 1523 461
371 1524 230
788 1524 230
1108 1526 230
970 1527 230
233 1528 230
426 1529 230
434 1529 230
216 1530 230
1194 1531 525
1010 1532 230
189 1533 230
1178 1533 230
479 1534 230
70 1535 185
48 1536 230
814 1536 461
4 1538 461
1340 1538 230
812 1539 461
1382 1540 461
1128 1541 230
186 1542 230
1426 1543 230
1338 1544 230
1012 1545 185
1317 1545 461
375 1546 230
1126 1547 230
1251 1547 230
380 1548 230
570 1550 230
979 1550 230
1032 1550 230
482 1551 230
1139 1551 230
1475 1552 185
57 1553 461
1539 1553 185
190 1554 185
470 1554 230
607 1555 461
969 1555 230
554 1556 461
731 1556 230
765 1557 230
1193 1557 230
1382 1558 230
1451 1560 461
845 1561 230
756 1564 461
735 1565 230
411 1566 185
1084 1566 230
1040 1567 230
503 1568 230
832 1569 230
56 1571 230
1062 1571 230
1334 1574 230
547 1575 230
1244 1578 230
253 1579 230
271 1579 230
206 1580 230
1267 1581 461
35 1582 230
216 1582 230
642 1582 230
758 1583 461
1031 1583 230
805 1585 230
361 1586 230
1438 1586 461
1137 1587 230
896 1588 185
242 1589 230
67 1590 230
1207 1591 230
1458 1591 230
391 1595 185
1231 1596 230
705 1597 230
946 1598 461
309 1601 230
622 1602 230
1180 1602 230
24 1603 185
702 1604 230
1223 1606 230
1470 1606 230
800 1607 185
1336 1607 461
992 1609 185
1483 1609 230
478 1610 230
32 1611 461
953 1611 230
561 1612 230
5 1614 230
1256 1614 185
1258 1614 262
26 1615 230
477 1617 262
1345 1617 262
1417 1618 230
155 1619 230
491 1620 230
901 1620 230
98 1623 230
1357 1623 461
367 1624 230
369 1624 185
679 1625 230
885 1625 230
339 1626 230
1016 1627 185
476 1628 230
47 1629 230
611 1629 230
820 1629 230
194 1630 230
190 1632 461
799 1633 262
122 1634 230
606 1635 230
162 1636 230
535 1636 230
623 1638 185
1283 1638 230
269 1640 461
886 1640 230
252 1641 230
576 1641 230
1365 1642 230
721 1643 230
1563 1643 230
1608 1643 185
1096 1644 461
1143 1644 230
1576 1645 230
565 1646 230
1426 1646 230
1543 1646 230
1270 1647 230
1478 1647 230
968 1648 230
1615 1648 185
133 1649 230
713 1649 230
663 1650 230
799 1650 230
1052 1650 185
729 1651 230
1080 1651 230
484 1652 262
475 1654 230
952 1655 230
83 1656 230
29 1657 230
1177 1657 230
406 1658 230
197 1659 230
781 1659 230
141 1662 185
927 1662 461
694 1663 230
1289 1664 230
1293 1664 230
1387 1664 230
38 1665 230
121 1665 230
757 1666 525
365 1667 230
856 1667 230
79 1668 230
610 1668 230
1452 1668 230
904 1669 230
329 1670 185
1568 1670 461
176 1671 230
83 1672 230
770 1673 230
1135 1673 230
352 1677 230
1165 1678 230
254 1679 185
605 1680 230
1198 1680 185
1515 1680 230
1485 1681 230
1383 1684 461
269 1685 230
999 1686 461
364 1687 230
739 1687 230
1089 1687 230
1483 1688 230
638 1689 230
948 1689 185
1004 1689 230
1491 1691 461
944 1692 230
484 1693 230
100 1694 230
378 1694 230
1069 1694 185
1271 1695 230
1261 1696 230
666 1697 230
1243 1699 230
832 1700 230
1282 1700 230
507 1701 230
510 1701 230
1674 1702 230
87 1703 461
590 1705 525
418 1706 230
907 1706 1000
874 1707 230
1182 1708 230
1393 1708 230
1476 1708 185
414 1709 461
92 1710 230
1327 1710 230
335 1711 185
1488 1711 230
391 1712 230
44 1713 230
382 1713 230
1100 1713 185
478 1715 230
667 1715 230
700 1715 185
1208 1716 230
1368 1716 230
884 1717 185
203 1718 230
167 1721 230
1549 1721 230
243 1722 230
438 1722 230
521 1723 262
716 1723 262
656 1724 230
1446 1724 230
593 1727 230
1374 1727 185
1410 1727 230
299 1728 230
832 1729 230
533 1730 230
896 1730 230
665 1731 230
1581 1731 230
430 1732 230
1414 1732 230
1427 1732 230
511 1733 230
1602 1734 230
75 1735 230
275 1736 230
462 1736 230
1158 1736 230
1678 1737 230
43 1739 230
632 1739 230
1140 1739 230
57 1740 230
1690 1741 230
1605 1742 230
361 1743 230
522 1744 461
1050 1744 185
1679 1744 230
70 1745 230
1600 1745 230
295 1746 230
202 1748 185
845 1748 230
1130 1748 230
1561 1748 230
391 1749 230
756 1750 230
1046 1751 230
1149 1751 230
313 1752 525
876 1752 525
63 1753 185
570 1755 230
1094 1755 230
973 1756 230
1588 1757 230
1088 1758 262
841 1761 230
872 1762 230
492 1763 230
116 1764 230
1072 1764 230
1741 1765 230
1257 1766 461
76 1767 230
1386 1767 461
766 1768 230
802 1769 262
1055 1769 262
779 1770 461
1273 1771 230
1353 1771 230
1031 1772 230
1082 1772 185
835 1773 461
146 1774 230
241 1774 230
85 1775 230
1562 1775 461
1402 1776 461
494 1779 230
1093 1779 230
208 1780 185
1158 1780 230
1226 1783 230
133 1784 185
320 1784 185
562 1784 230
690 1784 230
1702 1787 230
63 1788 230
896 1788 230
18 1790 230
276 1790 461
368 1791 185
732 1791 230
1401 1793 230
1601 1794 185
347 1795 461
681 1795 185
1440 1796 185
553 1798 230
480 1799 230
1337 1800 230
819 1803 230
868 1803 185
107 1804 230
1369 1805 230
186 1806 185
350 1806 230
1194 1807 525
338 1808 461
884 1808 230
370 1809 230
830 1810 230
561 1812 230
563 1812 230
1081 1812 230
41 1813 230
1338 1813 230
415 1814 230
254 1815 230
382 1815 185
1100 1815 230
1377 1816 230
182 1817 461
216 1817 230
167 1819 230
1418 1819 230
1506 1819 230
1180 1820 230
1734 1820 230
630 1821 230
360 1823 230
685 1823 230
703 1824 262
887 1824 262
1310 1824 525
723 1825 230
1168 1826 230
48 1827 230
1595 1829 230
635 1830 230
1411 1830 230
1534 1830 230
1120 1832 461
826 1833 230
1326 1834 230
215 1835 230
1209 1836 230
542 1839 185
1295 1840 525
1777 1841 230
817 1842 230
1436 1842 230
642 1843 230
483 1844 230
915 1844 230
89 1845 230
368 1845 230
1201 1845 230
1352 1845 185
14 1846 230
185 1849 230
490 1849 230
1685 1850 230
1593 1851 230
146 1852 185
446 1853 185
184 1854 230
1084 1854 230
233 1856 185
704 1856 230
714 1859 230
892 1859 230
1357 1860 230
1499 1861 230
853 1862 234
477 1863 262
1617 1863 262
1690 1863 262
1806 1864 230
1137 1865 230
1509 1866 230
226 1868 461
508 1868 230
1849 1869 230
759 1870 461
1328 1871 230
1661 1871 461
296 1873 230
997 1873 230
1605 1874 230
977 1875 230
1330 1875 185
1669 1875 230
1813 1876 230
389 1877 230
72 1878 185
542 1878 230
1595 1879 230
1853 1880 230
604 1881 230
986 1881 230
652 1882 185
1627 1882 230
299 1883 230
389 1884 230
742 1885 230
683 1886 230
1494 1887 230
131 1888 230
1599 1888 230
1872 1889 230
1039 1890 185
1831 1890 230
331 1891 185
602 1891 230
1302 1891 230
12 1892 230
1609 1893 230
1462 1894 230
7 1895 230
664 1895 230
1007 1895 185
202 1896 230
914 1897 230
647 1898 234
853 1898 234
1862 1898 234
1104 1900 230
1630 1900 230
1511 1901 230
150 1902 185
1124 1905 230
1798 1905 230
538 1906 185
621 1906 230
1756 1906 230
137 1907 185
524 1907 230
1675 1907 461
123 1910 230
587 1910 230
1040 1911 230
147 1912 230
1895 1913 185
214 1914 230
574 1915 230
1606 1915 230
1040 1916 230
1911 1916 230
448 1918 230
457 1918 230
677 1919 230
859 1919 185
1690 1919 230
1741 1919 230
1576 1921 230
1645 1921 230
956 1922 230
1275 1922 230
1520 1923 230
1351 1924 230
1258 1926 262
1151 1927 262
767 1928 230
941 1928 230
1901 1928 230
796 1930 230
235 1931 230
236 1931 230
1781 1932 230
1866 1932 230
920 1933 230
1541 1933 185
1026 1934 230
1704 1934 230
676 1935 230
679 1935 230
885 1935 230
25 1936 262
813 1936 262
1014 1937 230
500 1938 230
217 1939 230
411 1939 230
184 1940 230
464 1940 230
377 1942 230
606 1942 230
460 1945 230
520 1946 230
1204 1946 230
1487 1946 185
1771 1946 230
532 1947 230
1498 1947 230
239 1948 230
250 1948 230
515 1948 230
298 1950 230
270 1952 230
1585 1952 461
467 1953 230
639 1953 230
157 1956 230
1949 1956 230
389 1958 230
1406 1958 185
1837 1959 230
941 1961 230
897 1962 230
1166 1964 461
538 1968 230
789 1968 230
246 1970 230
476 1970 230
1122 1970 230
1831 1971 230
821 1973 230
1001 1974 230
1505 1975 230
38 1976 230
121 1976 230
1431 1976 230
587 1977 230
498 1978 230
1124 1979 461
439 1980 262
834 1981 185
1697 1982 230
1424 1983 230
530 1984 185
1597 1985 185
1075 1986 230
1399 1986 230
677 1987 230
1213 1988 230
403 1989 461
863 1989 230
514 1990 230
1599 1990 230
1241 1991 230
1710 1991 230
1894 1992 230
607 1993 185
1422 1993 461
1239 1994 230
910 1995 230
1080 1995 230
177 1997 230
1654 1997 230
517 1998 262
703 1998 262
1310 1998 262
274 1999 262
397 1999 525
505 1999 262
571 1999 262
123 2000 230
1058 2000 230
1209 2000 185
1260 2000 230
947 2002 230
1294 2002 230
893 2004 230
1969 2004 230
1274 2005 230
593 2006 230
1059 2006 185
1727 2006 230
1544 2009 230
1876 2009 230
653 2010 230
1281 2010 230
942 2011 230
985 2011 230
1156 2013 230
1684 2013 230
1913 2013 230
1563 2014 230
932 2015 230
1315 2015 230
451 2016 230
547 2016 230
1160 2016 230
548 2017 230
893 2018 230
1247 2019 230
1949 2019 230
151 2020 230
229 2020 230
979 2020 185
1296 2020 230
192 2021 185
1497 2021 230
197 2022 230
1219 2023 461
420 2024 262
1829 2024 262
288 2025 230
512 2025 230
1969 2025 185
1242 2026 230
1355 2027 230
144 2029 230
178 2029 230
881 2029 230
206 2030 230
1184 2030 230
600 2031 230
1501 2031 461
1425 2032 230
1954 2034 230
1123 2035 230
1311 2035 230
1405 2036 185
448 2037 230
1693 2037 230
1918 2037 230
281 2039 525
352 2040 230
321 2042 525
517 2042 262
1682 2042 525
1824 2042 525
778 2043 185
121 2044 230
156 2044 230
1215 2044 230
544 2045 230
1927 2045 1000
1119 2046 230
343 2047 185
704 2047 230
1637 2047 230
66 2048 230
505 2048 230
1960 2048 230
394 2049 230
1471 2049 185
2038 2049 230
385 2050 230
88 2051 230
1002 2051 230
1 2052 948
417 2052 948
1432 2053 230
2007 2053 230
1695 2054 230
582 2058 230
1 2059 948
140 2059 948
417 2059 948
1601 2060 230
1085 2062 230
2002 2062 230
193 2064 230
1759 2064 230
77 2065 230
1567 2065 230
40 2066 185
1587 2066 230
1865 2066 230
237 2067 230
1471 2068 230
2009 2069 230
76 2070 230
1621 2070 230
2036 2070 230
65 2071 230
1830 2071 185
212 2073 230
1346 2073 185
1548 2073 230
960 2074 230
1185 2074 185
22 2075 230
1717 2075 230
412 2076 262
53 2077 230
753 2077 461
826 2078 185
1454 2078 230
1464 2078 230
1227 2079 230
2068 2079 185
406 2080 230
900 2080 185
208 2081 185
1272 2081 461
401 2083 230
1033 2083 230
280 2085 185
1714 2086 230
541 2087 230
207 2089 230
1931 2089 230
1190 2090 230
266 2091 461
846 2092 230
765 2093 185
1041 2093 230
137 2094 230
1913 2094 230
1147 2095 230
1988 2097 461
757 2098 262
656 2099 230
1639 2099 461
404 2100 230
637 2102 461
1470 2102 230
827 2104 230
318 2106 185
460 2106 230
1405 2106 230
133 2108 230
976 2109 230
1112 2109 185
868 2110 230
1254 2114 230
1600 2115 230
1168 2116 230
1742 2116 230
987 2117 230
1686 2117 230
2074 2117 230
1286 2118 461
2063 2119 185
1068 2121 230
1541 2121 230
1695 2122 230
413 2123 230
693 2123 230
209 2124 230
481 2124 230
606 2125 230
1726 2126 230
1929 2127 461
1616 2128 230
651 2129 230
1205 2129 230
1958 2129 230
776 2131 185
1228 2131 230
1280 2131 230
1725 2131 230
1887 2133 230
569 2134 230
618 2134 230
1613 2135 230
1592 2136 230
1757 2136 230
449 2137 230
2101 2138 230
1310 2139 525
1331 2140 185
503 2143 185
1707 2143 230
1857 2143 230
1717 2144 230
1978 2145 230
2017 2145 230
370 2147 230
518 2148 230
1003 2149 461
553 2150 230
926 2150 185
1544 2151 230
108 2152 230
1181 2153 230
1346 2154 230
1811 2154 230
20 2155 230
1719 2155 230
705 2156 230
1181 2156 230
1597 2156 230
513 2158 230
888 2159 230
1529 2159 230
588 2160 230
1857 2160 230
549 2161 230
1681 2161 230
1869 2161 185
1917 2162 230
558 2164 230
1924 2164 230
1400 2165 461
891 2166 230
1121 2166 185
1253 2166 230
1520 2167 230
2068 2167 230
454 2168 230
560 2168 230
430 2169 230
1604 2169 230
647 2170 234
232 2171 230
626 2171 230
1181 2172 185
1473 2172 230
1951 2172 230
1058 2173 230
1910 2173 230
1977 2173 230
1129 2174 230
1993 2174 230
776 2175 230
1228 2175 185
1522 2175 230
571 2176 262
1194 2176 262
755 2177 230
1384 2177 230
1850 2178 230
352 2179 230
932 2179 230
1768 2179 185
650 2181 230
50 2182 185
497 2182 230
939 2183 230
1188 2183 230
668 2184 230
2085 2185 230
195 2186 185
320 2186 230
1045 2186 461
346 2187 230
1747 2187 461
191 2188 230
132 2189 230
2003 2190 461
1224 2191 230
1574 2191 230
658 2193 185
772 2193 230
934 2194 230
417 2195 948
559 2195 948
2052 2195 948
2059 2195 948
222 2196 461
1121 2196 230
870 2197 461
1584 2197 230
341 2198 230
866 2198 185
899 2198 230
1175 2198 230
1371 2199 230
1518 2199 230
1785 2200 230
1864 2200 230
1028 2201 525
506 2203 230
1230 2203 230
1667 2204 230
1920 2204 230
943 2205 461
584 2206 185
1175 2206 230
1635 2207 230
398 2208 230
1878 2208 230
443 2209 230
2146 2209 230
218 2210 461
743 2210 230
582 2211 185
1789 2211 230
1929 2211 230
1231 2212 230
1199 2213 461
1982 2213 230
1442 2214 1000
305 2215 230
333 2215 230
1797 2215 230
30 2216 230
1 2217 948
140 2217 948
559 2217 948
718 2218 230
1791 2218 1000
413 2219 230
693 2219 230
1071 2219 185
645 2220 262
1617 2220 262
1863 2220 262
1230 2221 230
2203 2222 230
2221 2222 230
1056 2223 230
1087 2223 230
1591 2223 230
350 2224 230
2200 2224 230
118 2225 230
509 2225 230
1218 2225 262
652 2226 230
945 2226 230
1841 2226 230
551 2227 230
1534 2227 230
691 2228 230
944 2228 230
1847 2229 230
2202 2229 230
1603 2230 230
80 2231 1000
765 2231 185
828 2231 230
1114 2232 461
1184 2233 230
322 2234 230
1141 2235 230
2058 2235 230
2127 2235 185
1627 2236 230
202 2237 230
1052 2238 185
1650 2238 230
2140 2239 185
1839 2240 230
966 2241 230
1313 2241 230
1588 2243 230
1757 2243 230
446 2244 230
1537 2244 230
604 2245 230
898 2245 185
1256 2246 230
1659 2246 230
671 2247 230
1467 2247 230
1720 2248 230
73 2250 230
2241 2250 230
159 2253 230
2122 2253 230
138 2254 461
777 2254 185
921 2254 230
1339 2255 1000
1565 2256 230
263 2257 230
661 2257 230
1150 2257 230
332 2258 230
1029 2259 230
385 2261 230
1307 2262 230
578 2263 230
1259 2263 230
596 2264 461
1102 2267 230
1934 2267 230
286 2268 230
1269 2268 230
1900 2268 230
901 2269 230
967 2269 230
1328 2269 185
262 2270 230
349 2270 230
497 2270 230
553 2271 230
1905 2271 230
2113 2272 185
732 2273 461
358 2275 230
643 2275 230
1795 2275 230
305 2276 461
113 2277 230
1362 2277 230
12 2278 230
1637 2278 230
362 2279 230
1225 2279 185
1833 2279 230
1015 2281 461
1293 2281 230
926 2282 461
1300 2282 230
496 2283 230
2142 2283 230
2107 2284 461
435 2285 230
1017 2285 230
1945 2286 230
2106 2286 230
1677 2289 230
2015 2289 230
2040 2289 230
711 2290 230
1341 2290 230
607 2291 230
1711 2291 230
1500 2292 230
958 2293 230
1387 2293 230
1388 2293 230
6 2294 230
905 2294 230
1957 2294 230
193 2297 230
1759 2297 230
969 2298 230
1488 2298 230
2291 2298 230
723 2299 461
765 2300 230
1557 2300 230
316 2301 230
623 2301 230
1880 2301 230
458 2302 230
1672 2302 185
1800 2302 230
1436 2303 230
457 2304 230
1559 2304 461
390 2305 230
1203 2305 230
1287 2306 461
1512 2306 230
2218 2307 461
386 2308 230
610 2308 230
2 2309 230
1510 2309 185
1656 2309 230
1672 2309 230
1785 2310 461
113 2311 230
1362 2311 230
1573 2311 230
1155 2312 230
436 2313 230
520 2313 230
1204 2313 230
223 2314 230
176 2315 230
2295 2315 230
966 2317 185
1273 2317 185
2085 2319 230
1864 2320 230
2310 2320 230
680 2321 185
1833 2321 230
1858 2321 230
1185 2322 230
1412 2322 230
1271 2323 230
2122 2323 230
858 2324 230
1846 2324 230
1443 2325 230
1044 2326 230
150 2327 230
2035 2327 230
255 2328 230
467 2328 185
1057 2328 230
1810 2328 230
376 2329 230
734 2329 185
976 2330 230
1645 2330 230
1265 2331 230
1855 2332 230
614 2333 185
764 2333 230
2163 2333 230
1570 2334 230
1593 2334 230
795 2335 230
267 2336 185
878 2336 230
1345 2337 262
1886 2338 230
1092 2339 230
1118 2339 230
1378 2339 230
227 2340 230
559 2342 948
2052 2342 948
2195 2342 948
1110 2343 230
952 2344 461
575 2345 230
765 2346 230
1193 2346 230
1712 2347 230
1749 2347 230
646 2348 230
1044 2348 230
1573 2349 230
2190 2349 230
568 2351 230
768 2352 185
1272 2352 185
1395 2353 230
2350 2353 230
1 2354 948
417 2354 948
2052 2354 948
2059 2354 948
2195 2354 948
2214 2354 1000
2217 2354 948
2342 2354 948
1507 2355 230
1349 2356 185
1658 2356 230
2242 2357 230
1195 2358 461
1222 2359 230
1613 2359 230
1614 2359 230
879 2360 262
1885 2361 461
556 2362 185
608 2362 230
1025 2362 185
2141 2362 230
1298 2363 230
1648 2363 230
659 2364 230
993 2364 230
1838 2364 230
2093 2365 230
2274 2365 461
405 2367 230
1417 2367 230
1587 2368 230
2296 2368 230
691 2369 230
959 2370 230
1377 2370 230
2305 2371 230
740 2372 230
1809 2373 230
2308 2373 185
262 2374 230
497 2374 230
2182 2374 230
853 2375 234
1862 2375 234
1898 2375 234
3 2376 230
1203 2377 230
1317 2377 230
2371 2377 230
595 2378 230
750 2378 230
965 2379 230
584 2380 230
217 2381 230
1939 2381 230
1940 2381 185
631 2382 230
2214 2383 1000
2255 2383 1000
252 2385 1000
563 2385 230
1255 2385 461
652 2386 230
1777 2386 230
1662 2388 230
1805 2388 185
1960 2388 230
122 2389 230
1739 2389 185
671 2390 230
1408 2391 185
2084 2391 461
2260 2391 230
1058 2392 185
1209 2392 230
1803 2392 230
1836 2392 230
432 2393 185
2326 2393 230
2348 2393 230
447 2394 230
885 2395 185
1954 2395 230
2034 2395 230
2017 2397 230
2063 2397 230
358 2398 230
482 2399 185
986 2399 230
2219 2400 230
1042 2401 230
1969 2401 230
2018 2401 230
443 2402 185
318 2403 230
2150 2404 230
2271 2404 230
875 2406 230
1361 2406 230
1409 2406 262
1911 2408 230
2065 2408 230
616 2409 230
1185 2409 230
1927 2410 230
1983 2410 185
2225 2411 1000
991 2412 230
1786 2412 230
444 2413 230
2 2414 230
219 2415 230
146 2416 230
1621 2417 230
2072 2418 230
2162 2418 230
28 2419 230
158 2420 230
223 2420 230
1127 2421 230
1050 2422 230
1061 2422 230
1594 2422 230
372 2423 230
755 2423 230
2177 2423 230
680 2424 230
889 2424 461
1427 2424 185
1118 2425 230
1333 2425 230
1972 2426 230
2272 2426 230
541 2427 230
2087 2427 230
812 2428 230
1051 2428 230
1674 2429 230
2012 2429 230
661 2430 230
2242 2430 185
187 2431 230
1965 2431 230
1697 2432 230
227 2433 461
1103 2433 185
1244 2434 185
2351 2434 230
1137 2435 230
1326 2436 230
1372 2436 185
1834 2436 230
1866 2437 230
886 2438 230
1685 2438 230
2178 2438 230
1984 2439 230
1315 2440 461
2040 2440 230
878 2441 230
1157 2442 230
2147 2442 230
2373 2442 230
959 2443 230
2105 2443 461
256 2444 230
880 2444 230
1205 2445 230
1877 2445 230
1958 2445 230
260 2446 230
1542 2446 230
339 2447 185
2120 2447 230
636 2448 185
2118 2448 230
2416 2448 230
105 2449 230
419 2449 230
434 2450 230
1609 2452 230
253 2453 230
2093 2453 230
1362 2454 230
1573 2454 230
2003 2454 230
267 2455 461
2434 2455 185
722 2456 230
1477 2457 230
2403 2457 230
204 2458 230
346 2458 230
2358 2459 230
2396 2459 230
275 2460 185
763 2460 230
928 2460 230
1144 2460 230
1714 2461 461
1937 2461 230
691 2462 230
944 2462 230
1291 2462 230
629 2463 230
176 2464 230
2280 2464 185
2295 2464 230
1914 2465 230
2325 2465 230
332 2466 230
2130 2466 461
1056 2467 230
1458 2467 230
877 2468 230
117 2469 230
776 2469 230
921 2469 185
1002 2469 185
1522 2469 230
1700 2471 230
1729 2471 230
1800 2472 185
540 2473 525
913 2473 525
1333 2474 230
645 2475 262
1863 2475 525
2220 2475 262
257 2476 230
573 2476 230
103 2477 185
852 2477 230
2351 2477 230
2434 2477 230
1959 2478 230
2055 2478 230
17 2479 230
628 2479 230
1248 2479 185
2008 2481 230
77 2482 230
1567 2482 230
1916 2482 230
1005 2483 230
441 2484 230
2112 2484 230
1010 2485 185
2280 2485 461
1171 2486 230
1390 2486 461
1121 2487 230
1513 2487 230
1560 2488 230
2155 2488 230
609 2489 230
873 2490 230
1801 2490 230
698 2491 230
977 2492 230
1104 2493 461
1269 2493 230
89 2494 230
730 2494 230
820 2495 230
825 2495 230
1142 2496 230
513 2497 230
331 2499 230
915 2499 230
970 2504 230
1473 2504 230
1903 2504 185
760 2505 230
950 2505 461
106 2506 230
1620 2506 230
2269 2506 230
455 2507 525
911 2508 230
1778 2508 461
408 2509 230
1525 2509 185
942 2511 230
985 2511 230
287 2512 230
530 2512 230
825 2514 230
1305 2514 185
2495 2514 230
495 2515 185
2061 2516 230
2154 2516 230
1324 2517 461
2441 2517 230
1076 2519 230
1521 2519 230
808 2521 230
1528 2521 230
328 2522 230
453 2522 230
550 2524 230
2043 2524 230
2366 2524 230
242 2525 230
1973 2525 230
1372 2526 230
1834 2526 185
2407 2527 230
1346 2528 230
2061 2528 461
947 2529 230
951 2529 185
1246 2529 230
852 2530 230
1024 2530 230
1083 2530 230
334 2532 230
707 2532 230
962 2533 230
1376 2533 230
441 2534 230
881 2534 185
1703 2535 230
344 2536 230
1947 2536 230
1702 2538 230
1816 2539 230
673 2541 262
1356 2541 525
382 2542 230
1713 2542 230
2080 2542 230
1279 2543 230
2144 2544 230
120 2546 230
1211 2547 230
324 2548 230
1746 2548 461
61 2551 230
398 2551 230
634 2552 230
1484 2552 230
1574 2552 230
777 2553 230
1153 2553 230
1666 2554 525
1936 2554 525
124 2555 230
1546 2555 185
161 2556 230
598 2556 230
807 2556 185
318 2557 230
1000 2558 230
70 2559 230
1729 2559 185
754 2560 230
1100 2560 230
1815 2560 230
1941 2561 461
1782 2562 461
469 2563 230
1613 2563 230
1614 2563 230
955 2564 230
1719 2564 185
1852 2564 230
299 2565 230
1728 2565 230
1168 2566 185
1834 2566 230
2521 2566 230
70 2567 230
564 2567 185
579 2568 230
196 2569 461
427 2569 230
1094 2569 185
936 2570 230
2316 2571 230
2346 2572 230
706 2573 230
1312 2573 230
1823 2573 230
574 2574 230
1223 2574 230
1151 2575 262
1569 2575 230
1580 2576 230
2233 2576 230
24 2577 461
1977 2577 230
2204 2577 185
1799 2578 230
2103 2578 185
214 2579 230
252 2580 230
1641 2580 230
2484 2581 230
2534 2581 230
150 2582 230
1311 2582 230
2510 2582 230
710 2584 230
827 2584 230
2104 2584 230
957 2585 230
1303 2585 230
1546 2586 461
1163 2587 230
180 2588 262
1276 2589 461
594 2590 230
444 2591 230
1899 2591 230
2413 2591 230
1472 2592 185
2355 2592 230
531 2593 230
707 2594 230
749 2594 230
849 2594 230
1249 2595 461
378 2596 230
1694 2596 230
1721 2597 230
1141 2598 230
2498 2598 461
1527 2599 230
1531 2599 262
1951 2599 230
1985 2599 230
1162 2600 230
1966 2601 230
411 2602 230
2496 2602 230
100 2603 230
2193 2603 230
890 2604 230
1880 2604 185
570 2605 230
979 2605 230
79 2606 185
440 2607 230
564 2607 230
1535 2607 230
2136 2608 230
2243 2608 230
610 2609 185
1982 2609 230
168 2610 185
1202 2610 185
1252 2610 230
1468 2610 230
1169 2611 230
2041 2612 230
1927 2613 230
750 2614 230
1425 2615 230
2032 2615 230
411 2616 230
2381 2616 230
2496 2616 230
1004 2617 230
1689 2617 230
647 2618 234
853 2618 234
1862 2618 234
2170 2618 234
2375 2618 234
1752 2619 525
1085 2620 230
1925 2620 461
1605 2621 230
1826 2621 230
362 2622 230
1858 2622 230
1331 2625 230
330 2626 230
1478 2626 230
1297 2627 230
2336 2627 185
2530 2627 185
787 2629 230
1455 2629 230
2261 2629 230
747 2630 230
815 2630 461
1221 2631 230
1661 2631 230
667 2632 230
1287 2632 230
754 2633 185
828 2633 230
2165 2633 230
936 2634 230
1526 2634 230
1549 2634 185
1867 2635 230
2248 2635 230
2083 2636 230
119 2637 230
1312 2637 461
116 2639 230
1078 2639 230
213 2640 230
306 2640 185
62 2641 461
504 2641 230
2180 2641 185
936 2642 230
1108 2642 230
1589 2643 230
492 2644 230
1763 2644 230
1767 2644 185
2239 2644 230
120 2645 230
2405 2645 230
552 2647 230
2091 2647 230
243 2648 230
327 2649 230
612 2650 185
649 2650 230
1488 2650 230
139 2651 230
2108 2651 230
1148 2652 230
1791 2652 230
120 2653 230
1414 2654 230
1604 2654 230
2169 2654 230
502 2655 230
1149 2655 230
2066 2656 230
2296 2656 230
2353 2657 230
2623 2657 230
1967 2658 461
1379 2659 230
2406 2659 230
1638 2660 230
1903 2660 230
647 2661 234
1862 2661 234
1898 2661 234
2170 2661 234
2375 2661 234
234 2662 230
2502 2662 230
762 2663 230
804 2663 230
917 2663 230
1576 2663 185
771 2664 461
2341 2665 230
150 2666 185
429 2666 461
1176 2666 230
808 2667 230
1528 2667 230
2436 2667 230
529 2668 230
734 2668 230
1992 2668 230
198 2670 230
2132 2670 230
1600 2671 230
2115 2671 230
1234 2672 230
2590 2672 230
856 2673 230
1067 2673 230
1212 2675 230
981 2676 230
822 2677 230
1886 2678 230
817 2679 230
1590 2679 185
1842 2679 230
1621 2680 230
2036 2680 230
2417 2680 230
2411 2681 230
876 2682 262
64 2683 230
201 2683 230
618 2684 230
1439 2684 230
559 2685 948
2217 2685 948
702 2686 185
1375 2686 230
2028 2686 461
810 2687 230
2558 2687 230
443 2688 230
1861 2688 230
25 2690 230
514 2690 230
1599 2690 230
11 2691 230
2060 2691 461
904 2692 230
2492 2692 230
2572 2692 185
2153 2693 185
423 2694 230
834 2694 230
2670 2695 230
637 2696 185
1896 2696 230
2237 2696 230
847 2697 230
1793 2697 230
2090 2697 230
1319 2698 185
189 2699 230
1178 2699 230
1479 2700 525
2554 2701 525
400 2702 230
542 2702 185
1437 2702 230
1783 2703 461
363 2704 230
2491 2704 230
472 2705 230
1835 2705 230
1855 2705 230
539 2706 230
1169 2707 230
1313 2708 230
890 2709 230
359 2710 185
1487 2710 230
823 2711 230
2001 2711 230
896 2712 230
1592 2712 185
2303 2713 230
468 2714 230
869 2714 230
1098 2714 230
1149 2714 185
490 2715 230
657 2715 230
1869 2715 230
879 2716 262
1516 2716 262
1608 2717 461
2133 2718 230
2706 2718 230
46 2719 525
279 2719 262
811 2719 262
1296 2719 262
1961 2720 185
2157 2720 230
2372 2721 230
1396 2722 1000
2249 2722 1000
752 2723 230
1029 2723 230
1729 2724 230
2559 2724 185
2575 2724 230
782 2725 461
1030 2725 230
672 2726 230
1812 2726 185
2540 2726 230
1851 2727 230
2379 2727 230
2111 2728 230
2407 2728 230
2527 2728 230
1060 2729 230
748 2730 230
188 2731 185
2420 2731 230
669 2732 230
2178 2732 185
1690 2733 230
1765 2733 230
1987 2733 230
1063 2734 230
1774 2734 230
2448 2734 230
215 2735 230
472 2735 230
1164 2735 230
2345 2736 230
2394 2736 230
567 2737 230
680 2737 230
1777 2738 185
1882 2738 230
2236 2738 230
97 2739 230
168 2739 230
916 2740 230
2395 2740 230
725 2741 230
2398 2741 230
1448 2742 230
2470 2742 230
244 2743 230
2451 2743 230
23 2744 262
1752 2744 262
1059 2745 185
1342 2746 230
1584 2746 230
1753 2747 230
2128 2747 230
2562 2747 230
2010 2748 230
2100 2748 461
965 2749 230
1851 2749 230
2334 2749 230
2053 2750 230
2318 2750 230
2501 2751 230
1856 2752 230
1892 2752 461
2380 2753 230
114 2754 230
207 2754 185
795 2754 230
615 2755 230
1052 2755 230
1524 2755 185
1478 2756 185
1837 2756 230
2626 2756 185
1592 2757 230
2608 2757 230
1517 2758 230
2545 2758 230
1043 2759 230
1200 2759 230
1953 2759 230
488 2760 230
1519 2760 230
2044 2760 185
1290 2761 230
2481 2761 230
839 2762 230
1709 2762 230
1589 2763 230
2525 2763 230
1025 2764 230
1064 2764 230
546 2765 230
721 2765 230
1615 2766 461
1154 2767 461
2251 2768 230
1247 2769 230
1288 2769 230
677 2770 230
859 2770 185
821 2771 230
1973 2771 230
761 2772 185
874 2772 230
2143 2772 230
53 2773 230
624 2773 230
2675 2774 461
225 2775 230
1676 2775 230
1719 2776 230
1754 2776 230
2488 2776 230
45 2777 461
837 2777 185
1108 2777 230
248 2778 230
906 2778 230
1179 2778 230
2278 2778 185
508 2779 230
1178 2779 230
1327 2779 185
1533 2779 230
1932 2780 230
1499 2781 230
2146 2781 461
212 2782 230
2483 2782 461
1537 2783 461
819 2784 230
1295 2784 262
67 2785 230
132 2786 230
1027 2786 185
1303 2786 230
2231 2787 230
767 2788 185
2157 2788 230
1461 2789 230
1508 2789 461
1496 2790 230
1848 2790 230
265 2792 230
304 2792 230
1036 2792 185
1821 2792 185
2092 2793 230
1672 2794 185
1758 2794 262
1848 2794 230
736 2795 461
2295 2795 230
2266 2796 230
37 2797 230
179 2797 230
596 2798 230
2732 2798 230
1284 2799 230
2500 2799 461
1490 2800 461
2011 2801 230
2535 2801 230
1102 2802 461
1704 2802 230
929 2803 230
931 2803 461
125 2804 230
1805 2804 230
175 2805 185
545 2805 230
103 2806 230
2323 2807 185
2707 2807 230
441 2808 230
758 2808 185
1793 2808 185
2112 2808 230
97 2809 230
2764 2809 230
976 2810 230
1890 2810 185
2326 2811 230
2393 2811 230
272 2812 230
437 2812 262
2317 2812 230
145 2813 230
306 2813 230
1235 2814 230
2457 2814 230
2557 2814 230
458 2816 230
2647 2817 230
659 2818 230
862 2818 230
472 2819 185
2288 2819 461
2648 2819 230
1241 2820 461
1327 2820 230
1181 2821 230
1841 2822 230
528 2823 230
840 2823 230
244 2824 230
474 2824 230
2743 2824 230
1742 2826 230
2621 2826 230
2046 2827 230
2452 2827 185
1781 2828 230
1356 2829 525
2507 2829 525
5 2830 230
469 2830 230
1222 2830 230
2246 2830 185
1191 2831 230
2260 2832 230
2665 2832 230
1423 2833 461
2534 2833 230
247 2834 230
908 2835 185
2355 2835 230
2396 2835 230
603 2836 185
764 2837 230
2333 2837 230
1279 2838 230
1737 2839 461
425 2840 230
1715 2841 262
2437 2842 230
2780 2842 461
766 2843 230
2292 2843 230
1092 2844 230
1378 2844 230
1949 2844 185
2474 2844 230
2645 2844 185
1060 2845 230
2387 2845 185
2520 2845 230
720 2846 230
797 2846 230
851 2846 230
1882 2846 185
104 2847 230
537 2848 230
2079 2848 230
1467 2849 230
1307 2851 461
2126 2851 230
555 2852 230
1212 2852 230
2649 2852 230
890 2853 230
786 2854 230
2458 2854 230
86 2855 185
2231 2855 230
2540 2856 230
2550 2856 461
310 2857 230
1909 2857 230
2257 2857 185
1893 2858 230
2452 2858 230
66 2859 185
927 2859 185
981 2859 230
240 2861 230
2628 2861 230
766 2862 230
1489 2862 230
1500 2862 230
582 2863 230
1141 2863 230
388 2864 230
867 2864 230
1157 2864 185
733 2865 230
2188 2865 230
1460 2866 185
127 2867 525
282 2867 525
675 2867 525
1758 2867 262
161 2868 230
598 2868 230
2673 2869 230
822 2870 230
1485 2870 230
2677 2870 230
496 2871 230
2158 2871 230
2497 2871 230
1120 2872 230
2785 2872 230
1370 2873 230
2318 2873 230
2750 2873 230
1660 2875 230
1773 2875 230
2571 2875 230
30 2876 230
2768 2876 230
692 2878 230
1122 2879 230
1628 2879 230
90 2880 230
115 2880 230
1565 2881 230
2180 2881 230
2273 2881 185
674 2883 461
336 2884 230
1306 2884 185
2163 2884 230
2837 2884 230
736 2885 230
2464 2885 230
47 2886 230
695 2886 230
2514 2886 230
2247 2887 230
2390 2887 230
68 2888 230
425 2888 230
2671 2888 185
175 2889 230
625 2889 230
1632 2889 1000
696 2890 230
854 2890 185
855 2890 230
1375 2891 230
2221 2892 230
127 2893 262
2382 2893 230
2815 2893 230
96 2895 230
44 2896 230
665 2896 185
2356 2896 461
366 2898 230
586 2898 230
1603 2898 230
1759 2899 230
2153 2900 461
163 2901 262
439 2901 262
1840 2901 262
488 2903 230
2760 2903 230
1786 2904 230
292 2905 230
1904 2905 461
1559 2906 230
1693 2906 230
134 2907 230
1255 2907 230
1612 2907 230
1539 2908 230
2555 2908 230
2625 2908 185
469 2909 230
2135 2909 461
85 2910 185
103 2910 230
660 2910 230
1486 2910 230
1660 2911 230
2316 2911 230
1202 2912 461
319 2913 230
1837 2914 230
2745 2914 461
2473 2915 525
533 2916 185
1183 2916 230
465 2917 230
1482 2917 230
186 2918 230
354 2918 230
2446 2918 230
363 2919 230
910 2920 230
1080 2920 230
1776 2921 230
2245 2921 230
2399 2921 230
916 2922 230
2034 2922 230
202 2923 230
1818 2923 230
2237 2923 230
2447 2923 185
525 2924 230
922 2924 230
2456 2924 230
962 2926 230
697 2927 230
2897 2927 230
1443 2928 230
1914 2928 230
2465 2928 230
2810 2929 461
622 2930 461
783 2931 230
1738 2931 230
920 2932 230
495 2933 461
979 2933 230
211 2934 230
2874 2934 230
708 2935 461
384 2936 230
2336 2936 230
172 2937 185
1745 2937 230
2115 2937 230
2559 2937 230
10 2938 230
44 2938 185
1264 2938 230
1430 2938 230
296 2939 230
897 2939 230
997 2939 230
293 2940 230
2054 2940 461
417 2941 948
559 2941 948
2052 2941 948
2059 2941 948
2195 2941 948
2342 2941 948
2685 2941 948
548 2942 461
2063 2942 230
366 2943 230
1459 2943 230
2230 2943 230
1660 2944 230
2911 2944 230
939 2945 230
444 2946 230
2057 2946 230
1712 2947 230
938 2948 461
1220 2948 230
200 2949 230
757 2949 262
899 2949 230
1415 2949 230
2899 2950 461
261 2951 230
1114 2951 230
1183 2951 230
1448 2951 185
457 2952 230
484 2952 230
2906 2952 230
1273 2954 230
1994 2955 230
45 2956 230
2570 2956 230
2642 2956 230
105 2957 230
718 2958 230
902 2958 185
911 2959 230
1912 2960 230
2431 2960 230
507 2961 230
686 2961 230
988 2961 230
86 2962 230
101 2962 230
798 2962 230
1803 2963 230
2784 2963 230
1634 2964 230
207 2965 230
235 2965 461
246 2965 185
845 2966 230
1103 2967 461
908 2968 230
2746 2968 230
1337 2969 230
2816 2969 230
1933 2970 461
992 2971 230
1171 2971 230
2791 2972 230
412 2973 262
439 2973 262
1398 2973 525
1980 2973 262
1036 2974 230
1416 2975 230
1902 2975 230
1525 2976 230
2313 2976 185
321 2977 525
1797 2978 230
2276 2978 230
994 2979 230
1360 2980 230
1680 2980 230
2477 2980 1000
303 2981 230
340 2981 230
1701 2981 230
1008 2982 230
404 2983 262
786 2983 262
1926 2983 525
282 2984 262
1037 2984 262
1407 2985 230
1963 2985 230
539 2986 230
633 2987 185
264 2989 230
656 2989 230
1423 2991 230
2581 2991 230
1024 2993 230
1404 2993 230
2434 2993 230
903 2994 230
2590 2994 230
1448 2995 230
2343 2995 230
2123 2996 230
2384 2996 461
980 2997 230
1929 2997 185
2411 2997 461
2027 2998 230
2214 2999 1000
972 3000 230
1163 3000 230
2587 3000 230
189 3001 230
508 3001 230
2820 3001 185
2287 3002 230
2800 3002 230
2831 3002 185
1558 3003 230
1278 3004 230
2082 3004 230
1627 3005 230
2236 3005 230
2619 3007 525
1086 3008 461
995 3009 230
2290 3009 230
96 3010 230
1189 3010 230
2895 3010 230
1322 3011 230
1352 3011 230
1807 3012 525
2694 3013 230
2428 3014 230
2908 3014 230
655 3015 230
1069 3016 461
1508 3016 185
313 3017 262
806 3017 230
1552 3017 230
2552 3018 185
1371 3019 230
2866 3019 230
456 3020 230
2402 3020 230
259 3021 230
912 3022 230
1445 3022 230
359 3023 461
223 3024 230
1074 3024 230
2731 3024 230
349 3025 230
2182 3025 230
1125 3026 230
1799 3027 230
2751 3027 230
1113 3028 230
2859 3028 230
1780 3029 461
1885 3029 185
2600 3029 230
1789 3030 230
2127 3030 230
1549 3031 461
1226 3032 230
1417 3032 185
9 3034 230
728 3034 230
2659 3034 230
1631 3035 230
1829 3035 230
80 3036 230
1395 3036 230
2657 3036 230
4 3037 230
1543 3037 230
2327 3037 185
385 3038 185
794 3038 185
1109 3038 230
1115 3038 230
436 3039 185
1095 3039 230
2710 3039 461
1112 3040 230
2109 3040 185
2730 3040 230
308 3042 230
482 3042 230
986 3042 185
333 3043 230
985 3043 185
1797 3043 230
2520 3044 230
679 3045 185
1344 3045 461
2922 3045 230
453 3046 461
1696 3047 230
2955 3047 230
1282 3048 461
1569 3048 230
33 3049 185
625 3049 230
1030 3049 230
2889 3049 230
857 3050 230
1838 3050 230
1976 3050 185
2818 3050 230
494 3051 185
1049 3051 230
1794 3052 461
521 3053 262
1723 3053 262
2653 3054 230
1422 3055 230
576 3056 230
1796 3056 230
1983 3057 230
237 3058 230
1626 3058 185
1216 3059 230
2251 3059 230
2876 3059 230
423 3060 230
1244 3060 461
1979 3060 185
1428 3061 230
1803 3061 185
2110 3061 230
918 3062 230
1814 3062 230
384 3063 230
2936 3063 230
1432 3064 230
468 3065 461
699 3065 230
273 3066 461
1239 3066 230
15 3067 230
883 3068 230
3043 3068 230
1937 3069 230
2086 3069 230
648 3070 230
8 3071 230
147 3071 230
187 3071 230
47 3072 230
820 3072 230
825 3072 230
1816 3073 230
2539 3073 230
1720 3074 230
2096 3074 230
419 3075 230
2957 3075 230
994 3076 230
1847 3076 230
2202 3076 230
172 3077 230
428 3077 230
2840 3077 230
793 3078 230
1053 3078 230
2169 3078 185
1743 3079 230
2640 3079 230
206 3080 230
1802 3080 230
2576 3080 230
968 3081 461
1298 3081 230
2546 3083 230
3054 3083 461
1628 3084 230
175 3085 230
625 3085 230
1330 3086 230
2300 3086 230
93 3087 262
304 3087 262
416 3087 525
1577 3087 525
1050 3088 230
1594 3088 230
1280 3089 230
1725 3089 230
953 3090 230
1062 3090 230
1571 3090 230
2704 3091 230
592 3092 230
1099 3092 230
2783 3093 230
318 3094 230
780 3094 185
1235 3094 230
2557 3094 230
113 3095 230
1575 3095 185
2277 3095 230
2349 3095 230
575 3096 230
2181 3096 461
935 3097 230
2026 3097 1000
2130 3097 230
2678 3097 185
325 3098 185
1502 3098 230
348 3099 230
1140 3099 230
1252 3100 230
1394 3100 230
2184 3100 230
1228 3101 230
2103 3101 230
1460 3102 461
401 3103 230
1020 3103 230
1033 3103 230
3069 3104 230
398 3105 230
542 3105 230
29 3106 230
1173 3106 230
1177 3106 230
2259 3107 230
2503 3107 230
2723 3107 230
717 3108 230
1070 3108 230
244 3109 230
474 3109 230
2128 3109 185
1169 3110 230
2611 3110 230
2646 3110 230
75 3111 230
180 3111 185
535 3111 230
714 3111 185
782 3112 185
2805 3112 230
811 3113 262
865 3114 230
2912 3114 230
2945 3114 230
3100 3114 185
614 3115 230
1197 3115 461
63 3116 230
533 3116 230
1730 3116 230
171 3117 230
2459 3117 185
2980 3117 230
2474 3118 230
1000 3119 230
1034 3119 230
2725 3119 185
451 3120 185
1016 3120 230
1827 3120 230
54 3121 230
1828 3121 230
114 3122 185
126 3122 230
1811 3123 230
1997 3124 230
181 3125 230
1971 3125 230
2113 3125 230
129 3126 230
780 3126 230
1945 3126 230
2036 3126 185
174 3128 230
2100 3128 185
1236 3129 230
1548 3129 230
2073 3129 230
1502 3130 230
1535 3130 230
129 3131 230
1405 3131 230
2286 3131 230
391 3132 185
902 3132 461
1879 3132 230
1110 3133 461
1448 3133 230
2912 3133 185
1902 3134 230
102 3135 230
493 3135 230
2463 3135 230
846 3136 230
454 3137 230
2168 3137 230
1125 3138 230
3026 3138 230
834 3139 230
1578 3139 230
3089 3140 230
3101 3140 230
314 3141 230
1984 3141 230
2337 3141 185
981 3142 230
2676 3142 230
2888 3142 1000
3028 3142 230
136 3143 230
1968 3143 230
2935 3143 230
266 3144 230
840 3144 230
2817 3144 230
2568 3145 461
2947 3145 230
36 3146 230
815 3146 185
1950 3146 230
1867 3147 230
2096 3147 461
546 3148 230
1563 3148 230
165 3149 461
526 3150 461
1956 3150 230
662 3151 230
1514 3151 230
1103 3152 230
2043 3153 230
2366 3153 230
1196 3154 230
2518 3154 230
2962 3155 262
965 3156 230
1570 3156 461
755 3157 230
1384 3157 230
966 3158 230
1313 3158 230
2708 3158 230
2039 3159 262
776 3160 230
1300 3160 230
2175 3160 230
748 3161 230
1699 3161 461
561 3162 230
1081 3162 230
1612 3162 230
609 3163 230
1525 3163 230
2489 3163 230
638 3164 230
1580 3164 185
434 3165 230
2450 3165 230
612 3166 230
491 3167 185
775 3167 230
803 3167 230
1504 3167 230
2050 3168 230
2261 3168 230
483 3169 461
1688 3170 230
1129 3171 230
1133 3171 230
125 3172 230
2804 3172 230
130 3173 230
342 3173 230
1704 3173 230
850 3174 230
1262 3174 230
3154 3174 185
670 3175 230
768 3175 185
1152 3175 230
1381 3176 230
2338 3177 230
806 3178 230
1801 3178 461
704 3179 230
1637 3179 230
2278 3179 230
1420 3180 230
2753 3180 461
408 3181 230
543 3181 230
1079 3181 185
2638 3181 230
163 3182 230
2005 3182 230
2149 3183 230
3051 3183 230
485 3185 230
491 3185 461
942 3186 185
1254 3186 230
2114 3186 230
437 3187 262
802 3187 262
919 3188 1000
2501 3188 230
2751 3188 230
3101 3188 185
51 3189 230
1093 3189 230
1779 3189 230
713 3190 230
2537 3190 461
2800 3190 185
609 3191 230
1525 3191 230
498 3192 230
2145 3192 230
2397 3192 230
1213 3193 230
1253 3193 230
2166 3193 230
897 3194 230
997 3194 230
2882 3194 230
2754 3195 230
552 3196 230
1987 3196 185
2817 3196 230
2823 3196 230
694 3197 185
935 3197 230
761 3198 230
854 3198 230
1670 3198 230
194 3199 230
286 3199 230
1269 3199 230
91 3200 230
672 3200 230
2726 3200 230
2596 3201 230
2603 3201 230
302 3202 230
319 3202 461
1283 3203 230
1608 3203 230
2765 3203 185
572 3204 185
2408 3204 230
2872 3205 230
3089 3205 185
1116 3206 230
1545 3206 230
2371 3206 230
662 3207 230
744 3207 230
2806 3207 185
3151 3207 230
1496 3208 461
2125 3209 461
2207 3209 230
1 3210 948
140 3210 948
559 3210 948
1787 3210 1000
2217 3210 948
2342 3210 948
2685 3210 948
283 3211 461
2509 3211 230
336 3212 230
764 3212 230
943 3212 230
560 3213 230
1660 3213 185
2406 3213 185
2880 3213 230
3137 3213 230
1717 3214 230
2144 3214 230
264 3215 230
1197 3215 185
1446 3215 230
1724 3215 230
336 3216 230
2163 3216 230
2205 3216 230
888 3217 230
2450 3217 230
230 3218 230
599 3218 230
1541 3218 230
1656 3219 230
2414 3219 230
2472 3219 230
271 3220 230
1041 3220 230
1579 3220 230
2285 3220 185
1192 3221 230
1403 3221 230
2834 3221 230
421 3222 230
573 3222 230
1562 3222 230
2400 3223 230
72 3224 230
1011 3224 230
1861 3225 230
2688 3225 230
1183 3226 230
1698 3226 230
1730 3226 185
2916 3226 230
133 3227 230
139 3227 230
2651 3227 230
1465 3228 230
2502 3228 461
2551 3228 185
114 3229 230
3195 3229 230
22 3230 461
610 3230 185
2606 3230 230
787 3231 461
3168 3231 230
1072 3232 230
1764 3232 230
2639 3232 230
1066 3233 230
2709 3233 230
2853 3233 230
297 3234 230
694 3234 230
450 3235 461
2451 3235 230
1021 3236 230
2766 3236 230
1401 3237 230
1408 3237 230
1793 3237 230
1481 3238 230
1603 3238 230
598 3239 230
1943 3239 230
178 3240 230
1095 3240 230
1487 3240 230
2471 3241 230
2575 3241 230
2724 3241 230
1750 3242 230
7 3243 230
110 3243 230
423 3244 230
1578 3244 230
3013 3244 230
91 3245 230
105 3245 185
2540 3245 230
2718 3246 230
2986 3246 461
1146 3247 262
153 3248 230
773 3248 230
1319 3248 230
785 3249 230
1964 3250 230
2834 3250 230
1085 3251 185
1474 3251 230
1482 3251 230
2917 3251 230
345 3252 185
641 3252 230
2550 3252 230
3245 3252 230
673 3253 262
1435 3253 262
2829 3253 262
240 3254 230
597 3254 230
2105 3254 185
2628 3254 230
2902 3255 230
1101 3256 230
2578 3256 230
3188 3256 230
2389 3257 230
297 3259 230
356 3259 230
2130 3259 185
3234 3259 230
2932 3260 230
2970 3260 230
2689 3262 262
1943 3263 461
2988 3263 230
1479 3264 525
2303 3265 230
2679 3265 230
2006 3266 230
2967 3266 230
673 3267 262
1356 3267 262
2541 3267 262
421 3268 230
573 3268 230
1489 3269 230
1768 3269 461
1084 3270 230
1937 3270 185
3015 3271 461
2039 3272 262
3159 3272 262
3262 3272 262
2953 3273 461
1719 3274 230
1754 3274 230
231 3275 230
329 3276 230
3136 3276 230
735 3277 230
2252 3277 230
2394 3277 185
2423 3277 185
55 3278 230
1327 3278 230
1335 3278 230
1819 3278 185
271 3279 230
1653 3279 185
2274 3279 230
2453 3279 230
925 3280 230
2317 3280 230
1428 3281 230
1632 3281 230
92 3282 230
1335 3282 230
1991 3282 230
599 3283 230
920 3283 185
1299 3283 230
2121 3283 230
225 3284 230
2860 3284 185
350 3285 230
2224 3285 230
968 3286 185
2614 3286 230
443 3287 230
3020 3287 185
3225 3287 230
1166 3288 230
1192 3288 230
173 3289 230
536 3289 230
2982 3289 230
814 3290 230
1229 3290 230
1682 3290 262
1029 3291 230
1268 3292 461
1707 3292 230
2559 3293 230
2671 3293 230
1459 3294 230
2230 3294 230
3238 3294 230
249 3295 230
498 3296 230
1978 3296 230
2063 3296 230
543 3297 230
1167 3297 230
2638 3297 230
1535 3298 230
3098 3298 461
1476 3299 185
1740 3299 230
1828 3299 230
3121 3299 230
735 3300 230
2181 3300 185
2252 3300 230
2881 3300 230
1863 3301 525
1542 3302 230
2235 3302 185
752 3303 230
3291 3303 230
1038 3304 230
2891 3304 230
3078 3304 230
86 3305 461
754 3305 230
93 3306 262
2588 3306 262
3087 3306 262
513 3307 230
778 3307 185
2283 3307 230
2497 3307 230
771 3308 230
1728 3308 230
2925 3308 230
77 3309 230
3204 3309 461
991 3310 230
1786 3310 230
1804 3310 230
35 3311 230
658 3311 185
1530 3311 230
1843 3311 230
1291 3312 230
2369 3312 461
1676 3313 461
3284 3313 230
2598 3314 185
1923 3315 230
2068 3315 230
2167 3315 230
1642 3316 230
2152 3316 461
841 3317 230
1761 3317 230
1860 3317 230
378 3318 185
767 3318 230
941 3318 230
801 3319 230
884 3319 230
3026 3320 230
3271 3320 230
254 3321 185
2439 3321 230
3141 3321 230
213 3322 230
1743 3322 230
3079 3322 230
1397 3323 230
1425 3323 230
1505 3323 230
152 3325 230
877 3325 230
396 3326 230
431 3326 230
2319 3326 185
2549 3326 230
21 3327 230
2879 3327 230
464 3328 461
1566 3328 230
2225 3329 230
602 3330 230
938 3330 230
98 3331 230
859 3331 230
1860 3331 230
210 3332 230
1554 3332 230
2762 3332 230
478 3333 230
1610 3333 230
2632 3333 230
630 3334 461
684 3334 230
1263 3335 230
2773 3335 230
2894 3335 230
739 3336 230
1019 3336 230
2335 3337 230
678 3338 230
957 3338 461
1505 3339 230
2032 3339 230
181 3340 230
1831 3340 230
1890 3340 230
2625 3341 461
1985 3342 461
2172 3342 230
1165 3343 230
2974 3343 230
116 3344 185
624 3344 230
2894 3344 230
2255 3345 1000
879 3346 262
1236 3346 1000
1332 3346 525
1516 3346 525
2360 3346 262
2716 3346 262
2764 3346 262
796 3347 230
1012 3347 185
748 3348 230
1243 3348 230
3040 3348 230
128 3349 230
3075 3349 185
3329 3349 230
747 3350 230
951 3351 230
1474 3351 230
3295 3351 185
1941 3352 230
267 3353 230
880 3353 230
2627 3353 230
980 3354 230
2239 3354 230
2681 3354 230
2712 3355 461
2747 3355 185
316 3356 230
1853 3356 230
1880 3356 230
251 3357 230
1354 3357 230
238 3358 461
1894 3358 230
301 3359 185
757 3360 262
2098 3360 262
914 3361 185
1913 3361 230
2094 3361 230
591 3362 230
1796 3362 461
894 3363 230
1452 3363 230
2308 3363 230
1343 3364 230
2840 3364 230
2888 3364 230
597 3365 230
1039 3365 230
1192 3365 185
1816 3365 185
2628 3365 230
1973 3366 185
2784 3366 230
2877 3366 461
864 3367 230
971 3367 185
1365 3367 230
849 3368 230
2532 3368 230
159 3369 230
2253 3369 230
2323 3369 230
1013 3370 230
2427 3370 230
2673 3370 185
1822 3371 230
2185 3371 230
3249 3371 230
108 3372 230
1642 3372 230
3367 3372 230
574 3373 230
2574 3373 230
2060 3374 185
2142 3374 461
834 3375 230
3013 3375 230
3139 3375 230
811 3376 262
2719 3376 525
3113 3376 262
562 3377 230
1490 3377 230
2287 3377 230
418 3378 230
648 3378 230
3070 3378 230
1740 3379 230
37 3380 230
2379 3380 185
2199 3382 230
3019 3382 230
527 3383 262
886 3383 230
2067 3384 230
2223 3384 185
2447 3384 230
132 3385 230
678 3385 230
2189 3385 230
566 3386 230
1350 3386 230
1601 3386 230
3273 3386 185
2140 3387 230
871 3388 230
2703 3388 230
3032 3388 230
1007 3389 461
1115 3389 230
1392 3390 461
1427 3390 230
1493 3390 185
817 3391 230
2713 3391 230
3265 3391 230
153 3392 230
773 3392 230
2683 3392 230
52 3393 185
332 3393 230
3097 3393 230
3197 3393 230
3334 3393 185
1792 3394 230
2212 3394 230
2293 3394 185
959 3395 230
1377 3395 230
2539 3395 230
818 3396 230
1285 3396 230
757 3397 262
1666 3397 262
2098 3397 262
2410 3398 461
2860 3398 230
2729 3399 230
3044 3399 230
557 3400 230
1593 3401 230
2379 3401 230
2727 3401 230
721 3402 230
2014 3402 461
589 3403 230
838 3404 230
1497 3404 230
2518 3404 230
1447 3405 185
1872 3405 230
2331 3405 230
82 3406 461
306 3406 230
1925 3407 230
2062 3407 230
2529 3407 230
1067 3408 185
1683 3408 230
2480 3408 230
471 3409 185
1262 3409 230
3350 3409 230
383 3411 230
921 3411 230
2250 3412 230
2341 3413 230
372 3414 230
504 3414 230
3157 3414 230
1494 3415 230
1887 3415 230
530 3416 230
907 3416 230
2337 3416 230
1263 3417 230
1989 3417 185
2894 3417 230
3344 3417 230
2056 3418 230
2321 3418 185
3128 3418 230
3261 3418 230
82 3419 230
2813 3419 230
40 3420 185
1238 3420 230
2498 3420 230
2863 3420 230
628 3421 230
1136 3421 230
93 3422 262
416 3422 262
183 3423 461
922 3423 230
2284 3424 185
1753 3425 230
2128 3425 230
2299 3426 230
1201 3427 230
724 3428 230
868 3428 230
3281 3428 230
1839 3429 230
2240 3429 230
2847 3429 230
259 3430 230
913 3430 262
3021 3430 230
3067 3430 230
240 3431 185
1186 3431 461
2113 3431 230
1926 3432 525
3123 3433 230
72 3434 230
2662 3434 230
3224 3434 230
262 3435 230
349 3435 230
2850 3435 230
2890 3436 230
2084 3437 230
2341 3437 230
2832 3437 230
471 3438 230
2749 3439 185
3380 3439 230
647 3440 234
1898 3440 234
2170 3440 234
2375 3440 234
2661 3440 234
823 3441 230
1938 3441 230
2001 3441 230
608 3442 230
1760 3442 230
466 3443 230
1663 3443 461
204 3444 185
1290 3444 230
2138 3444 230
2481 3444 230
2248 3445 230
2635 3445 230
796 3446 185
2902 3446 230
3258 3446 230
1157 3447 230
2373 3447 230
277 3448 230
326 3448 230
1996 3448 230
289 3450 230
449 3450 230
3023 3450 230
643 3451 230
725 3451 230
1739 3451 185
2398 3451 230
1671 3452 230
2885 3452 230
693 3453 230
2400 3453 230
2582 3453 185
3223 3453 230
558 3454 230
1005 3454 185
1351 3454 230
3341 3454 230
211 3455 230
740 3455 230
2934 3455 230
2111 3456 230
2353 3456 185
2515 3456 230
2292 3457 230
2843 3457 230
551 3458 185
2071 3458 230
3082 3458 230
3303 3458 185
717 3460 185
1354 3461 230
3003 3461 230
177 3462 230
475 3462 230
1654 3462 230
498 3463 185
1406 3463 230
2119 3463 230
1908 3464 230
3410 3464 230
1738 3465 461
2788 3465 230
289 3466 230
359 3466 230
2335 3466 185
795 3467 230
1633 3467 262
3195 3467 230
864 3468 230
1365 3468 230
1972 3469 230
208 3470 230
670 3470 230
2288 3471 230
318 3472 1000
1148 3472 230
2305 3472 185
3324 3472 230
2567 3473 461
3293 3473 230
268 3474 230
774 3474 461
541 3475 230
1766 3475 230
256 3476 230
740 3476 185
880 3476 230
2455 3476 230
1750 3477 230
2041 3477 230
1207 3478 230
1060 3479 230
1380 3479 230
3399 3479 230
1674 3480 230
2538 3480 230
649 3481 185
785 3481 230
1009 3481 185
2319 3481 230
3249 3481 230
3449 3482 230
837 3483 230
1463 3483 230
2982 3483 230
2249 3484 1000
2383 3484 1000
1818 3485 230
1896 3485 230
2793 3486 461
3136 3486 230
1323 3487 185
2189 3487 230
2585 3487 230
2786 3487 230
2265 3488 185
3004 3488 230
1453 3489 230
3255 3490 230
3446 3490 230
1366 3491 185
1944 3491 461
994 3492 230
1847 3492 230
3424 3492 230
1624 3493 230
376 3494 230
1298 3494 230
2329 3494 230
1720 3495 230
1893 3495 185
3445 3495 230
873 3496 230
1475 3496 185
1552 3496 230
43 3497 230
220 3497 230
3099 3497 230
435 3498 230
1006 3498 230
2513 3498 230
525 3499 185
583 3499 230
722 3499 185
1653 3499 230
2655 3499 230
670 3500 230
1152 3500 230
2600 3500 185
401 3501 185
1616 3501 230
3425 3501 230
914 3502 230
954 3502 230
1035 3502 230
1802 3503 461
2233 3503 230
312 3504 262
355 3504 525
737 3504 262
325 3505 230
788 3506 230
963 3506 461
295 3507 230
324 3507 230
2352 3507 230
911 3508 230
1624 3508 230
1814 3508 185
3493 3508 230
752 3509 230
2503 3509 461
3242 3510 230
3477 3510 230
662 3511 230
2500 3511 230
621 3512 230
973 3512 230
3403 3512 230
378 3513 230
2193 3513 230
3201 3513 230
1986 3514 230
1510 3515 230
2794 3515 230
1245 3516 230
2344 3516 230
683 3518 230
2678 3518 230
1483 3519 230
1893 3519 230
2197 3519 185
1458 3520 230
3478 3520 461
724 3521 185
1309 3521 230
2005 3521 230
3182 3521 230
2119 3522 230
2445 3522 185
1637 3523 185
2132 3523 230
2695 3523 230
19 3524 230
763 3524 185
3400 3524 461
2490 3525 230
3496 3525 230
121 3526 185
3436 3526 461
1561 3527 230
2966 3527 230
251 3528 230
1540 3528 230
3003 3528 230
3019 3528 185
3264 3529 525
949 3530 525
1633 3530 525
1769 3530 262
2604 3531 230
2853 3531 230
79 3532 230
317 3532 461
2064 3533 230
2950 3533 230
131 3534 461
924 3534 230
50 3535 230
1342 3535 230
1584 3535 230
301 3536 185
1366 3536 461
2147 3536 230
2790 3537 230
2794 3537 230
210 3538 230
470 3538 230
1554 3538 230
1920 3539 461
2869 3539 230
1237 3540 230
1777 3540 230
2386 3540 230
502 3541 461
1653 3541 230
3220 3541 185
1109 3542 185
1917 3542 230
2266 3542 230
2796 3542 230
3000 3543 185
2008 3544 230
2761 3544 230
557 3545 230
1372 3545 230
2526 3545 230
2551 3546 230
3105 3546 230
3202 3546 185
117 3547 230
926 3547 230
1522 3547 230
1784 3548 230
3002 3548 230
1493 3549 461
2216 3549 230
2051 3550 230
3411 3550 230
590 3551 525
1151 3551 525
1652 3551 262
3376 3551 525
1572 3552 525
3530 3552 525
1436 3553 230
1292 3554 230
2972 3554 230
322 3555 230
2519 3555 230
871 3556 230
893 3556 185
2025 3556 230
3032 3556 230
169 3557 230
2264 3557 230
2732 3557 230
3236 3557 185
534 3558 185
991 3558 185
1626 3558 230
3018 3558 230
3092 3558 230
829 3559 230
1369 3559 185
2388 3559 230
809 3560 230
1018 3560 230
1225 3560 230
2654 3560 185
2701 3561 525
1113 3562 230
2859 3562 230
647 3563 234
853 3563 234
2052 3563 234
2170 3563 234
2618 3563 234
2661 3563 234
3440 3563 234
2141 3564 230
3442 3564 230
1825 3565 230
3550 3565 185
1061 3566 230
1594 3566 230
1573 3567 185
1575 3567 230
1477 3568 230
137 3569 230
1156 3569 230
3361 3569 230
1130 3570 230
2966 3570 230
1270 3571 262
2829 3571 525
3547 3571 262
166 3572 230
307 3572 185
1155 3572 230
2531 3572 230
153 3573 230
201 3573 230
1319 3573 230
2544 3574 230
2606 3574 230
3214 3574 230
1922 3575 230
2624 3575 230
2238 3576 230
87 3577 230
985 3577 230
2801 3577 230
2970 3577 185
281 3578 262
2645 3578 262
3262 3578 262
1669 3579 230
1875 3579 230
2692 3579 230
653 3580 230
781 3580 185
1132 3580 230
2022 3580 185
2086 3581 230
3104 3581 230
209 3582 230
770 3582 230
1135 3582 230
261 3583 230
1698 3583 230
2232 3583 230
2700 3583 262
838 3584 230
1196 3584 230
1497 3584 230
615 3585 230
758 3585 230
1052 3585 230
2991 3585 185
399 3586 461
893 3586 230
110 3587 230
664 3587 230
2774 3588 230
1027 3589 230
1323 3589 230
1266 3590 185
1471 3590 230
1974 3590 461
19 3591 230
557 3591 230
1890 3592 230
1971 3592 230
1972 3592 185
2113 3592 230
2263 3594 230
2479 3594 230
3421 3594 230
1206 3595 230
1626 3595 230
3018 3595 230
20 3596 230
1754 3596 230
3274 3596 230
593 3597 230
1410 3597 230
2950 3597 185
3152 3597 230
400 3598 230
2913 3598 230
236 3599 230
860 3599 230
2754 3599 185
786 3600 230
1747 3600 230
141 3601 185
2693 3601 461
325 3602 230
1625 3602 230
1016 3603 230
3290 3603 230
1119 3604 230
2827 3604 230
2971 3604 230
929 3605 230
1947 3605 185
2838 3605 230
666 3606 230
2432 3606 230
208 3607 230
1152 3607 230
1681 3607 185
1959 3608 230
2478 3608 230
719 3609 230
792 3609 230
334 3610 230
3368 3610 230
2678 3611 230
152 3612 230
2836 3612 230
3325 3612 230
44 3613 230
1658 3613 230
2080 3613 230
594 3614 230
2672 3614 230
198 3615 230
343 3615 230
2132 3615 230
27 3616 230
1322 3616 230
1352 3616 230
1845 3616 185
506 3617 230
738 3617 230
885 3617 185
2892 3617 230
2604 3618 230
3531 3618 230
2027 3619 230
2286 3619 185
2897 3619 230
2927 3619 230
399 3620 230
1042 3620 230
2018 3620 230
1330 3621 461
2165 3621 185
2572 3621 230
1912 3622 230
1965 3622 461
815 3623 230
913 3623 262
1262 3623 230
3350 3623 230
1071 3624 230
1123 3624 230
2327 3624 230
34 3625 230
2264 3626 185
2547 3626 230
3494 3626 185
1111 3627 461
1456 3627 230
1353 3628 230
2954 3628 461
2976 3628 185
329 3629 230
3169 3630 230
7 3631 185
978 3631 230
1347 3631 230
94 3632 185
81 3633 230
499 3634 461
3112 3634 230
673 3635 262
2541 3635 262
1112 3636 230
2730 3636 230
977 3637 230
2787 3638 230
2855 3638 230
727 3639 230
905 3639 230
1957 3639 230
1364 3640 230
2390 3640 230
1753 3641 230
1782 3641 230
2648 3642 230
3471 3642 230
1050 3643 230
3088 3643 230
3141 3643 185
3314 3644 230
948 3645 230
3091 3645 461
395 3646 230
1419 3646 230
2553 3646 230
2026 3647 230
3067 3647 230
307 3648 230
436 3648 185
925 3648 461
1075 3649 230
1399 3649 230
3186 3649 230
684 3650 230
1821 3650 230
1395 3651 230
2350 3651 230
203 3652 230
1385 3652 230
1402 3652 185
3520 3652 185
1410 3653 230
3152 3653 230
3266 3653 230
801 3655 230
1391 3655 230
2544 3655 185
1435 3656 230
3426 3656 230
3505 3657 461
923 3658 230
2589 3658 230
3449 3658 230
700 3659 230
1277 3659 230
3127 3659 230
660 3660 230
2806 3660 230
1513 3661 230
2387 3661 230
2487 3661 230
816 3662 461
2643 3663 461
3478 3663 185
655 3664 230
3320 3664 230
809 3665 230
889 3665 230
1290 3665 185
2737 3665 230
730 3666 230
1201 3666 230
2069 3666 185
2494 3666 230
908 3667 230
1342 3667 230
2968 3667 230
33 3668 230
404 3668 230
3580 3668 230
413 3669 230
2384 3669 230
3223 3669 230
2979 3670 230
3424 3670 461
897 3671 185
1080 3671 185
1596 3671 230
1792 3671 230
194 3672 230
286 3672 230
1630 3672 230
555 3673 230
1212 3673 230
3588 3673 230
2964 3674 230
3257 3674 230
2676 3675 230
2825 3675 230
3562 3675 230
263 3676 230
760 3676 230
2430 3676 230
1867 3677 230
3074 3677 230
3495 3677 230
1789 3678 230
3387 3678 230
3337 3679 461
3467 3679 230
1069 3680 230
2549 3680 230
2078 3681 230
2958 3681 230
690 3682 230
956 3682 185
2287 3682 230
3548 3682 230
1950 3683 230
3146 3683 230
450 3684 230
474 3684 230
820 3684 1000
511 3685 230
1159 3685 230
1733 3685 230
3361 3685 185
2055 3686 230
2745 3686 230
2756 3686 230
2985 3686 185
72 3687 230
1011 3687 230
1465 3687 230
760 3688 185
1045 3688 230
1275 3688 230
2624 3688 230
142 3689 230
432 3689 230
1942 3689 185
2556 3690 230
2988 3690 230
3239 3690 230
2122 3691 185
2646 3691 230
2807 3691 230
3359 3691 230
1651 3692 230
2920 3692 230
335 3693 461
1832 3694 230
3205 3694 230
877 3695 230
1187 3695 230
2836 3695 230
1314 3696 230
2240 3696 230
2847 3696 230
364 3697 230
739 3697 230
3200 3697 185
3336 3697 230
3633 3698 461
3006 3699 525
1300 3700 185
1798 3700 230
1979 3700 230
371 3701 230
1082 3701 230
1810 3702 230
2987 3702 461
3388 3702 1000
905 3703 185
2893 3703 230
394 3704 230
1938 3705 230
595 3706 230
750 3706 230
178 3707 230
881 3707 230
1487 3707 230
447 3708 230
2345 3708 230
2394 3708 230
174 3709 230
2056 3709 230
3128 3709 230
1355 3710 461
1117 3711 230
1647 3711 230
2626 3711 230
1858 3712 230
2279 3712 230
2321 3712 230
1667 3713 185
2087 3713 230
3370 3713 230
99 3714 230
128 3714 230
3349 3714 230
1022 3715 230
1706 3715 230
1959 3715 185
1967 3715 230
1476 3716 230
2555 3716 230
3014 3716 230
2613 3717 230
3460 3717 230
1643 3718 230
3148 3718 230
656 3719 185
996 3719 230
1433 3719 230
1435 3720 230
3565 3720 230
1518 3721 230
2001 3721 185
2866 3721 230
3593 3721 230
621 3722 230
3403 3722 230
326 3723 230
1127 3723 230
2322 3723 185
2421 3723 230
277 3724 185
616 3724 230
2322 3724 230
1264 3725 230
1731 3725 230
2098 3726 262
2554 3726 262
316 3727 230
623 3727 230
759 3727 230
2717 3727 185
2336 3728 230
2441 3728 230
3063 3728 230
3087 3729 262
3306 3729 262
542 3730 230
1878 3730 230
3546 3730 230
2343 3731 230
2470 3731 230
729 3732 230
910 3732 230
1995 3732 230
931 3733 230
1498 3733 185
3605 3733 230
3566 3734 230
3643 3734 230
3662 3734 230
290 3735 230
2174 3735 230
3055 3735 230
1007 3736 230
1445 3736 230
3038 3736 230
3587 3736 185
15 3737 461
2026 3737 230
3587 3738 230
2622 3739 230
2958 3739 185
1770 3740 230
3172 3740 230
142 3741 230
545 3741 230
3112 3741 230
1454 3742 230
1464 3742 230
1595 3742 185
2307 3742 230
182 3743 230
1530 3743 230
1843 3743 230
1077 3744 525
2915 3745 525
388 3746 230
843 3746 230
1169 3746 185
26 3747 230
1211 3747 230
3626 3747 230
1406 3748 230
3463 3748 230
3522 3748 230
833 3749 230
1314 3749 230
1839 3749 230
287 3750 461
2033 3750 230
1337 3751 230
2816 3751 230
2990 3751 230
1882 3752 230
3149 3752 230
2541 3753 525
1354 3754 185
3593 3754 461
682 3755 185
2111 3755 230
2515 3755 230
2527 3755 230
2055 3756 230
2756 3756 230
3070 3756 185
3608 3756 230
1884 3757 461
2465 3758 185
2489 3758 230
2976 3758 230
550 3759 230
2366 3759 230
2953 3759 230
435 3760 185
2202 3760 230
2229 3760 230
2979 3760 230
898 3761 230
1112 3762 230
1243 3762 230
1531 3762 262
3636 3762 230
855 3763 230
3526 3763 230
912 3764 230
1115 3764 230
2418 3764 185
3022 3764 230
2043 3765 230
3153 3765 230
200 3766 230
899 3766 230
1175 3766 230
1397 3767 461
1975 3767 230
746 3768 185
2133 3768 230
2706 3768 230
3415 3768 230
462 3769 230
1162 3769 230
3747 3769 185
98 3770 230
859 3770 230
1761 3770 230
1094 3771 230
1755 3771 230
2515 3771 185
2605 3771 230
396 3772 230
2549 3772 230
3016 3772 230
3201 3772 185
717 3773 230
3108 3773 230
3380 3773 230
3717 3773 185
391 3774 230
579 3774 230
2947 3774 230
1380 3775 461
2845 3775 230
613 3776 230
1213 3776 230
1618 3777 230
2367 3777 230
2680 3777 185
136 3778 230
538 3778 230
973 3778 185
1447 3778 230
1172 3779 461
1199 3779 185
1673 3779 230
3117 3780 230
1176 3781 230
1416 3781 230
737 3782 262
1146 3782 262
1279 3782 262
3247 3782 262
3504 3782 525
1899 3783 230
2413 3783 230
2803 3783 185
365 3784 230
1910 3784 185
2204 3784 230
2869 3784 230
1056 3785 230
1087 3785 230
2067 3785 185
2467 3785 230
2525 3785 185
1588 3786 230
1592 3786 230
3517 3786 230
674 3787 230
1033 3787 230
2636 3787 230
775 3788 230
1328 3788 230
2631 3788 230
701 3789 461
3258 3789 230
1194 3790 525
1999 3790 525
34 3791 230
145 3791 230
1438 3791 185
3625 3791 230
1070 3792 185
1220 3792 230
3330 3792 230
170 3793 230
993 3793 230
1838 3793 230
3184 3794 461
1080 3795 185
1792 3795 230
1099 3796 185
1348 3796 230
1492 3796 230
2191 3796 230
2137 3797 230
3679 3797 185
575 3798 230
650 3798 230
2736 3798 230
31 3799 230
2244 3799 230
3093 3799 230
479 3800 461
239 3801 230
1666 3802 262
3397 3802 262
2791 3803 230
3033 3803 230
1 3804 948
140 3804 948
2059 3804 948
2195 3804 948
2217 3804 948
2354 3804 948
2685 3804 948
3616 3804 1000
2926 3805 230
3609 3805 230
595 3806 230
2329 3806 185
2669 3806 230
3706 3806 230
2023 3807 230
2088 3807 230
156 3808 461
659 3808 185
1665 3808 230
2180 3809 461
2256 3809 230
222 3810 185
2520 3810 230
2729 3810 230
3044 3810 230
1649 3811 230
2108 3811 230
2537 3811 230
612 3812 230
3166 3812 230
1055 3813 230
3449 3813 230
3482 3813 230
932 3814 185
1489 3814 230
1500 3814 230
3457 3814 230
108 3815 230
864 3815 230
3468 3815 230
2409 3816 230
3041 3816 461
618 3817 230
1622 3817 230
289 3818 230
449 3818 230
881 3818 185
3797 3818 230
208 3819 230
3500 3819 230
3607 3819 230
1883 3820 230
2664 3820 230
2925 3820 230
356 3821 230
466 3821 230
694 3821 230
1345 3822 262
2475 3822 525
3155 3822 525
2222 3823 230
3505 3823 185
484 3824 185
1722 3824 230
2735 3824 185
3471 3824 230
58 3825 230
768 3825 230
2878 3825 230
1696 3826 230
1994 3826 230
2955 3826 230
14 3827 230
2340 3827 230
1023 3828 461
1996 3828 230
727 3829 230
1944 3829 230
1957 3829 230
2252 3830 230
2256 3830 230
3277 3830 230
3324 3830 185
987 3831 230
999 3831 230
2415 3831 230
2368 3832 230
2435 3832 461
1323 3833 230
1523 3833 230
1532 3833 230
3084 3834 461
3327 3834 230
1734 3835 230
2265 3835 230
2930 3835 230
2546 3836 230
2645 3836 230
1961 3838 461
2120 3839 230
2447 3839 230
3058 3839 230
2033 3840 230
2337 3840 230
2512 3840 230
569 3841 230
1439 3841 230
166 3842 230
1374 3843 230
3533 3843 230
226 3844 230
2699 3844 230
3001 3844 230
992 3845 230
2046 3845 230
2827 3845 230
1159 3846 230
1733 3846 230
649 3847 230
1711 3847 230
2650 3847 230
860 3848 230
3599 3848 230
220 3849 185
2698 3849 230
3837 3849 461
304 3850 230
1930 3850 230
365 3851 185
2561 3851 230
1097 3852 461
3644 3852 230
1148 3853 230
3324 3853 230
1899 3855 230
237 3856 230
2120 3856 230
3384 3856 230
1681 3857 185
3470 3857 230
1822 3858 461
2085 3858 230
2291 3858 185
116 3859 230
403 3859 230
1078 3859 230
720 3860 230
1368 3860 461
238 3861 230
529 3861 230
1992 3861 230
1036 3862 230
1678 3862 230
80 3863 461
2623 3863 230
2067 3864 230
341 3865 230
2206 3865 461
95 3866 230
3701 3866 230
2079 3867 230
2167 3867 185
2848 3867 230
2975 3868 230
3134 3868 230
3483 3868 185
3781 3868 230
315 3869 230
3164 3869 230
1217 3870 230
1981 3870 230
2985 3870 230
90 3871 230
454 3871 230
1424 3872 230
2775 3872 230
3057 3872 230
972 3873 230
2485 3873 230
623 3874 230
1853 3874 230
1870 3874 230
2007 3875 461
3064 3875 230
2022 3876 230
2148 3876 461
2649 3876 185
1820 3877 230
2265 3877 230
603 3878 230
1966 3878 230
2601 3878 230
128 3879 185
617 3879 230
2957 3879 230
3075 3879 230
1509 3880 230
2437 3880 230
2828 3880 230
2999 3881 1000
310 3882 230
2242 3882 230
1108 3883 185
1506 3883 230
2597 3883 230
3031 3883 230
376 3884 230
1648 3884 230
3358 3884 185
2126 3885 230
2262 3885 230
501 3886 230
995 3886 230
1030 3887 185
2558 3887 230
2687 3887 230
140 3888 948
559 3888 948
2052 3888 948
2342 3888 948
2383 3888 1000
2685 3888 948
3210 3888 948
1090 3889 230
1655 3889 230
3516 3889 230
2617 3890 230
3869 3890 230
3046 3891 230
640 3892 230
1450 3892 230
1598 3893 230
1889 3893 230
2331 3893 230
1679 3894 230
2439 3894 230
3321 3894 230
683 3895 230
3177 3895 461
742 3896 230
763 3896 230
1232 3896 230
2024 3897 262
682 3898 230
2234 3898 461
248 3899 230
188 3900 185
2273 3900 230
2652 3900 230
3472 3900 230
1440 3901 230
1726 3901 230
3885 3901 230
2178 3902 230
2732 3902 185
3383 3902 230
343 3903 230
2140 3904 230
2211 3904 230
3678 3904 230
3514 3905 461
165 3906 230
1016 3906 185
3005 3906 230
424 3907 230
488 3907 230
2419 3907 230
1167 3908 230
2509 3908 230
2638 3908 230
456 3909 230
3311 3909 185
836 3910 230
2595 3910 230
3011 3910 230
52 3911 230
1012 3911 230
383 3912 230
1002 3912 230
1153 3912 185
1435 3912 185
3550 3912 230
112 3913 262
2583 3913 262
2860 3914 230
3460 3914 230
3717 3914 230
1142 3915 461
1756 3916 230
1906 3916 230
3722 3916 230
3412 3917 461
783 3918 230
2157 3918 230
2720 3918 230
2057 3919 461
3855 3919 230
1027 3920 230
1239 3920 185
1532 3920 230
1564 3921 230
2612 3921 230
3242 3921 230
631 3922 230
3543 3922 230
2312 3924 230
807 3925 230
1630 3925 185
2192 3925 230
3381 3925 230
74 3926 461
1897 3926 230
550 3927 230
3273 3927 230
3765 3927 230
103 3928 230
1486 3928 230
1514 3928 185
2523 3928 230
451 3929 230
1160 3929 230
3854 3929 230
932 3930 230
1677 3930 230
2179 3930 230
1059 3931 230
1217 3931 230
1981 3931 230
3013 3931 185
1638 3932 230
1903 3932 230
698 3933 230
948 3933 230
2919 3933 230
380 3934 185
2516 3934 230
3123 3934 230
3433 3934 230
177 3935 230
3124 3935 230
3794 3935 230
1242 3936 230
3021 3936 230
3647 3936 230
1688 3937 230
1720 3937 185
2452 3937 230
2858 3937 230
751 3938 230
3693 3938 230
2892 3939 230
3823 3939 461
720 3940 230
769 3940 230
1716 3940 230
984 3941 185
1233 3941 230
3738 3941 461
1879 3942 230
2887 3942 185
3035 3942 230
928 3943 230
1144 3943 230
2361 3943 230
1039 3944 230
2861 3944 230
3459 3944 230
64 3945 185
296 3945 230
1873 3945 230
2882 3945 230
2757 3946 230
3517 3946 461
71 3947 262
949 3947 262
1358 3948 230
3891 3948 230
1207 3949 185
1320 3949 230
1385 3949 230
3761 3949 230
392 3950 461
1450 3950 230
2350 3951 230
2623 3951 230
3651 3951 230
2260 3952 230
3413 3952 230
1180 3953 230
2265 3953 230
3877 3953 230
96 3954 230
743 3954 230
2839 3955 230
2974 3955 230
3862 3955 230
192 3956 230
838 3956 185
3183 3956 230
728 3957 461
1379 3957 230
766 3958 185
1527 3958 230
1951 3958 230
2504 3958 230
3457 3958 185
420 3959 262
1258 3959 262
2024 3959 262
3897 3959 262
2045 3960 461
442 3961 230
749 3961 185
3956 3961 230
2112 3962 230
2808 3962 230
2991 3962 230
902 3963 230
1631 3963 230
2390 3963 185
3942 3963 230
1042 3964 230
1969 3964 230
2004 3964 230
1356 3965 262
3267 3965 262
731 3966 230
1923 3966 185
2119 3966 230
665 3967 230
1430 3967 230
3725 3967 230
865 3968 230
1188 3968 230
2945 3968 230
3687 3968 185
660 3969 230
1486 3969 230
3660 3969 230
296 3970 185
591 3970 230
3056 3970 230
66 3971 185
654 3971 230
3102 3971 230
3489 3971 230
2633 3972 230
2855 3972 230
3638 3972 230
3969 3972 1000
1038 3973 230
2028 3973 230
2891 3973 230
691 3974 185
2008 3974 230
2138 3974 230
3544 3974 230
75 3975 185
128 3975 230
162 3975 185
509 3975 230
3329 3975 230
531 3976 230
955 3976 230
2593 3976 230
54 3977 230
1828 3977 230
3379 3977 230
1909 3978 461
2357 3978 230
614 3979 230
1306 3979 230
1669 3979 185
3637 3979 185
3719 3979 230
1499 3980 230
2209 3980 230
3287 3980 230
712 3981 230
1639 3981 230
2989 3981 230
577 3982 230
918 3982 230
1814 3982 230
473 3983 230
3176 3983 461
3780 3983 185
78 3984 1000
3410 3984 230
3464 3984 230
3644 3984 230
850 3985 230
1196 3985 185
3174 3985 230
3409 3985 230
405 3986 230
688 3986 461
3388 3986 185
2024 3987 525
3842 3988 461
3924 3988 230
1341 3989 185
1367 3989 461
2161 3989 230
830 3990 230
1480 3990 230
2987 3990 230
657 3991 185
1367 3991 230
1681 3991 230
2677 3991 230
1526 3992 230
2570 3992 230
2634 3992 230
891 3993 230
2097 3993 230
3776 3993 230
1607 3994 230
1634 3994 230
3674 3994 230
619 3995 230
722 3995 230
2456 3995 230
3155 3995 262
883 3996 230
2978 3996 230
3068 3996 230
217 3997 230
2602 3997 230
3915 3997 230
698 3998 230
2491 3998 230
2919 3998 230
1434 3999 230
3614 3999 230
651 4000 230
1877 4000 230
3757 4000 230
333 4001 185
942 4001 230
2511 4001 230
2535 4001 230
1857 4002 230
2160 4002 230
2772 4002 230
579 4003 230
1749 4003 230
2347 4003 230
2721 4004 461
2874 4004 230
1036 4005 230
1165 4005 230
3343 4005 230
1787 4006 230
2538 4006 230
2169 4007 185
2216 4007 230
2251 4007 230
2768 4007 230
180 4008 230
953 4008 230
1304 4008 230
1507 4009 230
2459 4009 230
2592 4009 230
2088 4010 230
2992 4010 230
2258 4011 230
3197 4011 230
78 4012 230
1227 4012 230
3867 4012 230
3982 4012 185
427 4013 185
1370 4013 230
2318 4013 230
3064 4013 230
49 4014 525
282 4014 525
1037 4014 262
1088 4014 262
1503 4014 262
2611 4014 262
1160 4015 230
1575 4015 230
3854 4015 230
279 4016 262
811 4016 262
1652 4016 262
2719 4016 262
1519 4017 230
1665 4017 185
2419 4017 230
2903 4017 230
1454 4018 230
2958 4018 230
3681 4018 230
204 4019 230
786 4019 230
2854 4019 230
3444 4019 185
273 4020 230
1261 4020 230
3047 4020 230
233 4021 461
2566 4021 230
2621 4021 185
1674 4022 185
2021 4022 461
2518 4022 230
616 4023 230
1241 4023 185
3041 4023 230
3899 4024 461
58 4025 262
2039 4025 525
2674 4025 525
2689 4025 262
3262 4025 262
3272 4025 262
960 4026 185
1412 4026 230
3724 4026 230
4023 4026 230
493 4027 230
629 4027 230
3052 4027 230
3869 4027 185
583 4028 230
1653 4028 230
1751 4028 230
826 4029 230
3008 4029 185
3739 4029 461
420 4030 262
1240 4030 262
1926 4030 525
2024 4030 525
903 4031 230
2639 4031 185
2994 4031 230
3999 4031 230
109 4032 230
1415 4032 185
2895 4032 230
3865 4032 185
3954 4032 230
2547 4033 230
3236 4033 230
3626 4033 230
2012 4034 461
3480 4034 230
461 4035 230
2242 4035 230
3882 4035 230
1155 4036 230
2312 4036 230
2531 4036 230
2140 4037 230
3030 4037 230
3387 4037 230
1804 4038 230
2904 4038 461
347 4039 230
358 4039 230
2741 4039 230
3498 4039 1000
2850 4040 461
3025 4040 230
257 4042 230
2476 4042 230
2523 4042 185
3268 4042 230
198 4043 230
3903 4043 461
1516 4044 262
2716 4044 262
2378 4045 230
2614 4045 230
2669 4045 230
547 4046 185
1827 4046 230
3120 4046 230
3603 4046 230
107 4047 230
534 4047 230
2412 4047 230
1692 4048 230
2228 4048 230
1435 4049 230
1825 4049 230
3426 4049 230
23 4050 262
882 4050 262
1722 4051 185
2613 4051 230
2648 4051 185
3460 4051 230
521 4052 525
982 4052 525
2201 4052 525
2841 4052 262
2377 4053 185
3650 4053 230
3911 4053 230
114 4054 230
2335 4054 230
3229 4054 230
536 4055 185
931 4055 185
1176 4055 230
1902 4055 230
3134 4055 230
3873 4056 230
335 4057 230
751 4057 230
3812 4057 230
909 4058 230
2352 4058 230
1513 4059 230
2387 4059 230
1026 4060 185
2707 4060 230
3359 4060 461
115 4061 461
2944 4061 185
3871 4061 230
724 4062 230
2110 4062 230
3061 4062 230
415 4063 230
3062 4063 230
576 4064 230
2262 4064 185
2580 4064 230
3970 4064 230
671 4065 230
2849 4065 461
1133 4066 230
2650 4066 185
3055 4066 230
3171 4066 230
261 4067 230
863 4067 185
1698 4067 230
1764 4067 185
2916 4067 230
2382 4068 230
2815 4068 230
3219 4068 185
3543 4068 230
2069 4069 230
2151 4069 461
23 4070 262
876 4070 262
882 4070 262
2682 4070 262
3295 4071 230
1694 4072 185
2402 4072 230
3909 4072 461
146 4073 230
241 4073 230
2416 4073 230
2150 4074 230
2404 4074 230
3700 4074 230
445 4075 230
2301 4075 185
2709 4075 230
3618 4075 230
265 4076 230
1036 4076 185
3347 4076 461
516 4077 230
1635 4077 230
1942 4077 230
3741 4077 185
615 4078 230
1772 4078 230
700 4079 230
1277 4079 230
1762 4079 230
3333 4079 185
459 4080 230
854 4080 230
1073 4080 230
565 4081 230
1340 4081 230
3037 4081 230
407 4082 230
2227 4082 230
3800 4082 230
2038 4083 230
2049 4083 230
112 4084 262
540 4084 525
1955 4084 525
2583 4084 262
3913 4084 262
1683 4085 230
2480 4085 230
3352 4085 230
342 4086 230
1026 4086 230
2267 4086 230
2946 4087 230
3783 4087 230
3855 4087 230
1429 4088 230
1791 4089 230
3324 4089 230
3853 4089 230
412 4090 262
1840 4090 525
2076 4090 262
2973 4090 525
1378 4091 185
2405 4091 230
2653 4091 230
1883 4092 230
2565 4092 230
2785 4092 185
2925 4092 230
1113 4093 230
2825 4093 461
1292 4094 230
2791 4094 230
2972 4094 230
3644 4094 185
2162 4095 230
2796 4095 230
2611 4096 230
2646 4096 230
2807 4096 230
344 4097 230
1498 4097 230
2536 4097 230
709 4098 230
1469 4098 230
4024 4098 230
1622 4099 461
2134 4099 230
278 4100 230
1844 4100 230
3630 4100 230
865 4101 230
1188 4101 230
1273 4101 1000
1465 4101 185
2183 4101 230
422 4102 230
2992 4102 230
3062 4102 185
4010 4102 230
1908 4103 230
1932 4103 185
3314 4103 230
3410 4103 230
831 4104 230
1682 4104 262
1117 4105 230
2095 4105 461
989 4106 230
3166 4106 230
3938 4106 230
367 4107 230
2959 4107 230
3493 4107 230
221 4108 230
3704 4108 461
275 4109 230
2600 4109 230
3769 4109 230
499 4110 230
2805 4110 230
3689 4110 230
471 4111 230
2071 4111 230
3082 4111 230
1619 4112 461
2188 4112 230
300 4113 230
1675 4113 230
3846 4113 230
1105 4114 461
1521 4114 185
3456 4114 230
554 4115 230
1974 4115 185
3522 4115 230
3966 4115 230
489 4116 230
2821 4116 230
2900 4116 230
185 4117 230
1727 4118 185
1846 4118 230
2324 4118 230
2340 4118 230
3093 4119 230
65 4120 230
1161 4120 230
3409 4120 185
3458 4120 230
2609 4121 230
3606 4121 230
221 4122 230
4083 4122 230
1374 4123 230
2297 4123 230
3843 4123 230
224 4124 230
1620 4124 185
3138 4124 230
3664 4124 230
3565 4125 230
3656 4125 230
3720 4125 230
1517 4126 230
2698 4126 230
3276 4127 230
3629 4127 230
148 4128 230
866 4128 230
1175 4128 185
2376 4128 230
1671 4129 230
2315 4129 230
3452 4129 230
3637 4130 461
1552 4131 230
3017 4131 230
3525 4131 230
100 4132 230
772 4132 461
3318 4132 185
898 4133 230
1718 4133 461
236 4134 230
2089 4134 230
3449 4134 185
3848 4134 230
2192 4135 230
3381 4135 230
126 4136 230
920 4136 230
3122 4136 230
3229 4136 185
909 4137 230
4058 4137 230
1754 4138 185
2593 4138 230
700 4139 230
872 4139 230
1762 4139 230
2592 4139 185
327 4140 230
1256 4140 185
2649 4140 230
3588 4140 230
1131 4141 230
2066 4141 185
3302 4141 461
518 4142 230
2022 4142 230
2246 4142 230
505 4143 230
1960 4143 230
3559 4143 230
69 4144 230
741 4144 230
2431 4144 185
2798 4144 230
374 4145 230
584 4145 230
2831 4145 230
73 4146 230
2708 4146 230
3917 4146 230
1187 4147 230
2468 4147 461
1595 4148 230
1631 4148 230
1829 4148 230
258 4149 230
360 4149 230
706 4149 230
1776 4149 185
2245 4149 185
1182 4150 230
1369 4151 230
3740 4151 230
430 4152 1000
1139 4152 230
1551 4152 230
3042 4152 230
1683 4153 230
3352 4153 230
3851 4153 230
1184 4154 230
1580 4154 230
2030 4154 230
3164 4154 185
1099 4155 230
1206 4155 230
3018 4155 230
861 4156 230
2767 4156 230
3801 4156 230
416 4157 525
1218 4157 525
2588 4157 262
3699 4157 525
1470 4158 230
1915 4158 230
3373 4158 230
1444 4159 230
2864 4159 230
3746 4159 230
535 4160 230
937 4160 461
1163 4161 185
2815 4161 230
3543 4161 230
3922 4161 230
1511 4162 230
1901 4162 230
779 4163 230
1805 4163 230
4151 4163 230
1020 4164 230
2636 4164 230
2883 4164 230
3425 4164 185
782 4165 230
784 4165 230
3085 4165 230
112 4166 262
540 4166 262
1297 4167 230
2444 4167 230
2541 4167 262
2627 4167 230
1092 4168 185
1372 4168 230
2425 4168 185
3591 4168 230
1772 4169 230
2755 4169 230
4078 4169 230
1168 4170 230
2116 4170 230
2826 4170 230
709 4171 230
906 4171 230
1179 4171 230
276 4172 230
807 4172 230
2192 4172 230
2662 4172 185
222 4173 230
613 4173 185
4059 4173 230
446 4174 230
4119 4174 230
790 4175 230
3576 4175 230
204 4176 230
346 4176 230
3600 4176 230
54 4177 230
1553 4177 230
3379 4177 230
3432 4178 525
858 4179 230
2433 4179 230
3827 4179 230
19 4180 230
2526 4180 230
4168 4180 230
373 4181 230
657 4181 230
1869 4181 230
1006 4182 230
2284 4182 230
2365 4182 185
2513 4182 230
983 4183 185
1140 4183 185
2545 4183 230
2758 4183 230
1927 4184 230
2860 4184 230
4051 4184 230
355 4185 525
1184 4185 262
1721 4185 262
328 4186 230
1457 4186 230
3948 4186 230
1278 4187 185
2545 4187 230
3837 4187 230
4126 4187 230
1321 4188 230
2194 4188 230
1814 4189 185
2088 4189 230
2992 4189 230
3726 4189 262
59 4190 230
2362 4190 230
1164 4191 230
1835 4191 230
1855 4191 230
1512 4192 230
1610 4192 230
1715 4192 230
6 4193 230
631 4193 185
727 4193 230
3491 4193 230
2107 4194 230
2285 4194 230
2513 4194 230
314 4195 230
1679 4195 230
1984 4195 230
1079 4196 461
3758 4196 230
647 4197 234
853 4197 234
1862 4197 234
1898 4197 234
2170 4197 234
2375 4197 234
2661 4197 234
3440 4197 234
2713 4198 230
3553 4198 461
1121 4199 230
1718 4199 185
2387 4199 230
4173 4199 230
835 4200 230
2571 4200 230
102 4201 230
493 4201 230
1466 4201 185
1794 4201 230
2266 4202 230
2418 4202 230
4095 4202 230
250 4203 230
861 4203 230
3056 4203 185
3801 4203 230
214 4204 230
1443 4204 230
118 4205 185
990 4205 230
1074 4205 230
2731 4205 230
799 4206 230
1329 4206 230
3576 4206 230
2141 4207 230
3564 4207 230
4190 4207 230
2232 4209 185
2470 4209 230
2742 4209 230
1310 4210 262
1998 4210 262
3 4211 230
42 4211 230
1107 4211 230
2137 4212 230
3466 4212 230
3797 4212 230
853 4213 234
1862 4213 234
1898 4213 234
2052 4213 234
2170 4213 234
2375 4213 234
2618 4213 234
3563 4213 234
2124 4214 185
2432 4214 230
2609 4214 230
4121 4214 230
2425 4215 230
3118 4215 461
1510 4216 230
3515 4216 230
3537 4216 230
489 4217 230
1597 4217 230
2272 4217 185
2821 4217 230
2995 4218 230
3731 4218 230
4101 4218 185
4209 4218 230
2684 4219 230
3817 4219 230
3841 4219 230
514 4220 185
760 4220 230
1150 4220 230
1990 4220 185
2430 4220 230
961 4221 230
1521 4221 230
3555 4221 230
409 4222 230
1090 4222 230
1655 4222 230
2739 4222 185
475 4223 230
3124 4223 230
3184 4223 230
153 4224 185
1517 4224 230
2698 4224 230
4183 4224 230
545 4225 185
646 4225 230
2811 4225 230
3698 4225 230
604 4226 230
2245 4226 230
2973 4226 262
770 4227 230
1172 4227 230
2124 4227 230
272 4228 230
307 4228 230
487 4229 230
1788 4229 230
3355 4229 230
972 4230 230
1532 4230 185
2587 4230 230
4056 4230 230
196 4231 185
2020 4231 185
2159 4231 230
3165 4231 230
3217 4231 230
59 4232 230
1760 4232 461
1420 4233 230
2380 4233 230
2831 4233 230
140 4234 948
2059 4234 948
2217 4234 948
2685 4234 948
3210 4234 948
3804 4234 948
3888 4234 948
2329 4235 230
2363 4235 230
3884 4235 230
716 4236 262
1723 4236 262
2841 4236 262
291 4237 230
1090 4237 185
2739 4237 230
2809 4237 230
2763 4238 230
2771 4238 230
3663 4238 230
219 4239 230
2074 4239 230
2415 4239 230
1105 4240 230
2407 4240 230
2515 4240 230
3651 4240 185
331 4241 230
2499 4241 230
3630 4241 230
1290 4242 230
2101 4242 461
3560 4242 185
84 4243 230
2402 4243 230
792 4244 461
1376 4244 230
3313 4244 185
631 4245 230
3703 4245 461
67 4246 230
1590 4246 230
1883 4246 185
3694 4246 230
1439 4247 185
2075 4247 230
2544 4247 230
2606 4247 230
2684 4247 185
2523 4248 461
2806 4248 230
158 4249 230
1317 4249 185
2314 4249 461
3689 4249 1000
145 4250 230
3419 4250 230
3625 4250 230
1872 4251 230
1889 4251 230
785 4252 230
2185 4252 230
2319 4252 230
529 4253 230
734 4253 230
1462 4253 230
247 4254 230
3250 4254 230
3288 4254 230
160 4255 230
3554 4255 230
3803 4255 230
94 4256 230
3527 4256 230
3570 4256 230
552 4257 185
585 4257 1000
1765 4257 230
1987 4257 230
945 4258 230
2822 4258 461
3876 4258 1000
3790 4259 262
402 4260 230
2902 4260 230
3258 4260 230
523 4261 461
3610 4261 230
532 4262 230
1498 4262 230
3960 4262 230
1238 4263 230
2058 4263 230
2235 4263 230
3314 4263 185
954 4264 230
1301 4264 230
1897 4264 230
1364 4265 230
2887 4265 230
3640 4265 230
2396 4266 230
2592 4266 230
2835 4266 230
2968 4266 185
1399 4267 230
2011 4267 185
2114 4267 230
3905 4267 230
1706 4268 230
2658 4268 230
3070 4268 230
1401 4269 185
2665 4269 230
3413 4269 230
3952 4269 230
377 4270 230
516 4270 230
2207 4270 230
1875 4271 185
2770 4271 461
4257 4271 230
603 4272 230
900 4272 230
1966 4272 230
3921 4272 185
3782 4273 525
249 4274 230
1491 4274 230
4071 4274 230
2403 4275 230
3568 4275 461
904 4276 230
1919 4276 185
2492 4276 230
4130 4276 230
490 4277 230
4117 4277 461
75 4278 230
162 4278 230
1735 4278 230
1014 4279 230
3581 4279 230
402 4280 230
3255 4280 230
3490 4280 230
265 4281 230
796 4281 230
2902 4281 185
3850 4281 230
3822 4282 525
4208 4282 525
583 4283 185
699 4283 230
1285 4283 230
3396 4283 230
2579 4284 461
647 4285 234
853 4285 234
1862 4285 234
2170 4285 234
2342 4285 234
2618 4285 234
3210 4285 234
3440 4285 234
3563 4285 234
4213 4285 234
18 4286 230
1269 4286 185
3381 4286 230
4135 4286 230
1346 4287 230
1811 4287 230
3433 4287 230
2738 4288 230
3752 4288 230
3906 4288 230
1983 4289 230
3057 4289 230
3284 4289 230
1193 4290 230
2572 4290 230
3086 4290 230
1917 4291 230
2072 4291 461
954 4292 230
1035 4292 230
1301 4292 230
440 4293 230
601 4293 230
3130 4293 230
1323 4294 230
3589 4294 230
3826 4294 185
3920 4294 230
1966 4295 185
2041 4295 230
2612 4295 230
3510 4295 230
361 4296 230
1091 4296 185
1248 4296 230
1468 4296 185
2640 4296 230
367 4297 230
1778 4297 230
2959 4297 230
36 4298 230
1143 4298 230
3683 4298 230
8 4299 230
187 4299 230
2960 4299 230
636 4300 230
2218 4300 185
2564 4300 230
4018 4300 185
4138 4300 230
1091 4301 230
2184 4301 230
2610 4301 230
746 4302 230
768 4302 230
1272 4302 230
231 4303 230
512 4303 185
640 4303 230
546 4304 230
2765 4304 230
3718 4304 230
3795 4305 461
3945 4305 185
280 4306 230
431 4306 230
3680 4306 230
417 4307 948
559 4307 948
2052 4307 948
2342 4307 948
2685 4307 948
2941 4307 948
3888 4307 948
4234 4307 948
191 4308 230
1421 4308 230
2176 4308 262
2865 4308 230
3814 4308 185
41 4309 230
1876 4309 230
2069 4309 230
707 4310 185
1049 4310 230
3051 4310 230
3961 4310 230
3082 4311 230
3438 4311 461
1576 4312 230
2109 4312 230
2929 4312 230
371 4313 230
1524 4313 230
3866 4313 230
971 4314 230
1891 4314 230
3630 4314 185
3792 4314 230
345 4315 230
617 4315 230
2449 4315 230
496 4316 230
2158 4316 230
3374 4316 230
958 4317 185
1231 4317 230
3394 4317 230
4305 4317 230
907 4318 230
2033 4318 230
2337 4318 230
1305 4319 230
1618 4319 230
1621 4319 185
3777 4319 230
1836 4320 230
2877 4320 230
2963 4320 230
4238 4320 185
369 4321 461
415 4321 230
900 4322 230
2601 4322 230
4041 4322 230
551 4323 262
1197 4323 1000
2473 4323 262
3913 4323 262
1360 4324 230
3780 4324 461
304 4325 230
1930 4325 230
2792 4325 230
1818 4326 230
3632 4326 461
64 4327 461
773 4327 230
1096 4327 185
2543 4328 230
2838 4328 230
3733 4328 230
2259 4329 230
3291 4329 230
3303 4329 230
3438 4329 185
31 4330 230
4119 4330 230
4174 4330 230
801 4331 230
3655 4331 230
919 4332 230
3009 4332 230
3886 4332 230
2325 4333 230
4204 4333 230
4284 4333 230
1163 4334 230
2280 4334 230
3452 4334 185
4056 4334 230
2702 4335 230
3598 4335 230
1963 4336 461
1981 4336 230
3152 4336 185
2249 4337 1000
3654 4337 1000
3923 4337 1000
374 4338 185
1566 4338 230
1940 4338 230
2753 4338 185
3270 4338 230
1009 4339 461
1474 4339 230
461 4340 230
2357 4340 230
2857 4340 230
1079 4341 230
1443 4341 185
2976 4341 230
3191 4341 230
1949 4342 230
2019 4342 230
2769 4342 230
4215 4342 185
1071 4343 230
1646 4343 185
2510 4343 461
871 4344 185
3275 4344 230
3892 4344 230
4303 4344 230
1453 4345 185
2693 4345 230
3469 4345 230
1436 4346 185
1590 4346 230
2785 4346 230
3205 4346 230
387 4347 525
1840 4347 525
813 4348 230
3227 4348 185
1725 4349 230
3140 4349 230
2669 4350 230
3286 4350 461
1393 4351 230
1708 4351 230
4150 4351 230
1014 4352 230
3104 4352 230
3328 4352 185
4279 4352 230
831 4353 230
3295 4353 230
3351 4353 185
4104 4353 230
1962 4354 461
2882 4354 230
3970 4354 185
676 4355 230
3602 4355 230
3657 4355 230
1164 4356 230
2332 4356 461
438 4357 230
1918 4357 185
3642 4357 230
3824 4357 230
929 4358 230
1279 4358 230
1416 4358 185
2543 4358 230
3783 4358 185
1636 4359 230
1735 4359 230
3090 4359 185
3111 4359 230
52 4360 230
1821 4360 230
4053 4360 230
3058 4361 230
3864 4361 461
294 4362 230
687 4362 230
1568 4362 185
3176 4362 185
3763 4362 230
89 4363 230
368 4363 230
730 4363 230
1331 4364 230
2164 4364 230
3678 4364 185
458 4365 230
2990 4365 461
916 4366 230
1344 4366 230
783 4367 230
2720 4367 230
1547 4368 230
1859 4368 230
1097 4369 230
1908 4369 230
3314 4369 230
3554 4369 185
326 4370 230
1996 4370 230
2421 4370 230
626 4371 230
1173 4371 461
3606 4371 185
231 4372 230
1450 4372 230
3275 4372 230
369 4373 230
577 4373 230
4012 4373 185
4063 4373 230
473 4374 230
1381 4374 230
3631 4374 230
2 4375 230
1672 4375 230
2414 4375 230
4068 4375 185
1278 4376 230
3021 4376 185
3488 4376 230
3936 4376 185
4088 4376 230
11 4377 230
566 4377 230
778 4377 230
571 4378 262
1999 4378 262
3790 4378 262
4259 4378 262
1316 4379 230
3705 4379 461
2103 4380 461
2872 4380 185
4349 4380 230
1826 4381 230
1874 4381 461
160 4382 230
3033 4382 461
174 4383 230
2010 4383 185
3008 4383 230
3261 4383 230
324 4384 230
2352 4384 230
4137 4384 230
370 4385 230
386 4385 185
1809 4385 230
3447 4385 230
3639 4385 185
422 4386 230
3807 4386 230
4189 4386 230
1852 4387 461
4138 4387 230
2338 4388 230
3611 4388 230
474 4389 185
1616 4389 230
3501 4389 230
3641 4389 230
1440 4390 230
1726 4390 230
2405 4391 230
3836 4391 230
4091 4391 230
1107 4392 461
2376 4392 230
302 4393 230
2913 4393 230
4335 4393 230
1316 4394 230
2001 4394 230
2711 4394 230
1385 4395 230
3652 4395 230
3761 4395 230
4199 4395 185
368 4396 230
3324 4396 185
3427 4396 461
102 4397 230
315 4397 185
629 4397 230
2463 4397 230
4377 4397 185
2272 4398 230
2426 4398 230
697 4399 230
2106 4399 185
2744 4399 262
2897 4399 230
2998 4399 230
83 4400 230
2472 4400 461
525 4401 230
619 4401 230
922 4401 230
537 4402 230
4348 4402 461
2586 4403 230
4150 4403 230
664 4404 230
1895 4404 230
3243 4404 230
1013 4405 230
3475 4405 230
3713 4405 230
1001 4406 230
1471 4406 230
1923 4406 230
716 4407 262
4236 4407 262
919 4408 1000
1284 4408 230
1514 4408 230
3511 4408 230
1358 4409 230
2522 4409 230
3891 4409 230
620 4410 230
1126 4410 230
4368 4410 230
2696 4411 230
3485 4411 230
3632 4411 230
3864 4411 185
272 4412 230
307 4412 230
2531 4412 185
3280 4412 230
956 4413 230
1953 4413 185
2505 4413 185
2624 4413 230
3575 4413 230
2451 4414 230
3109 4414 230
3684 4414 230
161 4415 230
2700 4415 262
2868 4415 230
2988 4415 230
2316 4416 230
2944 4416 230
4200 4416 230
794 4417 230
1455 4417 230
2050 4417 230
1266 4418 230
2038 4418 230
4122 4418 230
1787 4419 230
2429 4419 230
2518 4419 185
4006 4419 230
697 4420 230
2998 4420 230
3710 4420 230
2389 4421 230
2964 4421 230
3257 4421 230
12 4422 230
808 4422 185
1856 4422 230
2047 4422 230
465 4423 230
1009 4423 230
3351 4423 230
3371 4423 185
232 4424 230
1657 4424 230
2171 4424 230
4214 4424 185
240 4425 230
1964 4425 185
3459 4425 461
2788 4426 230
2931 4426 230
4367 4426 230
1602 4427 185
2082 4427 230
4088 4427 230
166 4428 230
2531 4428 230
3625 4428 1000
3924 4428 230
1972 4429 230
2272 4429 230
4345 4429 230
76 4430 230
2036 4430 230
3175 4431 230
3857 4431 461
1283 4432 230
2717 4432 230
3932 4432 230
2480 4433 230
3408 4433 230
3851 4433 230
715 4434 230
3319 4434 230
4331 4434 230
814 4435 185
1441 4435 230
2194 4435 230
4188 4435 230
2317 4436 230
2812 4436 230
4228 4436 230
1440 4437 230
2262 4437 230
4390 4437 230
1954 4438 230
2740 4438 230
3080 4438 1000
4366 4438 230
167 4439 230
1418 4439 230
2597 4439 230
3137 4439 185
3871 4439 185
345 4440 461
419 4440 230
3124 4440 185
1921 4441 230
2109 4441 230
2330 4441 230
2584 4441 185
804 4442 230
917 4442 230
2104 4442 230
1424 4443 185
1502 4443 185
2533 4443 230
2926 4443 230
3805 4443 230
980 4444 185
1386 4444 230
2417 4444 230
4430 4444 230
1763 4445 230
2239 4445 230
2681 4445 230
1051 4446 185
1351 4446 230
1924 4446 230
2483 4446 185
4364 4446 230
828 4447 230
1400 4447 230
2787 4447 230
1881 4448 230
2399 4448 230
4226 4448 230
970 4449 185
1903 4449 230
2660 4449 230
3203 4449 230
1472 4450 230
2615 4450 185
3127 4450 461
516 4451 1000
998 4451 230
3020 4451 230
4243 4451 230
3469 4452 230
3601 4452 230
4398 4452 230
663 4453 230
2238 4453 230
4175 4453 230
1510 4454 230
1848 4454 230
3208 4454 230
746 4455 230
2081 4455 230
2133 4455 185
2878 4455 230
1542 4456 185
1806 4456 230
2320 4456 230
3285 4456 230
351 4457 185
3567 4457 461
3854 4457 230
1138 4458 525
61 4459 461
2208 4459 230
1055 4460 230
1413 4460 230
3482 4460 230
935 4461 230
2258 4461 230
4011 4461 230
3170 4462 461
3519 4462 230
1596 4463 230
2212 4463 230
3671 4463 230
4084 4463 262
141 4464 230
486 4464 230
2866 4464 185
3489 4464 230
343 4465 230
2695 4465 230
3523 4465 230
3122 4466 230
3260 4466 230
1047 4467 230
2372 4467 230
2874 4467 230
1086 4468 230
2056 4468 230
3261 4468 230
1349 4469 230
4041 4469 461
126 4470 230
2801 4470 185
2932 4470 230
4466 4470 230
2082 4471 230
3488 4471 230
4427 4471 230
1865 4472 230
2296 4472 230
2656 4472 230
2105 4473 230
2370 4473 230
3073 4473 230
410 4474 230
3119 4474 230
3887 4474 230
726 4475 230
1408 4475 230
2090 4475 230
2833 4475 185
823 4476 185
2866 4476 230
3382 4476 230
3754 4476 230
152 4477 230
1187 4477 230
2601 4477 185
2836 4477 230
1975 4478 230
2615 4478 230
3339 4478 230
1004 4479 230
2491 4479 185
3164 4479 230
3890 4479 230
60 4480 461
3692 4480 230
1048 4481 185
3318 4481 230
3838 4481 230
4162 4481 230
1291 4482 230
1692 4482 230
2481 4482 185
4048 4482 230
2092 4483 230
3629 4483 230
4127 4483 230
838 4484 230
1196 4484 230
3154 4484 230
1068 4485 461
1128 4485 230
1691 4486 230
4071 4486 230
4104 4486 230
1558 4487 230
3357 4487 230
3461 4487 230
924 4488 230
1888 4488 230
1990 4488 230
375 4489 230
1182 4489 230
4403 4489 230
1220 4490 185
2797 4490 230
3439 4490 461
303 4491 230
510 4491 461
726 4491 185
1097 4492 185
1509 4492 230
1781 4492 230
2828 4492 230
143 4493 230
357 4493 230
1904 4493 230
332 4494 185
3518 4494 230
3611 4494 230
4388 4494 230
2501 4495 230
2578 4495 230
3027 4495 230
2722 4496 1000
1265 4497 230
1968 4497 185
3405 4497 230
4251 4497 230
1800 4498 230
2302 4498 230
2969 4498 230
184 4499 230
1854 4499 230
3270 4499 230
1850 4500 230
3383 4500 230
3902 4500 230
