1
0
1
1
1000000
0
0
0
0
1
4 10 751
4 14 534
22 27 310
10 31 256
19 36 218
13 37 446
9 39 148
24 39 365
1 40 273
16 40 342
31 40 297
21 42 107
15 44 376
17 48 612
43 49 196
1 50 327
31 50 573
11 52 305
20 55 110
32 55 161
38 58 934
17 60 381
21 61 437
41 61 272
60 61 299
9 62 300
60 64 355
36 66 269
64 66 228
59 67 300
25 69 353
42 70 173
39 73 223
62 73 727
10 74 882
14 74 128
61 75 560
26 76 267
29 76 353
39 76 360
37 77 178
48 77 340
37 78 711
48 78 192
60 78 118
54 79 230
8 82 284
29 83 134
39 83 261
13 84 134
31 84 191
18 85 125
20 85 159
49 85 232
71 85 276
75 86 543
18 87 362
32 87 169
51 87 300
38 88 196
80 88 712
61 89 775
78 90 273
37 91 243
22 92 719
38 94 111
58 94 178
72 94 565
78 94 550
13 95 756
68 95 124
91 95 127
70 96 719
7 97 140
18 97 154
47 97 935
58 98 200
9 99 119
12 99 377
53 99 421
84 99 792
28 103 634
48 103 103
78 103 296
6 104 284
41 105 834
17 107 534
33 107 843
17 108 293
10 110 950
92 110 302
13 112 242
75 112 373
61 114 155
112 114 442
55 116 118
58 116 154
64 116 453
95 116 370
12 117 125
36 117 200
113 117 368
71 118 655
55 120 129
85 120 817
87 120 318
21 121 226
41 121 613
61 121 210
89 121 564
19 123 133
20 123 150
42 123 370
43 123 201
105 123 115
121 123 156
39 124 366
8 125 208
19 125 259
32 125 275
66 125 208
44 126 195
46 126 639
109 127 884
34 129 162
109 129 712
8 130 398
35 133 268
71 134 139
119 134 133
10 135 157
26 135 232
31 135 413
39 135 861
99 135 187
58 136 400
64 136 698
78 136 132
91 136 335
106 136 188
43 137 138
117 138 395
45 139 809
128 140 370
5 142 729
11 142 230
14 144 111
124 145 266
135 145 228
142 145 743
80 146 643
86 146 579
139 146 432
19 148 356
118 149 303
23 150 151
63 150 144
147 150 643
19 151 384
36 151 602
113 151 333
8 152 679
22 153 164
34 153 743
110 153 122
129 153 880
14 154 260
131 154 134
27 155 541
96 155 458
146 155 518
50 157 569
84 157 190
92 157 217
139 157 450
86 158 199
80 159 333
137 159 216
149 159 210
43 160 429
64 160 469
95 160 208
15 161 309
115 161 247
16 162 183
24 162 310
101 162 166
20 163 901
55 163 205
93 163 331
111 163 434
156 163 826
19 164 319
36 164 538
43 164 149
67 165 135
96 165 174
40 166 165
84 166 590
133 167 232
60 168 495
93 168 801
121 168 145
123 168 170
126 168 253
163 168 411
167 168 198
19 169 533
36 169 271
105 169 681
37 170 118
112 170 303
114 170 138
24 171 267
74 171 175
135 171 227
12 172 183
84 172 231
44 173 152
46 173 236
60 173 576
90 173 336
100 173 225
126 173 172
146 174 654
44 175 980
90 175 860
4 177 472
48 177 106
174 178 591
47 179 939
164 179 489
13 180 748
60 180 846
75 180 132
94 180 210
100 180 445
116 180 378
163 180 601
139 181 617
155 181 142
161 181 460
165 181 774
111 182 612
139 182 104
54 183 179
142 183 384
6 184 531
8 184 608
66 184 612
82 184 345
152 184 128
81 185 270
174 187 426
108 188 892
161 188 767
3 189 237
26 189 189
31 189 907
4 190 553
176 190 836
97 191 956
158 191 306
19 192 164
36 192 383
42 192 686
131 193 122
9 194 526
126 194 186
68 195 107
104 195 590
117 196 313
172 196 415
96 197 319
155 197 138
15 198 342
117 198 180
169 198 108
1 199 397
67 199 349
73 199 596
188 199 939
30 200 897
127 200 147
1 201 185
17 201 505
65 201 128
39 202 401
40 202 252
54 202 100
59 202 230
128 202 536
162 202 274
199 202 418
63 204 178
111 204 179
150 204 340
14 205 217
16 205 211
162 205 282
171 205 709
10 206 178
37 206 458
84 206 626
92 206 218
99 206 165
72 207 638
138 207 154
196 207 718
41 208 281
131 208 804
17 209 422
156 209 196
174 209 647
180 209 421
17 210 186
35 210 901
77 210 854
102 211 151
148 211 132
191 211 373
11 212 483
72 212 138
75 212 285
180 212 153
196 212 276
6 213 217
66 213 252
98 213 175
136 213 217
87 214 374
139 215 593
59 216 307
55 217 339
64 217 232
123 217 784
125 217 205
160 217 237
168 217 925
10 218 905
145 218 193
193 219 279
32 220 856
66 220 266
68 220 129
98 220 364
116 220 423
63 221 571
93 221 339
111 221 253
128 221 235
8 223 348
51 223 369
13 224 103
84 224 238
100 224 159
21 225 129
96 225 634
143 226 765
182 226 142
204 226 636
215 226 977
8 227 373
32 227 192
51 227 615
130 227 254
156 228 725
182 228 107
199 228 324
4 229 319
78 229 146
90 229 127
138 229 129
206 229 611
61 230 706
78 230 180
170 230 411
208 230 152
4 231 138
40 231 118
54 231 835
59 231 116
135 231 476
142 231 630
202 231 935
205 231 632
109 232 530
137 232 730
155 232 502
197 232 363
27 233 725
88 233 230
111 234 431
196 234 832
3 235 146
11 235 693
31 235 293
215 235 440
231 235 860
94 236 105
103 236 148
30 237 325
132 237 486
166 237 393
203 237 432
17 238 298
107 238 235
108 238 510
156 238 143
167 238 138
168 238 185
199 238 188
201 238 206
9 239 223
83 239 186
111 239 373
222 239 205
237 239 153
18 240 107
47 240 167
49 240 893
164 240 212
203 240 107
214 240 954
13 241 709
50 241 716
77 241 196
187 241 994
201 241 370
209 241 460
210 241 282
22 242 838
74 242 365
170 242 660
22 243 153
77 243 758
187 243 110
107 244 445
167 244 176
20 245 461
56 245 124
71 245 246
80 245 636
49 246 137
71 246 669
137 246 731
45 247 121
57 247 140
141 247 156
215 247 261
9 248 517
53 248 259
150 248 132
86 249 348
101 249 373
144 249 126
205 249 232
235 249 487
61 250 778
86 250 584
155 250 123
205 250 386
225 250 644
65 251 813
119 251 693
156 251 110
138 252 719
198 252 143
127 253 473
134 253 138
143 253 305
18 254 315
19 254 456
20 254 173
32 254 224
148 254 100
191 254 195
234 254 169
33 255 324
155 255 811
197 255 672
12 256 289
36 256 363
7 257 116
18 257 103
19 257 528
256 257 710
22 258 338
129 258 864
146 258 515
157 258 497
159 258 826
187 258 743
232 258 682
5 259 126
40 260 291
109 260 286
200 260 185
208 261 831
252 261 973
259 261 131
50 262 620
139 262 399
209 262 556
212 262 288
228 262 432
235 262 246
36 263 314
158 263 196
179 263 174
219 263 210
250 263 407
148 264 196
221 264 837
234 264 126
21 265 145
42 265 122
46 265 613
60 265 751
168 265 255
83 266 202
200 266 264
226 266 248
253 266 168
105 267 539
119 268 281
156 268 133
174 268 394
1 269 180
30 269 461
65 269 537
70 270 253
80 270 249
137 270 304
149 270 722
155 270 205
233 270 408
267 270 158
256 271 357
105 272 219
106 272 811
208 272 211
52 273 905
83 273 154
124 273 494
222 273 135
96 274 772
62 275 355
161 275 142
165 275 171
181 275 603
182 275 119
197 275 322
199 275 313
68 276 144
164 276 130
172 276 415
256 276 514
271 276 157
114 277 701
121 277 646
12 278 295
138 278 267
172 278 180
206 278 214
271 278 653
63 279 393
128 279 331
226 279 757
15 280 522
115 280 349
175 280 485
229 280 164
252 280 367
261 280 605
115 281 810
177 281 573
188 281 243
261 281 106
187 282 186
210 282 857
243 282 756
97 283 131
134 283 632
45 284 959
72 284 495
177 284 243
262 284 216
69 285 127
182 285 478
221 285 163
275 285 359
279 285 259
114 286 796
149 286 874
256 286 183
54 287 323
107 287 218
199 287 641
8 288 201
184 288 262
195 288 434
49 289 440
38 290 149
98 290 257
207 290 159
89 291 152
113 291 380
183 291 679
287 291 211
59 292 268
147 292 279
165 292 104
274 292 740
66 293 241
125 293 449
152 293 309
192 293 355
87 294 522
125 294 325
223 294 185
257 294 571
13 295 996
43 295 460
95 295 239
112 295 753
159 295 105
276 295 441
286 295 287
55 296 478
93 296 303
217 296 291
128 297 306
199 297 188
228 297 136
285 297 234
6 298 193
27 299 301
45 299 448
92 299 539
115 299 276
177 299 300
181 299 985
229 299 146
66 300 881
68 300 486
256 300 321
294 300 446
51 301 401
214 301 339
288 301 150
35 302 594
37 302 242
77 302 640
103 302 172
36 303 843
138 303 247
213 303 321
219 303 319
271 303 449
290 303 561
23 304 431
54 304 417
47 305 199
283 305 161
289 305 114
56 306 188
70 306 834
118 306 206
123 306 531
137 306 134
197 306 236
245 306 143
267 306 108
270 306 169
150 307 853
166 307 100
260 307 254
114 308 130
171 308 236
242 308 217
250 308 220
21 309 196
67 309 917
265 309 181
102 310 109
121 310 205
162 310 791
197 310 231
225 310 151
250 310 493
141 311 296
204 311 406
215 311 747
64 312 542
217 312 310
5 313 250
15 313 299
188 313 668
202 313 257
231 313 678
49 314 701
120 314 802
160 314 169
214 314 244
16 315 336
31 315 113
74 315 156
171 315 174
249 315 131
89 316 268
250 316 585
255 316 349
310 316 912
167 317 991
265 317 422
66 318 122
82 318 162
125 318 861
151 318 210
312 318 191
36 319 490
42 319 265
43 319 504
60 319 363
61 319 646
64 319 823
105 319 290
123 319 302
270 319 185
286 319 170
38 320 229
78 320 209
136 320 778
230 320 290
233 320 179
272 320 102
303 320 181
319 320 612
280 321 383
41 322 648
131 322 297
250 322 414
310 322 791
64 323 282
105 323 166
106 323 228
217 323 502
1 324 145
30 324 302
157 324 169
166 324 381
181 324 832
232 324 188
260 324 164
275 324 229
37 325 246
90 325 191
206 325 292
224 325 964
3 326 458
29 326 111
140 326 598
11 327 223
31 327 631
145 327 179
218 327 159
62 328 649
92 328 136
99 328 247
157 328 353
181 328 309
93 329 382
221 329 721
264 329 155
297 329 143
30 330 194
127 330 176
134 330 853
232 330 238
246 330 157
305 330 124
134 331 232
143 331 917
146 331 969
182 331 158
197 331 282
245 331 962
268 331 709
49 332 228
65 332 277
132 332 389
237 332 969
289 332 184
314 332 299
17 333 456
67 333 290
238 333 157
265 333 870
317 333 448
120 334 853
217 334 411
294 334 118
84 335 119
100 335 134
111 335 730
139 335 116
180 335 897
196 335 107
212 335 105
235 335 100
311 335 131
23 336 244
53 336 132
147 336 323
150 336 259
307 336 344
311 336 252
39 337 214
62 337 632
248 337 153
266 337 677
184 338 280
195 338 249
220 338 473
227 338 153
101 339 436
102 339 153
128 339 385
162 339 123
4 340 614
144 340 313
235 340 905
247 340 126
284 340 101
86 341 142
101 341 145
102 341 342
191 341 153
283 341 121
310 341 232
331 341 181
18 342 110
203 342 110
222 342 183
234 342 275
239 342 389
42 343 676
64 343 341
217 343 108
265 343 544
293 343 353
27 344 411
48 344 665
178 344 188
243 344 197
9 345 168
73 345 204
124 345 347
222 345 261
277 345 136
233 346 113
267 346 136
272 346 289
93 347 169
102 347 139
121 347 235
329 347 207
158 349 186
179 349 284
276 349 591
56 350 316
102 350 100
197 350 223
285 350 260
331 350 597
64 351 155
122 351 956
348 351 699
3 352 160
190 352 116
340 352 549
85 353 315
118 353 221
123 353 481
257 353 862
277 353 910
286 353 612
334 353 147
255 354 337
270 354 268
306 354 986
255 355 373
304 355 445
65 356 847
119 356 659
330 356 153
2 357 528
115 357 116
321 357 428
27 358 230
45 358 838
57 358 103
88 358 724
146 358 208
178 358 834
86 359 127
144 359 351
358 359 230
12 360 261
99 360 115
114 360 760
145 360 300
345 360 913
17 361 201
35 361 754
60 361 582
103 361 307
167 361 111
244 361 288
317 361 210
100 362 252
111 362 360
126 362 786
163 362 794
73 363 225
133 363 139
210 363 497
238 363 385
251 363 130
66 364 152
125 364 560
169 364 150
323 364 987
176 365 136
313 365 808
344 366 852
29 367 174
30 368 101
62 368 197
134 368 356
182 368 392
239 368 273
266 368 662
96 369 284
333 369 703
13 370 732
43 370 126
60 370 994
160 370 169
166 370 227
168 370 499
201 370 107
332 370 298
200 371 162
237 371 496
307 371 291
169 372 316
193 372 914
252 372 638
272 372 285
303 372 255
8 373 665
184 373 127
298 373 210
364 373 863
4 374 533
142 374 220
218 374 127
259 374 208
15 375 416
60 375 632
99 375 326
117 375 578
166 375 106
173 375 639
181 375 265
229 375 110
231 375 381
335 375 999
336 375 615
151 376 506
263 376 237
316 376 603
121 377 190
168 377 204
199 377 207
291 377 222
309 377 233
329 377 162
345 377 593
192 378 507
225 378 163
263 378 737
22 379 367
34 379 126
149 379 828
155 379 194
258 379 375
282 379 114
308 379 972
328 379 279
22 380 163
149 380 117
159 380 923
233 380 218
53 381 466
110 381 113
206 381 301
219 382 165
242 382 135
271 382 353
349 382 133
69 383 957
81 383 137
351 383 331
64 384 106
91 384 255
95 384 383
286 384 721
300 384 209
334 384 537
65 385 909
332 385 368
1 386 479
17 386 279
67 386 431
177 386 477
181 386 207
188 386 176
199 386 825
231 386 434
262 386 450
287 386 724
31 387 760
110 387 323
129 387 112
157 387 756
215 387 614
260 387 697
86 388 557
112 388 360
242 388 201
258 388 537
308 388 419
315 388 776
349 388 544
20 389 161
38 389 852
75 389 270
80 389 337
116 389 240
180 389 138
295 389 109
319 389 468
85 390 188
120 390 106
163 390 114
222 390 109
239 390 216
251 390 859
332 390 272
117 391 351
164 391 138
166 391 130
172 391 424
203 391 911
40 392 324
189 392 351
367 392 947
10 393 130
50 393 300
77 393 324
92 393 267
177 393 265
76 394 352
79 394 441
140 394 145
202 394 312
216 394 235
326 394 205
365 394 625
392 394 240
99 395 406
173 395 932
194 395 265
224 395 148
325 395 519
25 396 152
186 396 102
348 396 431
28 397 115
78 397 244
106 397 760
175 397 115
208 397 890
261 397 590
272 397 679
280 397 664
36 398 499
158 398 113
196 398 144
220 398 369
254 398 175
276 398 518
290 398 216
389 398 186
28 399 141
48 399 152
108 399 165
281 399 111
366 399 114
397 399 101
7 400 225
19 400 185
179 400 847
191 400 755
211 400 381
263 400 899
310 400 393
376 400 147
378 400 161
40 401 325
142 401 232
327 401 212
9 402 130
15 402 199
111 402 709
126 402 595
150 402 657
166 402 843
168 402 342
202 402 757
221 402 456
275 402 652
375 402 216
377 402 546
3 403 241
26 403 753
79 403 431
190 403 197
216 403 225
231 403 633
365 403 524
392 403 230
394 403 100
108 404 389
366 404 127
48 405 259
94 405 983
178 405 422
209 405 698
236 405 695
284 405 913
2 406 454
27 406 841
115 406 108
131 406 131
346 406 433
366 406 400
34 407 128
109 407 362
155 407 193
274 407 342
355 407 244
66 408 230
68 408 933
125 408 215
160 408 105
164 408 385
214 408 155
288 408 292
167 409 146
201 409 463
361 409 258
370 409 153
385 409 841
150 410 373
202 410 472
226 410 343
260 410 433
275 410 367
279 410 268
292 410 434
304 410 790
337 410 659
60 411 273
61 411 271
117 411 487
142 411 577
212 411 803
291 411 894
309 411 905
360 411 351
375 411 906
377 411 672
386 411 382
17 412 176
33 412 272
155 412 213
174 412 239
282 412 955
344 412 368
369 412 272
404 412 155
122 413 900
348 413 643
50 414 358
73 414 524
135 414 112
210 414 425
328 414 526
360 414 184
386 414 154
393 414 573
69 415 655
186 415 117
155 416 238
161 416 801
197 416 993
267 416 125
322 416 533
404 416 131
406 416 219
10 417 868
26 417 111
189 417 178
190 417 111
53 418 132
84 418 238
307 418 790
311 418 128
381 418 862
387 418 123
46 419 640
59 419 265
147 419 107
165 419 100
265 419 125
309 419 563
375 419 939
402 419 723
204 420 140
239 420 377
248 420 843
266 420 170
371 420 343
45 421 264
72 421 217
94 421 161
141 421 299
207 421 281
229 421 565
335 421 461
340 421 269
23 422 723
54 422 709
113 422 635
291 422 597
375 422 158
402 422 136
104 423 308
184 423 623
195 423 367
223 423 472
300 423 211
5 424 495
52 424 177
124 424 317
142 424 234
183 424 361
202 424 282
377 424 714
401 424 208
158 425 576
219 425 715
290 425 170
359 425 894
20 426 144
56 426 657
93 426 970
123 426 622
148 426 216
296 426 206
347 426 724
38 427 991
72 427 444
75 427 211
94 427 121
230 427 357
359 427 299
72 428 568
78 428 751
138 428 350
177 428 374
229 428 221
230 428 256
261 428 325
374 428 435
411 428 123
15 429 162
41 429 560
44 429 213
60 429 515
105 429 139
108 429 160
168 429 198
323 429 122
397 429 426
93 430 150
126 430 226
221 430 116
362 430 101
169 431 135
193 431 893
263 431 928
322 431 859
400 431 290
187 432 278
201 432 190
232 432 217
356 432 630
412 432 310
54 433 174
162 433 348
205 433 377
316 433 178
24 434 614
83 434 164
101 434 824
283 434 508
68 435 286
91 435 283
104 435 334
213 435 402
271 435 273
300 435 237
16 436 101
305 436 175
434 436 361
16 437 149
179 437 165
232 437 122
250 437 748
305 437 127
310 437 254
388 437 108
181 438 614
255 438 339
275 438 112
287 438 317
304 438 411
422 438 703
19 439 179
113 439 171
117 439 197
198 439 168
234 439 107
264 439 192
377 439 124
391 439 154
402 439 559
2 440 124
27 440 861
57 440 213
153 440 231
407 440 434
93 441 108
156 441 139
238 441 374
297 441 366
32 442 857
125 442 113
130 442 303
148 442 209
296 442 199
52 443 142
111 443 846
163 443 412
212 443 116
222 443 837
228 443 131
234 443 127
329 443 410
377 443 248
4 444 536
110 444 205
247 444 204
299 444 364
357 444 285
440 444 149
73 445 933
83 445 553
222 445 367
228 445 178
251 445 601
269 445 750
368 445 311
13 446 617
35 446 353
37 446 170
60 446 304
99 446 410
114 446 150
210 446 263
286 446 230
360 446 746
384 446 158
395 446 365
154 447 118
162 447 441
205 447 723
313 447 272
322 447 441
106 448 665
213 448 356
298 448 118
364 448 135
372 448 300
5 449 837
15 449 241
41 449 230
188 449 816
198 449 101
261 449 342
377 449 105
411 449 566
429 449 790
273 450 323
401 450 912
37 451 992
170 451 193
206 451 145
218 451 124
278 451 690
360 451 195
393 451 468
428 451 687
14 452 358
27 452 297
131 452 250
219 452 344
230 452 178
242 452 523
250 452 962
359 452 505
161 453 941
313 453 842
357 453 225
410 453 130
126 454 898
173 454 262
422 454 681
7 455 252
256 455 341
263 455 630
308 455 250
349 455 114
382 455 187
1 456 161
166 456 535
370 456 558
377 456 350
391 456 183
401 456 213
411 456 102
62 457 727
118 457 227
134 457 154
197 457 670
379 457 614
7 458 169
24 458 167
277 458 422
283 458 178
308 458 672
310 458 399
457 458 392
52 459 182
83 459 618
101 459 185
111 459 125
128 459 614
202 459 777
226 459 206
228 459 171
235 459 153
326 459 184
13 460 875
35 460 175
241 460 165
302 460 116
409 460 716
132 461 467
194 461 778
239 461 380
362 461 296
390 461 163
15 462 388
150 462 699
321 462 960
336 462 189
453 462 172
37 463 602
91 463 183
170 463 583
271 463 173
286 463 764
295 463 286
320 463 441
380 463 204
93 464 161
167 464 428
441 464 529
43 465 539
61 465 563
112 465 347
121 465 352
289 465 246
370 465 132
437 465 106
456 465 188
119 466 590
282 466 270
363 466 141
457 466 229
181 467 230
215 467 446
231 467 458
260 467 438
292 467 439
304 467 794
336 467 118
407 467 104
410 467 488
444 467 390
453 467 135
9 468 108
133 468 425
168 468 856
194 468 417
277 468 195
334 468 352
345 468 591
353 468 204
363 468 286
390 468 331
446 468 104
20 469 480
75 469 476
121 469 354
163 469 421
341 469 836
347 469 119
443 469 833
33 470 107
197 470 240
238 470 431
268 470 113
369 470 107
404 470 930
412 470 165
432 470 144
466 470 200
141 471 177
229 471 879
321 471 115
336 471 400
381 471 221
444 471 129
59 472 327
142 472 209
309 472 118
424 472 185
156 473 658
163 473 891
167 473 123
464 473 803
34 474 786
53 474 972
110 474 302
135 474 136
328 474 761
337 474 510
387 474 353
467 474 154
133 475 602
251 475 686
385 475 590
390 475 154
473 475 486
203 476 221
222 476 147
237 476 211
269 476 109
289 476 703
332 476 114
450 476 250
456 476 128
6 477 418
98 477 218
338 477 167
109 478 101
143 478 594
197 478 315
274 478 814
355 478 165
407 478 261
410 478 360
126 479 106
132 479 485
166 479 141
173 479 278
224 479 371
370 479 139
40 480 330
83 480 794
200 480 732
237 480 260
269 480 597
367 480 196
436 480 208
450 480 201
11 481 126
72 481 163
340 481 356
374 481 116
28 482 113
108 482 374
167 482 185
361 482 130
429 482 197
268 483 144
350 483 133
441 483 903
470 483 303
180 484 464
209 484 427
236 484 586
361 484 217
460 484 338
473 484 173
117 485 235
192 485 524
309 485 182
419 485 126
439 485 379
185 486 295
186 486 120
413 486 124
143 487 200
279 487 479
350 487 487
478 487 140
59 488 346
162 488 159
205 488 187
225 488 708
52 489 614
128 489 370
329 489 206
424 489 115
9 490 441
12 490 379
257 490 416
342 490 172
345 490 273
439 490 307
60 491 104
89 491 302
107 491 128
168 491 549
244 491 173
291 491 122
312 491 146
422 491 475
454 491 206
90 492 151
94 492 125
100 492 402
421 492 286
2 493 115
407 493 194
416 493 149
453 493 163
478 493 664
4 494 403
154 494 156
176 494 157
259 494 150
280 494 798
281 494 125
313 494 302
357 494 161
13 495 386
50 495 393
84 495 173
112 495 144
172 495 584
212 495 515
327 495 242
360 495 503
451 495 308
456 495 167
57 496 425
129 496 271
143 496 567
146 496 619
215 496 780
407 496 263
85 497 137
222 497 617
277 497 186
283 497 338
289 497 138
390 497 508
469 497 105
25 498 256
122 498 233
415 498 559
89 499 193
123 499 214
151 499 362
312 499 170
319 499 517
354 499 630
491 499 163
34 500 270
253 500 751
337 500 161
457 500 217
478 500 137
