1
0
1
1
1000000
0
0
0
0
1
2 13 187
10 15 156
13 16 101
10 21 382
18 23 267
10 30 120
21 37 181
10 44 167
1 56 489
45 61 520
38 63 131
59 64 731
66 71 269
47 72 219
61 72 322
55 73 325
70 73 212
53 75 128
17 77 110
21 78 266
26 80 355
28 80 223
27 81 362
67 81 192
77 84 189
37 85 146
78 85 620
68 86 133
25 87 294
47 87 181
68 90 264
63 94 440
66 94 424
84 95 137
14 99 226
17 100 219
38 100 137
92 100 348
94 100 576
46 101 136
24 104 116
6 105 596
90 105 163
64 106 215
94 106 431
46 107 107
101 108 169
107 108 141
14 109 358
91 110 858
93 110 151
36 111 628
111 112 154
40 113 372
50 114 283
43 115 351
48 115 633
33 117 889
112 117 159
117 119 726
36 121 585
82 123 105
101 123 139
4 125 164
117 126 438
39 127 754
69 127 571
51 129 276
55 129 257
70 129 144
102 129 223
2 133 868
16 133 201
53 133 442
67 134 171
3 135 104
33 135 238
73 135 301
126 135 110
57 136 669
98 137 719
104 137 571
18 139 317
29 139 367
72 140 274
87 140 236
136 140 241
9 141 176
49 142 310
105 143 125
34 144 970
133 144 829
143 144 413
5 145 121
110 146 480
38 147 136
54 147 220
57 148 856
83 148 133
140 148 341
146 149 517
48 150 504
72 150 219
91 150 336
122 150 129
137 151 167
76 152 475
32 153 418
111 153 188
117 153 502
121 153 123
115 154 454
136 154 425
150 154 128
15 155 408
65 155 298
138 155 780
66 156 254
88 156 566
51 157 400
100 157 535
141 157 106
74 158 227
103 158 420
124 158 543
7 159 128
113 159 114
155 159 656
157 159 416
79 160 132
83 160 339
121 160 288
62 161 117
89 161 306
71 162 115
7 163 134
155 163 197
164 165 269
13 166 167
43 166 464
48 166 235
72 166 347
4 167 658
14 168 977
5 169 718
49 171 144
118 171 342
22 172 854
35 172 146
56 172 209
79 172 158
96 172 886
31 174 123
41 174 398
113 174 269
132 174 211
131 175 281
13 176 494
48 176 562
67 177 153
170 177 146
86 178 256
59 181 338
88 181 513
40 182 894
98 182 497
151 182 145
174 182 223
97 183 229
34 184 410
151 185 940
157 186 166
40 187 404
183 187 200
127 188 113
23 189 344
52 189 199
38 190 978
180 190 491
118 191 722
130 191 109
70 192 256
102 192 177
8 193 167
11 193 252
20 193 138
31 193 148
65 193 544
4 194 113
107 194 170
74 195 218
103 195 248
192 195 184
15 196 139
138 196 202
148 196 227
160 196 127
3 197 471
29 197 997
73 197 159
90 198 503
23 199 358
5 200 121
160 201 238
65 202 393
163 202 292
85 203 495
16 204 379
75 204 335
176 204 557
68 205 443
79 205 274
83 205 197
177 206 773
68 207 933
83 207 547
140 207 263
149 207 522
198 207 305
91 208 283
146 208 149
207 208 154
102 209 125
195 209 117
30 210 558
113 210 102
11 211 884
28 211 573
142 211 203
10 212 122
98 212 443
155 212 968
174 212 317
210 212 545
152 213 239
151 214 115
19 215 221
20 215 229
58 215 161
59 215 234
88 215 409
106 215 920
128 216 270
152 216 550
134 217 616
177 218 244
17 220 112
115 220 571
136 220 308
1 221 477
51 221 173
57 221 906
172 221 196
175 221 402
196 221 321
48 222 307
91 222 789
210 223 164
68 224 134
136 224 379
178 224 257
31 226 325
182 226 225
185 226 174
27 227 325
67 227 155
209 227 249
218 227 553
51 228 846
137 228 546
196 228 631
201 228 173
193 229 434
202 229 284
96 230 249
130 230 119
27 231 174
120 231 895
218 231 402
219 232 841
48 233 119
156 233 105
34 235 236
61 236 967
140 236 145
149 236 405
131 237 314
179 237 107
234 237 115
67 238 673
74 238 188
170 238 360
209 238 876
214 238 223
217 238 240
30 239 183
44 239 791
76 239 293
108 239 127
1 240 261
103 240 244
124 240 367
175 240 100
157 241 545
183 241 366
30 242 153
113 242 107
123 242 128
175 242 237
28 244 389
125 244 188
167 244 286
191 244 126
133 245 103
83 246 734
208 246 262
84 247 501
224 247 169
35 248 204
96 248 312
159 248 182
186 248 267
184 249 585
160 251 114
20 252 126
185 252 288
201 252 443
243 252 706
29 253 339
40 254 795
51 254 140
104 254 105
151 254 567
175 254 874
55 255 252
135 255 228
2 256 207
140 256 525
166 256 187
198 256 948
220 256 139
42 257 596
3 258 676
33 258 181
62 258 245
92 259 247
162 259 290
64 260 101
7 261 200
113 261 214
132 261 272
85 262 408
40 263 305
98 263 265
104 263 331
210 263 166
90 264 350
95 264 238
47 266 691
120 266 473
77 267 234
236 267 312
49 268 286
216 268 336
96 269 509
97 269 652
186 269 248
241 269 130
124 270 793
123 271 276
230 271 340
91 272 366
47 273 150
150 273 150
272 273 120
17 274 974
94 274 348
256 274 116
267 274 335
91 275 123
122 275 330
246 275 380
12 276 283
57 276 123
122 276 365
154 276 367
175 276 516
9 277 129
94 277 454
155 277 622
157 277 412
228 277 974
116 278 220
191 278 601
230 278 705
50 279 127
97 279 100
73 280 461
126 280 458
192 280 515
114 281 145
226 281 196
24 282 462
129 282 105
209 282 204
214 282 680
254 282 240
33 283 379
62 283 168
112 283 325
225 283 204
243 283 278
186 284 202
81 285 944
124 285 802
273 285 476
21 286 261
66 286 128
137 286 115
212 286 528
277 286 158
19 287 339
93 287 113
146 287 745
27 288 419
188 288 416
25 289 365
69 289 911
121 289 368
129 290 356
228 290 165
103 291 130
15 292 182
21 292 216
241 292 336
277 292 203
10 293 131
137 293 125
179 293 239
196 293 778
270 293 202
78 294 103
151 294 463
156 294 119
174 294 322
286 294 544
24 295 266
170 295 197
209 295 284
218 295 588
189 296 121
12 297 394
72 297 386
122 297 476
148 297 319
293 297 554
232 298 629
269 298 475
279 298 111
284 298 455
126 299 855
153 299 719
9 300 194
44 301 635
108 301 154
167 301 917
194 301 445
17 302 218
115 302 437
233 302 314
12 303 188
30 303 168
104 303 592
175 303 251
223 303 226
293 303 179
58 304 417
88 304 205
70 305 351
195 305 280
282 305 601
74 306 301
145 306 250
200 306 158
214 306 336
225 306 616
305 306 197
51 307 146
55 307 128
172 307 123
186 307 868
74 308 234
112 308 167
217 308 193
225 308 446
144 309 793
184 309 392
245 309 586
42 310 820
60 310 432
141 311 401
265 311 172
63 312 218
66 312 203
180 312 124
2 313 508
6 313 360
53 313 465
220 313 314
20 314 360
173 314 315
300 314 379
37 315 395
219 315 102
292 315 390
199 316 163
24 317 317
137 317 206
145 317 234
170 317 146
214 317 766
290 317 317
55 318 184
102 318 150
280 318 187
95 319 701
149 319 309
267 319 216
287 319 282
253 320 152
78 321 463
187 321 738
203 321 653
241 321 239
242 321 103
66 322 365
162 322 117
180 322 423
20 323 115
65 323 290
106 323 466
201 323 201
277 323 700
284 323 378
300 323 135
111 324 293
158 324 477
308 324 159
66 325 219
166 325 213
233 325 140
274 325 142
39 326 532
69 326 399
119 326 680
206 326 285
33 328 388
70 328 238
145 328 109
290 328 265
142 330 230
213 330 181
6 331 135
53 331 309
143 331 490
161 332 332
26 333 383
28 333 296
125 333 951
204 334 418
249 334 477
69 335 172
102 336 861
119 336 411
170 336 124
206 336 193
290 336 465
23 337 135
89 337 390
70 338 190
197 338 562
8 339 113
65 339 262
138 339 424
160 339 646
173 340 135
294 340 300
311 340 408
1 341 436
32 341 420
103 341 218
192 341 857
27 342 658
120 342 198
240 342 142
285 342 305
185 343 341
214 343 551
217 343 877
225 343 276
243 343 759
114 344 355
193 344 488
226 344 141
252 344 477
5 345 180
199 345 208
258 345 204
328 345 411
338 345 363
112 346 906
119 346 257
217 346 270
243 346 401
99 347 756
168 347 529
200 347 104
296 347 711
161 348 211
199 348 117
258 348 120
337 348 105
1 349 281
25 349 298
32 349 264
121 349 304
196 349 125
270 349 685
15 350 330
96 350 405
128 350 279
159 350 355
221 350 513
241 350 484
242 350 348
271 350 496
316 351 232
320 351 114
332 351 263
348 351 481
134 352 186
326 352 348
335 352 120
346 352 227
16 353 249
245 353 555
250 353 276
334 353 169
132 354 125
163 354 331
212 354 231
156 355 983
190 355 721
304 355 507
312 355 475
21 357 638
98 357 241
14 358 123
253 358 241
316 358 458
43 359 561
302 359 297
322 359 210
325 359 204
81 360 135
177 360 210
231 360 523
100 361 419
156 361 135
190 361 184
259 361 177
302 361 222
322 361 231
141 362 367
186 362 307
87 363 582
136 363 536
178 363 100
26 364 717
46 364 262
194 364 365
71 365 280
156 365 125
181 365 444
259 365 203
33 366 241
119 366 337
201 366 219
243 366 481
255 366 231
290 366 120
8 367 907
31 367 110
41 367 165
74 368 943
145 368 285
170 368 197
56 369 289
178 369 236
188 369 227
60 370 369
327 370 356
232 371 185
269 371 127
219 372 309
262 372 147
96 373 103
118 373 269
128 373 228
278 373 282
61 374 102
110 374 621
150 374 188
62 375 292
200 375 232
225 375 329
171 376 218
216 376 412
373 376 859
101 377 375
128 377 176
167 377 129
271 377 405
278 377 229
6 378 779
90 378 182
220 378 123
224 378 524
161 379 364
347 379 290
375 379 460
185 380 770
234 380 149
275 380 433
367 380 118
210 381 165
261 381 277
354 381 120
50 382 285
183 382 295
292 382 441
357 382 152
272 383 281
285 383 359
20 384 155
31 384 166
88 384 542
173 384 200
185 384 317
294 384 365
99 385 235
169 385 408
200 385 555
305 385 411
338 385 250
25 386 319
47 386 205
120 386 123
270 386 479
285 386 120
360 386 248
19 387 171
88 387 259
93 387 126
222 387 117
233 387 308
92 388 233
260 388 144
11 389 287
28 389 433
86 390 119
127 390 157
289 390 497
369 390 987
36 391 113
289 391 177
335 391 281
383 391 303
32 392 185
158 392 236
270 392 314
291 392 529
368 392 193
52 393 132
99 393 595
109 393 191
169 393 180
5 394 379
189 394 374
199 394 235
347 394 882
393 394 104
9 395 225
265 395 278
286 395 196
340 395 491
208 396 353
272 396 436
391 396 136
120 397 166
240 397 506
270 397 131
291 397 392
303 397 154
202 398 153
93 399 402
233 399 325
374 399 325
77 400 371
136 400 347
236 400 406
247 400 202
143 401 134
309 401 959
78 402 112
262 402 358
281 402 527
384 402 242
80 403 940
82 403 247
101 403 220
301 403 658
364 403 578
81 404 320
134 404 299
335 404 748
383 404 293
54 405 885
106 405 261
260 405 146
264 405 367
284 405 164
49 406 306
118 406 127
211 406 626
244 406 326
44 407 496
76 407 264
213 407 272
268 407 160
130 408 929
244 408 328
389 408 372
1 409 296
25 409 122
288 409 499
342 409 145
363 409 364
369 409 229
50 410 224
65 410 150
201 410 612
344 410 944
30 411 107
108 411 520
123 411 823
11 412 203
15 412 250
65 412 890
160 412 238
406 412 285
408 412 287
100 413 309
147 413 346
186 413 590
388 413 194
405 413 973
11 414 380
20 414 152
114 414 157
372 414 275
402 414 651
80 415 271
211 415 105
330 415 338
18 416 122
52 416 244
99 416 172
296 416 167
7 417 157
370 417 271
80 418 188
82 418 306
389 418 225
56 419 268
280 419 308
299 419 141
341 419 215
68 420 197
95 420 452
149 420 334
247 420 232
234 421 157
251 421 261
89 422 342
296 422 389
379 422 400
22 423 195
79 423 942
251 423 222
2 424 173
105 424 854
144 424 169
198 424 128
235 424 299
24 425 352
145 425 270
169 425 772
305 425 492
101 426 796
128 426 119
152 426 400
239 426 217
242 426 188
97 427 108
248 427 134
307 427 463
25 428 803
69 428 354
206 428 241
288 428 567
360 428 374
22 429 314
131 429 475
221 429 596
12 430 153
43 430 172
45 430 764
72 430 160
154 430 696
266 430 632
104 431 500
210 431 115
265 431 217
286 431 599
322 431 324
195 432 234
291 432 795
295 432 401
368 432 729
425 432 223
17 433 321
84 433 464
264 433 147
378 433 206
413 433 122
78 434 166
182 434 779
187 434 464
281 434 107
357 434 369
19 435 533
198 435 461
208 435 310
222 435 106
235 435 303
75 436 282
115 436 575
176 436 504
313 436 310
61 437 488
267 437 360
325 437 167
399 437 275
187 438 802
263 438 266
357 438 242
13 439 227
43 439 136
436 439 237
75 440 471
250 440 622
334 440 177
15 441 125
44 441 935
128 441 749
167 441 121
268 441 141
406 441 161
45 442 939
359 442 540
437 442 906
65 443 308
248 443 740
284 443 396
398 443 700
41 444 347
113 444 218
175 444 348
223 444 322
18 445 233
29 445 165
99 445 282
199 445 142
338 445 297
358 445 667
257 446 391
417 446 692
54 447 445
58 447 235
63 447 314
106 447 305
34 448 437
204 448 943
249 448 613
15 449 221
167 449 216
271 449 386
408 449 258
21 450 476
30 450 214
321 450 163
431 450 154
438 450 170
113 451 114
157 451 416
254 451 157
294 451 167
311 451 919
321 451 110
361 451 301
431 451 102
41 452 186
138 452 868
212 452 105
223 452 161
293 452 114
57 453 900
172 453 978
205 453 109
224 453 199
329 453 549
19 454 136
106 454 225
198 454 271
264 454 129
274 454 605
319 454 179
310 455 261
53 456 131
245 456 191
440 456 211
41 457 455
122 457 305
124 457 189
151 457 425
175 457 456
237 457 143
293 457 383
380 457 408
86 458 297
87 458 394
207 458 420
289 458 465
396 458 620
40 459 172
51 459 234
159 459 250
183 459 132
427 459 133
168 460 435
332 460 162
379 460 193
176 461 525
222 461 270
235 461 744
448 461 126
109 462 243
168 462 163
316 462 191
394 462 516
39 463 294
188 463 332
318 463 467
257 464 421
329 464 385
39 465 124
119 465 339
126 465 106
255 465 232
318 465 164
257 466 614
464 466 193
7 467 114
248 467 261
398 467 257
4 468 241
46 468 656
116 468 295
377 468 305
179 469 407
196 469 175
251 469 188
429 469 990
56 470 422
79 470 228
121 470 244
299 470 295
390 470 231
36 471 389
124 471 300
324 471 366
380 471 519
383 471 579
77 472 187
302 472 551
399 472 337
442 472 286
45 473 183
154 473 176
374 473 236
400 473 980
472 473 248
50 474 150
219 474 580
292 474 121
298 474 890
323 474 122
412 474 189
414 474 241
37 475 244
203 475 440
450 475 539
10 476 960
82 476 198
301 476 707
411 476 322
449 476 195
164 477 573
356 477 254
446 477 134
11 478 597
31 478 163
380 478 651
402 478 868
415 478 253
418 478 205
154 479 129
266 479 433
273 479 408
342 479 237
363 479 182
284 480 117
300 480 396
362 480 393
139 481 235
337 481 716
44 482 352
213 482 330
403 482 350
415 482 172
426 482 490
16 483 136
75 483 237
250 483 388
439 483 191
131 484 446
179 484 476
303 484 416
35 485 161
79 485 123
339 485 766
443 485 311
279 486 221
410 486 116
427 486 213
443 486 274
3 487 198
29 487 173
320 487 318
348 487 252
481 487 429
35 488 607
138 488 186
159 488 125
221 488 282
444 488 228
102 489 104
206 489 211
227 489 201
288 489 114
463 489 259
10 490 658
78 490 508
82 490 761
174 490 261
242 490 990
457 490 318
478 490 252
482 490 401
331 491 105
401 491 775
456 491 268
64 492 390
71 492 450
92 492 378
94 492 605
98 493 126
155 493 743
228 493 109
382 493 216
410 493 222
459 493 258
79 494 117
201 494 239
255 494 252
284 494 417
307 494 127
486 494 294
203 495 126
241 495 476
315 495 327
371 495 447
32 496 201
117 496 285
192 496 210
328 496 192
336 496 119
368 496 202
116 497 272
125 497 246
191 497 307
31 498 116
132 498 205
229 498 403
79 499 232
96 499 305
118 499 139
130 499 176
298 499 259
412 499 187
443 499 200
8 500 204
11 500 639
36 500 584
160 500 287
246 500 136
252 500 177
380 500 188
421 500 117
