1
0
1
1
1000000
0
0
0
0
1
1 11 570
19 23 397
14 24 183
23 26 584
4 49 275
47 50 238
40 59 204
44 64 224
21 66 401
47 68 121
49 86 572
39 89 118
28 99 102
40 100 240
65 103 533
44 104 172
100 106 141
97 108 336
31 111 773
101 115 658
30 116 380
71 128 177
96 129 309
9 131 352
83 137 654
98 139 547
53 141 107
112 150 227
43 151 589
84 154 378
73 157 511
103 158 472
110 160 891
143 162 266
76 164 548
110 165 263
160 166 569
5 167 380
120 171 155
85 173 522
23 175 437
85 176 118
173 176 640
134 178 994
175 179 875
66 180 472
90 182 579
120 185 446
171 185 462
135 187 105
167 188 872
78 191 354
23 193 251
98 193 253
64 196 227
140 208 541
163 208 316
143 218 312
162 218 459
75 219 749
104 220 274
201 222 122
179 226 256
8 232 669
224 238 967
170 239 111
89 241 249
5 242 408
167 242 370
32 243 613
107 244 129
110 246 341
12 250 879
35 253 629
220 253 901
6 254 102
61 255 336
240 256 496
131 257 963
127 258 195
130 260 631
29 262 781
164 262 321
10 268 229
92 270 268
218 270 167
64 272 220
135 273 158
90 280 336
263 280 763
77 282 804
18 286 404
111 287 389
281 287 390
187 288 499
249 289 984
13 291 170
61 292 985
227 294 230
38 295 123
22 296 321
222 297 103
198 299 690
296 299 104
271 300 307
80 301 370
197 302 223
270 302 138
264 303 902
25 304 306
142 304 383
248 304 152
29 308 292
91 310 488
137 310 997
86 311 522
179 311 252
226 311 230
32 314 146
194 316 397
94 321 194
157 322 722
305 324 461
207 325 766
301 325 759
27 329 102
92 331 219
68 332 587
230 332 695
89 333 250
242 334 370
318 337 177
131 338 106
127 341 946
97 345 499
108 345 163
306 345 130
202 347 102
286 348 362
38 355 454
136 355 111
295 355 578
72 356 154
75 357 298
326 357 650
19 359 136
26 359 504
161 361 663
278 361 526
294 361 546
324 362 476
295 365 418
323 365 310
117 366 627
231 366 111
235 367 200
281 371 136
169 374 334
247 376 155
274 376 635
268 377 489
6 378 938
343 386 301
107 389 201
46 391 154
111 391 167
281 391 181
287 391 372
105 392 948
320 392 546
38 394 559
295 394 179
93 396 252
274 397 142
376 397 777
317 398 129
393 399 349
395 401 104
171 402 129
185 402 475
240 404 223
234 405 515
250 407 720
129 408 401
265 408 993
183 409 212
399 409 853
375 410 146
47 411 761
84 411 115
32 414 115
127 415 506
341 415 145
143 416 353
331 416 722
50 419 168
270 420 213
211 422 190
80 423 199
370 423 104
211 425 652
319 428 702
145 430 230
339 430 883
130 431 634
369 432 149
393 435 491
409 435 841
264 436 510
309 438 470
93 439 395
19 440 276
30 441 519
183 444 297
28 446 800
189 449 142
199 452 674
451 453 173
241 455 327
333 455 327
2 456 191
308 456 306
93 457 373
233 457 265
403 458 728
73 459 138
228 459 182
336 459 142
379 459 370
69 460 117
10 463 402
238 465 695
50 471 243
68 471 127
53 472 534
105 472 286
320 472 739
392 472 192
34 475 157
112 475 225
188 476 196
179 477 136
226 477 110
250 477 640
145 479 126
339 479 151
101 480 516
59 481 825
263 481 694
6 483 107
303 484 408
202 485 192
347 485 182
473 485 234
38 487 101
295 487 133
365 487 552
275 489 300
354 490 136
313 492 134
185 493 472
414 494 615
90 495 245
100 501 697
188 502 224
336 502 179
480 502 202
224 503 584
494 505 143
349 506 994
19 507 466
421 508 311
411 511 912
148 512 584
236 512 378
17 513 129
276 513 165
275 514 136
82 515 180
437 515 316
279 516 738
188 517 114
11 518 450
115 519 268
92 522 235
218 522 161
270 522 329
420 522 542
121 523 142
439 523 297
314 524 841
467 527 183
476 527 466
491 528 334
94 529 157
42 530 267
193 531 352
249 531 155
289 531 165
107 532 442
53 534 108
73 535 116
157 535 654
228 535 160
357 535 513
142 536 118
147 537 551
262 537 273
267 539 290
104 540 391
441 542 140
70 544 194
125 544 252
191 544 170
437 546 656
470 547 318
419 548 310
40 549 195
270 549 189
2 550 515
216 552 311
449 552 232
383 555 598
71 556 221
470 557 631
547 557 312
39 558 145
126 559 684
236 560 913
554 561 121
99 562 231
136 562 703
330 562 668
446 562 208
526 563 945
403 565 217
63 566 392
292 566 101
503 567 652
243 568 669
314 568 523
162 569 407
350 569 737
522 569 377
461 570 247
507 571 107
505 572 373
48 573 127
20 575 611
124 575 360
495 575 240
218 576 464
259 576 446
495 576 531
120 577 160
273 577 113
424 578 515
13 579 371
78 579 295
191 579 331
242 579 646
560 580 123
247 582 134
64 583 363
285 583 218
40 584 226
311 584 426
370 587 565
14 591 157
47 591 513
326 592 249
498 593 330
344 594 417
431 594 236
491 594 209
528 594 543
518 595 459
113 596 539
406 597 377
173 600 769
9 601 633
359 601 884
482 601 465
288 603 942
359 603 295
373 603 388
449 603 439
92 605 211
420 605 775
129 607 665
305 610 109
324 610 472
136 611 309
330 611 140
365 611 153
558 612 823
135 613 571
356 613 118
291 616 758
443 616 568
84 617 136
338 618 302
466 618 877
190 619 954
363 619 886
609 619 241
505 620 613
440 622 269
575 622 581
431 624 227
594 624 928
208 625 468
381 626 648
469 626 645
571 626 533
222 627 176
390 627 164
433 627 194
592 629 808
431 632 614
460 632 300
181 633 394
18 634 823
470 634 114
1 635 469
518 635 440
113 636 110
73 637 805
535 637 360
95 638 113
336 640 153
97 641 327
43 642 319
318 642 129
486 642 401
79 643 271
216 643 140
219 643 118
48 644 118
364 645 698
541 645 310
344 646 214
454 646 217
630 646 213
384 648 263
401 649 297
189 650 124
548 650 330
420 653 531
495 653 559
576 653 287
448 656 254
256 658 571
375 658 534
603 658 116
593 659 317
54 660 181
95 662 166
532 662 533
638 662 538
15 663 174
328 663 377
277 665 112
500 665 108
113 666 538
155 667 141
168 667 189
413 667 173
217 668 791
251 669 213
271 669 194
300 669 225
578 669 747
19 671 173
175 671 213
477 671 863
507 671 220
326 672 922
357 672 557
257 673 304
371 674 934
483 675 752
172 676 180
25 677 893
528 677 902
178 678 166
676 678 205
255 679 827
202 680 356
227 681 157
294 681 736
343 682 874
211 683 650
60 684 254
565 684 124
419 685 803
287 686 391
371 686 135
391 686 187
341 689 714
555 692 318
501 693 899
570 695 367
651 695 512
387 696 173
618 696 917
132 698 262
237 698 314
210 700 738
107 702 572
532 702 130
56 704 122
199 705 188
627 706 261
205 707 216
200 709 384
470 710 331
547 710 129
222 711 184
297 711 287
390 711 303
608 711 294
468 712 666
23 713 231
175 713 206
24 714 117
550 716 419
549 717 468
429 718 118
139 719 550
100 720 628
438 720 170
693 720 222
159 721 409
212 721 474
74 722 418
437 723 842
515 723 525
546 723 149
6 724 826
422 724 149
425 724 110
683 724 110
704 726 273
33 729 571
173 729 367
269 729 484
132 730 473
40 731 174
363 731 377
618 732 878
590 733 504
36 734 109
368 736 339
119 737 129
16 738 209
252 738 168
142 739 166
727 741 743
98 742 188
193 742 251
719 742 523
6 743 105
188 743 295
378 743 120
96 744 194
150 745 896
372 747 303
374 748 401
251 749 439
17 750 497
147 750 103
276 750 227
411 750 148
3 751 677
234 752 512
480 753 658
526 753 108
92 754 109
230 754 794
270 754 158
717 754 930
21 755 147
66 755 403
670 755 273
67 756 499
692 756 696
405 757 164
380 758 292
33 760 107
7 761 435
697 761 551
438 762 124
713 762 210
581 763 397
672 763 367
194 764 210
454 764 614
625 764 182
373 766 273
328 767 392
453 767 178
24 769 171
155 769 157
7 770 250
126 771 853
683 771 143
724 771 960
248 772 271
115 773 218
228 773 252
483 773 260
446 774 374
36 775 154
441 777 164
589 777 306
291 778 167
141 779 786
392 779 645
472 779 625
534 779 788
445 780 814
520 780 932
170 781 155
459 783 569
773 783 639
727 784 771
387 785 461
696 785 634
732 785 455
258 786 615
73 787 972
88 787 928
337 787 965
535 787 855
146 788 115
154 788 865
262 788 745
772 789 331
225 790 797
298 790 520
514 790 774
403 792 728
149 793 101
244 793 190
662 793 428
139 794 142
172 796 111
237 797 912
698 797 223
142 798 501
192 798 290
304 798 333
427 799 133
580 799 862
700 799 429
72 800 167
273 800 102
174 801 318
222 801 325
346 801 318
553 802 974
498 803 111
385 804 129
436 804 400
177 806 378
161 807 752
440 808 222
622 808 468
364 810 141
395 810 139
455 811 963
490 811 142
661 811 646
138 812 523
673 812 607
499 813 486
734 814 113
385 815 383
436 815 378
399 816 636
615 816 646
83 817 730
144 817 666
37 818 146
96 818 311
214 819 760
796 820 768
593 821 336
19 822 418
259 822 387
808 822 364
429 825 348
510 825 685
525 829 353
215 830 876
606 831 128
132 832 192
831 833 938
3 834 436
129 835 352
195 836 289
223 836 990
451 836 185
196 837 100
314 837 148
97 838 423
108 838 868
102 839 221
249 839 678
289 839 580
822 839 435
206 840 794
655 840 303
44 841 186
540 841 200
772 841 784
117 842 733
558 844 199
629 845 213
328 846 399
767 846 691
226 847 210
741 848 933
192 849 275
271 849 269
45 850 881
422 850 128
217 851 797
102 852 154
813 852 813
25 853 212
142 853 290
304 853 933
354 854 593
194 855 397
316 855 717
574 855 961
245 856 577
388 857 967
359 858 869
486 859 984
545 859 319
356 861 188
800 861 201
758 862 200
780 862 826
248 863 178
383 864 105
623 864 939
113 865 893
414 865 830
595 866 474
749 866 681
5 867 266
527 867 454
321 868 153
737 869 217
827 869 850
306 870 133
321 870 113
529 870 823
868 870 142
81 871 105
182 871 128
197 871 121
302 871 988
474 871 117
599 871 106
216 872 819
643 872 222
584 873 274
97 874 337
108 874 371
319 875 643
428 875 584
255 876 416
566 876 167
6 877 936
483 877 135
114 878 605
654 878 631
103 879 417
530 879 950
565 879 244
841 879 184
865 879 657
235 881 301
9 882 957
382 882 146
75 883 137
176 883 170
54 884 109
198 885 158
160 886 136
341 887 870
415 887 582
689 887 627
786 887 264
431 888 245
624 888 183
386 889 617
795 889 114
799 890 158
444 891 549
489 893 105
91 894 833
333 894 812
455 894 114
525 894 849
809 894 833
78 895 809
191 895 454
787 895 792
403 896 208
458 896 937
565 896 238
792 896 936
35 898 685
229 898 148
530 898 140
342 899 285
516 900 729
43 902 256
82 902 432
138 902 659
275 903 372
790 903 798
317 904 190
706 904 215
896 904 214
577 906 135
391 907 342
516 907 920
55 908 362
614 908 448
844 908 160
308 909 496
757 910 965
29 911 162
146 911 321
262 911 841
617 911 207
725 911 197
776 912 201
15 913 333
315 913 281
328 913 361
767 913 305
163 915 148
268 916 585
533 916 274
656 917 782
707 918 456
770 918 259
825 918 407
423 920 994
690 920 220
765 920 431
156 921 110
470 921 332
557 921 299
641 922 396
675 923 652
569 924 400
754 924 102
219 925 999
437 925 237
519 925 861
546 925 303
552 925 913
923 925 172
514 926 661
790 926 781
893 926 720
597 928 263
602 928 258
727 928 332
725 930 166
826 930 563
3 931 103
782 931 435
521 932 335
768 932 714
86 933 508
451 933 189
177 934 400
417 935 182
40 936 393
251 937 438
620 938 810
399 939 426
435 939 845
51 940 222
12 941 984
440 941 310
688 943 301
286 944 217
348 944 253
110 945 279
160 945 190
165 945 159
136 947 683
774 947 286
912 948 195
8 949 989
118 949 257
39 952 147
844 952 200
298 953 221
715 953 110
821 953 703
411 954 874
591 954 626
90 955 351
536 956 117
744 956 859
246 957 821
486 957 192
778 957 361
225 958 465
275 958 313
790 958 792
343 960 512
386 960 210
272 962 960
898 962 145
587 963 653
820 963 788
123 964 240
641 964 337
531 965 154
839 965 689
890 966 692
5 967 350
242 967 443
476 967 210
743 967 437
109 969 496
266 969 497
305 969 489
488 969 759
892 970 177
929 970 219
219 971 251
592 971 224
650 971 457
859 971 114
224 972 226
56 973 743
404 973 329
313 974 259
492 974 260
928 974 514
732 975 208
779 975 609
785 975 246
395 976 240
201 977 342
248 977 350
727 979 769
525 980 302
614 980 356
912 980 251
948 980 270
525 981 377
829 981 391
359 982 537
52 983 295
265 983 388
393 983 628
41 984 133
592 984 704
499 986 338
708 987 322
93 988 220
415 988 982
205 989 198
429 989 552
718 989 123
702 990 156
748 991 348
968 991 209
600 994 430
126 995 624
105 996 678
320 996 226
211 997 505
378 997 113
743 997 650
48 998 144
149 1000 165
195 1000 274
283 1000 450
69 1001 618
632 1001 226
935 1001 339
163 1002 381
961 1004 741
298 1005 279
267 1006 130
428 1006 580
805 1006 196
86 1008 544
218 1009 109
363 1009 165
569 1009 470
100 1010 125
1006 1011 238
680 1012 106
441 1013 147
777 1013 169
995 1014 497
424 1015 249
906 1016 848
725 1017 170
826 1017 473
137 1018 656
144 1018 767
817 1018 100
734 1019 108
775 1019 154
131 1020 951
673 1020 303
184 1021 139
763 1021 356
100 1022 122
106 1022 264
289 1022 103
1010 1022 110
113 1023 751
596 1023 697
608 1023 961
666 1023 697
801 1023 101
237 1024 288
797 1024 279
832 1024 283
374 1025 289
691 1025 343
991 1025 347
115 1026 146
125 1026 131
189 1026 265
419 1026 781
22 1027 199
299 1027 206
467 1028 524
527 1028 183
553 1029 549
316 1030 172
558 1031 253
612 1031 336
844 1031 196
952 1031 381
267 1032 635
319 1032 482
428 1032 706
539 1032 606
1011 1032 625
51 1034 826
206 1034 883
462 1034 311
421 1035 110
462 1035 946
849 1035 134
346 1036 895
801 1036 317
746 1037 265
219 1038 102
592 1038 748
629 1038 667
971 1038 149
984 1038 440
412 1039 116
970 1039 283
125 1040 327
219 1040 877
546 1040 291
867 1040 418
650 1042 147
875 1043 235
521 1044 415
742 1044 320
768 1044 877
862 1044 900
905 1045 851
530 1046 670
583 1046 167
898 1046 736
962 1046 722
977 1046 957
222 1047 326
390 1047 338
505 1047 301
572 1047 338
620 1047 914
1046 1047 264
657 1048 617
250 1049 154
407 1049 820
873 1049 358
936 1049 271
941 1049 164
312 1050 297
940 1050 149
413 1051 173
31 1052 751
111 1052 223
47 1053 128
68 1053 693
411 1053 525
511 1053 143
591 1053 773
650 1053 384
257 1054 689
609 1054 226
833 1055 259
358 1056 179
430 1056 265
442 1056 178
626 1056 824
264 1057 102
436 1057 108
484 1057 107
804 1057 112
815 1057 270
130 1058 177
431 1058 114
624 1058 112
739 1058 179
405 1059 183
910 1059 116
76 1060 578
27 1061 889
625 1061 885
884 1061 956
819 1062 796
212 1063 340
1037 1063 470
231 1064 426
679 1064 402
993 1064 371
669 1065 226
151 1066 236
483 1066 368
642 1066 262
723 1066 287
902 1066 487
808 1067 271
585 1069 779
34 1070 187
582 1070 305
261 1071 629
736 1072 222
998 1072 561
1068 1072 454
540 1073 416
670 1073 197
863 1073 731
368 1074 340
573 1074 579
644 1074 333
998 1074 307
341 1075 923
456 1075 281
887 1075 914
988 1075 732
1 1076 166
749 1076 872
866 1076 191
937 1076 587
636 1077 549
666 1077 122
589 1078 141
83 1079 889
985 1079 174
187 1080 487
288 1080 119
728 1080 220
307 1081 501
323 1081 354
468 1081 501
712 1081 502
776 1082 144
885 1082 161
888 1083 313
1058 1083 134
553 1084 533
1029 1084 544
843 1086 559
891 1086 262
725 1087 169
930 1087 346
1060 1087 239
130 1088 865
454 1088 228
994 1089 736
145 1090 130
9 1091 195
482 1091 876
675 1091 706
697 1092 621
740 1092 528
856 1092 417
16 1093 197
252 1093 397
620 1094 463
789 1094 535
938 1094 347
344 1095 370
491 1095 449
624 1095 377
293 1096 112
714 1097 207
920 1097 155
1051 1097 180
263 1098 747
280 1098 156
495 1098 107
955 1098 101
846 1099 694
247 1100 452
716 1100 377
827 1100 133
829 1101 389
306 1102 131
874 1102 388
192 1103 549
853 1103 214
91 1104 160
894 1105 220
1029 1105 113
191 1106 602
726 1106 708
1003 1106 670
494 1107 177
2 1108 236
550 1108 512
108 1109 884
1102 1109 847
69 1110 170
632 1110 271
935 1110 108
1001 1110 448
806 1111 406
976 1111 192
348 1113 321
537 1114 119
165 1116 451
673 1116 815
402 1117 328
577 1117 135
190 1118 146
226 1118 731
69 1119 446
260 1119 231
1110 1119 214
163 1120 772
208 1120 308
915 1120 711
1090 1121 286
132 1122 108
115 1123 262
684 1124 105
789 1124 546
819 1124 124
10 1125 394
934 1125 201
195 1126 214
793 1126 393
836 1126 758
1000 1126 608
291 1127 790
814 1128 132
751 1129 238
1121 1129 553
174 1130 844
346 1130 837
461 1131 422
819 1131 543
1062 1131 464
362 1132 205
758 1132 187
969 1132 710
414 1133 698
865 1133 131
977 1133 120
532 1135 996
662 1135 534
702 1135 120
568 1136 107
772 1136 317
44 1137 130
253 1137 141
551 1137 232
620 1137 808
769 1138 245
881 1138 314
1134 1138 161
30 1139 380
715 1139 104
8 1140 280
899 1140 517
949 1140 379
168 1141 267
961 1141 146
510 1142 212
707 1142 134
825 1142 473
170 1143 201
239 1143 212
1012 1143 456
203 1144 100
600 1144 427
516 1145 740
900 1145 119
721 1146 253
1037 1146 829
58 1147 849
259 1147 806
331 1147 792
332 1147 657
674 1147 101
848 1148 153
436 1149 663
815 1149 312
1024 1149 215
16 1150 163
310 1150 114
771 1150 981
78 1151 141
254 1151 379
791 1151 200
1127 1151 838
1134 1152 556
408 1153 918
843 1153 371
891 1153 260
737 1154 203
740 1154 256
310 1155 876
351 1155 251
657 1155 790
1150 1155 106
238 1156 358
972 1156 284
1137 1156 526
117 1157 774
777 1157 707
1013 1157 538
1078 1157 541
727 1158 764
741 1158 207
492 1159 302
26 1160 515
359 1160 102
654 1160 451
2 1161 382
234 1162 505
405 1162 105
757 1162 269
1059 1162 289
282 1163 211
531 1163 261
307 1164 874
468 1164 874
556 1164 158
687 1165 521
951 1166 168
30 1167 378
116 1167 219
715 1167 104
31 1168 107
138 1169 463
400 1169 534
519 1169 636
115 1170 303
419 1170 234
548 1170 755
650 1170 254
685 1170 154
886 1170 246
603 1171 149
940 1172 226
12 1173 373
124 1173 281
311 1173 189
495 1173 807
531 1173 179
575 1173 783
1098 1173 265
198 1174 681
299 1174 758
885 1174 158
1027 1174 198
572 1175 191
1124 1175 315
85 1176 151
176 1176 103
269 1176 158
780 1177 109
862 1177 272
144 1178 511
351 1178 434
516 1178 507
657 1178 539
1048 1178 477
703 1179 684
1037 1179 127
36 1180 630
212 1180 949
734 1180 462
857 1180 544
434 1182 103
711 1182 135
214 1183 408
977 1183 501
245 1184 140
496 1185 128
77 1186 695
36 1187 160
388 1187 170
734 1187 932
814 1187 206
1019 1187 157
900 1188 327
1145 1188 208
288 1189 531
728 1189 950
222 1190 228
565 1190 132
627 1190 153
711 1190 413
801 1190 302
1130 1190 240
600 1191 416
994 1191 137
927 1192 429
356 1194 920
613 1194 262
800 1194 104
665 1195 149
735 1195 126
752 1195 140
1162 1195 132
426 1196 267
845 1196 348
859 1196 453
1042 1196 262
1116 1196 308
71 1198 348
1152 1198 243
604 1199 179
296 1200 250
885 1200 159
940 1201 260
395 1202 203
439 1203 271
325 1204 200
465 1204 643
718 1205 405
293 1206 442
521 1208 334
794 1208 211
1044 1208 813
209 1209 233
735 1209 760
41 1210 723
984 1210 205
652 1211 143
824 1211 991
133 1212 234
372 1212 204
631 1212 237
1185 1212 224
35 1213 564
570 1213 120
317 1214 707
1182 1214 105
687 1215 511
915 1215 938
942 1215 390
1120 1215 227
1165 1215 949
229 1216 256
530 1216 552
520 1217 444
780 1217 488
239 1218 118
1143 1218 224
513 1219 697
1115 1219 723
538 1220 643
1202 1220 236
485 1221 261
680 1221 363
122 1222 310
390 1222 151
176 1223 156
899 1223 319
949 1223 305
1140 1223 267
315 1225 939
663 1225 286
913 1225 187
606 1226 363
726 1226 348
831 1226 164
833 1226 711
616 1227 260
20 1228 705
673 1228 605
1118 1228 156
159 1229 543
734 1229 595
1146 1229 527
25 1230 236
677 1230 917
1103 1230 221
1045 1231 184
102 1232 168
522 1232 716
230 1233 367
731 1233 286
62 1234 934
668 1235 704
851 1235 760
278 1236 334
361 1236 329
807 1236 328
488 1237 422
862 1237 891
1177 1237 116
319 1238 271
440 1238 119
576 1238 213
808 1238 210
1032 1238 272
58 1239 615
674 1239 230
1233 1239 341
340 1240 115
588 1241 186
613 1241 185
1189 1241 168
1194 1241 182
689 1242 284
786 1242 288
1057 1242 167
561 1243 182
1231 1243 636
981 1244 188
1101 1244 169
54 1245 221
60 1245 506
884 1245 232
901 1245 218
317 1246 188
789 1246 539
819 1246 116
884 1246 126
1124 1246 731
874 1247 379
1109 1247 357
688 1248 315
802 1248 398
1029 1248 500
1084 1248 442
1055 1249 335
1154 1249 257
1186 1250 182
77 1251 415
394 1251 360
1154 1251 535
1082 1252 146
1051 1253 583
1234 1253 989
984 1254 198
527 1255 734
592 1255 476
1040 1255 361
1210 1255 548
1254 1255 526
1113 1256 331
85 1257 144
883 1257 923
1176 1257 159
114 1258 314
654 1258 952
1042 1258 562
336 1259 377
426 1259 572
480 1259 156
640 1259 223
111 1260 360
247 1262 512
274 1262 212
854 1262 218
204 1263 274
753 1263 140
880 1264 101
452 1265 100
662 1265 425
705 1265 282
24 1266 111
609 1268 233
607 1269 476
1267 1269 100
285 1270 571
398 1270 136
620 1270 655
181 1271 231
856 1271 151
548 1272 312
973 1272 311
107 1273 458
486 1274 148
791 1274 127
170 1275 187
781 1275 317
112 1276 979
247 1276 436
354 1276 716
376 1276 111
1100 1276 408
448 1278 289
643 1278 241
770 1278 328
1251 1278 336
119 1279 311
664 1279 105
1250 1279 360
321 1280 354
899 1280 504
1168 1280 130
488 1281 424
758 1281 207
862 1281 739
1177 1281 101
378 1282 140
743 1282 200
783 1282 373
948 1283 119
1252 1283 283
680 1284 586
1218 1284 207
175 1285 603
477 1285 475
873 1285 335
335 1286 147
509 1286 144
640 1286 532
658 1286 167
971 1286 131
707 1287 483
2 1288 912
456 1288 100
909 1288 894
1108 1288 889
1161 1288 291
1262 1288 129
871 1289 117
1010 1289 119
1022 1289 229
297 1290 839
1130 1290 106
465 1291 632
154 1292 362
617 1292 119
675 1292 664
968 1292 184
502 1293 931
1261 1293 346
70 1294 201
357 1294 581
465 1294 735
544 1294 220
882 1294 735
82 1295 179
723 1295 526
923 1295 335
470 1296 780
547 1296 461
1068 1296 904
1287 1296 321
575 1297 333
628 1298 524
864 1298 135
305 1299 987
324 1299 559
362 1299 835
1056 1299 262
290 1300 171
287 1301 516
578 1301 389
100 1302 100
1022 1302 112
131 1303 207
404 1303 689
951 1303 618
18 1304 509
348 1304 315
554 1304 120
1287 1304 493
64 1305 264
433 1305 111
583 1305 993
819 1305 141
841 1305 585
150 1306 451
418 1307 132
835 1307 345
437 1308 122
459 1308 146
723 1308 379
292 1309 122
608 1309 286
636 1309 329
87 1310 931
621 1310 389
610 1311 829
908 1311 443
1299 1311 486
422 1312 115
724 1312 100
850 1312 128
30 1313 368
759 1313 140
914 1313 420
181 1314 392
828 1314 144
1271 1314 624
782 1315 354
834 1315 350
931 1315 438
1121 1315 524
201 1316 132
627 1316 166
670 1316 275
977 1316 167
449 1317 190
603 1317 185
1127 1317 785
1171 1317 200
616 1318 261
359 1319 528
467 1319 346
791 1319 437
1028 1319 352
1263 1319 177
561 1320 120
1304 1320 100
31 1321 852
391 1321 246
1147 1321 795
1260 1321 114
182 1322 466
249 1322 237
839 1322 169
1297 1322 168
57 1323 958
35 1324 630
398 1324 148
651 1324 896
695 1324 423
1270 1324 116
480 1325 877
1259 1325 688
515 1326 421
1295 1326 421
282 1327 687
927 1327 528
110 1329 205
322 1329 175
831 1329 570
886 1329 199
327 1330 868
889 1330 115
348 1331 329
554 1331 107
1304 1331 133
1320 1331 870
600 1332 435
1191 1332 195
309 1333 709
813 1333 939
852 1333 940
1232 1333 108
606 1334 558
833 1334 593
945 1334 703
1259 1334 849
279 1335 845
1145 1335 843
881 1336 235
582 1337 142
892 1337 161
929 1337 163
1197 1337 164
112 1338 107
412 1338 119
892 1338 116
1112 1338 119
227 1339 399
314 1340 529
666 1340 911
670 1340 182
1077 1340 923
122 1341 157
331 1342 854
693 1342 167
212 1343 278
721 1343 231
1146 1343 206
1229 1343 733
232 1344 635
652 1344 185
824 1344 229
870 1344 400
331 1345 105
438 1345 113
693 1345 165
1342 1345 196
66 1346 341
433 1346 917
434 1346 605
583 1346 302
240 1347 117
336 1347 125
640 1347 282
959 1347 470
1151 1347 164
78 1348 403
895 1348 405
760 1349 115
809 1349 284
950 1349 138
1084 1349 110
709 1351 207
240 1352 767
335 1352 557
509 1352 901
106 1353 358
190 1353 106
501 1353 286
217 1354 733
559 1354 566
851 1354 630
183 1355 825
409 1355 130
435 1355 842
615 1355 872
1109 1357 338
182 1358 232
289 1358 682
1328 1358 518
352 1359 505
1137 1359 659
1222 1359 579
70 1360 108
246 1360 415
360 1360 163
957 1360 333
982 1360 238
1294 1360 309
1116 1361 322
109 1362 369
266 1362 469
305 1362 336
324 1362 464
179 1363 716
226 1363 263
847 1363 473
335 1364 948
997 1364 180
1286 1364 109
1172 1365 114
1033 1366 144
1141 1367 145
1207 1367 273
43 1368 190
421 1368 137
957 1368 698
1123 1368 309
633 1369 146
699 1369 132
287 1370 114
686 1370 276
974 1370 531
1335 1370 358
122 1371 190
841 1371 518
1222 1371 120
88 1372 253
467 1372 218
867 1372 102
999 1372 297
1003 1372 290
1028 1372 218
541 1373 309
1250 1373 192
230 1374 333
701 1374 592
873 1374 337
628 1375 724
784 1375 775
979 1375 773
1148 1375 754
1158 1375 767
461 1376 117
1213 1376 218
42 1377 638
104 1377 638
570 1377 510
706 1377 461
473 1378 468
1181 1378 356
422 1379 249
604 1379 172
1150 1379 404
490 1380 663
661 1380 113
829 1380 266
247 1381 162
354 1381 597
716 1381 877
1276 1381 118
414 1382 118
1305 1382 140
194 1383 896
290 1383 490
463 1383 317
1125 1383 324
1300 1383 488
145 1384 153
447 1384 976
479 1384 270
1363 1384 981
46 1385 152
658 1386 204
673 1386 474
1 1387 120
518 1387 405
749 1387 133
937 1387 104
1076 1387 458
735 1388 243
515 1389 439
1171 1389 310
1326 1389 178
1348 1389 383
457 1390 280
543 1391 340
1042 1391 209
403 1392 748
439 1392 270
684 1392 190
1124 1392 124
1213 1392 253
1246 1392 116
199 1393 444
478 1393 114
59 1394 265
256 1395 503
322 1395 329
410 1395 219
629 1395 267
658 1395 680
22 1396 266
874 1396 116
1027 1396 465
708 1397 639
1310 1397 130
1048 1398 263
1256 1398 265
396 1399 134
1209 1399 920
1062 1400 747
1341 1400 155
629 1401 691
971 1401 147
257 1402 197
213 1403 346
432 1403 390
849 1403 299
398 1404 106
403 1404 121
636 1404 102
896 1404 142
1222 1404 198
1270 1404 126
905 1405 121
1045 1405 207
1243 1405 638
993 1406 969
1064 1406 100
1095 1406 908
59 1407 347
609 1407 227
619 1407 133
1228 1407 119
600 1408 435
1144 1408 751
1191 1408 188
1328 1409 491
101 1410 836
519 1410 118
506 1411 109
1264 1411 137
687 1412 247
908 1412 814
10 1413 232
377 1413 737
533 1413 558
916 1413 833
1125 1413 162
134 1414 186
563 1414 220
138 1415 502
552 1415 198
603 1415 208
1317 1415 227
295 1416 354
1380 1416 335
200 1417 791
987 1417 449
450 1418 231
630 1419 221
753 1420 502
999 1420 101
285 1421 160
398 1421 636
1270 1421 732
23 1422 497
193 1422 246
1321 1423 547
1370 1423 227
213 1424 100
563 1424 117
621 1424 306
292 1425 206
564 1425 245
566 1425 121
876 1425 120
998 1426 425
1068 1426 452
502 1427 257
1196 1427 203
1259 1427 101
234 1428 537
328 1428 646
406 1429 433
597 1429 563
602 1429 509
9 1430 648
131 1430 345
359 1430 145
482 1430 615
601 1430 568
776 1431 260
1252 1431 481
112 1432 563
327 1432 274
582 1432 239
960 1432 280
576 1433 433
622 1433 370
713 1433 210
682 1434 219
994 1434 309
1377 1435 367
79 1436 209
326 1436 333
726 1436 161
1263 1436 371
76 1437 108
578 1437 350
725 1437 593
826 1437 160
930 1437 160
373 1438 275
1171 1438 127
1168 1439 154
285 1440 270
352 1440 214
1359 1440 720
1400 1440 138
50 1441 295
76 1441 132
511 1441 419
556 1442 141
933 1442 735
860 1443 143
122 1444 375
608 1444 479
1046 1444 142
1183 1444 549
972 1445 669
298 1446 276
593 1446 320
803 1446 210
388 1447 110
814 1447 114
1128 1447 100
58 1448 627
1239 1448 118
291 1449 905
791 1449 243
1151 1449 427
147 1450 515
1114 1450 830
970 1451 378
1197 1451 386
1267 1451 108
1337 1451 125
994 1452 407
1089 1452 329
68 1454 125
30 1455 381
1139 1455 901
1167 1455 339
1313 1455 131
1042 1456 246
1123 1456 115
309 1457 479
653 1457 338
352 1458 713
789 1458 272
1392 1458 149
1400 1458 474
450 1459 240
966 1459 128
70 1460 100
360 1460 456
382 1460 119
982 1460 293
298 1461 288
803 1461 938
953 1461 660
1446 1461 116
405 1462 882
1059 1462 956
352 1463 182
711 1463 135
65 1464 173
158 1464 125
204 1464 243
973 1464 649
1170 1464 332
285 1465 470
772 1465 214
1078 1466 914
1157 1466 450
454 1467 443
646 1467 661
764 1467 170
1088 1467 671
1236 1467 106
1419 1467 446
53 1468 638
478 1469 164
1393 1469 984
681 1470 151
807 1470 713
94 1471 109
306 1471 126
652 1471 145
824 1471 100
870 1471 698
1344 1471 330
505 1472 378
567 1472 376
1137 1472 573
1175 1472 532
1309 1472 364
859 1473 305
1020 1473 188
1308 1473 908
1402 1473 185
1243 1474 634
367 1475 204
688 1476 280
1069 1476 138
194 1477 400
574 1477 219
180 1478 409
904 1478 221
1318 1478 601
211 1479 200
217 1479 365
379 1480 287
643 1480 197
812 1480 883
1169 1480 291
159 1481 372
195 1481 702
223 1481 422
1126 1481 488
302 1482 660
350 1482 340
522 1482 192
599 1482 140
294 1483 568
728 1483 540
1339 1483 570
536 1484 182
394 1486 425
976 1487 250
1007 1487 959
1166 1488 162
76 1489 591
256 1490 725
404 1490 587
1272 1490 350
1464 1490 261
80 1491 929
706 1491 152
1404 1491 942
1421 1491 623
191 1492 230
882 1492 207
1348 1492 235
204 1493 198
642 1493 159
1116 1493 454
1274 1493 184
389 1494 170
1469 1494 444
518 1495 107
578 1495 456
669 1495 291
1301 1495 667
1423 1495 107
33 1496 641
140 1496 949
760 1496 433
950 1496 736
1029 1496 127
1084 1496 733
617 1497 163
733 1497 125
408 1498 448
843 1498 978
891 1498 255
983 1498 293
1153 1498 469
209 1499 195
447 1499 599
628 1499 572
451 1500 213
1249 1500 580
1453 1500 380
338 1501 397
776 1502 277
844 1502 744
912 1502 256
980 1502 554
1027 1502 800
1252 1502 274
260 1503 221
417 1503 334
1001 1503 555
234 1504 510
1195 1504 137
1428 1504 104
147 1505 427
537 1505 124
299 1506 639
306 1506 182
874 1506 439
1102 1506 504
648 1507 171
1277 1507 134
532 1508 124
990 1508 149
1135 1508 114
116 1509 112
544 1510 118
89 1511 225
612 1511 253
908 1511 107
942 1511 199
207 1512 141
301 1512 142
325 1512 149
465 1512 772
1204 1512 129
1007 1514 953
448 1515 350
1004 1515 151
1264 1515 894
430 1516 887
1008 1516 351
280 1517 734
440 1517 164
986 1517 755
1067 1517 602
1238 1517 152
1251 1517 378
671 1518 224
822 1518 367
585 1519 296
604 1519 329
1150 1519 164
271 1520 321
1015 1520 477
1065 1520 945
1495 1520 639
951 1521 341
170 1522 101
384 1522 256
514 1523 266
659 1523 983
827 1523 153
926 1523 273
935 1524 329
1503 1524 182
50 1526 311
209 1526 844
1241 1526 286
20 1527 145
302 1527 118
531 1527 342
1010 1527 183
1302 1527 186
265 1528 270
892 1528 119
1112 1528 116
689 1529 865
786 1529 449
327 1530 565
343 1530 532
386 1530 230
889 1530 847
1081 1531 505
1164 1531 910
75 1532 835
326 1532 268
360 1532 527
967 1532 208
1356 1532 957
239 1533 650
1218 1533 533
673 1534 578
823 1534 856
1054 1534 343
1326 1534 507
830 1535 242
1526 1535 112
99 1536 149
330 1536 677
446 1536 127
562 1536 816
774 1536 898
91 1537 738
1104 1537 722
1178 1537 115
1365 1537 818
731 1538 875
808 1538 282
1147 1538 754
1233 1538 373
1239 1538 328
1407 1538 233
974 1539 263
985 1539 107
1159 1539 576
766 1540 919
1317 1540 162
1415 1540 185
1430 1540 151
1449 1540 258
494 1541 179
505 1541 369
1047 1541 337
1175 1541 191
133 1542 386
372 1542 837
496 1542 294
747 1542 114
1185 1542 281
679 1543 156
775 1543 239
876 1543 780
1425 1543 420
139 1544 799
521 1544 338
742 1544 448
768 1544 108
1044 1544 769
259 1545 199
440 1545 225
653 1545 455
1238 1545 213
1457 1545 116
265 1546 252
412 1546 114
892 1546 117
1337 1546 279
1338 1546 233
1528 1546 183
394 1547 456
65 1548 465
158 1548 200
1003 1548 125
1464 1548 127
1490 1548 101
602 1549 550
647 1549 625
458 1550 211
792 1550 211
973 1550 989
65 1551 105
157 1551 140
462 1551 354
535 1551 748
124 1552 538
440 1552 505
584 1552 275
701 1552 279
873 1552 995
568 1553 872
1359 1553 632
1463 1553 309
355 1554 448
487 1554 448
16 1555 214
604 1555 340
738 1555 231
1093 1555 167
1150 1555 165
231 1556 383
441 1556 511
993 1556 378
224 1557 109
238 1557 857
503 1557 595
1214 1558 165
1305 1558 306
1346 1558 102
1444 1558 380
974 1559 260
1159 1559 274
429 1560 359
1205 1560 117
423 1561 300
619 1561 141
1097 1561 185
1163 1561 241
1373 1561 117
309 1562 150
1374 1562 444
586 1563 253
387 1564 111
696 1564 616
691 1565 490
1212 1565 292
1377 1566 368
1435 1566 674
383 1567 144
338 1568 371
951 1568 504
1041 1568 260
1501 1568 253
389 1569 179
1513 1569 214
198 1570 388
40 1571 442
218 1571 249
481 1571 155
144 1572 258
293 1572 313
974 1572 593
1343 1572 576
117 1573 735
564 1573 126
842 1573 239
993 1573 148
901 1574 673
1061 1574 890
498 1575 185
803 1575 928
166 1576 245
517 1576 245
946 1576 345
1026 1576 349
13 1577 948
240 1577 161
895 1577 142
1563 1577 838
1198 1578 236
1475 1578 201
467 1579 295
1372 1579 215
193 1580 194
571 1580 109
713 1580 214
40 1581 331
676 1581 218
1184 1581 211
1323 1581 187
1414 1581 265
206 1582 102
396 1582 132
81 1583 335
162 1583 122
919 1583 406
1118 1583 492
164 1584 381
50 1585 212
230 1585 113
363 1585 130
1172 1585 169
1233 1585 379
1538 1585 507
456 1586 183
909 1586 605
988 1586 105
394 1587 466
1486 1587 406
451 1588 190
140 1589 231
915 1589 865
942 1589 383
1165 1589 102
349 1590 529
506 1590 465
1314 1590 409
154 1591 291
590 1591 122
694 1591 121
733 1591 127
464 1592 158
349 1593 202
808 1593 337
188 1594 865
1226 1594 140
1364 1594 815
1577 1594 260
118 1595 731
868 1595 866
1140 1595 732
1223 1595 759
1257 1595 864
204 1596 332
486 1596 221
642 1596 423
1066 1596 305
1493 1596 201
32 1597 195
243 1597 195
314 1597 341
414 1597 792
837 1597 193
1094 1597 310
1359 1597 625
276 1598 328
319 1598 191
805 1598 129
875 1598 127
329 1599 108
915 1599 805
1002 1599 619
1120 1599 734
776 1600 731
1431 1600 187
126 1601 176
370 1601 184
961 1601 245
1367 1601 244
306 1602 127
922 1602 221
593 1603 252
914 1603 145
1313 1603 566
1564 1603 463
453 1604 351
663 1604 338
1428 1604 685
935 1605 243
1524 1605 210
318 1606 103
326 1606 172
672 1606 803
1564 1607 116
1150 1608 817
1379 1608 122
380 1609 160
735 1609 489
1593 1609 412
326 1610 385
704 1610 241
831 1610 343
833 1610 250
1325 1610 437
1104 1611 529
1155 1611 187
1178 1611 441
1537 1611 717
1 1612 426
635 1612 431
32 1613 125
196 1613 102
1133 1613 461
1382 1613 204
60 1614 276
214 1614 732
1062 1614 768
1246 1614 119
1440 1614 290
1096 1615 101
34 1616 113
150 1616 113
582 1616 194
673 1616 607
250 1617 619
701 1617 115
873 1617 266
941 1617 724
1049 1617 921
328 1618 398
453 1618 861
767 1618 683
1099 1618 703
860 1619 115
1171 1619 269
1438 1619 100
152 1620 156
455 1620 333
1172 1620 720
1365 1620 106
4 1621 219
86 1621 567
430 1621 874
479 1621 160
246 1622 174
778 1622 565
1449 1622 201
1456 1622 314
35 1623 514
196 1623 129
554 1624 131
634 1624 830
1331 1624 241
1333 1625 100
1358 1625 354
357 1626 659
639 1626 286
999 1626 263
210 1627 850
1261 1628 267
1420 1628 173
126 1629 550
217 1629 657
668 1629 134
851 1629 139
373 1630 237
1026 1630 389
1171 1630 165
1361 1630 372
175 1631 967
477 1631 117
1527 1631 165
55 1632 988
564 1633 124
842 1633 606
1079 1634 189
1423 1634 664
1539 1634 261
705 1635 755
1045 1635 585
1243 1635 120
1569 1635 557
550 1636 516
909 1636 309
388 1637 127
814 1637 163
418 1638 259
1201 1638 500
1351 1638 290
44 1639 104
551 1639 168
567 1639 383
1472 1639 338
221 1640 500
922 1640 465
1336 1640 526
9 1641 136
88 1641 107
160 1641 113
166 1641 170
859 1641 378
1329 1641 269
44 1642 278
565 1642 343
898 1642 324
1159 1643 215
900 1644 224
1512 1644 364
657 1645 409
900 1645 305
1145 1645 304
1644 1645 814
81 1646 669
350 1646 406
671 1646 157
1583 1646 635
1263 1647 210
1319 1647 329
254 1648 981
357 1648 489
902 1648 262
1066 1648 225
169 1649 787
368 1649 104
224 1650 202
1557 1650 927
587 1651 490
690 1651 780
284 1652 731
309 1652 827
713 1652 298
852 1652 822
986 1652 969
1232 1652 963
1333 1652 117
1374 1652 236
5 1653 411
167 1653 313
517 1653 101
639 1653 105
50 1654 242
68 1654 125
1454 1654 290
134 1655 186
511 1655 161
745 1655 166
1306 1655 165
1441 1655 119
1616 1655 523
473 1656 338
1012 1656 361
74 1657 524
306 1657 831
641 1657 330
922 1657 660
727 1658 771
979 1658 154
1188 1659 426
1645 1659 306
311 1660 158
839 1660 221
1363 1660 155
753 1661 682
1420 1661 180
25 1662 237
1103 1662 222
503 1663 610
1445 1663 975
1557 1663 147
324 1664 513
381 1664 410
1056 1664 216
1525 1664 443
372 1665 197
747 1665 167
991 1666 354
1665 1666 155
106 1667 111
226 1667 669
238 1668 748
972 1668 802
1254 1669 812
1350 1669 541
1456 1669 521
48 1670 261
736 1670 509
998 1670 170
1072 1670 731
1287 1670 489
1426 1670 595
759 1671 191
1455 1671 182
1509 1671 182
1603 1671 561
1121 1672 177
1129 1672 375
78 1673 753
437 1673 597
586 1673 922
895 1673 554
1563 1673 925
1594 1673 268
438 1674 212
599 1674 106
693 1674 263
731 1674 381
1333 1674 188
1583 1674 905
10 1675 426
897 1675 198
934 1675 233
1125 1675 315
1288 1675 103
1651 1675 333
248 1676 855
772 1676 112
853 1676 796
1073 1676 960
424 1677 239
578 1677 513
1495 1677 570
135 1678 570
588 1678 249
613 1678 130
1194 1678 132
327 1679 154
795 1679 163
889 1679 151
1191 1679 143
284 1680 320
951 1681 329
1521 1681 295
1568 1681 380
1123 1682 174
1350 1682 609
1456 1682 589
640 1683 665
1293 1683 781
1347 1683 383
404 1684 232
999 1684 445
1326 1684 509
1420 1684 105
1628 1684 881
1661 1684 875
386 1685 144
682 1685 890
1530 1685 374
1679 1686 123
353 1687 294
1686 1687 246
1335 1688 872
1644 1688 225
1521 1689 198
264 1690 112
303 1690 202
3 1691 448
1090 1691 290
1121 1691 379
1315 1691 903
1672 1691 557
443 1692 365
959 1692 469
1127 1692 672
490 1693 797
661 1693 206
829 1693 401
1244 1693 282
1380 1693 134
81 1694 812
919 1694 805
1625 1694 872
330 1695 401
698 1695 258
730 1695 279
797 1695 280
1122 1695 273
631 1696 135
747 1696 161
1665 1696 568
1122 1697 120
1695 1697 285
1097 1698 919
1249 1698 832
1366 1698 512
165 1699 657
322 1699 424
945 1699 673
319 1700 631
428 1700 704
1043 1700 115
88 1701 391
787 1701 889
291 1702 187
1020 1702 796
1386 1702 920
817 1703 296
1096 1703 665
1206 1703 223
1615 1703 168
229 1704 564
1444 1704 782
176 1705 180
357 1705 425
449 1705 172
1532 1705 431
1626 1705 234
546 1706 989
1308 1706 889
307 1707 209
1081 1707 711
1126 1707 134
1224 1707 196
380 1708 410
445 1708 501
520 1708 502
521 1708 827
1177 1708 504
180 1709 194
1175 1709 316
336 1710 855
640 1710 678
959 1710 509
1244 1711 537
1262 1711 158
74 1712 259
123 1712 951
26 1713 324
1579 1713 189
363 1714 117
416 1714 101
1342 1714 206
1345 1714 187
978 1715 435
1627 1715 101
160 1716 731
526 1716 781
997 1716 429
1261 1716 386
1684 1716 307
899 1717 283
1280 1717 532
382 1718 356
400 1718 241
1040 1718 432
1596 1718 308
1474 1719 146
248 1720 272
863 1720 945
977 1720 772
1676 1720 112
95 1721 323
593 1721 114
803 1721 801
186 1722 494
254 1722 601
378 1722 513
410 1722 364
877 1722 512
849 1723 295
1484 1723 104
113 1724 143
272 1724 752
898 1724 574
1046 1724 162
1444 1724 126
463 1725 622
646 1725 665
1061 1725 536
1419 1725 449
309 1726 265
986 1726 853
1009 1726 171
1328 1726 149
1422 1726 149
442 1727 243
469 1727 244
79 1728 540
216 1728 764
1480 1728 200
1718 1728 245
1013 1729 589
23 1730 494
81 1730 468
871 1730 110
1482 1730 484
1583 1730 501
1694 1730 344
234 1731 805
255 1731 132
1543 1731 124
618 1732 828
785 1732 460
387 1733 576
466 1733 278
473 1734 311
485 1734 202
680 1734 357
1378 1734 358
20 1735 290
474 1735 129
619 1735 643
1147 1735 798
1407 1735 197
125 1736 135
419 1736 814
946 1736 608
1170 1736 153
1576 1736 346
791 1737 745
1028 1737 436
1647 1737 211
1713 1737 190
37 1738 100
987 1738 567
158 1739 706
209 1739 150
396 1739 143
709 1739 169
849 1739 320
1443 1739 925
290 1740 223
463 1740 174
1030 1740 391
21 1741 344
66 1741 436
904 1741 151
1151 1741 156
1213 1741 740
1371 1741 189
1478 1741 373
84 1742 315
154 1742 410
497 1743 996
1398 1743 271
80 1744 367
325 1744 793
1291 1744 865
408 1745 744
983 1745 296
73 1746 101
103 1746 381
337 1746 946
1372 1746 196
1391 1746 190
1701 1746 187
130 1747 365
366 1747 785
1095 1747 617
647 1748 730
1079 1748 900
1240 1748 733
90 1749 142
124 1749 465
190 1749 106
35 1750 750
461 1750 897
568 1750 878
570 1750 650
1213 1750 185
1377 1750 575
27 1751 357
329 1751 106
625 1751 832
884 1751 424
1191 1751 147
1245 1751 189
596 1752 303
1543 1752 381
177 1753 362
1202 1753 143
809 1754 130
942 1754 582
1029 1754 656
1248 1754 156
153 1755 143
404 1756 296
902 1756 427
1490 1756 238
418 1757 362
987 1757 318
698 1758 480
797 1758 458
110 1759 131
945 1759 147
689 1760 514
815 1760 126
1529 1760 513
168 1761 196
413 1761 180
890 1761 505
1044 1761 160
456 1763 174
1586 1763 970
1675 1763 177
70 1764 338
882 1764 938
1294 1764 167
1325 1764 287
1427 1764 254
1510 1764 655
708 1765 191
1277 1765 168
1108 1766 302
1161 1766 383
63 1767 394
177 1767 396
876 1767 407
1425 1767 160
1419 1768 352
113 1769 342
608 1769 552
695 1769 225
789 1769 133
1023 1769 408
1131 1769 255
1752 1769 146
661 1770 119
1380 1770 592
1416 1770 341
1711 1770 581
581 1771 534
827 1771 438
1476 1771 590
268 1772 374
934 1772 329
544 1773 154
548 1773 265
685 1773 352
38 1774 101
323 1774 863
1547 1774 690
1587 1774 887
585 1775 151
912 1775 185
1264 1775 216
1411 1775 791
83 1776 897
293 1776 155
817 1776 167
1018 1776 177
1050 1776 816
1063 1776 173
1703 1776 137
1025 1777 590
1565 1777 515
1649 1777 444
190 1778 177
619 1778 272
731 1778 221
1268 1778 279
1407 1778 286
1631 1778 257
1646 1778 210
1762 1778 155
215 1779 746
227 1779 212
294 1779 215
361 1779 209
807 1779 208
1467 1779 226
1483 1779 353
126 1780 649
352 1781 784
1222 1781 151
1341 1781 137
1359 1781 427
1553 1781 205
40 1782 186
59 1782 390
106 1782 567
124 1782 675
549 1782 381
717 1782 428
936 1782 225
129 1783 688
353 1783 127
479 1783 134
563 1783 174
1168 1783 302
951 1784 105
1166 1784 157
1681 1784 319
1689 1784 221
138 1785 587
1628 1785 181
1296 1786 461
614 1787 573
829 1787 873
912 1787 468
1502 1787 211
165 1788 159
1420 1788 484
1759 1788 280
1514 1789 487
56 1790 457
158 1790 185
186 1790 148
1055 1790 260
1318 1790 225
1702 1790 760
1765 1790 982
109 1791 519
1362 1791 516
1412 1791 244
156 1792 137
547 1792 165
1786 1792 163
549 1793 106
936 1793 145
1198 1793 234
85 1794 440
504 1794 126
760 1794 720
1176 1794 425
277 1795 237
500 1795 233
739 1795 306
1397 1796 119
199 1797 196
452 1797 203
705 1797 385
1181 1797 142
1393 1797 192
1494 1797 197
121 1798 127
1567 1798 130
781 1799 996
1143 1799 207
1522 1799 954
1588 1800 227
1698 1800 704
382 1801 214
544 1801 215
997 1801 209
1282 1801 236
565 1802 338
837 1802 191
1130 1802 182
1642 1802 372
1741 1802 162
628 1803 688
1136 1803 479
1183 1803 261
1316 1803 735
1720 1803 163
1741 1803 104
17 1804 136
261 1804 935
992 1804 833
1071 1804 305
59 1805 371
501 1805 691
1289 1805 105
1674 1805 104
40 1806 203
302 1806 408
474 1806 144
1228 1806 840
1735 1806 155
59 1807 539
363 1807 121
1022 1807 140
1394 1807 274
1571 1807 184
384 1808 403
987 1808 121
1310 1808 220
1385 1808 226
34 1809 119
129 1809 382
198 1809 967
475 1809 103
582 1809 295
1616 1809 101
1655 1809 153
699 1810 246
880 1810 164
1193 1810 155
957 1811 117
1255 1811 562
1456 1811 672
1622 1811 247
1669 1811 454
1682 1811 522
1699 1811 536
376 1812 130
1262 1812 219
272 1813 130
317 1813 105
1558 1813 131
241 1814 101
333 1814 100
455 1814 317
1620 1814 158
345 1815 486
838 1815 278
630 1816 749
646 1816 212
98 1817 569
742 1817 550
56 1818 152
65 1818 186
1091 1818 277
1548 1818 140
309 1819 356
986 1819 176
1049 1819 271
1562 1819 205
340 1820 461
457 1820 314
597 1820 603
602 1820 648
1748 1820 664
199 1821 473
389 1821 644
705 1821 662
1656 1821 153
601 1822 184
783 1822 324
858 1822 186
1160 1822 375
1303 1822 265
1699 1822 339
1513 1823 151
1635 1823 580
1719 1823 281
1537 1824 724
1611 1824 728
318 1825 962
326 1825 165
373 1825 280
672 1825 728
195 1826 194
307 1826 951
1224 1826 825
1416 1826 132
1707 1826 114
1551 1827 156
1577 1827 130
1746 1827 660
288 1828 328
464 1828 329
728 1828 318
1236 1828 108
221 1829 415
318 1829 461
556 1829 419
1266 1829 336
203 1830 270
504 1830 591
1089 1830 269
1191 1830 248
1434 1830 471
693 1831 168
720 1831 537
649 1832 204
974 1832 375
985 1832 122
1539 1832 111
1634 1832 138
4 1833 184
86 1833 239
479 1833 166
751 1833 428
1008 1833 184
1621 1833 182
1727 1833 426
307 1834 841
1416 1834 218
1707 1834 200
1301 1835 132
1584 1835 845
1677 1835 137
35 1836 630
1324 1836 133
1195 1837 531
1462 1837 990
136 1838 946
330 1838 425
1758 1838 713
152 1839 757
1105 1839 677
1172 1839 986
1233 1839 263
1814 1839 755
232 1840 694
321 1840 753
342 1840 253
1223 1840 544
1280 1840 279
654 1841 565
733 1841 615
833 1841 372
878 1841 666
514 1842 842
659 1842 274
893 1842 253
926 1842 181
429 1843 120
557 1843 288
707 1843 134
718 1843 106
825 1843 854
1560 1843 156
18 1844 111
348 1844 377
589 1845 126
914 1845 310
1729 1845 119
87 1846 110
148 1846 104
369 1846 131
1207 1847 302
58 1848 159
193 1848 292
762 1848 102
1342 1848 936
1527 1848 282
1714 1848 729
52 1849 151
843 1849 341
1153 1849 405
19 1850 398
23 1850 795
671 1850 572
822 1850 198
1580 1850 350
105 1851 322
392 1851 417
1468 1851 563
168 1852 240
236 1852 597
678 1852 205
978 1852 647
265 1853 884
408 1853 108
484 1854 780
1149 1854 740
249 1855 655
289 1855 557
575 1855 364
1232 1855 512
1328 1855 114
1409 1855 653
1625 1855 590
294 1856 473
439 1856 267
1388 1856 504
419 1857 102
543 1857 178
675 1857 436
831 1857 535
1682 1857 122
80 1858 361
301 1858 839
543 1859 854
675 1859 700
878 1859 868
1258 1859 233
1326 1859 503
944 1860 432
1045 1860 221
1569 1860 193
1635 1860 364
1719 1860 219
1823 1860 216
473 1861 393
1181 1861 353
1656 1861 334
1734 1861 705
447 1862 494
523 1862 758
589 1863 107
1157 1863 508
17 1864 170
146 1864 850
261 1864 166
992 1864 165
1115 1864 163
426 1865 233
845 1865 138
1258 1865 267
50 1866 240
164 1866 616
930 1866 156
1437 1866 175
1489 1866 850
1584 1866 235
542 1867 387
777 1867 274
1013 1867 105
1729 1867 464
101 1868 857
115 1868 151
459 1868 592
519 1868 116
773 1868 129
79 1869 314
188 1869 177
535 1869 302
673 1869 760
1020 1869 457
1386 1869 285
1473 1869 268
1534 1869 182
262 1870 146
537 1870 127
788 1870 599
911 1870 230
1161 1870 244
1450 1870 131
31 1871 780
284 1871 145
506 1871 825
94 1872 445
764 1873 613
1088 1873 229
257 1874 340
337 1874 229
639 1874 260
823 1874 154
1534 1874 240
48 1875 358
169 1875 199
573 1875 357
37 1876 257
375 1876 119
658 1876 124
1286 1876 107
1352 1876 122
1395 1876 192
1415 1876 216
1473 1876 121
1788 1876 151
74 1877 619
123 1877 416
722 1877 480
831 1878 129
1003 1878 749
1106 1878 787
1226 1878 356
1436 1878 162
534 1879 257
696 1879 467
779 1879 530
409 1880 185
444 1880 301
615 1880 118
1355 1880 315
1533 1881 809
1799 1881 201
1090 1882 277
1672 1882 772
120 1883 425
171 1883 112
435 1883 819
493 1883 214
524 1884 612
792 1884 742
896 1884 944
590 1885 595
694 1885 561
633 1886 386
860 1886 632
1755 1886 127
373 1887 291
845 1887 655
1361 1887 161
1492 1887 195
291 1888 768
1227 1888 159
1318 1888 259
1790 1888 347
1222 1889 358
1341 1889 205
1704 1889 359
340 1890 108
597 1890 193
647 1890 333
1748 1890 726
1820 1890 622
387 1891 111
696 1891 617
914 1891 317
1607 1891 116
1733 1891 117
217 1892 722
995 1892 870
1014 1892 136
1629 1892 647
1780 1892 337
175 1893 968
847 1893 475
304 1894 325
739 1894 108
853 1894 231
246 1895 209
1622 1895 350
728 1896 208
1171 1896 109
6 1897 726
543 1897 208
675 1897 406
787 1897 677
878 1897 207
1391 1897 174
1859 1897 294
593 1898 395
662 1898 241
329 1899 109
1332 1899 657
1408 1899 649
330 1900 696
611 1900 706
503 1901 610
1650 1901 630
649 1902 372
1055 1902 217
194 1903 395
855 1903 197
1383 1903 500
1477 1903 512
1740 1903 832
773 1904 709
783 1904 568
1123 1904 169
1193 1905 207
1278 1905 144
264 1906 136
484 1906 869
1762 1907 432
1856 1907 815
157 1908 295
637 1908 186
516 1909 632
907 1909 540
1204 1909 570
1335 1909 474
1896 1910 220
45 1911 726
422 1911 126
1312 1911 112
557 1912 313
710 1912 132
976 1912 248
699 1913 187
1323 1913 715
1484 1913 127
21 1914 371
113 1914 894
755 1914 357
1371 1914 463
1709 1914 160
74 1915 551
123 1915 906
306 1915 244
922 1915 173
1657 1915 107
97 1916 434
345 1916 650
1357 1916 636
374 1917 457
968 1917 322
991 1917 112
1591 1917 578
55 1918 765
844 1918 194
1031 1918 237
1412 1918 273
1632 1918 666
598 1919 284
763 1919 113
1279 1919 159
1753 1919 260
289 1920 985
477 1920 299
575 1920 641
1631 1920 878
703 1921 322
746 1921 393
1146 1921 210
1179 1921 254
1343 1921 185
1005 1922 733
1446 1922 106
1461 1922 977
70 1923 467
400 1923 370
643 1923 591
812 1923 483
1169 1923 423
1480 1923 394
1610 1923 582
1785 1923 547
545 1924 457
859 1924 776
1116 1924 276
1577 1924 129
188 1925 147
639 1925 162
1123 1925 171
1653 1925 572
16 1926 191
1093 1926 211
1199 1926 306
299 1927 197
1174 1927 189
1570 1927 189
1287 1928 493
1296 1928 461
1792 1928 163
1182 1929 160
1207 1929 326
1214 1929 543
1305 1929 858
1558 1929 220
1813 1929 891
238 1930 574
718 1930 130
1205 1930 126
1668 1930 174
398 1931 178
695 1931 750
938 1931 470
1465 1931 305
1720 1931 327
1836 1931 327
691 1932 104
991 1932 351
1025 1932 447
1649 1932 446
1777 1932 142
741 1933 246
848 1933 687
1158 1933 183
1485 1933 440
106 1934 151
501 1934 799
1667 1934 395
50 1935 220
154 1935 435
590 1935 220
617 1935 192
694 1935 223
1591 1935 144
636 1936 616
666 1936 117
1130 1936 104
407 1937 206
499 1937 159
701 1937 207
731 1937 152
847 1937 159
660 1938 201
884 1938 113
901 1938 195
1245 1938 220
180 1939 213
620 1939 431
1724 1939 234
43 1940 484
204 1940 661
283 1941 186
793 1941 822
1000 1941 182
1343 1941 428
859 1942 311
1116 1942 322
340 1943 282
741 1943 171
1158 1943 169
1485 1943 170
360 1944 514
1204 1944 569
1360 1944 351
42 1945 274
229 1945 123
530 1945 685
383 1946 844
497 1946 106
17 1947 261
513 1947 248
750 1947 311
1053 1947 109
1219 1947 247
1598 1947 116
1804 1947 247
577 1948 134
358 1949 469
442 1949 613
288 1950 105
464 1950 115
1828 1950 317
1910 1950 130
10 1951 189
897 1951 389
1125 1951 205
1152 1951 934
301 1952 228
1421 1952 234
1744 1952 228
1930 1952 235
231 1953 590
564 1953 124
842 1953 491
993 1953 422
1573 1953 190
1164 1954 981
1224 1954 202
291 1955 814
1127 1955 709
1449 1955 172
1692 1955 365
1888 1955 464
186 1956 205
743 1956 118
997 1956 112
1393 1957 134
1494 1957 805
372 1958 268
747 1958 238
1666 1958 844
180 1959 294
1136 1959 633
1741 1959 258
1192 1960 188
569 1961 583
717 1961 172
1571 1961 270
1592 1962 631
1828 1962 321
1910 1962 946
1950 1962 360
21 1963 153
66 1963 403
670 1963 273
369 1964 740
587 1964 235
744 1964 748
1423 1964 159
358 1965 213
442 1965 220
890 1965 637
1056 1965 200
1664 1965 157
1727 1965 221
5 1966 269
167 1966 649
334 1966 655
1026 1966 703
1325 1966 290
1669 1966 121
44 1967 259
104 1967 431
220 1967 157
841 1967 240
938 1967 392
1639 1967 155
1752 1967 460
296 1968 482
1027 1968 196
312 1969 129
383 1969 222
756 1969 200
1582 1969 201
120 1970 431
171 1970 415
816 1970 104
906 1970 405
1016 1970 397
1948 1970 405
269 1971 252
504 1971 314
1794 1971 440
195 1972 279
244 1972 858
1481 1972 423
1104 1973 540
1824 1973 738
3 1974 821
239 1974 414
931 1974 820
1143 1974 627
1284 1974 610
29 1975 204
1450 1975 535
403 1976 104
414 1976 608
524 1976 239
879 1976 780
1642 1976 356
672 1977 794
1356 1977 638
1606 1977 828
269 1978 215
1794 1978 439
435 1979 849
939 1979 328
185 1980 358
356 1980 859
861 1980 840
426 1981 281
845 1981 487
859 1981 314
1196 1981 139
1887 1981 167
745 1982 510
1402 1982 697
1655 1982 343
1927 1982 697
103 1983 647
437 1983 898
999 1983 204
1661 1983 121
101 1984 107
115 1984 421
379 1984 505
1091 1984 277
785 1985 127
1041 1985 828
1488 1985 824
1501 1985 827
1681 1985 840
580 1986 763
1085 1986 490
326 1987 304
997 1987 199
1628 1987 134
1716 1987 156
1785 1987 466
652 1988 833
1344 1988 268
1872 1988 666
938 1989 232
1047 1989 336
1107 1989 357
1939 1989 146
1312 1990 822
1479 1990 466
1911 1990 306
570 1991 244
706 1991 250
1130 1991 108
1435 1991 118
1623 1991 146
207 1992 931
523 1992 119
1204 1992 807
197 1993 598
350 1993 781
454 1993 443
1088 1993 215
1768 1993 445
237 1994 639
1690 1994 616
1758 1994 108
679 1995 140
1447 1995 401
1543 1995 157
1837 1995 329
495 1996 104
1173 1996 237
1297 1996 687
95 1997 112
1135 1997 111
1273 1997 104
1898 1997 304
1634 1998 213
1643 1998 119
1832 1998 116
233 1999 554
655 1999 969
626 2000 764
1525 2000 113
1664 2000 157
1850 2000 228
