1
0
1
1
1000000
0
0
0
0
1
5 13 821
9 25 152
19 29 128
19 37 129
35 38 209
27 40 341
8 42 702
25 43 149
33 43 101
13 46 591
23 50 379
2 52 826
17 53 171
13 54 467
23 55 528
50 55 382
39 58 826
22 62 276
58 69 590
57 70 262
72 73 170
50 74 443
49 77 122
7 79 494
9 81 255
29 81 770
1 82 454
36 85 312
50 86 136
23 87 519
74 87 148
12 89 781
70 90 395
74 91 103
87 91 130
50 94 492
28 95 275
44 97 129
47 98 611
83 98 569
25 101 610
33 101 169
82 101 101
95 101 109
85 102 798
32 103 250
69 103 182
8 105 182
64 106 379
10 107 698
62 107 103
40 111 273
19 112 151
37 112 129
74 113 242
86 113 902
6 114 754
63 117 737
26 119 325
49 119 326
28 121 407
101 121 325
108 121 132
1 122 121
33 122 400
62 122 288
101 122 176
108 123 644
71 124 314
115 124 191
88 125 211
34 127 647
50 127 354
55 127 479
79 128 521
57 129 338
70 129 262
18 131 353
101 131 153
32 132 466
103 132 542
19 133 160
112 133 160
95 135 237
122 135 717
126 136 831
34 139 647
50 139 354
55 139 479
127 139 303
101 140 282
15 141 129
125 141 251
37 142 224
136 145 116
23 147 183
50 147 355
55 147 184
10 148 359
66 150 373
116 151 983
39 152 102
69 152 145
120 152 448
65 153 337
92 154 850
94 154 225
131 154 235
4 158 711
13 159 664
152 159 286
156 159 183
68 161 110
79 162 585
100 162 815
32 163 108
69 163 414
103 163 326
132 163 817
161 166 785
14 167 303
94 167 108
29 168 526
81 168 770
8 169 382
17 169 270
44 169 176
53 169 468
31 171 241
151 171 166
82 172 176
151 172 298
155 172 922
19 173 123
44 173 227
97 173 129
82 175 120
140 175 526
39 176 109
152 176 102
29 179 218
81 179 118
168 179 218
12 180 572
15 180 378
56 180 213
115 181 118
59 183 432
18 184 544
57 184 263
129 184 263
25 186 906
43 186 564
115 186 998
5 187 620
37 187 144
120 187 821
142 187 135
159 187 222
108 188 918
170 188 305
109 190 576
19 191 682
37 191 129
44 191 123
112 191 123
133 191 160
168 191 128
106 192 361
7 193 390
51 193 243
53 194 632
24 195 535
67 195 127
99 195 786
60 196 511
190 198 153
70 199 395
90 199 187
10 200 134
30 201 297
167 202 356
176 202 189
87 203 651
91 203 130
2 204 429
36 204 384
24 205 464
192 205 665
28 206 101
108 206 165
89 207 380
178 208 105
133 209 955
142 209 133
187 209 122
44 211 194
97 211 129
112 211 123
173 211 132
35 213 109
15 214 909
151 214 106
24 215 546
67 215 121
161 215 234
166 215 118
9 216 516
115 216 269
186 216 212
144 217 104
155 218 412
75 219 619
210 220 861
142 221 117
156 221 486
159 221 295
142 222 100
157 224 567
213 224 788
56 225 119
200 228 855
80 229 477
104 229 959
89 230 324
26 231 340
92 232 341
97 233 848
120 233 576
209 233 115
114 234 797
84 235 200
135 235 966
32 236 217
58 236 151
132 236 383
43 237 130
107 237 100
90 238 222
184 238 210
199 238 222
22 239 676
107 239 164
73 242 148
222 243 203
177 244 887
164 245 133
30 246 939
29 247 335
156 247 513
159 247 135
167 247 407
168 247 335
221 247 249
229 248 113
18 249 723
93 249 104
131 249 692
1 251 275
89 251 145
180 251 459
58 252 923
69 252 360
103 252 369
163 252 276
15 253 395
125 253 158
113 254 368
165 254 284
217 254 455
177 255 495
27 256 209
241 256 175
192 258 446
207 259 689
110 260 524
46 261 536
212 261 399
246 261 560
135 263 252
259 263 253
149 264 783
178 265 102
208 265 517
9 266 108
72 266 183
265 266 301
18 267 557
23 267 539
34 267 629
147 267 177
90 268 118
117 268 260
184 268 911
199 268 118
238 268 274
6 269 935
54 269 306
104 269 567
248 269 625
165 270 212
225 271 198
86 272 217
206 272 392
22 274 242
17 275 703
194 275 986
226 278 508
56 279 114
150 281 665
52 282 419
210 282 396
277 282 386
274 283 100
71 284 575
148 284 648
242 284 419
120 285 739
233 285 261
100 286 707
99 287 448
158 287 290
41 288 675
122 288 168
235 288 332
49 289 481
48 290 672
273 290 326
39 291 999
152 291 932
176 291 999
221 291 924
252 291 705
2 292 105
36 292 615
213 292 149
155 293 643
276 293 337
46 296 419
54 296 353
205 296 445
201 298 363
246 298 739
264 298 501
74 299 323
87 299 275
91 299 246
261 300 565
231 301 622
225 303 900
96 304 273
24 306 783
166 306 712
192 306 420
297 307 189
203 308 186
217 308 781
188 309 669
18 310 312
34 310 572
129 310 565
131 310 264
154 310 233
249 310 548
174 311 133
200 311 256
93 312 287
70 313 551
94 313 452
131 313 266
139 313 565
154 313 237
310 313 132
1 314 698
33 314 147
82 314 275
251 314 454
241 315 189
58 316 245
69 316 475
103 316 295
163 316 319
252 316 148
255 317 642
85 318 189
42 319 485
37 321 138
44 321 927
120 321 666
173 321 927
176 321 111
211 321 927
285 321 669
13 322 630
30 322 962
261 322 568
6 323 708
258 323 599
143 324 563
244 324 114
307 324 111
70 325 914
155 325 412
218 325 140
66 326 932
198 326 939
281 326 614
117 327 188
301 327 836
22 328 877
147 328 108
270 328 123
283 328 377
81 329 535
156 329 352
159 329 174
179 329 116
209 329 144
221 329 427
312 329 629
62 330 110
249 330 181
271 330 857
32 331 344
69 331 227
103 331 919
132 331 132
163 331 505
252 331 618
316 331 436
35 332 423
141 332 998
180 332 490
276 333 665
293 333 337
246 334 708
298 334 361
26 335 416
138 336 858
201 336 589
63 337 393
117 339 853
240 339 219
214 340 310
66 341 937
128 341 471
160 342 464
42 343 103
276 344 424
293 344 312
333 344 424
154 345 672
167 345 814
168 345 224
202 345 105
126 346 611
70 347 424
90 347 475
94 347 493
199 347 475
238 347 418
268 347 793
85 348 115
204 348 708
171 349 801
161 350 492
53 351 478
109 352 207
137 352 172
217 352 144
33 353 878
95 353 613
135 353 386
263 353 725
23 354 426
34 354 371
147 354 322
203 354 432
267 354 395
63 355 977
268 355 361
122 356 116
288 356 371
214 357 748
170 358 587
357 358 111
28 359 149
43 360 117
178 360 331
220 361 317
348 362 820
343 363 964
346 364 130
42 365 450
194 365 901
275 365 104
325 365 989
83 366 280
351 367 116
240 368 101
74 369 217
127 369 519
299 369 661
61 370 700
182 370 958
81 371 224
97 371 164
132 371 908
78 372 476
98 372 358
149 372 132
157 372 578
366 372 718
284 373 555
78 374 336
220 374 385
337 374 218
39 375 514
152 375 857
167 375 133
176 375 514
247 375 128
291 375 105
198 376 140
338 376 439
23 377 312
34 377 282
147 377 445
249 377 471
267 377 295
354 377 117
206 378 113
359 378 321
239 379 146
274 379 827
155 380 291
214 380 950
344 380 197
355 380 685
8 381 180
105 381 182
169 381 382
328 382 310
29 383 106
39 383 127
156 383 101
159 383 187
168 383 106
221 383 510
247 383 488
286 384 627
294 384 149
223 385 844
262 385 169
223 386 896
160 387 290
186 387 367
312 387 141
35 388 217
38 388 574
88 388 313
33 389 372
101 389 476
121 389 102
186 389 259
355 391 699
380 391 331
45 392 193
126 392 573
193 393 379
341 393 142
97 394 297
105 394 221
120 394 781
233 394 220
285 394 139
45 395 922
279 395 193
120 396 391
142 396 155
233 396 676
285 396 912
291 396 114
321 396 802
394 396 975
54 397 431
280 397 379
148 398 185
364 398 126
367 398 179
258 399 846
306 399 755
64 400 411
192 400 389
205 400 939
262 400 554
350 400 426
118 401 186
227 401 651
77 402 121
119 402 317
335 402 101
96 403 362
373 403 156
25 404 432
41 404 400
43 404 420
107 404 212
122 404 295
237 404 189
266 404 102
23 405 481
50 405 179
55 405 485
91 405 452
147 405 296
267 405 442
354 405 372
377 405 892
319 406 851
343 406 179
363 406 207
77 407 268
335 407 281
385 407 287
386 407 282
244 408 243
327 408 759
68 410 490
219 410 112
262 410 380
125 411 616
141 411 816
332 411 447
388 411 470
126 412 121
145 412 974
364 412 623
153 413 402
338 413 502
368 414 754
302 415 136
317 415 132
261 416 666
298 416 304
199 417 832
218 417 121
275 417 106
325 417 121
355 417 676
391 417 208
68 419 477
223 419 110
262 419 373
350 419 310
185 420 246
338 420 135
24 421 288
161 421 484
306 421 455
400 421 420
410 421 312
58 422 694
69 422 590
176 422 826
236 422 151
252 422 923
316 422 245
287 423 525
306 423 651
134 424 252
311 424 761
8 425 382
17 425 270
53 425 468
169 425 347
173 425 176
381 425 382
17 426 213
53 426 171
169 426 270
321 426 193
425 426 270
66 427 102
228 427 684
341 427 105
195 428 605
205 428 734
371 429 955
308 430 423
359 430 321
243 431 176
379 431 197
190 432 161
206 432 646
273 433 336
119 434 242
289 434 982
364 435 187
367 435 330
9 436 124
20 436 453
25 436 681
115 436 424
371 436 117
41 437 313
72 437 729
266 437 244
418 437 345
278 438 400
358 438 128
265 439 382
373 439 514
29 440 106
37 440 164
156 440 101
159 440 187
168 440 106
176 440 127
202 440 388
221 440 510
247 440 488
383 440 904
24 441 428
99 441 124
296 441 412
397 441 522
423 441 210
78 442 250
149 442 106
82 443 191
121 443 653
188 443 591
144 444 540
190 444 258
326 444 269
352 444 128
409 444 505
74 445 217
299 445 661
369 445 851
134 446 723
311 446 304
165 447 193
263 447 659
123 448 623
193 448 281
20 449 297
373 449 553
208 450 183
122 452 191
140 452 136
257 452 284
417 453 153
54 454 548
104 454 156
14 455 113
200 455 617
375 455 493
66 456 133
228 456 959
387 456 503
85 457 136
442 457 103
378 458 208
212 459 851
300 459 133
143 460 883
244 460 429
255 460 889
363 461 143
406 461 134
75 462 868
143 462 686
255 462 690
64 463 368
260 463 535
300 463 721
4 464 603
80 464 737
248 464 219
361 464 853
390 464 633
11 465 109
280 466 581
421 466 469
423 466 678
441 466 100
453 467 566
182 468 643
177 469 156
262 469 403
408 469 458
151 470 301
172 470 283
180 470 433
314 470 482
349 470 458
259 471 105
447 471 187
308 472 106
458 472 214
84 473 165
135 473 467
165 473 362
196 473 359
447 473 445
7 474 475
286 474 611
320 474 994
448 474 203
60 475 431
353 475 610
430 475 768
447 475 573
473 475 413
31 476 689
151 476 230
170 476 609
172 476 100
443 476 179
200 477 480
331 477 129
424 477 137
344 478 204
355 478 407
453 478 304
467 478 197
11 479 714
428 479 120
459 479 393
18 480 312
57 480 565
131 480 264
154 480 233
249 480 548
310 480 118
313 480 132
194 481 639
275 481 181
319 481 393
391 481 119
461 481 100
108 482 179
198 482 276
281 482 107
432 482 253
67 483 573
166 483 564
1 484 397
59 484 799
175 484 279
452 484 161
27 485 210
185 485 342
60 486 101
196 486 340
116 487 315
172 487 599
411 487 120
379 488 540
431 488 144
412 489 167
435 489 211
438 489 291
92 490 146
409 490 131
59 491 546
304 491 153
403 491 135
411 491 112
18 492 106
93 492 328
312 492 234
231 493 119
410 493 442
466 493 841
469 493 473
111 494 531
241 494 480
406 494 754
244 495 136
307 495 132
55 496 560
90 496 545
94 496 630
154 496 234
202 496 103
313 496 159
343 497 202
365 497 103
226 498 153
357 498 208
438 498 167
257 499 310
486 499 209
146 500 584
225 500 631
279 500 120
362 501 563
483 501 128
183 502 110
38 503 149
240 504 682
322 504 782
65 505 344
146 505 490
413 505 412
335 506 593
386 506 597
51 507 273
393 507 460
427 507 261
56 508 281
392 508 459
395 508 127
412 508 824
125 509 363
149 510 160
157 510 285
318 510 227
457 510 154
146 511 757
214 511 603
225 511 840
315 511 172
253 512 119
271 513 360
303 513 528
309 513 148
347 513 156
78 514 133
98 514 691
164 514 460
337 514 423
231 515 777
327 515 114
385 515 526
469 515 911
305 516 169
93 517 129
310 517 983
312 517 894
345 517 231
429 517 359
492 517 930
209 518 723
96 519 440
373 519 740
450 519 186
326 520 957
376 520 140
4 521 288
273 521 589
361 521 402
134 522 190
516 522 546
224 523 506
372 523 190
116 524 505
141 524 100
214 524 506
315 524 267
498 524 642
254 525 347
270 525 245
382 525 650
458 525 195
19 526 160
112 526 160
133 526 102
179 526 148
191 526 160
209 526 955
337 527 432
407 527 290
264 528 205
510 528 807
275 529 978
461 529 355
497 529 213
73 530 177
115 530 112
228 530 128
387 530 216
8 531 274
105 531 109
233 531 169
381 531 274
41 532 147
72 532 872
73 532 211
237 532 118
356 532 932
387 532 270
404 532 315
281 534 957
309 534 769
520 534 762
276 535 605
293 535 216
333 535 605
453 535 522
467 535 634
42 536 450
194 536 901
275 536 104
365 536 128
425 536 690
7 538 541
128 538 573
393 538 222
295 539 224
487 539 132
491 539 143
135 540 208
235 540 180
263 540 120
356 540 120
343 542 250
363 542 337
406 542 290
461 542 250
192 543 312
428 543 326
501 543 189
30 544 950
201 544 720
334 544 715
368 544 123
504 544 774
170 545 201
185 545 117
384 545 829
438 545 234
155 546 242
225 546 152
319 546 952
355 546 719
380 546 144
391 546 255
26 547 198
158 547 742
220 547 325
521 547 415
158 548 552
220 548 112
464 548 485
32 549 124
103 549 250
132 549 466
163 549 108
236 549 217
331 549 344
429 549 100
469 550 441
298 551 374
370 551 549
528 551 534
57 552 207
129 552 207
184 552 225
238 552 325
249 552 441
268 552 299
271 552 182
546 552 585
160 553 200
124 554 587
130 554 135
233 554 450
242 554 236
518 554 339
530 554 321
75 555 651
255 555 545
537 555 759
196 556 330
295 557 463
388 557 130
491 557 860
503 557 132
9 558 245
20 558 241
265 558 591
203 559 611
369 559 320
445 559 320
302 560 226
471 560 329
183 561 984
279 561 401
349 561 108
512 561 493
174 562 647
239 562 174
311 562 167
93 563 181
152 563 103
159 563 758
167 563 180
202 563 190
312 563 170
492 563 171
170 564 528
303 564 753
309 564 897
468 565 246
472 566 881
553 566 310
43 567 118
71 567 837
115 567 107
436 567 144
47 568 290
83 568 452
339 568 613
368 568 272
86 569 317
144 569 240
254 569 868
330 569 916
377 569 210
382 569 101
96 570 222
403 570 432
343 571 147
363 571 964
406 571 179
497 571 202
542 571 250
71 572 477
97 572 224
124 572 924
284 572 261
436 572 342
449 572 452
52 573 660
204 573 363
362 573 846
386 573 156
33 574 246
62 574 271
122 574 248
207 574 111
237 574 787
251 574 186
263 574 168
356 574 315
51 575 124
150 575 485
162 575 378
305 575 354
427 575 121
348 576 744
457 576 826
148 577 114
222 577 172
364 577 616
396 577 445
148 578 228
222 578 223
541 578 135
242 579 325
284 579 371
418 579 476
509 579 359
460 580 145
495 580 840
48 581 100
80 581 375
273 581 677
361 581 442
223 582 845
230 582 144
87 583 593
91 583 109
203 583 668
254 583 127
377 583 414
559 583 560
181 584 101
522 584 128
415 585 149
228 587 548
477 587 268
11 588 514
102 588 367
348 588 152
501 588 992
103 589 102
181 589 125
530 589 578
587 589 146
290 590 456
434 590 283
195 591 156
287 591 312
306 591 201
483 591 313
543 591 129
74 592 217
139 592 519
299 592 661
369 592 543
445 592 100
559 592 320
54 593 682
269 593 681
280 593 561
408 593 758
93 594 186
156 594 439
167 594 125
202 594 498
312 594 249
492 594 278
563 594 183
212 595 581
264 595 279
416 595 106
442 595 700
586 595 102
15 596 119
512 596 396
561 596 564
46 597 417
64 597 275
106 597 100
205 597 442
300 597 434
465 597 494
479 597 357
30 598 820
257 599 518
484 599 254
134 600 223
589 600 145
76 601 723
128 601 131
162 601 350
427 601 475
19 602 443
37 602 674
112 602 443
142 602 518
187 602 183
191 602 443
247 602 390
17 603 346
53 603 114
105 603 659
285 603 210
426 603 346
481 603 748
531 603 131
57 604 262
70 604 153
90 604 396
129 604 262
154 604 447
199 604 396
218 604 914
347 604 424
117 605 783
337 605 381
515 605 616
550 605 152
39 606 189
167 606 356
202 606 324
345 606 105
383 606 388
563 606 190
594 606 498
95 607 644
359 607 193
430 607 483
473 607 605
475 607 130
556 607 240
1 608 181
253 608 245
288 608 477
47 609 299
334 609 612
368 609 956
177 610 282
219 610 402
262 610 673
555 610 592
250 611 183
363 611 104
406 611 104
461 611 113
529 611 109
542 611 108
210 612 462
277 612 449
547 612 393
47 613 222
339 613 372
514 613 156
605 613 267
130 614 407
286 614 182
446 614 128
174 615 715
221 615 704
222 615 638
239 615 550
431 615 609
25 616 209
121 616 192
123 616 357
186 616 272
92 617 805
228 617 122
341 617 130
456 617 443
344 618 324
395 618 668
453 618 680
467 618 308
478 618 549
183 619 933
110 620 255
259 620 234
560 620 121
13 621 473
504 621 553
563 621 519
593 621 695
32 622 100
179 622 157
371 622 955
429 622 213
22 623 152
330 623 259
382 623 124
562 623 430
42 624 168
319 624 485
365 624 450
381 624 702
536 624 450
571 624 103
258 625 921
12 626 514
36 626 677
157 626 704
213 626 461
318 626 158
332 626 447
471 627 238
46 628 842
106 628 386
416 628 312
586 628 423
100 629 129
351 629 142
455 629 817
93 630 851
167 630 832
202 630 108
221 630 183
239 630 106
291 630 186
312 630 657
492 630 676
563 630 230
594 630 892
606 630 108
625 631 934
90 632 832
218 632 121
325 632 121
355 632 676
391 632 208
417 632 112
304 633 310
491 633 305
503 633 120
570 633 155
5 634 157
212 634 208
322 634 376
598 634 117
344 635 121
391 635 161
453 635 127
467 635 101
478 635 245
618 635 443
305 636 300
427 636 428
587 636 152
76 637 488
256 637 260
315 637 140
420 637 317
78 638 486
366 638 741
230 639 133
260 639 316
613 639 141
128 640 538
518 640 934
541 640 950
617 640 199
79 641 629
100 641 936
474 641 598
38 642 989
116 642 115
108 643 147
553 643 584
623 643 931
23 644 528
50 644 382
55 644 114
127 644 479
139 644 479
147 644 184
299 644 509
405 644 485
240 645 676
260 645 562
550 645 560
609 645 649
613 645 132
166 646 771
192 646 439
350 646 486
501 646 252
625 646 892
323 647 583
628 647 474
74 648 756
87 648 501
91 648 815
147 648 374
203 648 218
270 648 106
299 648 613
583 648 323
290 649 476
297 649 113
301 649 843
72 650 288
242 650 185
418 650 535
518 650 150
12 651 855
36 651 142
230 651 238
13 652 359
152 652 697
269 652 413
621 652 418
628 652 317
261 653 395
334 653 464
416 653 373
463 653 466
504 653 489
645 653 485
155 654 374
184 654 894
355 654 651
380 654 131
391 654 943
546 654 688
397 655 502
454 655 670
61 657 378
106 657 328
300 657 576
416 657 273
463 657 320
551 657 329
16 658 690
651 658 118
29 659 134
39 659 745
173 659 128
176 659 745
371 659 590
375 659 304
429 659 154
622 659 154
90 660 533
184 660 365
199 660 533
238 660 223
268 660 121
347 660 479
391 660 799
552 660 240
212 661 267
246 661 290
264 661 101
598 661 527
31 662 437
153 662 361
170 662 404
19 663 129
37 663 123
112 663 129
142 663 224
187 663 144
191 663 129
383 663 164
602 663 674
59 664 273
172 664 689
175 664 855
539 664 129
619 664 114
25 665 193
81 665 393
93 665 170
131 665 998
312 665 107
345 665 162
371 665 521
492 665 112
517 665 542
374 666 798
390 666 105
442 666 755
548 666 697
576 666 638
586 666 492
314 667 240
484 667 325
599 667 116
117 668 207
240 668 873
408 668 733
550 668 689
621 668 674
403 669 276
449 669 104
539 669 246
266 670 124
284 670 170
418 670 932
439 670 471
578 670 257
650 670 340
304 671 203
503 671 718
557 671 465
10 672 777
73 672 124
266 672 516
284 672 582
404 672 104
436 672 958
565 672 501
567 672 285
141 673 147
242 673 328
509 673 219
6 674 704
69 674 788
138 674 570
647 674 580
652 674 360
130 675 159
160 675 197
342 675 342
446 675 105
530 675 255
600 675 698
102 676 111
457 676 196
459 676 562
528 676 122
595 676 213
657 676 361
164 677 377
656 677 321
658 677 722
116 678 158
294 678 473
476 678 121
487 678 105
545 678 309
203 679 685
369 679 849
445 679 849
559 679 671
583 679 338
592 679 849
607 679 341
463 680 523
4 681 727
80 681 931
273 681 149
297 682 121
408 682 789
495 682 831
106 683 420
465 683 739
588 683 419
631 683 545
646 683 530
238 684 567
355 684 731
380 684 108
391 684 160
417 684 906
508 684 510
546 684 434
618 684 110
632 684 906
654 684 594
17 685 565
53 685 425
105 685 752
364 685 587
396 685 461
426 685 565
531 685 446
603 685 675
71 686 932
373 686 992
519 686 292
570 686 326
38 687 170
295 687 452
388 687 131
487 687 818
642 687 235
33 688 125
257 688 152
360 688 122
452 688 239
667 688 367
39 689 132
152 689 111
156 689 142
176 689 132
285 689 123
291 689 570
316 689 850
375 689 370
594 689 211
284 690 120
398 690 714
403 690 699
411 690 620
509 690 350
673 690 345
51 691 147
123 691 545
286 691 424
446 691 969
448 691 434
522 691 340
138 692 538
201 692 418
322 692 987
416 692 342
504 692 436
652 692 347
91 693 508
317 693 848
460 693 133
585 693 916
60 694 148
353 694 136
499 694 103
688 694 242
506 695 270
573 695 375
75 696 707
537 696 838
227 697 627
42 698 391
105 698 716
319 698 553
481 698 136
542 698 972
624 698 391
654 698 986
204 700 328
374 700 321
527 700 119
576 700 343
40 701 240
278 701 752
485 701 167
545 701 184
35 702 171
145 702 264
388 702 799
494 702 429
1 703 580
15 703 148
251 703 523
340 703 133
356 703 178
608 703 263
197 704 155
674 704 478
642 705 787
678 705 278
687 705 118
701 705 719
5 707 840
46 707 139
212 707 130
479 707 313
586 707 528
111 708 223
194 708 174
303 708 128
351 708 125
227 709 810
488 709 665
64 710 427
350 710 443
465 710 136
680 710 652
683 710 479
26 711 425
49 711 968
220 711 260
337 711 422
407 711 285
515 711 533
433 712 542
581 712 141
42 713 307
319 713 838
363 713 770
380 713 807
481 713 267
524 713 314
531 713 559
624 713 307
698 713 333
340 714 835
356 714 883
387 714 169
389 714 149
553 714 392
6 715 106
104 715 613
234 715 115
357 716 188
93 717 129
179 717 280
312 717 894
345 717 231
480 717 983
492 717 930
517 717 922
622 717 359
665 717 542
57 718 533
70 718 669
82 718 307
129 718 533
131 718 510
155 718 999
184 718 668
552 718 339
604 718 669
271 719 265
340 719 110
511 719 483
520 719 127
8 720 343
97 720 186
105 720 192
169 720 344
381 720 343
425 720 344
531 720 254
178 721 128
360 721 210
450 721 744
451 721 909
567 721 262
686 721 141
94 722 630
154 722 234
199 722 545
313 722 159
496 722 114
606 722 103
644 722 560
178 723 550
439 723 544
686 723 894
419 724 437
582 724 499
710 724 757
451 725 391
565 725 127
228 726 770
554 726 482
601 726 105
640 726 101
108 727 248
272 727 192
281 727 393
309 727 649
100 728 876
351 728 300
384 728 168
71 729 288
148 729 305
242 729 242
284 729 576
35 730 202
88 730 281
141 730 115
388 730 282
34 731 531
203 731 611
369 731 320
445 731 320
559 731 419
583 731 560
592 731 320
679 731 671
208 732 681
257 732 652
360 732 167
450 732 250
63 733 722
83 733 662
245 733 462
339 733 637
514 733 833
638 733 399
706 734 289
146 735 362
171 735 640
214 735 322
344 735 391
596 735 859
716 735 435
148 736 163
200 736 928
367 736 158
541 736 574
629 736 629
726 736 962
362 737 611
543 737 149
548 737 614
576 737 568
44 738 582
53 738 131
120 738 300
173 738 582
211 738 582
285 738 506
321 738 548
375 738 783
396 738 325
602 738 132
629 738 665
20 739 905
725 739 224
16 740 434
204 740 234
386 740 463
527 740 486
582 740 478
651 740 423
256 741 209
420 741 452
485 741 209
158 742 563
591 742 671
737 742 628
38 743 890
116 743 625
332 743 131
411 743 101
470 743 663
487 743 636
633 743 436
10 744 189
468 744 100
477 744 124
565 744 104
188 745 665
358 745 147
643 745 375
118 746 186
697 746 185
95 747 149
140 747 352
556 747 213
61 748 800
182 748 115
631 748 902
153 749 418
170 749 476
185 749 132
338 749 527
59 750 326
304 750 114
502 750 910
599 750 474
41 751 889
73 751 342
437 751 231
579 751 283
672 751 912
229 752 110
454 752 487
104 753 874
234 753 264
655 753 351
32 754 217
58 754 151
132 754 383
236 754 253
422 754 151
549 754 217
166 755 876
399 755 942
625 755 103
385 756 952
527 756 924
582 756 954
605 756 129
639 756 906
205 757 464
215 757 546
350 757 291
465 757 522
646 757 723
280 758 652
297 758 160
655 758 113
753 758 166
225 759 104
358 759 101
489 759 715
508 759 210
155 760 412
218 760 830
325 760 521
417 760 121
535 760 182
536 760 989
632 760 121
129 761 101
155 761 580
218 761 143
325 761 143
333 761 319
380 761 586
546 761 417
624 761 923
654 761 105
760 761 143
87 762 309
91 762 135
203 762 665
267 762 523
559 762 753
583 762 605
648 762 509
679 762 736
731 762 753
114 763 720
323 763 678
399 763 101
423 763 834
26 764 387
290 764 758
301 764 509
434 764 110
521 764 219
343 765 202
497 765 335
529 765 213
571 765 202
343 766 555
363 766 352
406 766 424
497 766 435
542 766 172
571 766 555
687 766 363
765 766 435
99 767 704
296 767 552
428 767 556
707 767 775
63 768 162
245 768 605
289 768 221
478 768 122
39 769 745
44 769 128
168 769 134
176 769 745
236 769 990
345 769 333
371 769 590
375 769 304
429 769 154
622 769 154
659 769 160
270 770 313
283 770 718
152 771 114
163 771 844
291 771 503
371 771 488
394 771 128
429 771 998
492 771 205
622 771 998
689 771 430
185 772 303
384 772 145
302 773 282
414 773 157
585 773 346
28 774 278
95 774 306
353 774 204
389 774 263
430 774 982
135 775 169
196 775 787
452 775 116
499 775 200
694 775 249
747 775 200
51 776 971
123 776 787
150 776 440
193 776 694
482 776 730
73 777 388
468 777 127
565 777 134
589 777 110
10 778 115
239 778 754
291 778 653
311 778 640
488 778 217
577 778 201
615 778 203
18 779 142
94 779 133
249 779 140
268 779 377
405 779 367
496 779 136
563 779 450
668 779 561
722 779 136
8 780 189
44 780 835
97 780 784
173 780 835
211 780 835
233 780 407
394 780 478
526 780 135
622 780 143
3 781 925
189 781 925
197 781 808
1 782 387
56 782 764
62 782 958
251 782 160
271 782 301
116 783 102
124 783 594
294 783 741
81 784 120
156 784 286
159 784 172
179 784 108
221 784 415
329 784 155
492 784 637
771 784 155
17 785 193
39 785 111
44 785 927
120 785 666
173 785 927
211 785 927
285 785 669
321 785 353
396 785 802
663 785 138
738 785 548
59 786 514
470 786 340
633 786 764
667 786 421
750 786 890
9 787 169
216 787 395
320 787 106
448 787 177
616 787 131
44 788 835
97 788 784
133 788 135
173 788 835
211 788 835
233 788 407
381 788 189
394 788 478
429 788 143
780 788 354
61 789 517
138 789 532
416 789 339
647 789 540
174 790 193
222 790 146
541 790 102
29 791 224
167 791 814
202 791 105
345 791 153
517 791 231
606 791 105
659 791 333
665 791 162
717 791 231
439 792 400
449 792 873
558 792 148
72 793 974
216 793 130
329 793 103
342 793 105
387 793 662
518 793 604
530 793 952
617 793 920
3 794 223
189 794 223
533 794 454
704 794 251
781 794 157
298 795 440
336 795 822
370 795 701
789 795 518
180 796 505
279 796 627
349 796 389
561 796 111
596 796 114
19 797 110
81 797 156
97 797 124
112 797 110
133 797 188
191 797 110
209 797 194
526 797 188
48 798 358
63 798 389
289 798 275
327 798 294
361 798 194
711 798 418
764 798 381
36 799 413
78 799 366
157 799 423
457 799 733
700 799 349
300 800 636
465 800 774
680 800 477
734 800 750
201 801 151
264 801 104
598 801 111
149 802 240
366 802 453
801 802 156
343 803 202
497 803 548
529 803 213
536 803 103
571 803 202
765 803 208
766 803 435
66 804 711
198 804 903
393 804 783
507 804 669
776 804 100
133 805 955
142 805 133
187 805 122
209 805 225
526 805 955
541 805 732
797 805 194
507 806 527
538 806 813
601 806 169
34 807 415
95 807 234
127 807 443
131 807 502
139 807 443
267 807 444
354 807 356
377 807 883
679 807 440
246 808 731
300 808 740
551 808 194
734 808 899
113 809 170
137 809 237
272 809 176
378 809 174
115 810 201
436 810 350
584 810 126
616 810 536
691 810 731
787 810 174
61 811 596
106 811 481
258 811 644
631 811 651
647 811 626
10 812 804
107 812 373
266 812 128
578 812 278
615 812 676
448 813 581
641 813 502
303 814 694
467 814 236
500 814 523
27 815 310
185 815 197
637 815 241
63 816 182
250 816 688
361 816 319
374 816 386
390 816 261
638 816 600
8 817 378
105 817 351
319 817 623
367 817 452
381 817 378
531 817 159
603 817 751
685 817 619
720 817 425
243 818 126
346 818 190
488 818 859
577 818 127
18 819 336
23 819 542
94 819 130
249 819 229
496 819 165
594 819 993
660 819 527
722 819 165
779 819 149
595 820 275
634 820 114
692 820 615
801 820 981
72 821 943
237 821 495
266 821 194
734 821 704
812 821 775
188 822 664
376 822 140
482 822 277
534 822 762
749 822 303
226 823 362
241 823 549
363 823 985
524 823 924
642 823 500
730 823 856
57 824 262
129 824 262
184 824 292
238 824 756
268 824 429
340 824 618
380 824 650
552 824 985
660 824 317
718 824 518
94 825 452
127 825 565
131 825 266
154 825 237
310 825 132
313 825 171
480 825 132
496 825 159
722 825 159
791 825 937
56 826 271
332 826 831
398 826 306
411 826 701
412 826 204
702 826 173
16 827 149
77 827 156
386 827 122
296 828 273
400 828 403
466 828 448
469 828 316
593 828 435
144 829 142
308 829 598
354 829 953
540 829 245
566 829 183
714 829 891
774 829 147
110 830 558
610 830 216
461 831 355
497 831 213
529 831 315
611 831 109
765 831 213
803 831 213
130 832 236
498 832 100
16 833 249
77 833 270
527 833 154
677 833 853
97 834 125
120 834 650
233 834 505
285 834 540
394 834 389
396 834 780
736 834 289
780 834 210
788 834 210
805 834 118
817 834 197
317 835 934
555 835 742
830 835 609
31 836 676
171 836 177
172 836 666
293 836 809
349 836 145
561 836 622
619 836 208
225 837 731
315 837 427
319 837 295
367 837 957
489 837 370
494 837 103
708 837 299
826 837 622
250 838 309
638 838 927
338 839 548
505 839 442
511 839 648
520 839 388
637 839 129
68 840 129
219 840 265
696 840 575
42 841 343
155 841 646
319 841 117
365 841 340
487 841 729
536 841 340
624 841 343
698 841 376
713 841 291
720 841 583
766 841 809
231 842 106
335 842 678
385 842 643
410 842 207
174 843 103
200 843 568
541 843 700
617 843 114
812 843 956
183 844 164
349 844 142
502 844 336
786 844 662
57 845 262
70 845 362
90 845 395
129 845 262
199 845 395
347 845 424
604 845 153
718 845 669
760 845 914
825 845 551
37 846 107
142 846 727
156 846 197
187 846 166
209 846 470
285 846 162
602 846 180
663 846 107
805 846 470
181 847 614
451 847 247
468 847 147
565 847 157
567 847 114
21 848 219
533 848 191
699 848 241
781 848 726
655 849 413
752 849 654
64 850 308
260 850 418
262 850 382
550 850 417
724 850 450
756 850 102
830 850 150
92 851 176
409 851 155
746 851 213
433 852 532
521 852 863
612 852 392
210 853 634
250 853 785
374 853 721
29 854 218
81 854 118
133 854 148
168 854 218
179 854 831
329 854 116
429 854 157
517 854 280
784 854 108
144 855 116
326 855 541
330 855 147
456 855 122
714 855 237
719 855 115
14 856 330
93 856 157
107 856 240
200 856 982
330 856 436
456 856 107
562 856 261
843 856 837
84 857 412
308 857 299
447 857 725
473 857 276
540 857 771
524 858 116
531 858 164
554 858 497
673 858 120
783 858 728
832 858 338
22 859 755
238 859 143
508 859 114
782 859 122
114 860 447
269 860 506
280 860 436
397 860 288
423 860 489
753 860 736
14 861 584
86 861 188
94 861 130
330 861 408
513 861 834
727 861 190
276 862 605
293 862 216
325 862 182
333 862 605
453 862 522
467 862 634
535 862 157
110 863 157
415 863 114
560 863 172
627 863 144
835 863 843
58 864 342
69 864 216
236 864 279
252 864 543
316 864 397
375 864 589
422 864 342
754 864 279
167 865 814
202 865 105
313 865 937
345 865 153
517 865 231
606 865 105
665 865 162
717 865 231
791 865 1389
229 866 159
681 866 233
753 866 137
849 866 798
34 867 568
127 867 647
139 867 647
267 867 629
354 867 371
377 867 282
480 867 572
559 867 531
807 867 415
514 868 424
527 868 433
639 868 437
651 868 382
677 868 352
799 868 230
52 869 837
277 869 716
695 869 221
5 870 477
120 870 136
248 870 215
390 870 151
586 870 202
652 870 778
820 870 302
4 871 306
248 871 114
287 871 898
860 871 798
866 871 160
111 872 607
194 872 843
461 872 288
497 872 912
529 872 159
611 872 117
765 872 912
803 872 912
831 872 159
5 873 690
54 873 190
248 873 471
752 873 466
767 873 646
42 874 923
57 874 101
155 874 580
218 874 143
276 874 319
325 874 143
380 874 586
546 874 417
654 874 105
760 874 143
761 874 161
240 875 777
414 875 592
585 875 193
34 876 644
50 876 354
55 876 480
127 876 153
139 876 153
154 876 456
445 876 519
644 876 480
807 876 443
867 876 644
47 877 299
89 877 660
639 877 169
362 878 720
483 878 215
695 878 864
742 878 742
252 879 313
424 879 877
709 879 102
744 879 518
778 879 631
10 880 207
73 880 231
237 880 124
468 880 676
567 880 112
672 880 808
729 880 152
821 880 823
384 881 178
435 881 110
438 881 454
614 881 205
832 881 551
395 882 737
500 882 597
759 882 955
218 883 182
276 883 605
293 883 216
333 883 605
453 883 522
467 883 634
535 883 159
862 883 1259
99 884 474
397 884 163
849 884 616
871 884 101
873 884 447
110 885 236
259 885 218
627 885 110
724 886 736
830 886 507
885 886 216
40 887 311
545 887 156
564 887 131
708 887 203
728 887 375
815 887 341
455 888 647
477 888 143
516 888 141
864 888 198
145 889 774
363 889 738
406 889 114
461 889 120
529 889 181
542 889 231
611 889 103
831 889 181
872 889 849
20 890 394
25 890 117
140 890 229
558 890 621
340 891 494
357 891 686
553 891 135
745 891 203
271 892 364
623 892 947
745 892 146
759 892 576
859 892 256
274 893 122
392 893 100
859 893 105
12 894 853
98 894 585
157 894 154
656 894 109
868 894 381
877 894 385
118 895 230
232 895 173
697 895 625
855 895 554
145 896 106
278 896 385
489 896 299
494 896 274
17 897 283
53 897 339
105 897 251
120 897 138
390 897 687
426 897 283
531 897 326
603 897 261
685 897 188
817 897 271
197 898 228
781 898 125
302 899 153
414 899 269
609 899 645
620 899 367
32 900 217
58 900 151
132 900 383
236 900 105
422 900 151
549 900 217
659 900 990
754 900 101
864 900 279
194 901 986
275 901 161
365 901 104
426 901 703
481 901 181
536 901 104
632 901 106
831 901 978
12 902 101
656 902 106
658 902 375
796 902 822
8 903 382
17 903 270
53 903 468
169 903 374
211 903 176
365 903 690
381 903 382
425 903 484
426 903 270
720 903 344
453 904 190
467 904 566
478 904 304
535 904 522
618 904 680
632 904 153
635 904 127
862 904 522
883 904 522
194 905 912
275 905 110
319 905 922
412 905 101
481 905 687
684 905 108
685 905 749
698 905 138
713 905 439
889 905 945
901 905 110
537 906 804
627 906 127
835 906 785
886 906 588
541 907 955
602 907 198
629 907 116
641 907 656
98 908 434
164 908 157
656 908 146
46 909 738
64 909 386
550 909 573
621 909 562
628 909 393
653 909 496
828 909 379
103 910 629
152 910 102
233 910 108
291 910 101
312 910 169
329 910 133
371 910 328
429 910 500
530 910 119
622 910 500
689 910 130
771 910 100
68 911 402
223 911 106
506 911 540
842 911 764
14 912 389
123 912 509
150 912 337
727 912 104
813 912 809
2 913 119
282 913 498
700 913 456
853 913 944
18 914 938
22 914 328
94 914 174
147 914 422
238 914 430
249 914 408
496 914 241
630 914 909
722 914 241
779 914 145
819 914 524
143 915 875
307 915 382
580 915 143
182 916 657
551 916 434
734 916 806
880 916 691
174 917 906
342 917 114
446 917 147
448 917 822
533 918 746
699 918 400
781 918 101
794 918 282
7 919 899
51 919 442
162 919 235
286 919 172
772 919 672
806 919 137
9 920 327
320 920 175
572 920 490
670 920 245
792 920 587
797 920 180
210 921 414
250 921 474
361 921 235
712 921 362
852 921 358
528 922 402
781 922 108
794 922 346
104 923 657
454 923 630
593 923 814
682 923 850
758 923 102
318 924 203
332 924 895
398 924 242
673 924 178
690 924 368
729 924 782
76 925 243
315 925 108
367 925 933
726 925 118
858 925 231
20 926 164
265 926 840
373 926 890
450 926 221
672 926 241
721 926 315
725 926 583
450 927 542
451 927 479
725 927 215
265 928 228
360 928 257
404 928 481
452 928 126
732 928 101
890 928 920
926 928 133
29 929 802
81 929 770
112 929 128
168 929 152
179 929 218
247 929 335
383 929 106
440 929 106
854 929 218
865 929 224
102 930 151
657 930 369
680 930 669
683 930 489
748 930 758
800 930 167
916 930 506
130 931 149
342 931 302
518 931 965
459 932 353
528 932 634
661 932 975
706 932 279
808 932 551
42 933 450
169 933 690
194 933 901
218 933 989
275 933 104
365 933 203
536 933 352
624 933 450
765 933 103
841 933 340
901 933 104
18 934 145
131 934 247
249 934 182
310 934 272
312 934 115
354 934 505
480 934 272
714 934 132
779 934 130
819 934 101
824 934 473
914 934 125
11 935 361
102 935 716
459 935 255
706 935 400
800 935 518
704 936 132
898 936 181
93 937 148
152 937 915
200 937 343
291 937 479
331 937 624
371 937 235
429 937 312
622 937 312
689 937 509
771 937 455
834 937 976
910 937 834
62 938 761
135 938 217
165 938 550
263 938 285
328 938 186
569 938 320
48 939 176
289 939 363
590 939 726
334 940 592
463 940 594
551 940 627
808 940 608
294 941 431
487 941 880
572 941 101
669 941 411
690 941 284
720 941 169
783 941 632
244 942 759
405 942 174
668 942 273
693 942 546
875 942 446
76 943 131
162 943 537
728 943 141
772 943 125
815 943 102
82 944 495
151 944 142
314 944 620
340 944 178
389 944 174
443 944 311
507 945 500
636 945 139
14 946 303
247 946 406
455 946 182
813 946 154
843 946 177
907 946 552
79 947 164
150 947 575
193 947 145
341 947 248
575 947 307
813 947 487
177 948 557
317 948 354
550 948 692
830 948 347
942 948 270
9 949 475
43 949 228
178 949 788
216 949 608
266 949 330
567 949 779
821 949 122
132 950 217
181 950 100
436 950 141
565 950 186
584 950 503
739 950 143
847 950 100
565 951 864
751 951 720
777 951 243
109 952 195
137 952 164
378 952 131
432 952 355
311 953 147
435 953 324
577 953 294
614 953 234
736 953 278
790 953 224
366 954 757
523 954 808
838 954 731
474 955 789
614 955 559
790 955 951
917 955 610
931 955 916
248 956 289
287 956 171
543 956 966
548 956 793
586 956 265
767 956 439
65 957 354
534 957 309
564 957 489
749 957 444
815 957 100
839 957 459
390 958 142
442 958 932
638 958 171
802 958 183
820 958 132
106 959 130
479 959 580
543 959 196
576 959 521
586 959 671
588 959 122
676 959 500
220 960 279
282 960 931
407 960 149
573 960 263
700 960 244
737 960 490
207 961 983
260 961 662
609 961 787
620 961 159
877 961 166
940 961 754
100 962 567
455 962 423
516 962 495
575 962 115
691 962 135
813 962 297
912 962 111
137 963 277
272 963 159
281 963 120
432 963 189
444 963 337
578 964 864
650 964 941
670 964 130
706 964 311
729 964 654
821 964 479
65 965 382
564 965 546
662 965 414
814 965 514
276 966 672
293 966 355
333 966 672
344 966 260
478 966 189
618 966 288
635 966 828
654 966 254
277 967 910
335 967 229
547 967 325
695 967 408
742 967 182
960 967 279
55 968 509
74 968 323
87 968 275
91 968 246
299 968 237
369 968 661
445 968 661
592 968 661
648 968 613
71 969 335
670 969 873
723 969 126
920 969 341
949 969 257
964 969 113
124 970 345
286 970 166
294 970 309
320 970 329
572 970 251
810 970 255
78 971 407
523 971 331
838 971 346
853 971 151
206 972 569
382 972 223
458 972 172
566 972 112
643 972 399
192 973 343
269 973 499
296 973 120
323 973 426
423 973 483
628 973 365
828 973 353
956 973 133
83 974 337
245 974 160
908 974 195
208 975 171
439 975 100
519 975 202
723 975 353
11 976 180
67 976 265
428 976 805
501 976 774
757 976 439
1 977 221
15 977 125
56 977 995
59 977 122
172 977 331
180 977 186
253 977 182
411 977 357
470 977 327
561 977 293
133 978 136
142 978 969
187 978 157
209 978 561
394 978 155
526 978 136
784 978 197
797 978 789
805 978 561
846 978 291
110 979 750
415 979 728
645 979 190
875 979 532
899 979 680
948 979 299
124 980 294
216 980 119
320 980 167
518 980 124
920 980 365
969 980 312
207 981 103
237 981 744
680 981 665
734 981 134
916 981 504
940 981 783
280 982 477
297 982 845
301 982 113
324 982 294
408 982 614
493 982 640
102 983 611
318 983 177
528 983 423
706 983 101
729 983 446
916 983 532
81 984 274
93 984 431
156 984 101
159 984 187
179 984 209
221 984 510
329 984 261
784 984 223
805 984 137
843 984 126
854 984 209
937 984 110
194 985 821
218 985 104
303 985 138
325 985 104
347 985 810
355 985 604
391 985 442
417 985 561
467 985 338
632 985 561
684 985 346
760 985 104
39 986 745
176 986 745
211 986 128
371 986 590
375 986 304
429 986 154
622 986 154
659 986 218
754 986 990
769 986 605
865 986 333
929 986 134
194 987 114
275 987 130
319 987 103
355 987 764
481 987 140
611 987 857
698 987 127
713 987 920
816 987 120
897 987 994
901 987 130
905 987 116
419 988 109
537 988 698
610 988 351
840 988 242
886 988 526
224 989 167
292 989 126
799 989 150
913 989 148
971 989 361
51 990 412
305 990 247
522 990 616
945 990 126
402 991 130
506 991 525
827 991 170
123 992 962
160 992 350
446 992 143
562 992 233
643 992 130
917 992 726
276 993 446
293 993 192
333 993 446
344 993 499
478 993 345
500 993 586
546 993 128
618 993 929
635 993 847
966 993 418
48 994 737
327 994 132
649 994 134
682 994 124
207 995 780
230 995 140
260 995 563
680 995 550
724 995 624
885 995 345
49 996 350
164 996 185
337 996 320
768 996 238
833 996 633
71 997 157
570 997 450
690 997 423
743 997 153
783 997 205
924 997 338
941 997 305
177 998 112
219 998 127
324 998 156
462 998 313
493 998 171
358 999 604
662 999 412
716 999 776
882 999 582
76 1000 174
420 1000 146
772 1000 164
806 1000 732
