1
0
1
1
1000000
0
0
0
0
1
7 21 113
4 32 686
4 44 244
42 45 156
13 47 203
24 47 299
32 52 145
33 72 203
14 89 207
86 93 306
40 95 119
62 98 602
74 99 801
4 104 754
52 104 771
4 105 785
95 106 214
2 110 103
22 114 268
113 119 412
50 120 235
66 122 580
81 125 199
77 127 317
33 129 230
63 129 270
84 131 184
103 131 266
106 132 922
29 134 738
71 134 702
106 136 381
117 138 413
80 142 362
128 142 427
117 143 415
15 144 461
46 149 287
150 160 504
132 163 179
163 167 215
40 169 421
39 171 575
75 171 194
132 171 513
169 172 442
44 173 323
82 175 234
21 177 287
176 181 453
137 182 108
52 183 378
144 183 582
158 185 150
98 187 435
42 190 376
159 190 831
74 192 622
135 194 686
173 195 435
181 196 429
100 197 806
141 197 846
37 198 808
82 199 128
100 199 109
1 203 386
123 203 204
9 204 980
157 208 101
179 209 259
71 210 714
7 211 209
205 216 443
26 218 173
14 223 973
164 223 125
100 224 635
80 225 233
17 226 285
62 226 104
98 226 706
187 226 271
30 232 112
100 232 159
141 232 163
152 232 261
45 234 110
150 235 632
153 235 352
149 237 287
186 239 717
223 239 268
44 241 195
105 241 298
215 243 576
176 247 407
236 250 207
246 250 178
191 252 252
175 253 214
199 253 107
232 253 157
125 254 125
211 259 190
99 262 465
48 263 388
178 265 361
103 266 294
94 267 566
107 268 110
108 270 846
78 271 190
103 273 264
189 273 137
101 277 264
245 277 243
257 278 127
50 279 646
52 280 241
104 280 164
26 282 228
196 282 352
198 283 808
16 284 438
216 287 173
93 289 274
190 289 208
178 290 102
215 291 871
127 293 133
287 293 194
159 294 446
49 295 593
53 297 965
178 298 438
44 299 539
92 299 583
19 300 346
172 301 391
17 302 108
62 302 727
139 302 259
248 303 675
299 304 619
132 305 687
279 306 514
99 308 103
261 311 472
71 312 799
89 314 484
96 314 895
119 316 378
158 317 930
140 318 307
186 319 512
35 323 665
306 323 535
321 323 131
10 325 955
18 326 242
193 326 246
33 327 264
63 327 305
282 328 249
296 328 144
320 329 557
84 331 110
117 332 418
194 332 707
102 333 752
257 336 130
29 339 115
86 339 261
8 340 111
188 340 216
109 342 182
111 342 182
216 342 159
123 347 539
29 349 852
91 350 485
83 352 570
220 353 217
236 356 328
345 356 298
321 358 233
353 358 259
261 359 596
58 360 196
36 361 443
20 363 213
155 363 245
207 363 531
32 365 146
104 365 781
350 366 422
151 369 338
16 370 595
217 371 277
258 371 267
299 372 441
177 373 397
318 373 485
199 375 412
224 375 451
189 376 590
61 378 708
32 379 215
183 379 448
280 379 312
316 380 288
110 381 566
315 382 712
251 383 197
317 383 378
162 386 323
33 387 196
80 389 202
95 392 263
364 392 325
228 393 365
32 394 222
183 394 454
280 394 318
322 395 378
62 396 347
98 396 637
187 396 202
226 396 696
274 397 820
65 398 747
349 399 599
25 400 266
89 400 121
96 400 162
218 400 191
116 401 197
202 402 375
267 402 655
285 403 134
67 404 133
35 405 336
231 405 122
347 406 719
131 407 213
273 407 210
331 407 139
56 408 227
69 408 171
347 409 711
322 410 306
6 411 283
280 411 326
379 411 145
38 412 139
104 414 472
105 414 167
394 414 106
359 417 418
304 418 400
233 419 472
52 420 170
104 420 942
105 420 637
183 420 395
411 420 677
271 421 262
318 421 762
322 421 280
384 425 122
8 428 129
72 430 189
327 430 250
320 431 667
357 432 270
128 434 197
24 436 373
28 436 269
118 436 221
167 438 379
431 438 491
156 439 158
18 440 269
428 442 121
59 443 252
427 443 253
17 444 274
98 444 316
139 444 289
215 444 324
157 445 115
235 445 304
251 445 949
368 446 114
147 447 151
107 450 137
86 451 346
133 451 211
149 451 371
443 452 395
24 453 234
281 453 208
413 454 327
324 455 531
337 455 521
126 456 399
52 457 285
105 457 239
379 457 356
394 457 362
414 457 256
2 458 154
242 458 167
268 458 139
272 458 138
140 459 414
373 459 592
88 464 725
337 465 426
257 468 139
229 470 956
234 470 120
432 470 272
416 471 291
298 472 182
174 473 351
258 473 295
284 474 136
184 475 281
266 475 324
273 475 294
376 475 975
123 476 729
339 476 146
188 477 107
152 478 460
261 478 590
433 478 419
9 479 619
175 480 429
194 480 603
311 480 454
112 481 221
211 481 162
271 481 139
114 482 170
428 482 173
205 483 266
483 484 967
88 485 429
376 485 246
416 485 288
284 486 742
453 486 570
29 488 449
399 488 197
197 489 333
224 489 163
182 490 348
487 490 594
221 491 184
30 492 174
253 492 627
326 493 130
65 494 114
73 494 144
361 494 341
62 495 451
139 495 377
243 495 152
302 495 117
396 495 104
342 496 283
408 496 287
134 497 845
210 497 857
349 497 959
452 498 222
6 499 582
43 499 585
426 499 810
224 500 274
101 501 291
245 501 269
365 502 169
411 502 253
457 502 117
203 503 249
388 504 437
312 505 119
348 506 841
292 507 456
391 507 456
288 508 444
410 508 158
421 508 133
202 510 219
182 511 344
348 511 678
10 513 926
60 516 192
347 516 539
463 516 210
12 517 494
198 517 971
150 519 545
45 521 175
206 521 209
355 521 273
468 521 165
447 522 144
222 523 175
248 524 121
295 524 599
291 525 283
512 525 110
222 526 152
474 526 112
284 527 244
370 527 790
453 527 727
275 528 741
425 528 116
186 529 586
191 529 293
247 530 320
336 531 124
468 531 134
127 532 108
388 532 904
125 533 969
19 534 301
82 535 802
276 535 270
375 535 691
161 536 335
81 537 420
285 537 397
281 538 692
527 538 827
221 539 765
85 540 542
212 540 158
463 540 548
306 542 152
321 542 930
275 543 141
395 543 304
410 543 232
419 544 473
31 545 234
121 545 147
286 545 877
397 545 108
52 546 196
280 546 457
365 546 197
411 546 281
414 546 166
48 547 296
474 547 186
395 548 333
165 549 362
2 550 927
36 550 203
195 551 376
311 552 178
452 552 196
371 553 356
473 553 384
177 554 929
318 554 181
508 554 386
165 555 229
436 556 151
477 556 789
134 557 236
516 557 556
285 558 108
509 558 197
522 558 148
127 560 119
367 560 337
513 561 689
120 563 418
405 563 375
170 564 127
360 564 118
448 564 128
426 565 542
47 566 238
547 566 239
16 567 608
474 567 869
380 569 126
297 570 965
14 571 122
239 571 400
314 571 149
512 571 249
321 572 178
353 572 204
510 572 173
320 573 100
437 573 788
340 574 211
128 575 207
338 575 676
256 576 308
310 576 308
333 576 289
21 577 556
255 577 497
288 577 234
404 577 216
554 577 175
262 578 213
568 578 818
71 580 116
325 580 764
557 580 926
156 581 247
26 582 922
113 584 351
485 585 171
568 586 125
161 587 122
486 587 500
263 589 247
516 590 625
561 590 386
172 591 250
348 591 137
68 592 103
297 592 158
308 592 156
60 593 244
590 593 114
168 594 417
166 595 450
171 595 723
592 595 114
15 596 634
205 596 649
124 597 382
390 597 106
72 598 140
387 598 133
130 599 180
515 600 939
29 602 235
60 602 375
557 602 738
106 604 382
204 605 232
284 605 210
601 605 178
126 606 585
464 606 750
539 606 315
460 607 182
519 607 286
293 608 871
396 609 645
517 610 522
212 611 211
341 611 171
19 612 501
169 612 598
301 613 593
487 613 662
589 614 552
128 615 350
157 615 217
439 616 518
444 616 293
594 617 418
137 618 200
174 618 303
490 618 441
8 619 521
442 619 445
574 619 477
296 620 644
381 620 283
569 620 219
291 621 217
419 621 452
515 621 883
462 624 668
586 624 415
524 625 527
610 625 550
146 626 227
330 626 238
139 627 368
187 627 203
215 627 719
226 627 687
176 628 412
213 628 304
530 628 325
255 629 316
288 629 131
581 630 521
377 631 454
344 632 188
623 632 187
165 633 276
599 633 243
431 634 496
605 634 929
193 635 209
541 636 926
412 637 195
115 638 843
171 638 105
415 638 844
322 639 349
548 639 305
34 640 303
615 640 116
161 641 723
307 642 324
444 642 381
374 643 251
13 644 144
278 645 602
369 645 336
31 646 220
361 646 335
9 647 918
568 647 120
453 648 647
587 648 577
626 649 227
132 650 686
556 650 156
474 651 693
189 652 191
407 652 542
247 653 286
401 653 256
187 654 443
215 654 959
243 654 383
302 654 349
609 654 306
5 655 480
646 655 978
504 657 210
514 657 216
25 658 374
181 658 432
247 658 386
401 658 356
346 659 895
40 660 338
454 660 431
175 662 202
492 662 503
308 664 744
551 664 477
148 666 177
264 666 112
616 666 584
13 667 117
206 667 117
536 667 746
81 668 378
464 669 646
620 670 629
62 672 927
98 672 153
139 672 126
215 672 161
302 672 100
396 672 892
474 672 171
495 672 882
509 673 230
603 673 163
124 674 116
213 674 199
530 674 220
340 675 121
436 675 218
477 675 119
369 676 515
54 677 120
217 678 303
553 678 382
212 679 255
540 679 971
579 679 189
488 680 218
602 680 432
142 681 956
467 681 839
518 681 107
647 681 820
139 682 174
302 682 852
495 682 203
627 682 193
258 683 204
671 683 148
52 684 148
105 684 615
183 684 393
414 684 448
502 684 183
546 684 211
159 685 942
290 685 198
377 685 131
18 686 263
346 686 270
465 686 335
676 686 228
54 687 141
278 687 105
386 688 323
34 689 449
227 689 276
425 689 298
229 690 628
257 690 126
216 691 540
483 691 125
18 692 128
112 692 674
550 693 244
276 694 568
375 694 367
500 694 349
489 695 421
500 695 232
346 696 895
161 697 921
541 697 118
238 698 166
281 698 399
591 698 915
648 698 399
277 699 160
11 700 160
416 700 130
8 701 222
163 701 250
656 701 200
685 701 296
129 702 199
296 702 132
670 702 131
92 703 294
144 703 109
499 703 127
394 704 971
499 704 403
596 704 456
264 705 271
295 705 657
303 705 247
515 706 197
517 706 504
24 707 300
634 707 352
675 707 144
4 708 902
394 708 630
457 708 356
502 708 239
546 708 266
26 709 127
328 709 148
12 710 149
179 710 600
449 710 465
228 711 365
335 712 736
184 713 145
376 713 389
585 713 362
128 714 260
338 714 121
208 715 115
422 715 937
615 715 231
87 716 348
466 716 347
352 717 571
206 718 272
324 718 468
355 718 336
107 719 141
110 719 118
458 719 169
505 720 971
86 721 355
252 721 267
594 721 472
75 722 370
380 723 226
179 724 264
442 725 891
370 727 394
538 727 398
35 728 111
50 728 971
306 728 984
518 728 455
563 728 115
11 729 438
145 729 331
652 729 202
17 730 176
215 730 678
243 730 102
396 730 391
444 730 256
682 730 153
67 731 119
112 731 192
446 732 111
63 733 366
176 733 434
196 733 410
61 734 411
121 734 372
61 735 103
309 735 898
622 735 898
385 736 133
441 736 134
151 737 146
465 737 270
676 737 163
536 738 178
587 738 200
378 741 453
271 742 189
17 743 106
62 743 170
215 743 512
243 743 634
444 743 273
654 743 446
730 743 165
188 744 100
574 744 944
191 745 147
355 745 168
468 745 610
686 745 199
388 746 573
533 747 807
171 748 633
484 748 225
691 748 253
4 749 590
15 749 398
183 749 137
394 749 317
411 749 326
414 749 211
420 749 258
546 749 449
263 750 821
726 750 749
424 751 101
491 751 779
731 751 271
179 752 366
439 752 253
104 753 197
105 753 285
280 753 166
365 753 762
379 753 145
502 753 937
749 753 166
207 754 472
443 755 253
541 755 113
566 755 911
17 756 934
187 756 798
444 756 265
495 756 132
609 756 577
730 756 831
450 757 106
661 757 717
139 758 423
187 758 258
302 758 163
609 758 120
627 758 553
682 758 248
743 758 261
193 759 209
161 760 599
474 760 649
486 760 228
214 761 252
221 761 798
249 761 252
652 761 224
351 762 164
375 762 139
552 762 133
110 763 207
287 763 317
550 763 196
626 763 337
6 764 405
15 764 762
92 764 265
144 764 808
426 764 176
565 764 719
703 764 287
704 764 583
242 765 131
22 767 389
28 767 287
438 767 438
482 767 291
665 767 285
91 768 436
97 768 969
434 768 473
520 768 112
578 768 155
157 769 252
251 769 183
345 770 164
518 770 294
22 771 442
31 771 408
36 771 810
693 771 259
208 772 216
738 772 329
769 772 117
57 773 470
476 773 232
505 773 236
114 774 150
428 774 153
725 774 121
39 775 202
70 776 510
295 776 875
229 777 140
381 778 466
661 778 180
732 778 733
167 779 162
632 779 105
775 779 104
20 780 133
475 780 281
539 780 764
116 781 507
390 781 545
653 781 447
154 782 357
447 783 175
34 784 671
108 784 104
507 784 771
65 785 104
361 785 332
655 785 939
533 786 306
634 786 272
327 788 332
628 788 372
733 788 394
454 789 327
225 790 177
389 790 146
159 791 437
48 792 436
313 792 558
315 792 877
80 793 177
350 793 891
535 794 142
435 795 105
540 795 625
54 796 167
234 796 108
346 796 139
77 797 535
122 797 738
57 798 428
332 799 107
423 799 972
469 799 972
164 800 459
419 800 918
584 800 440
141 801 126
452 801 255
377 802 410
89 803 448
218 803 114
582 803 337
113 805 456
316 805 422
723 805 361
219 806 666
285 806 675
522 806 107
783 806 138
589 807 559
4 808 670
105 808 114
183 808 217
365 808 162
394 808 237
411 808 245
684 808 176
708 808 231
532 809 351
560 809 459
746 809 318
289 810 521
750 810 988
28 811 177
118 811 129
665 811 175
150 812 504
147 813 166
783 813 191
8 814 115
28 814 156
482 814 160
675 814 105
97 815 714
520 815 872
145 816 113
331 816 824
340 816 292
652 816 167
264 817 117
534 819 305
612 819 505
748 820 239
153 821 198
445 821 150
583 821 130
615 821 252
42 822 351
76 822 307
271 822 431
352 822 675
681 823 839
17 824 401
444 824 314
609 824 552
672 824 151
756 824 495
655 825 463
374 826 325
424 826 240
205 827 862
287 827 215
461 827 121
129 828 183
387 828 149
670 828 115
174 829 375
553 829 407
612 829 534
228 830 739
313 830 778
657 830 627
383 831 783
769 831 116
154 832 341
262 832 422
360 833 121
518 833 462
315 834 869
662 834 275
166 835 300
381 835 132
450 835 189
661 835 154
719 835 193
216 836 375
293 836 246
532 836 271
17 837 334
62 837 153
609 837 182
627 837 117
756 837 240
824 837 735
315 838 692
818 838 358
77 839 438
496 839 356
830 839 680
2 840 101
36 840 211
242 840 114
185 841 189
235 841 322
251 841 113
317 841 131
148 842 994
156 842 526
588 842 134
386 843 513
716 843 530
797 843 582
31 844 239
73 844 157
361 844 354
740 844 132
137 845 139
671 845 130
20 846 183
374 846 396
5 847 136
274 847 665
254 848 127
673 848 165
736 848 610
140 849 461
421 849 153
639 849 222
108 850 845
607 851 243
831 851 177
23 852 702
333 852 147
542 852 836
557 852 133
572 852 169
308 853 833
521 854 177
531 854 145
739 855 257
818 855 213
31 856 186
286 856 400
740 856 796
41 857 361
55 857 361
361 857 563
238 858 263
648 858 496
738 858 192
4 859 690
32 859 398
379 859 212
414 859 111
420 859 158
502 859 272
708 859 212
753 859 665
220 860 244
246 860 235
358 860 287
473 861 298
618 861 250
683 861 207
845 861 189
74 862 623
624 863 673
82 864 120
794 864 412
341 865 206
613 866 505
287 867 235
461 867 141
608 867 128
79 868 610
625 868 940
766 868 604
388 869 687
691 869 135
820 869 121
836 869 775
254 870 214
290 870 204
637 870 251
85 871 595
610 871 432
781 871 112
376 872 181
605 872 259
307 873 300
341 873 190
610 873 245
710 873 664
15 874 219
43 874 140
241 874 283
426 874 365
180 875 463
334 875 463
634 875 581
56 876 153
388 876 771
820 876 129
5 877 134
825 877 933
701 878 201
335 879 736
264 880 156
776 880 473
795 880 493
184 881 208
266 881 251
335 882 834
770 882 368
855 882 484
432 883 270
153 884 176
583 884 109
174 885 361
300 885 365
490 885 498
612 885 520
91 886 179
97 886 126
366 886 173
549 886 351
101 887 266
219 887 148
736 887 234
783 887 220
15 888 323
704 888 145
73 889 129
740 889 104
877 890 298
11 891 504
145 891 396
368 892 842
693 892 345
763 892 137
298 893 183
189 894 869
485 894 178
700 894 201
729 894 759
343 895 148
586 895 130
737 895 254
126 896 400
25 897 280
96 897 176
401 897 262
75 898 371
175 899 229
834 899 302
864 899 114
567 900 567
651 900 118
207 901 472
135 902 471
139 903 371
215 903 722
226 903 656
243 903 145
609 903 685
654 903 237
837 903 114
296 904 676
569 904 250
709 904 711
723 904 351
436 905 248
775 905 149
206 906 136
854 906 105
195 907 403
24 908 208
244 909 478
890 909 540
4 910 942
32 910 256
43 910 312
105 910 157
183 910 489
280 910 352
365 910 109
457 910 396
502 910 279
525 911 203
272 912 309
634 912 320
766 912 145
804 912 850
3 913 206
200 913 205
301 913 388
667 913 151
300 914 275
490 914 409
63 915 297
196 915 341
328 915 238
702 915 227
359 916 418
435 917 123
124 918 993
390 918 718
530 918 203
653 918 169
599 919 217
769 919 125
350 920 101
477 920 778
895 920 995
519 921 138
633 921 117
640 921 643
865 922 195
260 923 287
330 923 406
765 923 831
582 924 660
800 924 460
166 925 237
330 925 120
766 925 150
127 926 122
367 926 366
608 926 764
908 926 155
246 927 186
323 927 136
358 927 238
5 928 164
274 928 966
545 928 123
646 928 109
307 929 296
267 930 567
584 931 203
805 931 308
924 931 507
10 932 108
516 932 524
561 932 848
580 932 895
35 933 475
231 933 261
250 933 109
818 933 992
927 933 117
90 934 640
135 934 886
315 934 117
562 934 640
389 935 119
793 935 939
762 936 165
22 937 245
665 937 141
1 938 256
71 938 456
325 938 319
122 939 857
354 939 574
429 939 574
324 940 589
337 940 579
355 940 457
686 940 488
501 941 265
813 941 210
887 941 239
27 942 714
440 942 151
787 942 710
154 943 356
650 944 280
660 944 338
201 945 566
846 945 624
275 946 915
288 946 683
410 946 182
692 946 123
276 947 369
727 947 678
794 947 340
356 948 292
42 949 167
350 949 103
479 949 118
935 949 108
398 950 567
785 950 868
825 950 392
98 951 965
243 951 470
581 951 380
609 951 392
654 951 868
682 951 521
824 951 945
837 951 210
903 951 324
221 952 329
471 952 394
101 953 169
219 953 513
637 953 880
699 953 651
51 954 130
473 954 296
591 954 190
663 954 131
252 955 128
573 956 788
5 957 160
378 957 459
264 958 116
14 959 173
164 959 201
803 959 671
924 959 204
403 960 886
412 960 157
796 960 146
25 961 349
181 961 407
218 961 274
282 961 329
842 962 134
213 963 237
430 963 223
788 963 305
57 964 427
32 965 135
104 965 203
365 965 281
379 965 351
411 965 365
420 965 297
684 965 295
708 965 351
121 966 184
333 966 416
402 966 349
582 967 300
709 967 652
723 967 292
931 967 239
91 968 885
142 968 315
434 968 848
793 968 129
422 969 141
566 969 242
583 969 157
615 969 279
389 970 917
868 970 528
593 971 180
945 972 566
38 973 119
637 973 175
699 973 221
629 974 156
946 974 658
230 975 961
321 975 160
345 975 186
559 975 958
275 976 309
974 976 522
641 977 679
651 977 511
760 977 555
219 978 875
285 978 779
637 978 148
960 978 109
392 979 325
98 980 187
187 980 143
226 980 116
243 980 137
408 980 271
627 980 123
682 980 142
758 980 118
824 980 185
185 981 215
235 981 349
678 982 366
819 982 362
829 982 391
23 983 293
279 983 363
542 983 159
734 984 157
857 984 481
909 984 537
35 985 260
434 985 219
520 985 433
575 985 323
750 986 748
153 987 209
981 987 206
240 988 333
362 988 333
440 988 337
142 989 371
225 989 241
714 989 204
186 990 537
222 990 108
833 990 187
64 991 213
269 991 213
685 991 279
577 992 830
884 992 122
987 992 155
286 993 266
397 993 474
952 994 308
257 995 105
645 995 387
676 995 566
745 995 269
368 996 106
381 996 348
732 996 103
763 996 115
67 997 134
60 998 452
680 998 509
971 998 388
202 999 178
832 1000 111
