1
0
1
1
1000000
0
0
0
0
1
20 23 144
15 29 192
31 53 586
36 53 703
14 55 144
43 64 176
68 93 330
98 101 694
3 108 168
14 109 585
109 110 601
56 117 214
40 118 203
115 120 183
125 133 138
8 146 261
23 148 154
45 154 131
16 155 277
94 156 518
120 161 169
42 168 104
95 178 152
165 179 251
175 179 312
31 180 122
78 183 331
8 185 328
113 195 114
27 200 449
106 207 133
194 208 251
158 210 578
128 211 393
143 211 158
61 214 376
140 217 129
2 218 586
36 222 277
180 222 266
40 223 141
54 223 565
218 226 291
95 231 410
124 240 160
41 250 777
58 255 132
169 255 264
99 259 542
29 264 656
69 266 203
225 273 148
31 275 291
118 275 544
223 275 199
55 282 105
229 282 116
178 288 332
87 289 956
53 292 556
174 298 301
41 299 217
39 302 190
265 306 227
285 308 707
91 310 214
68 320 369
68 324 454
7 326 450
48 336 279
15 337 812
19 339 719
139 342 367
187 342 292
248 344 444
86 346 162
107 348 158
85 351 120
175 351 918
58 352 116
144 354 157
128 355 391
237 356 139
287 362 602
296 362 139
204 363 267
130 364 611
48 366 195
278 369 576
214 370 534
327 372 124
71 374 456
247 375 509
342 375 221
265 376 122
166 377 203
302 377 426
348 379 313
118 380 201
172 380 218
180 380 376
223 380 346
264 381 136
309 381 809
247 383 271
12 385 199
32 385 287
102 386 417
53 394 874
223 394 380
204 395 188
119 402 261
301 403 122
23 407 189
89 408 113
40 412 289
180 412 117
275 412 517
6 413 515
90 413 129
175 413 268
261 414 462
338 415 638
38 420 197
378 420 145
104 423 120
169 426 334
165 431 887
284 431 232
337 432 211
426 435 109
59 439 170
318 439 109
382 441 872
143 446 582
114 449 173
366 451 696
171 456 170
361 458 290
318 459 272
236 461 312
265 463 133
28 465 277
60 466 205
288 466 194
368 466 849
353 467 199
416 468 897
43 472 100
329 477 739
397 478 163
411 478 117
461 480 612
383 482 973
429 482 153
196 483 205
323 484 436
219 486 182
359 486 632
406 486 898
433 487 134
309 488 100
11 491 175
161 491 286
215 491 495
396 495 111
413 495 208
136 497 243
330 497 130
36 499 255
48 499 521
54 499 521
380 499 118
412 499 612
362 500 343
166 501 117
475 502 331
322 503 185
374 503 172
166 505 331
267 506 931
337 506 444
12 507 121
291 508 130
480 508 111
273 509 165
432 511 979
473 512 507
225 513 300
2 519 238
141 519 264
248 521 162
111 523 239
213 523 368
260 524 153
288 525 218
451 525 244
140 526 784
183 528 423
86 534 132
66 535 854
508 536 348
440 538 124
201 539 417
282 540 806
354 540 162
78 541 332
269 543 415
498 545 386
453 546 673
492 547 459
39 549 255
56 549 230
166 549 576
217 549 173
178 550 485
525 550 371
132 551 645
474 552 470
459 553 217
504 553 280
375 556 420
65 558 371
244 559 174
279 559 463
269 560 166
242 561 132
241 562 134
18 565 680
358 565 325
89 569 133
116 571 209
283 577 115
349 577 201
44 578 401
349 578 646
21 579 834
7 581 499
252 581 116
443 582 147
528 582 242
336 583 147
531 583 702
236 584 364
148 586 220
407 586 394
529 588 829
479 590 482
435 595 110
207 598 169
194 599 620
442 599 806
450 600 185
149 601 142
220 601 235
142 603 158
132 604 563
403 604 196
532 604 130
301 605 236
349 608 804
36 611 161
292 611 308
412 611 518
412 612 188
37 615 428
55 615 279
477 615 897
253 617 250
398 619 225
428 619 343
51 620 691
182 621 134
155 622 347
254 625 912
532 627 160
610 627 615
533 629 328
532 631 155
453 633 118
633 639 610
244 640 281
107 641 147
291 642 142
480 642 267
36 645 183
118 645 319
180 645 555
292 645 367
288 646 140
40 647 358
222 647 131
292 647 433
394 647 274
499 647 359
511 647 136
272 649 940
180 651 135
223 651 165
498 653 702
572 653 418
309 654 348
204 655 712
354 655 578
303 657 297
576 658 172
21 660 391
513 660 399
71 662 190
155 662 664
259 662 253
52 664 454
245 664 156
575 664 143
99 666 193
374 666 145
662 666 501
146 667 535
544 668 317
456 670 568
115 671 335
430 671 252
14 673 293
447 673 692
172 674 689
387 674 185
469 676 162
128 678 468
493 679 160
262 683 120
500 683 885
159 684 176
552 684 311
592 684 431
389 685 335
309 686 118
432 686 137
64 687 105
218 690 155
519 690 244
656 690 179
328 691 465
313 696 146
527 697 395
600 698 314
36 699 172
54 699 438
292 699 319
394 699 138
511 699 412
383 703 263
216 704 270
316 704 379
369 705 845
96 706 570
490 708 169
138 711 149
242 713 359
561 713 962
127 714 531
339 714 194
711 714 304
611 715 258
623 715 214
522 716 156
84 718 750
463 718 789
421 719 790
454 720 910
427 721 167
618 724 116
251 725 563
59 727 339
328 728 116
723 729 489
353 730 166
650 730 392
75 731 977
105 731 826
299 732 308
172 733 446
387 733 193
595 734 335
632 737 193
143 738 188
731 738 177
456 740 174
464 742 213
524 742 160
337 743 216
115 744 265
71 747 261
503 747 218
389 748 784
63 749 360
574 749 229
688 749 824
282 751 102
284 752 330
79 754 219
265 756 723
347 757 432
82 758 365
706 758 657
326 760 280
64 761 284
138 761 529
472 761 802
713 761 781
474 762 679
604 762 925
178 763 681
228 764 138
205 767 114
421 767 714
729 771 946
99 772 100
481 773 235
687 776 139
66 777 107
772 779 215
515 780 994
709 780 320
759 780 169
706 782 790
758 783 851
109 784 430
246 785 382
174 786 239
65 787 472
497 787 313
82 788 363
689 789 627
389 792 191
493 793 236
226 795 178
411 795 644
14 796 624
475 796 410
631 796 490
19 800 292
714 800 258
31 801 124
40 801 755
222 801 197
394 801 163
611 801 153
645 801 191
651 801 382
470 803 777
790 803 566
278 804 272
632 804 769
341 807 391
755 807 354
530 808 753
168 809 102
256 809 124
138 811 179
714 811 246
578 812 114
137 813 233
372 813 113
700 814 179
104 815 183
38 816 194
203 816 779
608 816 176
785 818 277
247 819 193
553 819 168
350 820 170
139 825 729
531 825 323
348 827 198
641 827 165
753 827 264
467 828 159
620 828 181
684 829 441
626 830 268
102 831 191
805 831 120
382 832 169
812 835 336
67 836 161
382 839 336
589 839 534
157 841 239
383 842 736
429 842 485
11 843 798
132 843 756
699 843 712
753 843 172
829 843 873
424 844 139
754 844 195
538 846 278
713 846 134
327 848 475
523 848 411
319 849 572
720 849 111
126 851 320
134 851 439
484 853 768
43 855 507
305 855 112
687 855 225
165 857 314
284 857 625
268 859 844
164 860 110
591 861 308
793 861 327
766 862 933
786 862 298
393 863 372
260 864 505
531 864 154
661 866 710
557 867 593
682 867 809
39 868 150
573 868 106
707 868 197
153 869 244
529 869 297
710 870 433
591 873 176
47 874 130
125 874 675
546 874 149
260 875 376
126 876 332
282 876 929
548 876 169
35 877 601
418 877 222
461 878 518
119 882 283
576 882 204
300 883 317
557 886 164
770 886 158
854 887 187
329 888 668
879 888 220
125 889 100
546 889 182
202 890 362
764 892 145
548 893 147
598 893 192
27 894 404
291 895 148
624 895 161
735 896 211
301 897 619
482 898 166
825 898 141
736 899 204
828 899 580
761 901 146
811 901 859
606 902 478
887 902 131
267 904 226
277 904 145
641 904 106
843 904 165
691 905 914
663 907 998
731 907 135
420 908 138
298 909 347
587 910 198
907 910 512
143 911 291
398 911 678
48 912 239
644 913 452
170 915 271
474 915 198
899 917 660
198 918 263
388 919 179
102 921 606
365 922 364
621 922 246
24 924 244
894 924 296
80 925 135
616 925 255
141 926 416
876 927 217
893 927 240
634 928 253
106 929 510
710 930 157
393 931 789
638 932 370
155 933 510
286 933 517
425 933 519
729 933 165
859 934 253
170 936 247
502 936 190
606 937 344
739 937 354
815 937 372
824 938 150
233 940 169
702 941 532
193 942 322
371 942 464
46 943 179
510 943 252
19 944 236
472 944 625
329 945 387
613 945 241
576 950 135
358 952 137
230 953 121
329 955 678
613 955 490
665 955 161
673 957 328
541 958 113
723 958 412
116 961 483
255 962 631
686 963 265
775 964 287
243 965 268
884 965 185
148 968 874
787 968 172
771 969 889
219 970 789
892 970 261
334 971 228
897 971 163
276 972 293
81 973 297
402 973 179
568 973 641
766 975 259
64 976 970
949 979 158
683 980 657
737 980 274
890 980 176
330 981 133
610 983 255
762 983 255
179 984 963
633 985 102
294 987 382
450 988 225
513 988 426
600 989 840
973 990 105
56 991 501
716 991 368
124 992 557
693 992 101
643 993 119
653 993 318
230 994 193
757 994 471
94 998 111
770 999 316
346 1001 441
464 1003 139
524 1003 580
304 1005 176
421 1005 389
580 1005 191
437 1006 170
485 1007 204
834 1008 730
86 1011 569
970 1011 852
795 1012 123
335 1015 218
373 1015 179
658 1016 197
387 1017 150
463 1017 263
756 1017 202
40 1018 304
54 1018 167
222 1018 125
275 1018 310
380 1018 235
511 1018 141
314 1021 107
89 1022 170
575 1022 128
977 1022 331
410 1023 174
521 1024 125
960 1024 176
849 1025 444
447 1026 166
827 1026 219
399 1027 151
521 1027 772
303 1028 372
244 1029 320
279 1029 192
125 1030 235
943 1030 792
206 1031 324
689 1031 172
457 1033 542
719 1033 865
743 1034 161
956 1034 584
110 1035 253
609 1035 136
251 1036 204
227 1038 186
886 1038 123
272 1039 496
716 1039 177
409 1040 402
127 1042 126
138 1042 228
116 1045 310
488 1045 109
750 1047 732
505 1048 166
1038 1049 182
36 1050 184
292 1050 373
380 1050 321
394 1050 355
511 1050 558
651 1050 190
17 1051 882
868 1055 280
991 1055 368
425 1057 300
268 1058 433
359 1058 396
448 1058 268
459 1058 291
934 1058 374
697 1059 918
929 1060 226
478 1062 519
521 1062 167
31 1063 440
118 1063 296
223 1063 481
412 1063 196
1018 1063 624
494 1064 289
368 1065 141
91 1067 485
282 1068 107
354 1068 991
463 1069 237
197 1070 126
987 1070 448
992 1070 677
338 1071 315
527 1071 734
942 1072 233
674 1075 478
258 1076 386
446 1076 232
367 1078 250
406 1078 329
276 1079 379
364 1080 266
1008 1080 152
748 1081 196
953 1081 201
193 1082 153
1072 1082 709
56 1083 453
377 1083 382
385 1084 270
962 1084 117
442 1086 180
449 1087 164
1057 1087 225
7 1088 227
234 1088 323
488 1088 110
605 1088 323
920 1088 737
1034 1088 218
850 1092 434
331 1094 116
634 1094 118
108 1095 191
151 1095 241
258 1095 283
494 1096 264
546 1096 257
44 1098 202
188 1098 124
608 1098 222
1020 1098 186
419 1099 965
616 1099 323
560 1100 149
572 1100 185
283 1101 184
407 1101 234
120 1102 286
210 1102 493
430 1102 185
209 1103 908
885 1103 129
1066 1103 339
177 1105 421
641 1107 321
700 1107 297
896 1107 286
23 1108 894
142 1108 254
78 1109 476
279 1109 402
999 1109 541
209 1110 212
254 1110 180
596 1110 196
193 1111 250
371 1111 392
868 1111 930
517 1112 509
252 1113 217
382 1113 385
395 1114 791
215 1116 105
609 1116 408
112 1117 179
641 1118 212
537 1119 572
616 1119 177
191 1120 202
373 1120 311
376 1121 450
756 1121 239
80 1122 106
494 1122 114
771 1122 600
353 1123 227
30 1125 376
337 1125 379
834 1125 117
473 1126 129
894 1126 340
961 1127 352
594 1129 954
347 1130 200
994 1130 239
87 1132 466
717 1132 337
352 1133 982
564 1133 288
253 1134 162
617 1134 266
634 1135 840
701 1135 366
325 1138 282
810 1138 531
467 1139 550
436 1140 192
960 1141 577
138 1143 171
766 1143 191
786 1143 186
154 1144 262
741 1145 770
1137 1145 332
182 1146 172
644 1146 857
64 1147 116
538 1147 153
648 1147 313
975 1147 141
747 1149 974
768 1150 120
940 1151 277
376 1152 114
452 1153 666
23 1154 216
935 1154 754
735 1155 434
850 1155 377
1129 1155 125
870 1156 680
16 1157 876
123 1157 165
322 1158 143
931 1159 234
799 1160 120
234 1161 407
506 1161 202
392 1162 168
1084 1162 141
407 1163 134
599 1164 128
1086 1164 283
72 1166 988
390 1166 164
507 1166 933
46 1168 257
174 1169 413
713 1169 134
708 1170 210
465 1171 247
479 1171 123
1067 1171 430
83 1172 658
881 1172 215
197 1173 331
1002 1173 285
190 1174 933
1073 1174 118
24 1175 228
1089 1175 364
312 1176 476
1157 1176 855
181 1177 617
182 1177 758
1004 1177 225
893 1178 182
627 1179 189
586 1180 140
1047 1180 118
996 1181 199
573 1183 267
1070 1183 229
27 1184 227
359 1185 104
934 1185 823
1027 1185 292
1031 1186 405
484 1187 746
854 1187 196
34 1188 796
96 1188 164
500 1188 240
389 1189 870
744 1190 715
974 1190 413
646 1191 140
919 1192 241
802 1193 288
1126 1194 279
124 1195 130
143 1195 162
542 1195 201
860 1196 254
1082 1197 242
709 1199 258
759 1199 107
978 1200 742
552 1201 418
762 1201 110
1079 1201 379
257 1202 281
1041 1202 576
760 1204 219
927 1204 316
100 1205 236
618 1205 177
430 1206 263
434 1206 257
67 1208 222
199 1208 107
659 1208 540
794 1210 239
1095 1211 530
1145 1211 164
237 1212 241
636 1212 307
793 1212 711
215 1213 279
417 1213 413
631 1213 312
1118 1213 464
5 1214 340
717 1214 409
723 1214 574
312 1215 651
1197 1217 113
538 1218 275
975 1218 263
310 1219 257
777 1219 112
899 1219 679
915 1219 367
184 1220 157
748 1220 144
792 1220 465
963 1221 416
590 1222 212
1171 1222 136
1183 1222 122
366 1223 138
920 1224 133
938 1224 265
1206 1224 378
619 1225 571
355 1226 179
916 1226 184
4 1227 972
656 1227 115
460 1228 220
196 1229 442
2 1231 968
529 1231 171
301 1232 583
562 1232 351
396 1233 486
561 1234 261
195 1235 421
939 1235 301
56 1236 788
526 1237 640
1085 1237 340
199 1238 146
939 1238 472
55 1239 353
170 1239 104
784 1239 343
1092 1239 502
589 1240 417
1162 1241 445
26 1242 661
122 1242 950
359 1242 247
448 1242 118
234 1243 233
241 1243 162
334 1243 130
506 1243 282
284 1244 348
857 1244 354
789 1246 520
598 1247 182
897 1247 703
963 1247 232
414 1248 186
466 1248 437
1241 1248 239
448 1249 211
3 1250 119
176 1251 201
835 1251 394
722 1252 145
709 1253 373
734 1253 455
1011 1254 540
137 1255 299
18 1256 110
358 1256 147
1193 1256 131
201 1257 302
224 1257 325
1122 1258 264
364 1259 639
480 1259 130
536 1259 330
878 1259 369
838 1260 125
950 1262 364
7 1263 548
896 1263 193
608 1264 403
1108 1264 244
131 1266 316
1049 1266 211
1193 1266 364
597 1267 268
602 1267 257
1113 1267 388
960 1268 904
361 1269 180
532 1269 273
592 1269 239
637 1269 648
890 1270 111
1253 1271 975
122 1273 143
545 1273 253
993 1273 250
437 1274 869
10 1275 167
73 1275 840
1091 1275 110
462 1276 184
1146 1276 159
854 1277 444
1138 1277 660
40 1278 165
54 1278 362
380 1278 402
1063 1278 258
791 1279 141
719 1281 262
1198 1281 251
1088 1282 540
1161 1282 137
1263 1282 266
132 1283 826
370 1283 292
829 1283 157
569 1284 747
626 1284 271
131 1285 140
1038 1285 228
969 1286 866
306 1289 111
770 1290 339
572 1291 142
638 1291 349
101 1292 124
682 1293 228
1289 1293 137
1023 1294 445
501 1295 822
590 1295 146
947 1296 177
390 1297 138
712 1298 140
1267 1298 323
280 1299 148
571 1300 215
961 1300 376
689 1302 162
847 1302 848
1043 1302 271
952 1303 953
115 1304 121
272 1305 373
882 1305 635
365 1306 451
300 1307 144
1257 1307 207
281 1308 119
701 1308 238
767 1311 193
1198 1311 102
29 1312 393
444 1312 207
571 1312 179
1029 1313 123
580 1314 185
774 1315 142
1055 1315 418
10 1316 114
59 1317 531
360 1317 178
675 1317 195
321 1318 462
968 1318 158
65 1319 627
290 1319 571
250 1321 177
797 1323 891
25 1324 360
1308 1324 110
333 1325 257
1280 1325 282
554 1326 142
573 1326 143
707 1326 176
1079 1327 788
839 1328 662
1240 1328 566
261 1329 246
1188 1330 667
988 1331 279
1106 1332 322
142 1333 176
230 1333 401
47 1334 117
304 1334 997
295 1336 307
678 1336 404
501 1337 341
590 1337 112
846 1338 478
1150 1338 906
1234 1338 792
270 1339 473
1128 1339 206
311 1340 522
183 1341 210
528 1341 252
1289 1341 201
431 1342 121
857 1342 104
1244 1342 458
189 1346 433
920 1346 722
1124 1346 125
1115 1347 411
1204 1348 156
1269 1348 152
186 1350 257
918 1351 273
989 1351 173
274 1352 141
573 1352 245
932 1352 425
498 1353 276
794 1353 143
670 1357 318
686 1357 177
658 1358 106
1130 1358 165
110 1359 173
784 1359 331
896 1361 171
1296 1362 416
505 1363 164
32 1364 766
1016 1364 955
1167 1364 116
446 1365 458
992 1365 362
269 1366 561
725 1367 527
982 1367 832
562 1368 169
21 1370 122
821 1370 309
25 1372 172
1145 1372 122
923 1373 135
622 1374 232
554 1375 964
1236 1375 169
29 1376 110
207 1376 108
655 1376 414
1240 1377 433
432 1378 236
551 1378 252
743 1378 473
879 1379 318
935 1379 240
274 1380 130
1194 1380 766
794 1381 264
1291 1381 285
938 1382 217
1300 1382 104
1377 1382 197
1226 1383 150
769 1384 116
1299 1384 172
570 1385 184
598 1385 308
963 1385 105
307 1386 353
704 1386 730
440 1387 274
484 1388 285
636 1388 198
450 1389 394
698 1389 241
1210 1390 166
822 1392 147
33 1393 269
228 1393 494
424 1393 185
14 1394 333
447 1394 331
631 1394 199
637 1395 409
1316 1395 331
768 1396 100
975 1396 877
11 1397 200
132 1397 476
161 1397 262
242 1397 252
983 1397 260
617 1398 496
70 1399 237
1355 1400 227
753 1401 130
1091 1401 180
1118 1401 180
1004 1402 314
1322 1402 834
418 1403 181
513 1403 312
826 1403 257
1331 1403 165
141 1404 159
690 1404 128
1227 1404 423
106 1405 824
1376 1405 107
1211 1406 225
1400 1406 437
838 1407 431
168 1408 280
536 1408 365
1306 1408 513
160 1409 822
1070 1409 768
726 1411 172
15 1412 134
144 1412 373
540 1412 199
1201 1412 476
187 1413 717
648 1414 290
855 1414 238
665 1416 183
858 1416 348
879 1416 114
349 1417 359
1020 1417 443
167 1418 236
883 1418 306
1307 1418 176
177 1420 177
1105 1420 219
275 1421 400
370 1421 349
394 1421 179
499 1421 263
511 1421 232
611 1421 169
1278 1421 105
815 1422 357
1294 1422 193
1306 1423 428
165 1425 179
431 1425 905
857 1425 135
1419 1426 715
244 1427 133
1289 1427 890
594 1428 812
930 1428 125
1204 1428 920
636 1429 229
810 1429 222
323 1430 643
852 1430 476
853 1430 214
530 1433 716
1076 1434 310
167 1435 215
903 1435 366
1272 1435 134
1407 1436 494
1408 1436 108
618 1437 405
628 1437 722
1393 1438 169
1396 1439 125
80 1440 130
284 1442 234
431 1442 226
752 1442 960
1342 1442 123
1425 1442 928
9 1443 158
251 1443 174
1032 1444 777
1051 1444 135
85 1445 172
798 1445 200
1440 1446 577
135 1447 152
245 1447 655
1365 1447 119
1315 1448 162
1339 1448 543
616 1449 475
695 1449 160
504 1450 208
583 1450 212
1132 1451 424
951 1452 940
1360 1452 138
88 1453 185
1230 1453 112
444 1454 214
1148 1454 316
726 1455 344
400 1456 400
1238 1456 271
92 1457 148
283 1457 848
520 1458 691
256 1459 194
725 1459 775
1120 1459 179
630 1462 232
1301 1462 194
1046 1463 419
147 1464 493
220 1464 251
507 1465 405
1371 1465 535
194 1466 144
826 1466 175
192 1467 393
1069 1467 132
152 1468 158
522 1468 219
1077 1468 133
532 1469 476
1179 1469 126
1369 1469 906
1401 1469 235
209 1470 157
722 1470 421
1460 1470 323
381 1471 801
1428 1471 101
672 1472 286
1373 1473 159
846 1474 323
252 1475 264
666 1476 631
636 1477 601
679 1477 101
793 1477 176
810 1477 531
236 1478 216
878 1478 334
1059 1478 883
1146 1478 345
721 1480 192
1249 1480 257
212 1481 324
452 1481 261
132 1482 500
456 1482 250
532 1482 193
597 1482 176
602 1482 165
1068 1482 186
1073 1482 350
341 1483 491
898 1483 412
130 1485 333
1260 1485 390
147 1486 322
433 1487 235
805 1488 368
672 1489 294
783 1491 129
461 1492 348
584 1492 155
642 1492 368
1419 1493 980
1187 1494 449
1294 1494 199
157 1495 167
441 1495 645
744 1495 213
1015 1496 139
1120 1496 681
162 1497 866
928 1497 649
954 1498 108
1047 1498 108
318 1499 968
393 1500 276
1367 1500 120
22 1501 851
1309 1501 986
1388 1502 149
1429 1502 599
1037 1503 866
1044 1504 436
1250 1504 194
185 1505 188
484 1505 494
489 1505 263
394 1506 358
499 1506 442
511 1506 532
645 1506 318
970 1506 248
1063 1506 261
61 1507 437
1108 1508 344
1335 1508 134
1416 1508 767
295 1509 111
814 1510 773
1088 1510 202
1107 1510 393
473 1511 336
449 1512 205
473 1512 784
440 1513 889
1474 1513 387
305 1514 383
687 1514 453
367 1516 135
427 1516 808
657 1516 146
771 1517 320
1286 1517 927
848 1518 129
951 1518 250
1360 1518 142
427 1519 885
77 1520 312
44 1521 268
230 1521 532
1333 1521 130
1472 1521 398
238 1522 312
405 1522 208
947 1522 280
220 1523 765
24 1524 187
1207 1524 195
505 1525 222
1048 1525 554
1375 1525 275
964 1526 543
985 1527 256
1362 1527 218
103 1528 101
1255 1528 125
1398 1528 253
675 1529 443
4 1530 214
182 1531 999
454 1531 170
884 1532 276
1081 1532 198
894 1533 705
990 1533 532
1014 1533 117
1216 1533 199
434 1534 151
832 1534 804
174 1535 865
909 1535 133
1131 1535 121
1169 1535 127
1203 1535 329
652 1536 243
837 1537 348
1280 1537 103
1386 1537 573
428 1538 685
917 1538 204
1225 1538 296
103 1539 387
806 1539 128
1350 1540 161
791 1541 258
452 1542 237
1377 1543 143
1382 1543 539
1132 1544 135
9 1545 812
759 1545 345
386 1546 252
831 1546 166
276 1547 196
686 1547 879
567 1548 577
1095 1548 264
686 1549 271
971 1549 877
1247 1549 550
344 1550 125
558 1550 152
781 1550 610
989 1550 543
297 1551 143
515 1551 267
286 1552 526
415 1552 138
1306 1552 605
197 1553 241
737 1553 575
1307 1553 797
675 1554 974
1324 1554 107
243 1555 298
1354 1555 114
735 1556 227
1129 1556 592
1361 1556 155
165 1557 126
284 1557 194
431 1557 374
752 1557 135
1244 1557 542
1425 1557 531
1442 1557 396
164 1558 124
538 1559 528
63 1560 265
574 1560 134
842 1560 403
716 1561 130
919 1561 982
158 1562 132
1079 1562 344
1547 1562 527
671 1563 164
399 1564 396
1159 1564 599
614 1565 178
1261 1565 710
765 1566 665
20 1567 306
808 1567 713
1154 1567 378
1433 1567 320
848 1568 426
951 1568 466
886 1569 172
10 1570 434
73 1570 350
637 1570 368
669 1570 245
47 1571 238
304 1571 417
1449 1571 266
1431 1574 133
176 1575 785
262 1575 207
404 1575 260
702 1576 385
724 1577 334
22 1578 459
121 1578 173
775 1578 108
135 1579 379
830 1579 376
676 1581 976
101 1582 791
247 1582 134
1261 1582 114
284 1583 179
752 1583 150
1342 1583 689
1425 1583 380
280 1584 312
1484 1584 132
1147 1585 198
1414 1585 220
1559 1585 176
188 1586 216
928 1586 191
1304 1587 267
62 1588 159
882 1588 133
950 1588 646
1054 1588 249
243 1589 227
1163 1589 237
1333 1589 121
1457 1589 867
1075 1590 134
417 1591 219
669 1591 585
1182 1592 445
115 1593 175
165 1593 454
431 1593 365
477 1593 263
752 1593 464
857 1593 139
1244 1593 214
1425 1593 275
1583 1593 313
335 1594 695
512 1594 283
903 1594 331
1273 1594 830
1496 1594 148
1109 1595 125
1193 1595 217
1574 1595 229
248 1596 710
976 1597 994
1559 1597 493
729 1598 265
1517 1598 167
234 1599 344
241 1599 506
571 1599 123
605 1599 344
1232 1599 166
268 1600 149
448 1600 314
860 1600 166
1010 1600 497
711 1601 250
800 1601 800
976 1601 849
1332 1602 392
1497 1602 204
865 1604 470
1444 1607 375
1434 1608 343
1490 1608 100
41 1609 129
323 1609 155
356 1609 184
1212 1609 214
1388 1609 309
1186 1610 174
1347 1610 290
1374 1610 192
228 1611 614
271 1611 377
816 1611 110
1438 1611 290
1331 1612 120
18 1613 190
227 1613 490
436 1613 161
1193 1613 169
1467 1613 917
122 1614 162
220 1614 146
543 1614 191
954 1614 253
334 1615 397
1357 1615 406
1549 1615 256
630 1616 254
1142 1617 237
1221 1617 296
501 1618 415
177 1619 792
689 1619 126
1347 1619 244
1604 1619 536
667 1620 299
1159 1620 391
1196 1620 344
606 1621 250
739 1621 129
811 1622 735
1042 1622 122
1620 1623 234
126 1624 163
134 1624 112
477 1624 371
548 1624 168
6 1625 676
1481 1625 162
789 1627 848
732 1628 143
854 1628 826
1216 1629 208
1193 1630 376
1574 1630 257
679 1631 155
810 1631 795
1169 1632 128
372 1633 359
628 1633 442
1360 1633 280
1398 1633 439
177 1634 215
1117 1634 262
1215 1634 108
972 1635 265
783 1636 185
922 1636 778
1478 1636 166
350 1637 956
559 1639 228
53 1640 340
222 1640 390
275 1640 454
611 1640 524
645 1640 179
651 1640 115
699 1640 535
61 1641 143
1543 1641 106
601 1642 220
257 1643 295
323 1643 389
81 1644 428
198 1645 928
1351 1645 113
76 1646 635
526 1646 211
267 1647 138
784 1647 134
123 1648 202
170 1649 384
472 1649 687
901 1649 305
1462 1650 157
67 1651 159
156 1651 509
232 1651 344
1242 1651 779
584 1652 232
1173 1652 412
137 1653 228
1225 1653 179
1330 1653 232
8 1654 139
667 1655 219
1159 1655 311
46 1656 150
205 1657 341
320 1657 386
1005 1657 137
1198 1657 160
26 1658 109
448 1658 637
860 1658 212
1558 1658 236
191 1659 834
512 1659 654
1496 1659 200
1511 1659 351
753 1660 599
829 1660 255
1091 1660 370
424 1661 458
1140 1663 130
321 1664 313
422 1665 201
949 1665 220
608 1666 226
685 1666 149
995 1666 119
1189 1666 270
1537 1668 121
1051 1669 248
1586 1670 852
628 1671 149
1398 1671 145
859 1672 137
1133 1672 147
743 1673 632
956 1673 476
1091 1673 556
1267 1673 236
845 1674 186
1547 1674 187
663 1675 180
1296 1675 351
1544 1675 224
594 1676 272
1092 1676 360
1155 1676 302
1178 1676 655
1504 1676 658
150 1677 417
950 1677 433
1054 1677 227
163 1678 587
842 1678 767
1006 1678 323
1456 1678 528
821 1679 288
128 1680 466
160 1680 269
294 1680 152
1336 1680 155
640 1681 159
666 1681 351
966 1681 360
1490 1681 172
1212 1682 115
1455 1682 211
112 1683 633
731 1683 674
1117 1683 454
803 1684 249
248 1685 135
1309 1685 766
1526 1685 303
237 1686 157
793 1686 110
1007 1686 171
1540 1686 119
371 1687 710
1069 1687 275
1613 1687 511
1630 1687 257
105 1688 236
240 1688 102
738 1688 162
972 1689 822
1547 1689 150
778 1690 510
782 1690 421
1652 1690 415
666 1691 382
1031 1691 562
1117 1691 248
1151 1691 276
73 1692 307
594 1692 152
1129 1692 566
603 1695 568
953 1695 375
1055 1695 272
1251 1695 156
107 1696 227
431 1696 268
592 1696 549
63 1697 398
703 1697 638
842 1697 536
384 1698 134
1090 1698 399
1539 1698 317
527 1699 999
624 1699 180
277 1700 426
432 1700 313
325 1701 823
410 1701 181
706 1701 462
1198 1702 215
205 1703 286
311 1703 202
941 1703 188
1340 1703 725
227 1704 391
559 1704 648
1090 1705 802
1140 1705 461
456 1706 294
458 1706 234
112 1707 263
1046 1707 500
113 1708 259
626 1708 161
484 1709 114
1502 1709 673
90 1710 249
471 1710 377
548 1710 227
329 1711 251
603 1711 641
953 1711 466
1417 1711 469
1664 1711 127
1115 1712 160
192 1713 212
400 1713 124
1010 1713 235
1310 1713 325
326 1714 333
474 1714 148
850 1714 446
1239 1714 513
858 1715 477
1354 1715 594
1392 1715 231
483 1716 169
536 1716 181
59 1717 345
175 1717 964
396 1717 449
845 1717 290
175 1718 350
314 1718 313
305 1719 426
711 1719 852
976 1719 803
235 1720 470
797 1720 726
26 1721 111
1558 1721 457
170 1722 155
677 1723 310
63 1724 109
688 1724 168
281 1725 623
691 1725 163
49 1727 257
400 1727 408
872 1727 193
824 1728 250
1587 1728 154
476 1730 298
1262 1730 100
1426 1730 167
453 1731 241
729 1731 287
958 1731 210
1122 1731 252
1209 1731 285
1440 1731 153
1235 1732 272
1245 1732 938
774 1733 699
1183 1733 253
27 1734 378
638 1734 122
932 1734 857
954 1734 151
504 1735 201
819 1735 247
1065 1735 112
111 1736 155
253 1737 227
650 1737 187
724 1737 259
176 1738 541
332 1739 210
1094 1739 152
1702 1739 134
486 1740 186
659 1740 557
970 1740 283
1284 1740 108
1564 1740 387
57 1741 378
1024 1741 136
53 1742 550
180 1742 865
611 1742 313
647 1742 490
699 1742 325
1050 1742 316
1278 1742 250
1506 1742 341
831 1744 281
921 1744 344
741 1745 235
1137 1745 197
149 1746 685
572 1746 325
1441 1746 142
510 1747 272
1000 1747 264
148 1748 114
1154 1748 346
1318 1748 185
1664 1748 262
64 1749 229
127 1749 468
138 1749 148
776 1749 263
13 1750 260
1053 1750 147
1163 1750 857
282 1751 254
381 1751 900
1710 1751 176
187 1752 144
425 1753 238
1506 1754 531
1120 1755 206
987 1756 332
37 1757 222
134 1757 143
447 1757 229
477 1757 115
321 1758 266
1532 1758 118
1708 1759 276
1001 1760 214
53 1761 794
223 1761 299
499 1761 164
511 1761 331
1278 1761 651
25 1762 275
324 1762 511
1444 1762 384
884 1763 459
1136 1763 568
1320 1763 746
1007 1765 212
647 1766 601
759 1767 223
1419 1767 256
648 1768 432
975 1768 260
1143 1768 178
962 1769 608
982 1769 176
1364 1769 760
1424 1770 205
438 1771 216
281 1772 248
457 1772 208
580 1772 229
1662 1772 374
1382 1775 548
1507 1775 426
1641 1775 278
22 1777 324
775 1777 169
1309 1777 140
316 1778 293
1222 1778 465
1337 1778 140
1572 1778 529
317 1779 124
411 1779 148
1139 1779 160
176 1780 129
197 1780 816
1738 1780 756
345 1781 186
1209 1781 589
437 1782 295
1006 1783 113
1097 1783 477
1159 1783 428
170 1784 181
1534 1784 895
1044 1785 254
1250 1785 176
347 1786 150
481 1787 636
543 1787 986
236 1788 145
988 1788 201
1389 1788 573
1612 1788 360
293 1789 417
518 1789 177
74 1790 152
173 1790 142
1476 1792 239
802 1793 283
1123 1793 154
84 1794 690
197 1795 225
1002 1795 102
1301 1796 793
925 1797 468
943 1797 554
969 1797 375
1122 1797 226
21 1798 136
660 1798 255
998 1799 369
415 1800 236
705 1801 236
409 1802 119
950 1802 300
1362 1802 490
1373 1802 273
1191 1803 292
571 1804 142
1244 1804 626
1342 1804 167
1425 1804 136
1557 1804 830
1583 1804 982
655 1805 100
740 1805 441
1405 1805 701
1706 1805 561
99 1807 144
206 1807 958
779 1807 295
1691 1807 334
391 1808 401
432 1808 140
1287 1808 276
1547 1808 214
111 1809 288
617 1809 208
522 1810 327
991 1810 198
1077 1810 413
107 1811 163
655 1811 491
1079 1811 430
640 1812 235
1057 1812 210
1117 1812 801
1608 1812 638
1753 1812 148
464 1813 731
686 1813 355
92 1814 197
835 1814 504
320 1815 382
836 1815 403
1254 1815 153
858 1816 236
1508 1816 188
433 1817 272
66 1818 341
1219 1818 388
205 1819 304
1529 1819 469
1776 1819 855
331 1820 340
720 1821 181
459 1822 103
45 1823 364
981 1823 263
1344 1825 376
1789 1825 788
314 1826 247
379 1826 378
827 1826 637
50 1827 167
307 1827 421
19 1828 353
1455 1828 959
23 1829 834
1465 1829 123
450 1830 176
487 1830 170
513 1830 431
918 1830 467
989 1830 175
121 1831 232
660 1831 591
1104 1831 197
1596 1831 261
1685 1831 468
286 1832 116
1408 1832 317
295 1833 381
1070 1833 333
1756 1833 432
152 1834 455
465 1834 127
522 1834 395
1500 1835 119
1573 1835 411
1392 1836 349
460 1837 264
1782 1837 800
1266 1838 333
1569 1838 153
1536 1839 290
1747 1839 291
373 1840 514
1755 1840 409
982 1841 240
1426 1841 126
1802 1841 305
174 1842 277
298 1842 238
1535 1842 190
159 1843 876
1784 1843 145
1172 1844 544
1600 1844 512
1736 1844 470
1013 1845 153
1052 1845 154
535 1846 197
1012 1846 281
254 1847 372
790 1848 180
1190 1848 185
1475 1848 268
1016 1849 161
1167 1849 485
1358 1849 107
337 1850 758
880 1850 156
1034 1850 130
304 1852 242
1046 1852 112
1096 1852 129
1449 1852 467
103 1853 316
338 1853 584
527 1853 195
856 1854 209
1743 1854 237
467 1855 103
1345 1855 357
1809 1855 113
607 1857 182
746 1857 257
820 1857 189
1726 1857 217
835 1858 360
1108 1858 358
1182 1858 445
1264 1858 280
408 1859 158
1434 1859 228
323 1860 393
127 1861 270
745 1861 377
776 1861 536
1597 1861 848
70 1862 309
1111 1863 514
1217 1863 467
529 1864 820
568 1864 597
628 1864 149
598 1865 249
897 1865 280
1035 1865 114
1647 1865 450
93 1866 441
1441 1866 622
1523 1867 235
1642 1867 143
406 1868 152
604 1868 848
630 1868 696
1469 1868 261
382 1869 677
1113 1869 318
77 1870 317
313 1870 103
341 1870 532
326 1871 458
735 1871 150
850 1871 571
1097 1871 718
1263 1871 556
998 1872 239
1001 1872 290
1782 1872 229
11 1873 280
215 1873 198
753 1873 121
1118 1873 432
1792 1874 363
1509 1875 182
974 1876 270
1287 1876 616
1647 1876 411
137 1877 307
1398 1877 424
1568 1877 419
751 1878 139
1121 1879 898
1590 1879 761
1693 1879 244
788 1880 202
1652 1880 325
781 1881 954
1319 1881 372
1370 1881 914
900 1883 762
1282 1883 379
1479 1883 363
595 1884 332
1199 1884 327
1566 1885 378
906 1886 469
146 1887 492
1654 1887 370
73 1888 901
215 1888 129
712 1888 318
824 1888 140
1876 1888 538
11 1890 524
31 1890 307
54 1890 158
118 1890 559
222 1890 451
292 1890 277
318 1890 356
412 1890 672
651 1890 494
535 1891 157
1653 1891 156
1818 1891 105
744 1892 782
817 1892 185
1754 1892 440
316 1893 309
481 1893 269
1380 1893 150
1665 1893 369
256 1894 141
878 1894 446
1004 1894 347
1260 1894 250
404 1895 134
1606 1895 208
1856 1895 358
438 1896 995
1102 1897 141
1113 1897 325
1563 1897 131
315 1898 162
1726 1898 433
1773 1898 167
144 1899 422
417 1899 383
654 1899 237
669 1899 315
266 1900 167
1 1901 268
840 1901 101
1054 1901 419
33 1902 124
783 1902 651
1886 1902 314
6 1903 159
707 1903 502
1048 1903 211
1085 1903 406
317 1904 541
914 1904 763
1330 1904 455
508 1905 307
1402 1905 224
1423 1905 239
685 1906 119
792 1906 669
1476 1906 189
1874 1906 132
147 1907 275
220 1907 331
1866 1907 423
165 1908 332
752 1908 342
857 1908 179
1244 1908 336
1342 1908 122
1442 1908 246
1593 1908 121
1804 1908 289
618 1909 297
1653 1909 166
750 1910 364
1218 1910 113
1314 1910 148
31 1911 433
40 1911 553
54 1911 192
292 1911 736
380 1911 211
1421 1911 653
1506 1911 113
1761 1911 164
121 1912 292
1830 1912 989
1195 1913 225
606 1914 195
887 1914 805
1187 1914 721
1631 1914 104
162 1915 321
5 1916 884
635 1916 768
1160 1916 812
89 1917 143
1076 1917 155
1859 1917 980
680 1918 877
947 1918 394
812 1919 138
1020 1919 402
1251 1919 807
952 1920 434
1256 1920 425
1293 1920 199
1595 1920 760
299 1921 229
565 1922 330
361 1923 246
1068 1923 398
1156 1923 714
1348 1923 218
171 1924 925
413 1924 296
936 1924 196
957 1924 101
122 1925 289
1210 1925 116
1614 1925 191
655 1926 588
740 1926 219
1105 1927 236
1566 1927 117
1830 1927 227
5 1928 213
635 1928 202
717 1928 283
1451 1928 370
370 1929 329
514 1929 314
936 1929 111
1328 1929 710
1475 1929 480
544 1930 237
666 1930 105
1134 1931 316
169 1932 311
323 1933 303
356 1933 365
852 1933 136
1202 1933 719
682 1934 106
1049 1934 124
905 1935 262
1032 1935 304
1135 1935 178
875 1936 193
343 1937 715
1109 1937 380
1693 1937 565
139 1938 100
639 1938 237
943 1938 204
1099 1938 186
1265 1938 339
208 1939 294
981 1939 140
1268 1939 492
1466 1939 187
18 1940 165
1467 1940 666
1922 1940 427
1656 1941 387
1553 1942 123
1781 1942 125
97 1943 763
946 1943 107
1123 1943 282
355 1944 106
769 1944 729
1170 1944 135
31 1945 310
36 1945 426
118 1945 562
412 1945 702
432 1945 284
651 1945 524
1018 1945 328
1761 1945 518
1008 1946 113
1260 1946 276
1325 1946 389
1407 1946 291
28 1947 599
140 1947 238
276 1948 371
334 1948 812
447 1948 163
477 1948 181
1300 1948 154
1635 1948 187
1811 1948 349
1926 1948 132
537 1949 194
616 1949 162
1000 1949 113
210 1950 139
551 1950 329
682 1951 425
1569 1951 377
1431 1952 130
1630 1952 223
1259 1953 363
1821 1953 426
1563 1954 230
1728 1954 100
123 1955 594
622 1955 123
203 1956 106
764 1956 181
592 1957 356
760 1957 332
1348 1957 269
1696 1957 193
555 1958 285
1488 1958 191
996 1959 456
1264 1959 142
543 1960 821
560 1960 290
1581 1960 206
1642 1960 143
1844 1960 277
513 1961 349
826 1961 197
918 1961 704
317 1962 210
1667 1962 149
1931 1962 220
257 1963 311
990 1964 143
1729 1964 220
68 1965 311
350 1965 155
1032 1965 215
186 1966 135
1628 1966 197
309 1967 110
1267 1967 135
1508 1967 222
1692 1967 202
1868 1967 220
136 1968 115
660 1968 917
1605 1968 406
1608 1969 245
1821 1969 192
456 1970 435
458 1970 375
1888 1970 308
345 1971 649
1694 1971 105
285 1972 326
357 1973 165
569 1973 447
1022 1973 144
1711 1973 540
878 1974 408
1059 1974 204
1229 1974 827
750 1975 994
1180 1975 537
1211 1975 560
1314 1975 857
58 1976 429
62 1976 202
1288 1976 694
627 1977 249
870 1977 425
930 1977 149
1204 1977 367
1923 1977 429
1045 1978 246
1395 1978 719
1299 1979 286
1415 1979 102
1971 1979 207
1973 1979 152
1179 1980 171
1369 1980 289
1479 1980 394
1871 1980 297
44 1981 116
521 1981 246
1638 1981 138
799 1982 359
1916 1982 320
1321 1983 137
1540 1983 175
1921 1983 225
42 1984 200
809 1984 181
1322 1984 123
229 1985 237
514 1985 409
1471 1985 106
1751 1985 962
745 1986 144
1387 1986 214
413 1987 419
82 1988 105
1738 1988 104
1902 1988 122
200 1989 331
948 1989 242
1764 1989 388
458 1990 124
1060 1990 116
585 1991 334
643 1991 290
1184 1991 204
119 1992 661
1305 1992 153
1642 1992 611
162 1993 192
278 1994 427
416 1995 613
448 1995 272
181 1996 368
1322 1996 445
1699 1996 433
1905 1996 305
1180 1997 993
1211 1997 969
1340 1997 373
1372 1997 554
1762 1997 144
1993 1997 153
259 1998 221
772 1998 266
541 1999 932
907 1999 170
1265 1999 401
760 2000 140
1428 2000 129
620 2001 158
227 2002 627
946 2002 320
1693 2002 233
1704 2002 236
204 2003 638
1125 2003 748
1349 2003 135
1641 2003 189
1883 2004 158
1980 2004 464
1459 2005 206
1023 2006 247
1494 2006 178
1701 2006 904
741 2007 118
1372 2007 541
944 2008 137
1535 2008 440
1842 2008 146
1986 2008 778
476 2009 610
1271 2009 244
1884 2009 659
104 2010 422
793 2010 118
861 2010 209
1422 2010 131
923 2011 880
1258 2011 327
1362 2011 440
1791 2011 406
364 2012 471
871 2012 811
1260 2012 216
334 2013 203
637 2013 723
1312 2013 117
1549 2013 631
109 2014 459
904 2014 460
1647 2014 419
361 2015 702
1156 2015 245
208 2016 118
599 2016 707
821 2016 921
715 2017 796
406 2018 717
657 2018 345
1028 2018 635
298 2019 241
1131 2019 284
1203 2019 356
1632 2019 277
1375 2020 115
1646 2020 456
586 2021 185
968 2021 122
258 2022 236
1306 2022 286
1410 2022 169
146 2023 350
185 2023 925
489 2023 167
1655 2023 347
438 2024 158
454 2024 752
624 2024 153
1602 2025 656
591 2026 421
1682 2026 161
1790 2026 567
1336 2027 207
1875 2027 676
71 2028 203
1182 2028 345
1215 2028 549
1955 2028 201
715 2029 380
1579 2029 229
1067 2030 131
1515 2030 168
1858 2030 262
53 2031 461
116 2031 705
207 2031 133
222 2031 269
511 2031 170
611 2031 403
645 2031 581
651 2031 132
1063 2031 810
1661 2032 416
312 2033 212
751 2033 244
1420 2033 206
2028 2033 222
493 2034 508
1686 2034 176
1983 2034 133
561 2035 264
1130 2036 228
1786 2036 264
1849 2036 170
1687 2037 116
1952 2037 119
487 2038 582
833 2038 269
1324 2039 883
1607 2039 143
852 2040 898
1430 2040 565
1921 2040 219
200 2041 200
455 2041 432
543 2041 318
585 2041 292
697 2042 536
1071 2042 196
1541 2042 853
86 2043 472
1254 2043 443
1651 2043 191
1284 2044 159
1415 2044 107
626 2045 153
769 2045 286
916 2045 101
1759 2045 269
912 2046 219
1223 2046 177
268 2047 330
1672 2047 384
1735 2048 111
363 2049 808
1175 2050 349
1291 2050 807
1511 2050 370
1056 2051 262
1369 2051 418
1868 2051 166
697 2052 115
1276 2052 185
613 2053 204
665 2053 925
227 2054 295
528 2054 691
754 2055 224
1603 2055 305
147 2056 220
1194 2056 789
316 2057 793
1237 2057 223
376 2058 794
67 2059 491
496 2059 172
539 2059 397
1689 2060 425
453 2061 156
1119 2061 137
100 2062 934
213 2062 946
1577 2062 303
302 2063 643
554 2063 129
1236 2063 208
1391 2064 304
1623 2064 239
1837 2064 286
176 2065 118
1002 2065 716
15 2066 303
264 2066 430
540 2066 237
1201 2066 389
1751 2066 203
496 2067 222
906 2067 239
1115 2068 245
479 2069 410
563 2069 372
1295 2069 236
1806 2069 163
91 2070 113
273 2070 971
729 2070 234
1741 2070 208
781 2071 288
1605 2071 126
1608 2071 315
9 2072 402
734 2072 146
2009 2072 455
2046 2072 184
520 2073 298
1725 2074 391
1910 2074 541
1268 2075 271
1981 2075 307
151 2076 275
154 2077 207
977 2078 285
1580 2078 191
685 2079 195
995 2079 225
1476 2079 265
1089 2080 161
1100 2080 219
158 2081 242
1547 2081 151
2060 2081 288
1202 2082 225
1350 2082 353
1860 2082 243
518 2083 259
751 2083 774
1149 2083 155
167 2084 164
758 2084 499
883 2084 398
1272 2084 246
314 2085 325
790 2085 420
1114 2085 369
447 2086 304
929 2086 586
1405 2086 617
1706 2086 476
1977 2086 715
1990 2086 243
538 2087 137
1597 2087 172
1601 2087 356
680 2088 314
925 2088 291
579 2089 213
1356 2089 892
133 2090 917
652 2090 216
1544 2090 341
353 2091 170
736 2091 132
1061 2091 153
489 2092 104
1655 2092 277
1783 2092 888
1625 2093 981
567 2094 184
1214 2094 406
261 2095 194
840 2095 130
1271 2095 586
1551 2095 380
98 2096 570
1292 2096 136
297 2097 149
435 2097 536
1841 2097 237
370 2098 450
514 2098 648
589 2098 231
684 2098 310
1587 2098 116
322 2099 355
374 2099 714
1691 2099 185
160 2100 758
1509 2100 177
91 2101 458
1180 2101 248
1498 2101 476
1762 2101 203
114 2102 243
1087 2102 234
1182 2102 235
684 2103 175
929 2103 250
1201 2103 178
2015 2103 267
240 2104 246
542 2104 157
911 2104 409
496 2105 314
539 2105 182
906 2105 116
1293 2106 497
1313 2106 611
1937 2106 860
545 2108 293
932 2108 243
578 2109 195
1154 2109 326
1433 2109 204
1664 2109 242
402 2110 128
840 2110 307
1884 2110 689
109 2111 538
1035 2111 189
1116 2111 124
1161 2111 359
1978 2112 317
1350 2113 332
1411 2113 264
1933 2113 213
2040 2113 439
2 2114 417
568 2114 291
1139 2114 309
1499 2115 254
1941 2115 153
2046 2115 563
315 2116 804
446 2116 117
1022 2116 157
1509 2116 397
1917 2116 130
1100 2117 818
1960 2117 387
1656 2118 487
98 2119 371
804 2120 437
1795 2120 208
1886 2120 363
1994 2120 261
80 2121 693
1446 2121 516
2088 2121 225
558 2122 336
787 2122 326
1798 2122 322
2073 2122 426
618 2123 120
1459 2123 226
224 2124 183
404 2124 987
1074 2124 328
1284 2125 335
1708 2125 969
517 2126 364
520 2126 101
1295 2127 107
1618 2127 225
1806 2127 292
183 2128 146
489 2128 256
1698 2128 220
1016 2129 206
1835 2129 327
832 2132 388
920 2132 444
1224 2132 891
1587 2132 370
60 2133 365
231 2133 608
763 2133 112
805 2133 600
269 2134 480
2041 2134 364
523 2135 212
1846 2135 229
1891 2135 189
1909 2135 199
127 2136 502
745 2136 102
1387 2136 173
765 2137 229
940 2137 214
1720 2137 274
156 2138 178
489 2138 279
836 2138 125
444 2139 378
1248 2139 905
515 2140 182
2095 2140 295
2129 2140 140
1718 2141 154
165 2142 226
431 2142 138
752 2142 236
1244 2142 442
1342 2142 165
1583 2142 854
1804 2142 183
455 2143 147
543 2143 335
881 2143 197
1844 2143 326
294 2144 400
1756 2144 349
200 2145 157
1165 2145 245
765 2146 231
865 2146 277
1300 2147 179
1312 2147 215
1412 2147 118
663 2148 736
1000 2148 240
1747 2148 288
2061 2148 322
867 2149 154
1934 2149 179
213 2150 224
618 2150 165
1061 2150 101
133 2151 156
239 2151 126
1196 2152 434
1600 2152 346
1799 2152 248
1837 2152 191
2047 2152 133
57 2153 179
1287 2153 230
2071 2153 230
331 2154 330
701 2154 487
280 2155 967
357 2155 286
1913 2155 103
206 2156 242
1627 2156 614
1878 2156 441
2119 2156 490
791 2157 624
1800 2157 129
1223 2158 145
1936 2158 591
20 2159 105
808 2159 513
145 2160 318
418 2160 326
1066 2160 116
113 2161 629
542 2161 351
1759 2161 799
563 2162 398
1806 2162 138
2145 2163 508
1154 2164 318
1513 2165 310
1622 2165 321
703 2166 892
201 2167 845
404 2167 560
1801 2167 134
2107 2167 554
1632 2168 237
1842 2168 166
311 2169 306
820 2169 760
1033 2169 369
1281 2169 545
171 2170 254
957 2170 263
1462 2170 358
28 2171 365
716 2171 275
1048 2171 266
1128 2171 617
1343 2171 402
1834 2171 514
617 2172 409
899 2172 902
1538 2172 228
1653 2172 111
1729 2172 806
1818 2172 611
313 2173 116
701 2174 282
1819 2174 425
333 2175 121
834 2175 683
871 2175 203
1905 2175 732
114 2176 284
640 2176 236
1182 2176 194
1746 2177 308
75 2178 326
1022 2178 112
1336 2178 111
59 2179 190
531 2179 692
1936 2179 240
443 2180 374
1639 2180 186
997 2181 223
1184 2181 336
1390 2181 203
783 2182 335
788 2182 207
1795 2182 240
429 2183 113
1560 2183 313
2046 2183 552
415 2184 444
1071 2184 121
1541 2184 162
2157 2184 337
1137 2185 123
1198 2185 256
1211 2185 438
1314 2185 980
110 2186 242
673 2186 667
1026 2186 931
1369 2186 219
1873 2186 259
2170 2186 229
116 2187 731
1127 2187 327
126 2188 300
210 2188 305
1327 2188 139
1562 2188 405
493 2189 266
937 2189 144
1422 2189 169
1494 2189 156
1914 2189 365
255 2190 186
596 2190 555
1531 2190 409
1853 2190 957
1824 2191 199
1607 2192 530
1167 2193 273
2036 2193 983
2072 2193 865
179 2194 148
516 2194 980
958 2195 129
1440 2195 653
195 2196 223
2161 2196 455
208 2197 152
821 2197 580
1268 2197 927
517 2198 615
1064 2198 159
1403 2198 622
179 2199 226
413 2199 291
900 2199 109
1349 2199 310
1723 2199 572
635 2200 550
1019 2200 225
1982 2200 452
726 2201 351
91 2202 175
566 2202 150
119 2203 484
444 2203 257
1588 2203 198
1901 2203 283
2110 2203 438
2123 2203 230
1241 2204 131
1626 2204 142
1344 2205 456
1353 2205 927
399 2206 324
661 2206 139
1274 2206 455
108 2207 153
332 2207 941
1340 2207 455
2076 2207 431
402 2208 136
1992 2208 331
261 2209 841
2204 2209 167
744 2210 201
1124 2210 513
2098 2210 338
348 2211 346
1116 2211 557
1538 2211 847
1700 2211 264
42 2212 188
286 2212 694
1423 2212 279
1718 2212 380
864 2213 141
2131 2213 303
2166 2213 130
262 2214 279
300 2214 189
844 2214 408
1162 2215 176
1884 2215 618
196 2216 414
1259 2216 513
1716 2216 563
1974 2216 552
731 2217 223
1584 2217 476
1257 2218 294
1418 2218 263
214 2219 158
839 2219 688
2031 2219 127
423 2220 170
739 2220 274
815 2220 133
596 2221 224
1407 2221 171
1539 2221 256
37 2222 785
548 2222 440
1045 2222 275
1079 2222 243
1876 2222 615
2112 2222 204
2187 2222 376
574 2223 287
2183 2223 183
1007 2224 380
1041 2224 186
1854 2224 167
453 2225 478
633 2225 114
1168 2225 115
912 2226 968
1822 2226 219
1275 2227 116
1692 2227 630
57 2228 174
63 2229 836
1311 2229 301
1662 2229 906
1670 2229 199
1293 2230 185
1427 2230 137
2054 2230 660
1329 2231 475
1626 2231 454
2209 2231 144
274 2232 142
181 2233 760
625 2233 166
1177 2233 137
1832 2233 133
1964 2234 332
1738 2235 323
2055 2235 173
260 2236 550
805 2236 294
1003 2236 406
1546 2236 717
573 2237 277
1085 2237 195
582 2238 353
1152 2238 264
1223 2239 507
1735 2239 128
2226 2239 100
83 2240 567
1844 2240 432
2117 2240 621
1132 2241 176
2151 2241 101
474 2242 150
983 2242 172
1562 2242 499
325 2243 117
1187 2243 250
1277 2243 390
1425 2243 815
2006 2243 198
2040 2243 182
180 2244 236
275 2244 145
699 2244 435
801 2244 270
1278 2244 360
1890 2244 161
1945 2244 164
2031 2244 210
75 2245 198
542 2245 129
607 2245 167
1903 2245 134
2178 2245 194
1526 2246 676
1912 2246 429
3 2248 440
427 2248 480
534 2248 270
1600 2248 773
494 2249 197
413 2250 168
1432 2250 595
1718 2250 450
70 2251 219
1170 2251 901
2078 2251 464
706 2252 529
782 2252 261
1611 2252 294
2065 2252 819
289 2253 196
959 2254 516
1512 2254 140
2056 2254 220
1037 2255 135
46 2256 222
419 2256 479
993 2257 700
1486 2257 242
2108 2257 965
2117 2257 978
766 2258 519
944 2258 797
1218 2258 475
1338 2258 930
1592 2259 193
1907 2259 266
2177 2259 157
351 2260 347
629 2260 426
2247 2260 363
670 2261 204
686 2261 628
263 2262 214
1123 2262 133
2238 2262 275
763 2263 176
1065 2263 552
1803 2263 995
2067 2263 119
2038 2264 234
2089 2264 168
518 2265 814
1604 2265 132
1786 2266 324
2193 2266 449
621 2267 282
1093 2267 126
122 2268 107
492 2268 724
401 2269 442
1344 2269 932
1705 2269 349
167 2270 199
903 2270 489
967 2270 393
2218 2270 173
1446 2271 475
2195 2271 362
805 2272 562
1003 2272 308
1813 2272 241
2048 2272 304
570 2273 283
956 2273 156
963 2273 204
2261 2273 202
717 2274 138
1918 2274 260
1949 2274 181
770 2275 366
1038 2275 331
6 2276 226
391 2276 346
432 2276 851
551 2276 125
655 2276 471
367 2277 282
1249 2277 259
117 2278 583
216 2278 281
1197 2278 523
1774 2278 380
1958 2278 547
219 2279 771
2248 2279 465
50 2280 309
333 2280 186
871 2280 267
1280 2280 211
277 2281 103
1155 2281 275
2014 2281 202
2111 2281 281
2211 2281 324
165 2282 320
284 2282 720
752 2282 329
857 2282 553
1442 2282 233
1583 2282 178
1804 2282 277
2142 2282 934
597 2283 701
1287 2283 951
1298 2283 125
1479 2283 272
1647 2283 109
1888 2283 169
610 2284 356
1179 2284 484
1316 2284 265
1479 2284 706
9 2285 107
297 2285 570
1545 2285 189
1588 2285 138
256 2286 650
1025 2286 118
1552 2286 459
1894 2286 768
336 2287 134
583 2287 282
819 2287 170
159 2288 561
552 2288 191
655 2288 643
915 2288 759
1784 2288 978
963 2289 175
1316 2289 238
1570 2289 421
1591 2289 117
1056 2290 711
1129 2290 399
1369 2290 227
2004 2290 159
336 2291 149
807 2291 357
1904 2291 483
1044 2292 262
1739 2292 129
2022 2292 255
2207 2292 245
613 2293 279
1384 2293 174
1726 2293 211
2029 2293 189
614 2294 271
1878 2294 538
2119 2294 102
681 2295 478
1827 2295 128
221 2296 175
490 2296 181
911 2296 155
178 2297 281
1450 2297 875
1499 2297 259
2115 2297 513
2236 2297 200
409 2298 222
658 2298 126
1704 2299 210
1491 2300 147
2107 2300 952
1415 2301 302
184 2302 787
891 2302 215
1163 2302 144
192 2303 350
343 2303 409
443 2303 351
581 2303 471
30 2304 214
2003 2304 102
1368 2305 169
77 2306 705
2236 2306 283
249 2307 321
340 2307 116
1686 2307 324
1900 2307 983
457 2308 215
580 2308 193
1090 2309 726
1152 2309 352
1290 2309 314
926 2310 164
1404 2310 273
903 2311 599
967 2311 404
79 2312 285
153 2312 179
692 2312 125
14 2313 636
475 2313 422
936 2313 281
957 2313 376
139 2314 118
1656 2314 394
1958 2314 114
3 2315 756
580 2315 891
1410 2315 220
1785 2315 185
1399 2316 257
748 2317 741
822 2317 337
1189 2317 239
1555 2317 132
289 2318 397
2262 2318 340
260 2319 104
703 2319 778
1546 2319 427
1608 2319 206
29 2320 135
635 2320 217
639 2320 343
1019 2320 191
1451 2320 146
328 2321 229
38 2322 206
892 2322 232
908 2322 664
1795 2322 145
384 2323 232
1210 2323 178
1353 2323 327
2257 2323 144
179 2324 187
395 2324 261
1233 2324 288
1 2325 580
150 2325 282
1054 2325 922
694 2326 153
853 2326 974
1709 2326 204
534 2327 330
1817 2327 533
2138 2327 309
2248 2327 600
935 2328 943
1335 2328 114
300 2329 137
1661 2329 237
539 2330 372
993 2330 212
1889 2330 299
2167 2330 246
2252 2330 279
204 2331 493
516 2331 162
2283 2331 659
557 2332 290
2149 2332 504
1205 2333 218
1345 2333 245
1644 2333 263
1855 2333 241
693 2334 118
2178 2334 638
78 2335 170
1313 2335 196
1693 2335 287
2216 2335 449
307 2336 254
1343 2336 285
984 2337 408
986 2338 291
1290 2338 123
2058 2338 250
41 2339 213
1321 2339 312
1540 2339 275
216 2341 130
1572 2341 231
2340 2341 523
2164 2342 418
2299 2342 392
231 2343 419
398 2343 560
1225 2343 289
1909 2343 276
652 2344 125
1770 2344 213
1781 2344 236
388 2345 223
2057 2345 416
228 2346 186
280 2346 199
378 2346 270
908 2346 263
318 2347 339
366 2347 251
1822 2347 202
218 2348 126
656 2348 102
917 2348 288
2001 2348 258
204 2349 155
823 2349 195
1079 2349 108
1674 2349 113
2049 2349 753
2250 2349 205
320 2350 147
418 2350 205
1141 2350 345
1605 2350 387
2126 2350 136
2180 2351 608
824 2352 626
1118 2352 182
1304 2352 234
1954 2352 288
55 2353 151
686 2353 633
1178 2353 202
1826 2353 256
2000 2353 174
392 2354 493
1148 2354 441
1241 2354 370
2285 2354 179
290 2355 825
1112 2355 101
1370 2355 211
1550 2355 310
2336 2356 111
93 2357 655
149 2357 173
1441 2357 246
360 2358 243
675 2358 226
1155 2358 605
387 2359 877
756 2359 265
1075 2359 145
1879 2359 644
425 2360 674
1037 2360 109
2146 2360 278
800 2361 308
944 2361 253
1218 2361 285
2087 2361 127
435 2362 665
2097 2362 128
2140 2362 376
851 2363 183
1241 2363 723
578 2364 237
858 2364 184
203 2365 603
296 2365 998
1886 2365 939
1994 2365 531
2008 2365 146
2105 2365 163
2330 2365 391
1031 2366 134
1158 2366 401
2099 2366 614
155 2367 598
1105 2367 667
1648 2367 268
440 2368 213
1042 2368 862
2136 2368 113
2165 2368 435
1227 2369 538
1530 2369 421
2310 2369 387
1168 2370 276
1575 2370 191
2300 2370 408
28 2371 103
270 2371 141
1128 2371 407
107 2372 262
790 2372 164
1026 2372 606
1327 2372 230
1811 2372 988
49 2373 206
1577 2375 138
1736 2375 632
1737 2375 431
572 2376 286
954 2376 385
1381 2376 172
186 2377 263
250 2377 275
732 2377 196
1709 2377 142
571 2378 399
1045 2378 140
1395 2378 459
1923 2378 808
2013 2378 219
2212 2378 135
661 2379 279
156 2380 732
486 2380 128
1815 2380 382
1366 2381 226
2134 2381 237
212 2382 218
785 2382 887
1617 2382 319
16 2383 617
1176 2383 638
1683 2383 364
1712 2383 259
877 2384 422
1466 2384 833
28 2386 796
1164 2386 178
1679 2386 360
2016 2386 202
1529 2387 557
1776 2387 256
2358 2387 339
229 2388 629
1068 2388 286
646 2389 853
1065 2389 989
1803 2389 143
163 2390 604
445 2390 605
1097 2390 703
52 2391 347
575 2391 158
1973 2391 114
878 2392 239
1103 2392 361
298 2393 422
1169 2393 300
1104 2394 348
1912 2394 219
191 2395 217
455 2395 170
948 2395 288
1511 2395 142
471 2396 344
1124 2396 168
1766 2396 125
61 2397 324
470 2397 269
902 2397 100
1954 2397 271
1524 2398 326
29 2399 335
1378 2399 318
1593 2399 390
1673 2399 477
1950 2399 366
2211 2399 315
221 2400 855
1299 2400 124
2296 2400 900
2334 2400 565
612 2401 274
1461 2401 467
2337 2401 935
2363 2401 184
1536 2402 852
544 2403 269
1046 2403 316
2265 2403 196
337 2404 757
880 2404 156
1376 2404 876
1808 2404 857
809 2405 267
2267 2405 297
263 2406 496
388 2406 109
1363 2406 124
136 2407 348
290 2407 184
330 2407 255
600 2407 189
775 2407 248
460 2408 162
644 2409 163
614 2410 316
865 2410 224
1878 2410 860
2255 2410 309
1628 2411 617
2082 2411 143
81 2412 166
1531 2412 279
54 2413 901
118 2413 310
647 2413 716
1050 2413 901
1346 2413 291
1421 2413 167
1506 2413 116
1640 2413 187
1761 2413 266
73 2414 591
654 2414 388
669 2414 164
1967 2414 697
113 2415 143
1235 2415 132
1245 2415 249
2125 2415 306
910 2416 607
1168 2416 229
1642 2417 133
2259 2417 448
419 2418 216
510 2418 114
639 2418 303
28 2419 944
1237 2419 116
1453 2419 158
2030 2419 363
966 2420 449
1057 2420 307
1592 2420 171
298 2421 484
1147 2421 266
1842 2421 460
120 2422 230
938 2422 247
1869 2422 925
245 2423 199
575 2423 186
1365 2423 863
2116 2423 158
163 2424 166
232 2424 269
1516 2424 562
1519 2424 225
1279 2425 142
1541 2425 399
730 2426 175
1308 2427 219
1529 2427 344
1554 2427 165
2174 2427 300
2280 2427 115
100 2428 531
141 2428 278
607 2428 257
1134 2428 371
2150 2428 306
978 2429 722
396 2430 493
629 2430 532
1882 2430 587
482 2431 243
2191 2431 163
270 2432 375
696 2432 111
935 2433 221
945 2433 204
1508 2433 335
45 2434 238
1141 2434 376
2264 2434 350
190 2435 110
974 2435 122
1287 2435 222
965 2436 371
996 2436 122
2342 2436 585
673 2437 132
915 2437 171
1722 2437 287
2242 2437 123
507 2438 113
672 2438 110
1354 2438 155
1690 2439 258
1880 2439 116
1902 2439 293
403 2440 123
488 2440 251
605 2440 237
241 2441 371
314 2441 225
448 2441 199
827 2441 422
1107 2441 113
1676 2441 387
1340 2442 689
2308 2442 690
84 2443 175
582 2443 110
1467 2443 407
1845 2443 352
1127 2444 309
1368 2444 257
1717 2444 881
2363 2444 369
537 2445 172
1168 2445 446
1471 2445 253
2256 2445 410
695 2446 816
874 2446 150
2249 2446 191
1 2447 238
501 2447 214
840 2447 143
1573 2447 342
20 2448 146
407 2448 480
1220 2448 243
306 2449 302
1303 2449 164
1729 2449 305
2318 2449 412
444 2450 666
1329 2450 117
2354 2450 192
285 2451 185
567 2451 445
663 2451 107
958 2451 167
427 2452 306
1249 2452 538
369 2453 950
1801 2453 246
1994 2453 274
2330 2453 134
1682 2454 256
1900 2454 888
371 2455 253
1039 2455 250
203 2456 843
271 2456 104
1039 2457 190
1217 2457 325
902 2458 347
1621 2458 145
1021 2459 448
1510 2459 116
2441 2459 163
112 2460 397
622 2460 429
1565 2460 337
1648 2460 410
15 2461 229
190 2461 245
597 2461 586
1073 2461 270
1287 2461 335
1312 2461 293
1593 2461 478
837 2462 436
1083 2462 515
1085 2462 228
1107 2462 101
2237 2462 335
556 2463 165
1813 2463 776
2048 2463 149
708 2464 437
198 2465 433
1961 2465 626
492 2466 121
676 2466 555
924 2466 252
92 2467 643
557 2467 482
1527 2468 938
98 2469 140
1565 2469 348
1582 2469 150
2294 2469 127
1770 2470 127
2374 2470 885
221 2471 119
830 2471 238
992 2471 565
1032 2472 557
1662 2472 197
2229 2472 106
2442 2472 791
698 2473 688
1823 2473 809
226 2474 219
523 2474 181
1345 2474 226
1736 2474 970
406 2475 183
1028 2475 153
2452 2475 153
525 2476 275
1483 2476 568
2191 2476 958
79 2477 313
1889 2477 100
1936 2477 174
2385 2477 919
55 2478 113
107 2478 770
477 2478 302
548 2478 698
1178 2478 104
488 2479 248
1282 2479 305
1718 2479 278
2289 2479 321
694 2480 155
1709 2480 105
2307 2480 144
593 2481 420
864 2481 223
2130 2481 685
416 2482 292
433 2482 306
1274 2482 286
702 2483 239
905 2483 870
1400 2483 437
129 2484 647
778 2484 955
2370 2484 384
978 2485 144
1733 2485 472
2345 2485 186
659 2486 319
1208 2486 220
1782 2486 259
2279 2486 110
105 2487 838
693 2487 163
2471 2487 537
1041 2488 442
2454 2488 275
330 2489 195
1605 2489 343
2071 2489 216
716 2490 361
1055 2490 362
1128 2490 147
1448 2490 483
546 2491 151
1064 2491 174
828 2492 151
1009 2492 135
1851 2492 446
413 2493 330
649 2494 356
1048 2494 140
1197 2494 226
1774 2494 824
2455 2494 204
366 2495 249
805 2495 122
1744 2495 270
2048 2495 379
266 2496 237
739 2496 345
2331 2496 482
560 2497 246
1366 2497 745
2080 2497 419
352 2498 429
1793 2499 873
631 2500 295
641 2500 239
700 2500 473
1696 2500 399
