1
0
1
1
1000000
0
0
0
0
1
6 38 763
26 39 329
5 53 705
21 59 148
1 63 114
46 64 601
13 79 661
77 89 496
79 90 217
37 104 101
26 106 200
34 111 238
87 111 326
74 117 122
12 121 428
88 122 178
14 131 667
5 132 250
100 135 554
49 138 237
119 140 509
126 141 692
103 150 618
144 151 379
156 166 263
47 169 150
172 177 265
130 179 118
142 181 835
116 182 365
20 184 752
111 187 558
181 187 555
14 188 553
41 189 140
56 190 635
35 193 169
44 193 384
153 194 835
51 196 367
113 198 144
11 201 204
16 201 218
116 206 386
125 206 915
198 206 536
109 208 111
8 210 678
147 210 968
11 214 428
75 215 186
137 223 174
77 224 866
60 226 118
98 228 128
190 232 326
52 238 183
240 243 652
137 246 683
223 246 174
103 252 584
150 252 558
75 253 111
112 253 172
115 254 249
59 255 176
201 259 305
206 259 391
255 260 183
178 262 110
41 263 682
60 264 435
219 264 275
226 264 318
171 267 280
220 267 458
136 268 241
124 269 276
218 269 936
87 270 118
252 271 737
23 272 652
109 277 407
208 277 152
245 278 129
204 283 118
161 288 325
282 289 783
167 291 838
290 292 346
11 294 443
203 295 114
249 295 128
129 299 681
7 300 583
252 300 288
271 300 207
276 302 108
174 303 106
249 304 854
295 304 254
179 306 846
237 306 158
248 306 192
286 307 606
85 308 267
305 312 617
160 313 201
313 314 282
118 317 117
141 318 145
310 318 590
309 319 265
59 320 458
183 322 262
202 324 970
180 325 588
264 325 675
118 326 233
102 330 145
40 331 830
180 333 598
24 334 141
172 334 242
177 334 287
79 336 158
81 337 120
163 340 179
275 340 991
94 343 227
96 344 179
196 345 121
332 345 247
316 347 680
322 349 106
237 350 697
306 350 205
236 351 557
311 353 585
152 357 222
236 358 108
351 358 114
328 360 574
209 361 530
313 363 266
314 363 316
199 364 873
241 365 128
309 366 106
319 366 761
233 367 313
296 367 270
162 370 635
366 370 126
196 371 334
236 371 464
345 371 262
124 372 598
218 372 412
269 372 762
93 373 449
106 373 751
73 375 309
83 375 270
125 376 158
175 376 215
206 376 191
177 377 831
276 378 446
302 378 108
41 380 611
250 380 333
21 381 501
239 381 362
22 382 300
32 382 807
57 382 311
108 385 107
282 385 147
63 389 381
89 389 279
202 389 983
324 389 892
87 390 749
323 392 978
149 395 105
230 395 534
288 398 253
281 399 271
258 401 715
338 401 926
328 402 327
360 402 761
389 402 744
59 403 159
255 403 157
260 403 847
177 405 999
68 406 190
399 408 155
115 410 115
253 410 311
254 410 789
286 410 836
8 411 277
400 415 222
177 416 834
202 417 258
389 417 158
394 419 715
68 420 104
348 420 731
406 420 674
64 423 245
16 426 106
51 426 559
196 426 106
345 426 568
407 427 160
137 428 459
148 428 575
223 428 363
246 428 459
256 429 334
216 430 729
59 431 910
320 431 925
114 432 409
219 433 237
420 436 408
119 437 694
199 438 146
302 439 183
5 440 961
19 440 151
105 444 217
143 444 677
418 444 677
147 445 106
210 445 105
239 447 145
352 447 162
225 448 258
245 451 158
278 451 713
21 452 834
255 452 436
192 453 301
256 453 272
429 453 297
97 454 105
404 454 168
244 455 166
181 456 802
142 458 757
181 458 397
429 459 140
352 460 383
447 460 282
202 462 969
324 462 818
389 462 892
146 463 897
18 465 378
44 467 259
76 467 490
216 467 468
186 469 101
392 472 907
47 475 691
6 476 718
181 481 177
161 483 412
382 484 177
172 485 962
217 488 201
260 488 941
464 489 271
156 490 353
166 490 150
1 492 733
63 492 203
121 492 274
203 493 815
249 493 115
295 493 115
279 494 525
443 494 585
50 495 211
20 496 728
184 496 232
355 496 118
45 497 585
62 497 899
354 498 158
17 500 240
144 500 250
151 500 447
112 502 928
253 502 175
107 503 779
326 503 988
285 504 943
360 505 999
402 505 432
24 507 104
178 507 205
240 510 140
394 510 364
133 512 235
198 512 742
206 512 578
1 514 129
167 515 623
13 516 753
410 517 191
287 518 869
490 518 298
71 519 458
433 519 260
83 520 154
80 521 296
336 524 447
342 525 226
31 526 600
435 526 678
509 526 111
167 527 852
515 527 232
449 528 736
434 529 175
244 530 284
455 530 104
211 531 821
159 534 774
184 534 224
496 534 204
54 535 400
290 536 123
292 536 192
58 537 296
86 537 420
129 537 300
299 537 538
191 538 762
506 538 468
132 539 953
32 540 795
57 540 331
382 540 531
147 541 334
364 542 361
84 543 246
275 543 122
207 544 204
21 545 693
123 548 480
30 551 125
14 554 173
131 554 108
188 554 419
32 556 151
532 557 292
94 558 520
343 558 423
255 559 721
260 559 518
403 559 133
452 559 110
414 560 142
163 561 494
357 562 162
372 562 121
522 562 790
56 564 142
19 565 120
440 565 120
52 566 112
168 567 950
329 567 722
173 568 424
364 568 139
77 569 516
89 569 128
121 569 453
21 570 686
545 570 615
25 571 685
311 571 923
353 571 160
240 572 781
243 572 355
532 572 346
536 572 235
557 572 346
11 574 109
201 574 235
214 574 704
368 574 730
77 576 206
550 576 279
569 576 147
35 577 214
173 578 776
327 579 223
478 581 339
576 583 353
268 586 241
409 588 141
573 588 773
259 590 357
266 590 236
251 591 186
489 591 972
219 592 154
264 592 353
376 593 280
475 594 518
167 595 121
192 595 796
291 595 142
515 595 151
150 596 244
498 596 965
163 597 626
275 597 711
89 598 773
490 599 408
518 599 110
192 601 811
453 601 480
354 602 320
498 602 314
19 604 352
191 605 220
140 606 135
575 607 105
268 608 283
225 609 902
448 609 362
184 610 439
534 610 148
408 611 237
12 612 849
271 613 205
453 613 681
601 613 281
369 614 588
461 615 948
111 616 711
181 616 458
187 616 260
328 616 383
77 618 487
393 618 786
499 618 719
284 619 183
112 620 732
502 620 737
44 624 138
168 624 621
175 624 719
193 624 101
247 624 471
376 624 165
602 624 508
118 625 174
387 625 647
270 627 377
474 627 970
183 628 203
19 629 131
604 629 209
369 630 803
614 630 707
247 631 269
91 632 134
138 633 314
590 633 111
305 634 775
312 634 304
313 635 254
173 636 380
428 636 261
526 637 264
104 638 412
231 639 283
297 640 270
310 641 980
37 642 565
181 642 100
187 642 125
383 642 290
421 643 986
404 644 189
454 644 154
261 645 126
154 647 148
154 648 441
318 648 157
647 648 627
54 649 839
97 650 140
163 650 362
275 650 543
561 650 359
597 650 229
257 651 531
236 652 757
345 652 215
351 652 321
371 652 119
141 653 239
318 653 904
260 656 872
488 656 119
612 657 117
75 658 132
215 658 217
18 659 102
479 659 190
643 660 605
412 661 856
654 662 668
465 663 572
322 664 520
646 664 234
309 665 124
366 665 729
370 665 153
335 666 222
159 668 267
428 668 323
636 668 136
538 669 838
597 670 375
78 671 280
382 671 594
604 672 333
259 674 734
266 674 641
590 674 375
633 674 158
22 675 804
382 675 634
671 675 952
108 676 808
59 677 419
217 677 722
255 677 306
260 677 367
559 677 214
563 677 526
656 677 705
19 678 124
392 680 387
440 681 285
489 682 275
622 682 317
200 683 399
335 683 316
470 683 366
666 683 369
205 685 603
44 686 415
193 686 199
216 686 677
467 686 276
624 686 207
315 687 535
360 689 335
402 689 620
481 689 186
96 690 882
344 690 173
450 690 106
281 692 120
399 692 351
457 692 270
140 694 172
242 696 583
155 697 164
216 698 616
430 698 397
467 698 266
471 699 203
240 700 518
572 700 311
313 701 891
494 701 754
5 702 130
19 702 374
132 702 272
440 702 365
681 702 160
144 703 445
151 703 504
335 703 359
44 704 917
168 704 490
602 704 654
624 704 551
376 706 150
501 707 154
591 707 265
41 708 387
165 708 419
380 708 105
8 709 661
90 709 378
134 709 368
431 709 341
129 710 190
299 710 501
471 710 785
495 710 155
241 711 176
365 711 204
432 713 610
32 714 116
329 714 247
540 714 853
556 714 173
233 716 530
237 716 510
350 716 294
367 716 197
155 717 286
169 717 226
697 717 383
393 718 387
618 718 653
354 720 545
99 721 258
16 722 549
711 722 710
22 723 815
31 723 683
116 723 807
182 723 103
580 724 349
183 725 336
371 725 101
652 725 649
244 726 436
401 726 788
455 726 591
13 727 259
321 728 220
394 728 465
419 728 132
227 729 118
298 730 980
1 731 180
63 731 315
107 731 135
514 731 463
11 732 443
161 733 282
288 733 368
362 734 237
477 734 278
388 735 597
542 735 372
434 736 441
529 736 588
424 738 209
518 738 817
194 739 919
341 739 120
423 739 646
375 740 377
562 740 599
712 740 463
564 741 223
75 742 208
112 742 603
215 742 984
253 742 241
176 744 206
110 745 404
118 745 100
317 745 543
326 745 704
625 745 239
583 746 455
172 747 612
334 747 819
485 747 168
137 748 101
246 748 101
105 749 106
312 751 358
466 751 105
703 751 800
50 752 524
495 752 354
710 752 288
27 753 403
661 753 348
21 755 674
255 755 254
260 755 658
452 755 372
677 755 347
636 756 358
668 756 990
238 757 129
43 758 172
478 758 400
354 759 545
92 760 415
442 760 787
308 761 291
710 762 142
321 763 243
60 765 163
226 765 687
229 766 270
367 767 410
117 769 613
628 769 325
682 770 360
477 771 625
734 771 192
93 772 213
104 772 818
76 774 690
467 774 286
148 775 107
428 775 375
37 776 611
187 776 107
383 776 209
642 776 753
431 777 853
57 778 109
281 778 815
692 778 252
35 779 672
44 779 100
193 779 135
3 780 141
169 780 979
717 780 172
191 781 249
605 781 192
58 782 131
299 782 132
537 782 382
237 783 319
716 783 440
36 784 129
19 785 251
604 785 879
672 785 119
341 786 119
739 786 600
130 787 341
179 787 479
220 787 642
289 787 103
280 788 860
224 789 752
105 792 195
461 792 201
573 792 105
705 792 800
749 792 165
279 793 510
494 793 174
701 793 723
525 794 752
20 795 957
773 796 115
275 799 366
340 799 135
387 799 439
626 800 290
115 801 913
253 801 802
254 801 144
410 801 510
742 801 602
310 802 113
554 802 439
641 802 724
41 803 553
585 803 195
636 803 588
240 804 167
394 804 256
510 804 866
572 804 533
122 805 995
174 805 694
328 805 171
53 806 108
180 806 111
333 806 129
351 806 128
226 808 439
264 808 116
326 809 626
178 810 267
262 810 780
507 810 891
21 811 167
59 811 136
255 811 592
403 811 950
452 811 166
755 811 480
296 813 346
117 814 482
523 815 173
533 815 452
45 816 122
447 816 253
153 817 453
194 817 991
341 817 133
739 817 128
577 818 970
284 819 665
619 819 104
794 819 610
339 820 150
36 821 108
768 821 908
784 821 997
654 822 429
662 822 120
483 824 440
593 825 108
249 826 978
581 827 317
28 828 148
274 828 605
427 828 283
391 829 497
589 829 119
43 830 106
262 830 632
758 830 105
421 831 672
6 833 928
38 833 429
751 834 130
192 835 135
595 835 194
601 835 507
271 836 379
420 836 570
436 836 143
71 837 102
150 838 593
252 838 967
108 839 109
676 839 308
305 840 205
634 840 563
68 841 163
406 841 118
420 841 638
32 842 142
329 842 476
567 842 287
714 842 162
316 843 288
347 843 500
238 844 113
757 844 952
817 844 271
617 845 432
248 846 158
372 846 838
401 846 116
649 846 929
165 848 148
173 848 755
380 848 607
708 848 143
37 849 162
323 849 768
763 851 529
74 852 738
117 852 185
490 852 445
561 852 338
680 852 163
473 853 599
348 854 876
186 855 305
812 855 175
729 856 493
23 857 111
272 857 950
351 857 327
434 858 147
529 858 908
736 858 629
60 859 682
226 859 433
62 860 513
430 860 186
497 860 326
105 861 783
444 861 122
688 861 537
54 862 678
289 862 335
62 863 209
216 863 615
430 863 392
860 863 354
602 864 393
704 864 245
417 866 290
16 867 100
201 867 105
213 867 136
52 868 166
238 868 873
421 868 206
566 868 671
88 869 546
122 869 788
174 869 849
805 869 379
197 870 347
412 870 230
661 870 314
753 870 165
475 871 337
575 871 943
49 872 995
138 872 701
285 872 154
41 873 564
263 873 327
585 873 182
803 873 274
84 874 548
396 874 895
88 875 123
8 877 277
90 878 823
709 878 259
175 879 451
376 879 145
261 880 150
299 880 605
645 880 149
225 881 109
632 881 210
849 882 934
181 883 892
508 883 221
326 884 679
596 885 924
61 886 125
127 886 917
285 886 360
104 887 511
181 887 508
481 887 394
837 888 538
577 889 188
346 891 501
859 892 154
537 893 272
782 893 949
5 895 103
53 895 222
180 895 176
806 895 209
21 896 116
217 896 111
488 896 249
677 896 772
811 896 125
476 897 309
871 897 267
105 898 934
6 899 156
169 899 295
476 899 128
7 900 784
300 900 905
546 900 534
234 901 390
465 901 511
663 901 485
46 902 146
64 902 194
341 902 490
423 902 108
739 902 159
564 903 223
741 903 288
18 904 125
465 904 188
637 904 100
855 905 181
729 906 890
823 906 118
379 907 306
589 908 186
829 908 726
571 909 802
791 909 200
29 910 189
73 911 868
375 911 228
696 912 154
11 913 380
201 913 468
259 913 881
590 913 706
99 914 203
147 915 368
626 915 354
323 916 961
392 916 540
472 916 776
490 916 248
680 916 417
3 917 537
717 917 149
780 917 112
664 918 269
316 919 485
483 919 153
344 921 490
450 921 688
690 921 683
743 921 435
696 922 601
231 923 127
639 923 880
26 926 249
39 926 141
106 926 111
373 926 130
424 927 100
738 927 193
754 929 231
722 930 113
185 931 404
422 932 250
682 933 333
770 933 368
425 934 805
458 934 383
97 935 103
576 935 153
249 936 863
826 936 110
357 937 149
726 937 587
593 938 108
825 938 276
257 940 118
651 940 960
481 941 103
689 941 230
316 942 288
347 942 500
181 943 307
360 943 688
481 943 261
689 943 653
887 943 775
941 943 170
528 944 737
148 945 774
268 945 698
428 945 223
608 945 477
394 947 723
31 948 124
509 948 283
526 948 116
637 948 207
568 949 282
321 950 638
728 950 163
836 951 109
119 952 228
437 952 340
924 953 310
185 954 227
844 954 189
931 954 145
926 955 130
25 956 208
152 957 114
357 957 235
372 957 988
522 957 928
562 957 531
937 957 411
212 958 251
483 958 258
584 958 142
750 958 142
824 958 626
368 959 674
722 959 774
930 959 133
909 960 657
558 961 183
370 962 137
162 963 469
327 963 164
450 963 195
482 963 676
60 964 210
859 964 304
892 964 315
510 965 849
804 965 773
362 966 361
734 966 314
549 969 673
585 969 146
672 970 213
785 970 181
414 971 225
894 971 556
388 972 376
542 972 586
735 972 101
104 974 531
967 974 108
270 975 829
477 975 181
693 975 107
734 975 109
439 976 460
623 976 306
625 977 456
695 977 201
53 978 116
471 978 106
101 979 241
625 979 681
478 980 183
718 980 118
794 980 489
229 981 178
637 981 209
766 981 107
904 981 193
81 982 220
337 982 777
402 982 302
550 982 988
37 983 495
104 983 103
638 983 687
772 983 395
776 983 604
28 984 659
729 984 895
856 984 758
194 985 629
311 985 406
353 985 380
736 985 203
739 985 199
817 985 172
374 986 886
197 987 252
890 987 299
359 988 225
715 990 171
823 990 400
28 992 342
856 992 567
984 992 225
337 993 910
576 993 202
935 993 629
194 994 835
817 994 453
443 995 451
494 995 198
506 995 682
793 995 223
270 996 173
474 996 322
627 996 482
21 997 345
403 997 298
677 997 137
755 997 228
46 998 363
64 998 226
138 999 485
345 999 330
150 1000 141
348 1000 982
596 1000 895
685 1001 682
890 1001 146
987 1001 249
359 1002 282
626 1002 697
875 1002 854
988 1002 208
626 1003 181
1002 1003 113
478 1004 420
485 1004 795
581 1004 187
758 1004 855
1 1005 649
63 1005 149
389 1005 511
417 1005 754
971 1005 960
386 1006 143
103 1007 108
150 1007 584
393 1008 115
400 1008 914
643 1008 359
718 1008 164
794 1008 439
980 1008 431
52 1009 154
421 1009 131
868 1009 801
587 1010 248
100 1011 395
135 1011 395
245 1011 536
278 1011 379
451 1011 400
159 1013 436
428 1013 339
534 1013 279
668 1013 691
894 1014 357
971 1014 217
1005 1014 171
34 1016 268
517 1017 985
603 1018 124
871 1019 676
897 1019 906
678 1020 124
770 1021 261
933 1021 904
502 1022 820
59 1023 233
217 1023 837
403 1023 498
452 1023 273
559 1023 363
677 1023 526
755 1023 102
997 1023 186
92 1026 236
550 1027 926
576 1027 214
583 1027 549
281 1028 520
290 1028 729
292 1028 234
457 1028 154
692 1028 363
12 1029 114
511 1029 668
600 1029 317
142 1031 281
359 1031 973
468 1031 909
721 1031 135
988 1031 171
241 1032 424
365 1032 633
568 1033 400
679 1035 399
708 1035 130
848 1035 144
509 1036 108
114 1037 905
432 1037 747
713 1037 333
179 1038 138
306 1038 216
350 1038 105
115 1039 726
254 1039 185
302 1039 889
707 1040 119
564 1041 314
741 1041 768
903 1041 766
589 1042 462
617 1042 276
857 1042 841
160 1043 442
313 1043 368
314 1043 160
635 1043 825
187 1044 250
616 1044 262
47 1045 187
169 1045 769
475 1045 505
717 1045 175
961 1046 560
1025 1046 471
582 1047 948
316 1048 331
910 1048 570
919 1048 104
203 1049 330
22 1050 561
273 1050 661
186 1051 208
469 1051 195
275 1052 956
312 1052 356
514 1052 451
543 1052 140
751 1052 714
834 1052 128
9 1053 260
701 1053 923
958 1053 589
977 1053 308
892 1054 243
964 1054 108
12 1055 592
612 1055 195
657 1055 292
9 1056 710
225 1056 887
275 1056 128
543 1056 257
609 1056 807
632 1056 397
881 1056 490
1052 1056 148
66 1057 176
865 1057 445
348 1058 929
92 1059 268
442 1059 131
544 1059 284
760 1059 491
1026 1059 125
224 1060 752
5 1061 177
132 1061 605
1011 1061 333
1010 1062 716
476 1063 379
871 1063 138
897 1063 286
1019 1063 132
70 1064 436
952 1064 143
335 1065 423
396 1065 411
703 1065 237
91 1066 529
170 1066 719
632 1066 509
683 1066 111
881 1066 410
384 1067 356
473 1068 231
853 1068 378
878 1068 709
985 1069 369
797 1070 481
290 1071 236
292 1071 140
1028 1071 349
23 1073 142
325 1073 281
451 1073 665
549 1074 603
585 1074 143
928 1074 246
969 1074 579
840 1075 484
552 1076 769
722 1076 116
930 1076 568
891 1077 199
5 1078 727
56 1078 126
71 1078 649
132 1078 102
539 1078 136
199 1079 749
438 1079 153
168 1080 174
289 1081 187
573 1081 617
86 1082 104
537 1082 701
533 1083 113
676 1083 543
861 1083 430
388 1084 715
558 1084 377
735 1084 361
339 1085 105
703 1085 282
820 1085 105
1065 1085 148
123 1086 124
173 1086 518
369 1086 156
630 1086 531
636 1086 143
668 1086 699
803 1086 115
873 1086 110
925 1087 788
215 1088 543
81 1089 502
337 1089 864
576 1089 199
993 1089 171
338 1090 888
401 1090 215
726 1090 818
740 1090 884
205 1091 222
685 1091 353
21 1092 594
545 1092 416
570 1092 447
654 1092 222
333 1093 229
847 1093 154
271 1095 848
836 1095 109
66 1096 605
69 1096 123
151 1096 950
1015 1096 117
821 1097 908
563 1098 607
14 1099 407
29 1099 201
188 1099 154
922 1099 324
892 1100 280
1054 1100 186
173 1101 139
578 1101 174
848 1101 164
1086 1101 823
219 1102 114
433 1102 196
592 1102 438
323 1103 112
472 1103 495
129 1104 897
471 1104 146
710 1104 169
752 1104 413
762 1104 878
163 1105 928
561 1105 945
783 1106 564
93 1107 147
841 1108 106
788 1109 108
13 1111 103
79 1111 122
90 1111 278
709 1111 438
727 1111 737
289 1112 403
862 1112 197
1004 1113 944
107 1114 213
503 1114 294
514 1114 175
731 1114 366
434 1115 582
858 1115 962
323 1116 710
632 1116 147
690 1117 485
355 1118 647
281 1119 171
399 1119 466
432 1121 283
713 1121 778
1018 1121 506
53 1122 701
471 1122 210
699 1122 190
978 1122 175
1104 1122 861
133 1123 301
198 1123 438
206 1123 611
512 1123 107
104 1124 744
481 1124 278
772 1124 822
887 1124 163
974 1124 185
245 1125 561
278 1125 990
22 1126 396
273 1126 443
382 1126 123
1050 1126 134
729 1128 116
289 1129 500
573 1129 139
787 1129 130
1081 1129 136
1112 1129 373
705 1132 451
749 1132 236
792 1132 973
275 1133 736
597 1133 211
670 1133 135
54 1134 252
535 1134 683
862 1134 928
1112 1134 631
930 1135 969
86 1136 700
299 1136 110
537 1136 105
1082 1136 210
563 1137 293
1098 1137 567
326 1138 749
809 1138 381
1075 1139 114
142 1140 173
181 1140 563
187 1140 399
458 1140 134
143 1141 282
418 1141 282
444 1141 890
861 1141 515
1010 1142 789
69 1143 310
410 1143 309
1067 1143 175
404 1144 199
802 1144 202
884 1144 258
1127 1144 295
77 1145 747
773 1145 573
796 1145 114
944 1145 524
478 1146 182
581 1146 396
724 1146 610
36 1147 670
56 1147 127
564 1147 119
719 1147 172
784 1147 441
37 1148 432
626 1148 451
849 1148 118
882 1148 521
983 1148 474
1003 1148 601
716 1149 150
783 1149 622
745 1151 404
268 1152 561
760 1152 925
945 1152 285
1142 1152 539
1 1153 747
163 1153 113
204 1153 269
275 1153 146
340 1153 306
561 1153 113
795 1154 261
146 1155 373
769 1155 819
613 1156 276
405 1157 179
643 1157 652
966 1157 128
632 1159 357
1113 1160 713
1 1161 156
63 1161 425
148 1162 975
428 1162 361
668 1162 306
840 1163 119
1075 1163 159
542 1164 213
180 1165 111
333 1165 136
1093 1165 339
281 1166 300
399 1166 282
408 1166 147
989 1166 158
147 1168 563
541 1168 823
915 1168 107
257 1169 467
394 1169 394
113 1170 545
464 1171 134
489 1171 265
4 1173 152
79 1173 404
878 1173 582
1121 1173 340
180 1174 180
236 1174 180
351 1174 805
806 1174 215
895 1174 871
1 1175 192
176 1175 224
1161 1175 844
156 1176 528
166 1176 175
472 1176 184
19 1177 178
440 1177 180
604 1177 359
678 1177 411
1020 1177 309
208 1178 322
468 1178 741
541 1178 215
4 1179 559
79 1179 277
432 1179 462
878 1179 351
1121 1179 552
1173 1179 884
600 1180 121
257 1181 827
394 1181 288
940 1181 272
1169 1181 107
242 1182 126
318 1182 904
647 1182 484
648 1182 212
649 1183 637
389 1184 187
417 1184 860
495 1184 957
521 1184 776
551 1184 776
866 1184 664
894 1184 615
970 1184 130
1014 1184 524
823 1185 199
394 1186 274
419 1186 966
510 1186 156
947 1186 982
871 1187 530
897 1187 661
425 1189 756
480 1189 134
1184 1189 186
517 1190 214
600 1190 739
991 1190 783
1029 1190 556
1071 1191 132
494 1192 766
793 1192 734
222 1193 680
660 1193 192
13 1194 242
99 1194 114
516 1194 574
688 1194 179
861 1194 768
914 1194 262
247 1195 269
16 1196 534
47 1196 132
1045 1196 451
801 1197 414
313 1198 170
585 1198 955
380 1199 443
1024 1199 621
43 1200 487
758 1200 474
830 1200 135
1004 1200 305
236 1201 356
351 1201 481
652 1201 962
714 1202 727
842 1202 131
128 1203 141
249 1203 161
564 1203 159
622 1203 219
1041 1203 262
1147 1203 472
413 1204 117
47 1205 575
475 1205 785
594 1205 152
132 1206 850
539 1206 790
637 1207 904
589 1209 444
617 1209 367
829 1209 323
845 1209 242
1042 1209 112
987 1210 228
1001 1210 273
248 1211 142
306 1211 553
649 1211 871
673 1211 108
787 1211 324
846 1211 139
58 1212 991
30 1213 372
181 1213 128
563 1213 107
798 1213 140
883 1213 291
1131 1213 174
126 1214 542
141 1214 250
653 1214 122
791 1214 519
176 1215 315
744 1215 124
1161 1215 927
1175 1215 773
346 1216 496
425 1216 115
480 1216 347
934 1216 474
970 1216 440
1189 1216 219
84 1217 427
139 1217 386
396 1217 165
543 1217 517
874 1217 194
461 1218 134
422 1219 820
932 1219 121
928 1220 441
969 1220 616
1043 1220 326
1074 1220 557
20 1222 705
184 1222 114
355 1222 125
496 1222 226
788 1222 286
1118 1222 105
381 1223 120
460 1223 453
662 1223 184
822 1223 217
516 1224 289
687 1224 841
12 1225 460
121 1225 626
500 1225 195
944 1225 949
600 1226 198
1180 1226 315
719 1227 100
20 1228 228
1072 1228 802
428 1229 348
487 1229 121
788 1229 102
1162 1229 952
23 1230 276
857 1230 115
1073 1230 150
435 1231 347
346 1232 225
891 1232 410
70 1233 130
437 1233 747
788 1233 308
952 1233 624
1064 1233 187
74 1234 104
680 1234 473
852 1234 249
916 1234 458
159 1235 971
513 1236 120
909 1236 325
960 1236 217
591 1237 350
707 1237 109
764 1237 137
1040 1237 134
251 1238 482
591 1238 134
619 1239 149
794 1239 792
819 1239 344
1008 1239 465
68 1240 131
150 1240 422
158 1240 103
406 1240 222
67 1241 607
46 1242 145
985 1242 575
998 1242 291
362 1243 208
966 1243 490
159 1244 546
1139 1244 433
11 1246 506
368 1246 323
574 1246 942
959 1246 622
161 1247 763
301 1247 193
733 1247 104
1046 1247 581
526 1248 541
948 1248 101
9 1249 232
543 1249 983
1056 1249 102
585 1250 495
969 1250 208
628 1251 117
359 1252 174
1034 1252 287
813 1253 221
404 1255 468
454 1255 123
743 1256 384
921 1256 435
24 1257 174
405 1258 186
643 1258 950
966 1258 334
1157 1258 208
746 1260 101
575 1261 105
16 1262 530
201 1262 543
241 1262 523
711 1262 744
722 1262 157
959 1262 518
1045 1262 425
1196 1262 748
391 1263 616
589 1263 409
829 1263 624
999 1263 737
100 1264 206
135 1264 206
1011 1264 489
326 1265 626
1138 1265 381
964 1266 193
1155 1266 229
813 1267 105
1253 1267 110
327 1268 746
450 1268 459
482 1268 452
921 1268 809
963 1268 136
1188 1268 454
292 1269 517
536 1269 708
572 1269 353
434 1270 582
858 1270 962
1115 1270 311
58 1271 155
646 1271 871
782 1271 711
1212 1271 274
778 1272 223
552 1273 164
930 1273 141
1076 1273 145
88 1274 126
122 1274 740
359 1274 297
875 1274 125
1002 1274 269
1003 1274 195
21 1275 530
239 1275 258
381 1275 907
351 1276 760
358 1276 226
65 1277 403
207 1277 395
544 1277 490
549 1277 383
968 1277 403
969 1277 406
1059 1277 180
1254 1277 324
288 1278 159
738 1278 223
754 1278 130
929 1278 130
262 1279 249
310 1279 661
318 1279 550
648 1279 122
653 1279 108
271 1280 100
453 1280 417
613 1280 258
264 1281 106
808 1281 119
407 1282 111
427 1282 160
1067 1283 729
1143 1283 515
1172 1283 476
379 1284 456
907 1284 929
267 1285 437
573 1285 578
1081 1285 637
1129 1285 112
68 1286 109
420 1286 534
436 1286 172
836 1286 862
951 1286 125
220 1287 116
267 1287 754
787 1287 143
726 1288 415
196 1289 112
332 1289 431
345 1289 582
999 1289 765
1263 1289 197
174 1290 502
642 1290 104
776 1290 916
450 1291 327
743 1291 186
921 1291 568
1256 1291 186
315 1292 137
687 1292 557
1224 1292 165
1248 1292 113
626 1293 133
800 1293 246
915 1293 483
1003 1293 768
1148 1293 337
1168 1293 332
5 1295 581
53 1295 332
197 1296 267
238 1297 847
844 1297 332
175 1298 210
376 1298 109
593 1298 273
825 1298 218
938 1298 218
1245 1298 238
69 1299 224
1096 1299 796
1143 1299 360
297 1300 116
486 1300 731
640 1300 116
679 1300 121
708 1300 745
1035 1300 174
147 1301 333
445 1301 485
111 1302 721
328 1302 356
360 1302 494
616 1302 504
312 1303 101
634 1303 153
683 1303 108
1278 1303 246
424 1304 153
927 1304 294
56 1305 289
71 1305 914
245 1305 418
278 1305 619
433 1305 145
519 1305 932
564 1305 955
1078 1305 223
348 1307 935
420 1307 793
1058 1307 845
1158 1307 657
685 1308 157
1091 1308 285
449 1309 121
528 1309 145
944 1309 121
1145 1309 922
82 1310 319
241 1310 259
711 1310 548
1262 1310 655
189 1311 737
133 1313 333
590 1313 786
1030 1313 111
1312 1313 761
453 1314 340
601 1314 116
613 1314 227
393 1315 362
618 1315 769
1243 1316 766
321 1317 337
250 1318 353
380 1318 171
486 1318 295
515 1318 286
527 1318 255
138 1319 619
285 1319 217
365 1319 362
872 1319 531
1032 1319 230
174 1320 125
208 1320 223
277 1320 484
776 1320 437
1290 1320 837
1113 1321 713
189 1322 134
1120 1322 124
1245 1322 158
1298 1322 473
484 1323 107
889 1323 277
817 1324 204
985 1324 936
1069 1324 609
183 1325 521
628 1325 212
652 1325 493
725 1325 204
850 1325 231
321 1326 133
419 1326 780
728 1326 188
950 1326 122
1317 1326 269
479 1327 153
659 1327 142
950 1327 182
50 1328 184
203 1328 195
361 1328 812
440 1328 882
565 1328 326
655 1328 575
970 1328 772
1049 1328 479
1190 1328 658
404 1329 484
454 1329 125
1144 1329 339
544 1330 544
1277 1330 488
6 1331 173
833 1331 199
899 1331 158
533 1332 821
676 1332 390
839 1332 172
1083 1332 477
52 1333 192
485 1333 420
747 1333 120
868 1333 182
930 1334 941
1076 1334 957
1273 1334 281
173 1335 647
578 1335 389
796 1336 115
1145 1336 573
183 1337 409
322 1337 730
1325 1337 379
66 1338 342
254 1338 678
684 1338 209
801 1338 128
529 1339 610
87 1340 606
390 1340 318
9 1341 482
977 1341 678
1053 1341 566
322 1342 362
349 1342 151
623 1342 325
859 1342 162
976 1342 157
1337 1342 719
442 1343 941
760 1343 428
22 1344 226
1030 1344 388
250 1345 293
292 1345 109
536 1345 233
630 1346 112
161 1347 678
288 1347 220
738 1347 458
754 1347 399
927 1347 600
929 1347 399
1278 1347 577
156 1348 528
166 1348 175
472 1348 184
1176 1348 3930
10 1349 162
1110 1349 162
116 1350 235
182 1350 143
206 1350 462
512 1350 229
293 1351 123
484 1351 222
889 1351 125
1167 1351 197
1323 1351 227
1030 1352 138
1344 1352 215
20 1353 180
795 1353 203
1154 1353 114
1228 1353 862
87 1354 357
111 1354 170
270 1354 176
975 1354 564
996 1354 160
1113 1354 275
671 1355 759
675 1355 422
948 1355 143
1248 1355 346
375 1356 343
401 1356 109
562 1356 712
726 1356 282
740 1356 380
957 1356 628
1090 1356 115
156 1357 263
166 1357 4507
490 1357 150
1176 1357 175
1348 1357 175
660 1358 555
550 1359 512
982 1359 337
17 1360 335
500 1360 258
1225 1360 298
217 1361 688
352 1361 169
381 1361 245
447 1361 180
460 1361 496
677 1361 352
896 1361 648
1223 1361 236
1275 1361 193
115 1362 516
276 1362 627
302 1362 148
378 1362 627
439 1362 819
1039 1362 555
1122 1362 505
288 1363 184
398 1363 675
73 1364 260
491 1364 644
911 1364 130
962 1364 739
828 1365 605
726 1366 415
446 1367 475
625 1367 633
695 1367 903
745 1367 500
977 1367 163
1048 1367 107
1053 1367 106
1341 1367 131
75 1368 121
441 1368 127
742 1368 290
66 1369 590
587 1369 253
684 1369 532
865 1369 739
1057 1369 886
1338 1369 713
271 1370 904
300 1370 268
679 1370 789
836 1370 118
951 1370 144
1095 1370 137
1280 1370 476
1286 1370 137
1300 1370 478
40 1372 151
149 1372 312
331 1372 535
395 1372 444
396 1372 185
402 1373 623
1340 1373 860
506 1374 120
538 1374 162
669 1374 173
13 1375 385
516 1375 936
1111 1375 813
1194 1375 148
675 1376 996
948 1376 965
1355 1376 296
1324 1377 691
196 1378 316
345 1378 251
1071 1379 101
164 1382 119
498 1382 191
596 1382 194
885 1382 175
1000 1382 613
326 1383 590
1223 1384 176
565 1385 374
1190 1385 642
1328 1385 255
367 1386 221
397 1386 236
728 1386 150
1181 1386 153
197 1387 203
412 1387 104
661 1387 119
870 1387 191
966 1387 575
1296 1387 115
523 1388 684
533 1388 754
815 1388 113
1083 1388 453
517 1389 117
175 1390 451
376 1390 145
173 1391 920
568 1391 786
630 1391 881
949 1391 441
1033 1391 814
1101 1391 555
1346 1391 494
36 1392 489
203 1392 308
493 1392 309
821 1392 138
1049 1392 159
1328 1392 119
54 1393 143
306 1393 684
1134 1393 331
791 1394 476
909 1394 141
1214 1394 582
335 1395 342
703 1395 401
545 1396 202
654 1396 511
662 1396 289
1092 1396 394
185 1397 103
513 1397 897
954 1397 191
1219 1397 327
1236 1397 835
681 1398 686
702 1398 129
151 1399 256
500 1399 602
1096 1399 202
1221 1399 357
47 1400 657
475 1400 133
575 1400 698
607 1400 420
871 1400 269
897 1400 134
1205 1400 742
1261 1400 420
160 1401 424
518 1401 437
605 1401 519
781 1401 305
628 1402 117
115 1403 130
254 1403 272
410 1403 612
684 1403 159
801 1403 307
1338 1403 904
18 1404 174
465 1404 311
663 1404 681
145 1405 135
242 1405 727
817 1406 329
844 1406 153
954 1406 847
305 1407 126
621 1407 947
840 1407 784
235 1409 732
250 1409 954
380 1409 133
708 1409 590
1318 1409 752
1345 1409 924
320 1410 173
1384 1410 575
280 1412 552
487 1412 639
496 1412 105
547 1412 558
587 1412 142
788 1412 154
1162 1412 156
1222 1412 100
1229 1412 134
924 1413 310
591 1414 217
1171 1414 520
1237 1414 134
646 1415 185
664 1415 268
1122 1415 261
1212 1415 119
1271 1415 832
32 1416 671
556 1416 120
936 1417 132
219 1418 137
365 1418 327
1093 1418 280
1102 1418 156
168 1419 559
567 1419 114
624 1419 699
1080 1419 132
67 1420 714
467 1420 336
480 1421 203
891 1421 495
1077 1421 142
1171 1421 869
1232 1421 239
535 1422 164
266 1423 819
674 1423 359
45 1424 509
62 1424 676
497 1424 272
1167 1425 458
1351 1425 197
518 1426 840
599 1426 346
883 1427 727
1131 1427 107
1213 1427 208
489 1428 121
591 1428 490
946 1428 277
1171 1428 223
1237 1428 204
1242 1429 772
170 1430 343
312 1430 396
683 1430 161
1066 1430 658
1303 1430 649
1371 1430 377
40 1431 251
944 1431 820
461 1432 106
573 1432 198
588 1432 126
749 1432 956
792 1432 226
1081 1432 204
1218 1432 595
613 1433 276
1156 1433 723
191 1434 492
30 1435 141
50 1435 116
417 1435 199
495 1435 260
521 1435 159
551 1435 159
866 1435 118
1184 1435 151
485 1436 903
747 1436 588
54 1437 136
1393 1437 292
1198 1438 137
205 1439 343
328 1439 832
805 1439 161
869 1439 282
1302 1439 108
623 1440 202
976 1440 122
97 1441 154
163 1441 612
454 1441 134
650 1441 736
935 1441 310
993 1441 523
955 1442 647
399 1443 114
408 1443 431
611 1443 526
1380 1443 437
1280 1444 643
1409 1444 248
289 1445 450
41 1447 280
189 1447 349
263 1447 198
534 1447 231
610 1447 200
1311 1447 237
1322 1447 218
989 1448 276
35 1449 162
193 1449 188
577 1449 247
581 1450 540
1146 1450 228
1411 1450 611
797 1451 571
1070 1451 571
63 1452 142
121 1452 645
176 1452 164
492 1452 477
569 1452 424
1215 1452 108
1225 1452 210
355 1453 339
1118 1453 714
189 1454 737
1311 1454 546
1447 1454 237
884 1455 798
1127 1455 378
1144 1455 383
156 1456 244
490 1456 144
916 1456 211
9 1457 665
977 1457 110
1053 1457 428
1056 1457 641
1341 1457 175
250 1458 356
536 1458 551
1345 1458 405
1084 1459 392
43 1460 271
791 1460 604
909 1460 150
912 1460 114
1200 1460 174
1242 1460 364
1429 1460 691
192 1461 775
234 1461 163
595 1461 285
158 1462 236
1240 1462 103
362 1463 141
693 1463 295
966 1463 101
975 1463 407
362 1464 500
1243 1464 147
1316 1464 159
160 1465 168
1043 1465 600
1401 1465 280
314 1466 293
363 1466 152
1192 1466 223
63 1467 123
492 1467 315
1452 1467 933
600 1468 486
1029 1468 916
1190 1468 142
1226 1468 141
20 1469 350
587 1469 177
1072 1469 715
1228 1469 657
1369 1469 588
89 1470 131
389 1470 247
598 1470 188
221 1471 815
1126 1471 155
394 1472 611
419 1472 422
728 1472 194
453 1473 723
613 1473 350
1156 1473 131
1433 1473 131
12 1474 525
40 1474 258
121 1474 232
323 1474 411
944 1474 755
1225 1474 369
1309 1474 465
1431 1474 957
2 1475 862
444 1475 349
688 1475 751
861 1475 189
914 1475 866
1194 1475 129
1375 1475 691
409 1476 259
573 1476 619
588 1476 312
197 1477 108
987 1477 328
1001 1477 141
1296 1477 355
1387 1477 171
209 1478 868
361 1478 136
1328 1478 508
28 1479 144
464 1479 468
533 1479 920
984 1479 118
992 1479 250
1171 1479 347
1388 1479 417
31 1480 332
526 1480 732
723 1480 223
937 1480 303
270 1481 939
477 1481 144
693 1481 205
975 1481 707
708 1482 358
848 1482 238
1101 1482 971
322 1483 631
646 1483 217
664 1483 298
918 1483 247
1337 1483 461
16 1484 881
386 1484 291
1006 1484 292
6 1485 197
190 1485 875
697 1485 153
717 1485 109
821 1485 381
1331 1485 142
77 1486 317
224 1486 119
618 1486 575
789 1486 461
1060 1486 461
930 1487 117
1076 1487 120
1135 1487 550
71 1488 267
837 1488 166
888 1488 406
1305 1488 946
678 1489 124
1177 1489 309
464 1490 257
489 1490 132
992 1490 741
1479 1490 572
181 1491 229
414 1491 405
1294 1491 127
1373 1491 283
268 1492 387
1010 1492 469
1062 1492 845
1142 1492 949
1152 1492 125
357 1493 204
723 1493 167
726 1493 531
937 1493 557
1480 1493 665
212 1494 277
958 1494 131
977 1494 359
1053 1494 407
617 1495 433
845 1495 372
1209 1495 240
1131 1496 175
1213 1496 193
1427 1496 278
580 1497 604
724 1497 221
511 1498 197
1029 1498 100
1468 1498 113
799 1499 158
68 1500 905
420 1500 485
553 1500 178
18 1501 784
229 1501 191
637 1501 193
904 1501 208
981 1501 260
1207 1501 169
181 1502 187
481 1502 169
1294 1502 145
1491 1502 102
40 1503 475
331 1503 111
475 1504 518
594 1504 234
1205 1504 152
1242 1505 776
1429 1505 142
68 1506 794
841 1506 154
1108 1506 345
174 1507 106
303 1507 276
161 1508 449
288 1508 188
483 1508 507
464 1509 634
489 1509 475
682 1509 653
770 1509 798
714 1510 593
175 1511 337
247 1511 180
624 1511 637
631 1511 108
1195 1511 108
784 1512 280
1147 1512 171
1414 1512 195
595 1513 104
1307 1513 665
1461 1513 164
245 1514 997
325 1514 733
451 1514 270
1073 1514 456
1230 1514 224
98 1515 214
228 1515 213
878 1515 707
1068 1515 233
42 1516 155
275 1516 729
701 1517 856
977 1517 244
1053 1517 118
181 1518 929
456 1518 584
1381 1518 366
323 1519 954
472 1519 735
1103 1519 640
130 1520 118
179 1520 144
220 1520 188
787 1520 479
1038 1520 139
581 1521 921
827 1521 483
1146 1521 277
1450 1521 130
790 1522 115
1094 1522 953
231 1523 237
282 1523 474
385 1523 698
444 1523 204
533 1523 379
639 1523 237
861 1523 245
923 1523 237
1083 1523 568
307 1524 100
439 1524 907
623 1524 153
976 1524 305
1362 1524 900
237 1525 308
350 1525 213
763 1525 474
851 1525 458
576 1526 243
583 1526 780
746 1526 109
1260 1526 526
191 1527 104
483 1527 772
506 1527 174
538 1527 279
824 1527 102
1374 1527 388
1434 1527 864
484 1528 632
1323 1528 596
5 1529 211
245 1529 107
1011 1529 510
1061 1529 964
1264 1529 117
97 1530 403
404 1530 558
581 1530 360
1144 1530 775
1349 1530 789
1411 1530 140
1450 1530 107
1521 1530 591
413 1531 117
139 1532 131
874 1532 760
1217 1532 546
132 1533 757
1078 1533 290
1305 1533 972
129 1534 222
299 1534 521
880 1534 376
1385 1534 897
1498 1534 537
325 1535 116
730 1535 497
1266 1535 707
136 1537 813
268 1537 343
586 1537 813
945 1537 677
455 1538 122
726 1538 398
697 1539 145
768 1539 114
821 1539 442
1097 1539 114
1331 1539 936
1485 1539 274
285 1540 116
504 1540 491
872 1540 479
264 1541 230
325 1541 955
925 1541 349
1087 1541 629
18 1542 145
57 1542 510
486 1542 199
778 1542 348
1318 1542 612
716 1543 626
783 1543 148
1106 1543 913
1149 1543 107
18 1545 107
57 1545 194
281 1545 615
382 1545 371
778 1545 250
1272 1545 244
1542 1545 404
95 1546 302
1269 1546 366
889 1547 307
1167 1547 974
1351 1547 247
1425 1547 972
967 1548 170
974 1548 298
1124 1548 114
1358 1549 869
61 1550 837
241 1550 128
285 1550 853
872 1550 130
886 1550 253
1032 1550 989
1319 1550 173
1096 1551 166
1221 1551 572
1399 1551 947
317 1552 118
437 1553 160
157 1554 730
373 1554 375
286 1555 679
410 1555 953
517 1555 190
801 1555 109
1120 1556 379
1245 1556 111
1322 1556 185
684 1557 364
1338 1557 132
794 1558 151
819 1558 121
1239 1558 187
1354 1558 156
892 1559 175
1109 1559 187
513 1560 474
1236 1560 780
1397 1560 754
183 1561 272
850 1561 118
1325 1561 287
354 1562 140
459 1562 410
498 1562 125
596 1562 104
602 1562 251
720 1562 137
759 1562 137
864 1562 153
180 1563 164
325 1563 228
806 1563 193
1073 1563 126
716 1564 262
26 1565 591
926 1565 175
955 1565 510
1442 1565 285
701 1566 129
1249 1566 198
379 1567 304
220 1568 832
787 1568 362
1129 1568 502
93 1569 680
104 1569 596
772 1569 220
1107 1569 144
351 1570 760
358 1570 226
1276 1570 540
729 1571 426
1083 1571 240
1238 1571 167
178 1573 575
262 1573 925
1279 1573 674
66 1574 227
1015 1574 276
1096 1574 825
1369 1574 468
1399 1574 139
989 1575 952
1166 1575 239
1564 1575 870
1 1576 870
1161 1576 195
1175 1576 158
109 1577 164
208 1577 664
1322 1578 124
1556 1578 379
177 1579 120
334 1579 115
377 1579 269
405 1579 589
262 1580 120
830 1580 149
1219 1580 949
400 1581 542
421 1581 391
643 1581 648
1008 1581 340
1009 1581 981
362 1582 174
870 1582 650
966 1582 117
1387 1582 148
501 1583 164
707 1583 258
1237 1583 189
72 1584 181
580 1584 298
581 1584 215
724 1584 203
1146 1584 469
117 1585 575
140 1585 271
628 1585 155
769 1585 296
814 1585 262
1155 1585 465
1325 1585 896
150 1586 340
158 1586 154
406 1586 759
1240 1586 315
1462 1586 154
577 1587 242
1312 1587 125
1313 1587 194
587 1588 191
1228 1588 512
1338 1588 784
1369 1588 789
1469 1588 231
587 1589 349
658 1589 154
1010 1589 406
1026 1589 710
1062 1589 608
1588 1589 123
346 1590 240
1232 1590 217
315 1591 102
522 1591 210
989 1591 604
1292 1591 951
18 1592 107
290 1592 448
408 1592 118
687 1592 181
905 1592 686
1071 1592 154
1379 1592 295
1386 1592 390
366 1593 672
665 1593 740
7 1594 784
300 1594 905
546 1594 534
900 1594 121
73 1595 134
370 1595 375
491 1595 839
962 1595 100
1364 1595 277
97 1596 151
454 1596 177
644 1596 121
209 1597 627
286 1597 187
410 1597 578
737 1597 625
1478 1597 225
305 1598 865
840 1598 609
1163 1598 123
323 1599 913
1116 1599 320
1225 1599 937
1474 1599 747
73 1600 478
102 1600 447
218 1600 385
267 1600 422
372 1600 424
375 1600 878
733 1601 487
1247 1601 332
179 1602 700
1038 1602 141
323 1603 100
392 1603 343
472 1603 123
1103 1603 987
1519 1603 182
914 1604 176
400 1605 810
1581 1605 508
466 1606 320
703 1606 530
751 1606 157
807 1607 435
683 1608 802
1066 1608 466
1139 1608 266
1244 1608 373
1371 1608 305
1430 1608 159
1536 1608 322
206 1609 377
1350 1609 205
434 1610 215
736 1610 422
817 1610 506
985 1610 391
998 1610 211
1242 1610 122
1324 1610 672
582 1611 325
1012 1611 106
1047 1611 242
123 1612 718
548 1612 450
352 1613 241
460 1613 455
777 1613 126
1137 1613 172
2 1614 325
282 1614 170
385 1614 792
1446 1614 368
1475 1614 521
1189 1615 101
87 1616 740
390 1616 664
393 1616 129
718 1616 195
1340 1616 334
1354 1616 934
434 1617 625
529 1617 970
1339 1617 164
405 1618 985
691 1618 420
222 1619 121
660 1619 858
1193 1619 154
320 1620 341
431 1620 728
1384 1620 217
1410 1620 350
519 1621 213
22 1622 317
382 1622 154
522 1622 271
1254 1623 765
113 1624 119
198 1624 128
512 1624 109
1025 1625 164
1046 1625 366
90 1626 728
98 1626 335
228 1626 334
473 1626 387
878 1626 631
1068 1626 578
1179 1626 371
1515 1626 593
410 1627 208
1143 1627 269
1299 1627 106
24 1628 121
478 1628 676
507 1628 137
581 1628 225
810 1628 118
980 1628 107
1008 1628 142
286 1629 156
307 1629 210
410 1629 179
439 1629 244
1524 1629 192
364 1630 228
542 1630 429
972 1630 160
1164 1630 422
660 1631 676
1243 1631 138
1358 1631 310
1549 1631 679
264 1632 143
325 1632 128
592 1632 149
808 1632 127
1073 1632 880
1087 1632 235
1541 1632 377
1563 1632 290
408 1633 516
611 1633 660
1380 1633 525
1443 1633 260
585 1634 153
969 1634 162
1198 1634 588
643 1635 441
660 1635 701
1193 1635 110
1258 1635 781
1581 1635 138
939 1636 636
1408 1636 704
177 1637 514
405 1637 105
691 1637 325
1258 1637 675
1618 1637 143
208 1638 124
277 1638 661
468 1638 117
1178 1638 202
302 1639 996
471 1639 129
1122 1639 334
1362 1639 595
1415 1639 146
672 1640 232
970 1640 235
1184 1640 841
1139 1641 633
1430 1641 753
1536 1641 868
1608 1641 511
133 1642 757
329 1642 651
567 1642 715
577 1642 513
579 1642 500
889 1642 403
1312 1642 428
1313 1642 979
1351 1642 416
1419 1642 440
1449 1642 425
1587 1642 651
16 1643 226
51 1643 777
201 1643 205
386 1643 521
426 1643 199
1006 1643 521
1484 1643 634
636 1644 232
377 1645 600
1579 1645 185
52 1646 136
120 1646 855
566 1646 630
1397 1646 279
1411 1647 251
1530 1647 903
67 1648 378
379 1648 903
1241 1648 404
1259 1648 185
1322 1648 247
1292 1649 298
1437 1649 329
715 1650 219
823 1650 814
990 1650 790
1327 1650 531
118 1651 530
326 1651 687
554 1651 149
802 1651 111
1138 1651 827
1219 1651 511
1383 1651 417
513 1652 264
954 1652 158
1397 1652 868
200 1653 201
313 1653 650
683 1653 497
1278 1653 337
1303 1653 920
475 1654 859
936 1654 196
984 1654 680
992 1654 169
1417 1654 791
313 1655 112
701 1655 496
1043 1655 161
1198 1655 329
1303 1655 576
1438 1655 265
1634 1655 211
1653 1655 154
249 1656 241
475 1656 626
936 1656 134
984 1656 172
1654 1656 230
40 1657 475
331 1657 111
1503 1657 107
541 1658 452
1168 1658 100
1178 1658 145
1522 1658 118
1638 1658 846
336 1659 448
524 1659 207
12 1660 665
384 1660 889
1029 1660 116
1468 1660 103
1498 1660 540
455 1661 760
726 1661 596
937 1661 367
1288 1661 136
1366 1661 136
88 1662 144
93 1662 315
106 1662 563
142 1662 105
373 1662 524
1107 1662 276
1189 1662 295
315 1663 730
687 1663 200
948 1663 575
1248 1663 133
1292 1663 770
1393 1663 230
1437 1663 250
1649 1663 103
78 1664 512
671 1664 621
675 1664 178
313 1665 532
928 1665 274
1043 1665 119
1074 1665 248
1220 1665 448
22 1666 668
382 1666 544
723 1666 726
1030 1666 182
1126 1666 971
1344 1666 342
1082 1667 616
1136 1667 477
1147 1668 914
1171 1668 517
1237 1668 134
1414 1668 127
1421 1668 104
1512 1668 195
29 1669 695
188 1669 994
696 1669 971
922 1669 157
1099 1669 106
637 1670 683
1207 1670 279
566 1671 474
932 1671 250
1219 1671 237
1397 1671 137
1646 1671 270
174 1672 252
303 1672 183
869 1672 128
1320 1672 250
1507 1672 184
384 1673 393
1005 1673 281
1014 1673 242
1067 1673 381
1143 1673 120
1572 1673 337
1660 1673 705
568 1674 284
1033 1674 985
530 1675 154
989 1675 267
1448 1675 862
1591 1675 479
316 1676 380
347 1676 829
374 1676 386
919 1676 556
986 1676 388
1303 1677 567
329 1678 209
459 1678 661
567 1678 162
233 1679 236
367 1679 966
419 1679 936
728 1679 317
1386 1679 287
48 1680 948
257 1680 134
973 1680 948
109 1681 525
195 1681 420
205 1681 662
208 1681 995
555 1681 435
685 1681 597
1208 1681 435
1439 1681 675
211 1682 150
531 1682 150
995 1682 259
106 1683 951
373 1683 757
926 1683 111
1040 1683 166
1544 1683 306
1636 1683 436
218 1684 684
258 1684 744
338 1684 975
372 1684 257
401 1684 184
649 1684 531
846 1684 124
1090 1684 992
118 1685 109
326 1685 208
503 1685 188
884 1685 100
1114 1685 523
1150 1685 797
1455 1685 895
205 1686 113
685 1686 139
1001 1686 133
1091 1686 230
1210 1686 140
517 1687 152
1190 1687 891
34 1688 302
87 1688 456
111 1688 113
1016 1688 142
134 1689 253
687 1689 993
1170 1690 798
77 1691 519
89 1691 548
569 1691 573
576 1691 198
796 1691 494
1145 1691 872
1309 1691 448
1452 1691 243
1470 1691 387
1486 1691 817
747 1692 599
868 1692 722
1333 1692 119
410 1693 791
413 1693 230
517 1693 135
1204 1693 286
1531 1693 286
1551 1693 754
1555 1693 467
73 1694 161
665 1694 385
723 1694 838
1364 1694 428
1595 1694 790
297 1695 459
640 1695 170
1300 1695 116
857 1696 570
458 1697 140
1140 1697 309
76 1698 590
1000 1698 902
368 1699 205
722 1699 197
917 1699 177
959 1699 157
265 1700 265
1214 1700 677
333 1701 194
847 1701 176
1093 1701 127
1102 1701 108
1418 1701 359
206 1702 381
259 1702 144
590 1702 286
780 1703 115
917 1703 567
959 1703 978
1699 1703 258
40 1704 631
396 1704 358
703 1704 577
874 1704 119
1065 1704 464
1372 1704 121
760 1705 727
1075 1705 868
1139 1705 115
1163 1705 156
8 1706 276
210 1706 898
445 1706 981
709 1706 869
788 1707 126
952 1707 159
1233 1707 214
341 1708 767
786 1708 214
807 1709 866
1046 1709 283
1059 1709 279
1074 1709 210
1220 1709 152
1607 1709 108
1625 1709 124
150 1710 593
252 1710 968
838 1710 611
315 1711 512
382 1711 161
522 1711 251
957 1711 678
989 1711 410
1591 1711 127
1622 1711 349
11 1713 101
201 1713 202
294 1713 785
574 1713 140
732 1713 785
533 1714 346
1083 1714 265
296 1715 349
764 1715 221
813 1715 388
1237 1715 363
1267 1715 615
865 1716 320
1057 1716 186
932 1717 250
1219 1717 820
489 1718 191
591 1718 197
1428 1718 331
234 1719 240
595 1719 145
663 1719 424
901 1719 465
1461 1719 153
1513 1719 168
83 1720 870
375 1720 392
520 1720 556
740 1720 987
55 1721 283
707 1721 410
1583 1721 487
912 1722 694
119 1723 509
140 1723 565
694 1723 132
952 1723 413
1266 1723 308
1585 1723 183
53 1724 164
978 1724 401
495 1725 145
752 1725 248
299 1726 410
511 1726 119
880 1726 127
1498 1726 744
1534 1726 193
134 1727 267
687 1727 973
914 1727 760
1194 1727 401
1224 1727 872
1604 1727 143
1689 1727 483
487 1728 557
1229 1728 100
227 1729 251
729 1729 223
823 1729 656
856 1729 409
906 1729 147
1571 1729 471
542 1731 338
735 1731 371
972 1731 800
1330 1731 124
81 1732 356
360 1732 733
402 1732 202
982 1732 306
1373 1732 605
22 1733 273
162 1733 112
370 1733 601
1050 1733 184
1126 1733 161
1471 1733 368
876 1734 401
712 1735 273
740 1735 558
1356 1735 653
707 1736 873
926 1736 840
1040 1736 322
1408 1736 124
1636 1736 162
1683 1736 343
516 1737 476
446 1738 168
1182 1738 362
32 1739 671
556 1739 120
205 1740 344
555 1740 202
1208 1740 202
1681 1740 555
419 1741 232
95 1742 124
572 1742 419
1269 1742 224
1546 1742 211
190 1743 380
389 1744 382
402 1744 923
797 1744 903
924 1744 105
953 1744 788
1070 1744 903
1413 1744 788
1451 1744 107
215 1745 754
658 1745 115
1088 1745 194
30 1746 153
261 1746 169
551 1746 174
645 1746 169
880 1746 130
1213 1746 260
1534 1746 528
88 1748 133
93 1748 383
122 1748 764
142 1748 995
920 1748 808
1274 1748 234
1662 1748 179
18 1749 415
486 1749 175
527 1749 906
1300 1749 701
1318 1749 355
1409 1749 620
1542 1749 224
479 1750 120
715 1750 121
950 1750 137
1326 1750 123
1327 1750 564
1650 1750 273
196 1751 401
345 1751 301
426 1751 642
242 1752 577
696 1752 504
912 1752 158
1182 1752 604
1669 1752 990
25 1753 208
322 1754 145
1337 1754 181
167 1755 114
291 1755 315
293 1755 558
15 1756 310
934 1756 111
359 1757 244
988 1757 206
1002 1757 183
1034 1757 104
1252 1757 163
116 1758 264
182 1758 948
509 1759 160
526 1759 659
1036 1759 338
101 1760 638
387 1760 812
625 1760 318
745 1760 136
979 1760 867
348 1761 465
420 1761 742
596 1761 831
854 1761 859
1000 1761 100
1307 1761 117
1694 1762 724
212 1763 318
1494 1763 148
26 1764 329
39 1764 140
926 1764 141
697 1765 208
1485 1765 884
576 1766 185
583 1766 392
667 1766 507
1113 1766 100
798 1767 354
967 1767 610
1213 1767 232
1548 1767 133
168 1768 275
567 1768 706
1419 1768 184
54 1769 150
535 1769 242
282 1770 984
832 1770 406
1446 1770 438
1523 1770 320
1614 1770 232
50 1771 625
495 1771 319
655 1771 189
970 1771 168
1328 1771 142
1385 1771 151
1478 1771 198
125 1772 202
376 1772 171
706 1772 123
1599 1773 204
209 1774 127
286 1774 678
737 1774 127
1011 1774 284
1529 1774 644
1597 1774 106
145 1775 135
242 1775 727
1405 1775 552
123 1776 101
803 1776 108
1086 1776 559
1447 1776 224
1612 1776 103
480 1777 672
1171 1777 196
1216 1777 228
1421 1777 156
65 1778 146
544 1778 415
968 1778 146
1277 1778 555
437 1779 261
952 1779 147
1553 1779 416
275 1780 311
387 1780 129
799 1780 327
1499 1780 107
1760 1780 867
157 1781 731
373 1781 375
1554 1781 376
113 1782 834
198 1782 197
690 1782 107
921 1782 417
1117 1782 888
1170 1782 724
1690 1782 663
1058 1783 177
1158 1783 111
1307 1783 161
1461 1783 121
1513 1783 113
1678 1783 685
1393 1784 285
362 1785 105
693 1785 982
1463 1785 422
273 1786 908
450 1786 943
1050 1786 105
1188 1786 108
1268 1786 782
159 1787 895
1013 1787 293
1139 1787 420
1235 1787 876
1244 1787 139
268 1788 207
442 1788 671
760 1788 457
1059 1788 444
1075 1788 623
1139 1788 136
1152 1788 769
1705 1788 627
440 1789 106
1221 1790 708
1399 1790 719
1551 1790 299
1555 1790 263
1693 1790 602
790 1791 817
1094 1791 711
1178 1791 510
1522 1791 280
1658 1791 204
1681 1791 893
99 1792 234
721 1792 249
914 1792 108
988 1792 781
1031 1792 143
141 1793 289
265 1793 902
1214 1793 134
1394 1793 102
1700 1793 136
48 1794 567
257 1794 260
940 1794 124
973 1794 567
1181 1794 854
1680 1794 141
1067 1795 383
1572 1795 160
1673 1795 426
1493 1796 893
85 1797 381
308 1797 903
649 1798 612
846 1798 806
1183 1798 156
787 1799 287
846 1799 315
1211 1799 257
876 1800 132
1734 1800 576
181 1801 712
883 1801 354
1213 1801 159
317 1802 213
446 1802 557
483 1802 646
582 1802 483
625 1802 529
919 1802 455
1012 1802 694
1048 1802 807
1367 1802 322
1611 1802 421
218 1803 111
267 1803 515
375 1803 351
1287 1803 162
1600 1803 587
687 1804 906
1292 1804 524
1592 1804 177
323 1805 698
1599 1805 296
257 1806 691
397 1806 119
536 1806 797
1169 1806 144
1181 1806 422
1386 1806 241
1679 1806 131
43 1807 118
696 1807 808
912 1807 169
1460 1807 351
1084 1808 270
1130 1808 433
1277 1808 448
1304 1808 580
1330 1808 233
166 1809 385
392 1809 439
472 1809 295
1176 1809 492
1348 1809 492
1357 1809 385
1519 1809 494
8 1810 231
411 1810 315
877 1810 315
915 1810 367
1168 1810 559
1706 1810 143
162 1811 215
370 1811 902
665 1811 568
963 1811 385
1471 1811 190
1595 1811 727
1733 1811 180
24 1812 853
177 1812 180
334 1812 169
1257 1812 144
1628 1812 106
1313 1813 785
1587 1813 131
823 1814 156
990 1814 112
1185 1814 721
1306 1814 493
244 1815 157
530 1815 352
989 1815 135
1675 1815 275
583 1816 455
667 1816 429
1113 1816 743
1160 1816 364
1321 1816 364
1766 1816 281
272 1817 175
351 1817 127
358 1817 115
857 1817 207
1042 1817 141
1209 1817 161
242 1818 648
446 1818 530
648 1818 100
1182 1818 683
1738 1818 774
1802 1818 271
12 1819 463
396 1819 156
612 1819 299
1067 1819 203
1143 1819 128
1660 1819 460
1673 1819 132
1704 1819 291
490 1820 977
518 1820 145
599 1820 128
738 1820 186
781 1820 113
927 1820 951
1347 1820 368
1401 1820 109
1465 1820 113
251 1821 758
591 1821 248
1428 1821 502
33 1822 149
622 1822 262
682 1822 150
770 1822 106
1203 1822 135
1509 1822 455
477 1823 627
734 1823 192
771 1823 182
112 1824 758
349 1824 123
892 1824 481
1100 1824 177
1109 1824 489
1559 1824 662
19 1825 725
128 1825 536
249 1825 878
295 1825 276
440 1825 729
622 1825 151
1203 1825 192
1789 1825 233
342 1826 171
525 1826 708
794 1826 841
1008 1826 921
105 1827 143
444 1827 863
749 1827 165
69 1828 128
1299 1828 817
431 1829 783
777 1829 957
1613 1829 146
305 1830 738
621 1830 204
1407 1830 176
433 1831 391
1078 1831 113
1102 1831 395
1305 1831 231
790 1832 463
1522 1832 923
716 1833 335
1564 1833 120
1575 1833 505
1812 1834 104
649 1835 634
1183 1835 157
1798 1835 173
584 1836 195
750 1836 195
824 1836 710
958 1836 526
1494 1836 105
74 1837 233
156 1837 820
163 1837 615
490 1837 106
561 1837 608
852 1837 762
1234 1837 109
822 1838 828
1223 1838 294
1361 1838 121
1384 1838 439
1410 1838 249
37 1839 605
1148 1839 531
517 1840 614
991 1840 154
1190 1840 159
1385 1840 107
1389 1840 144
1555 1840 275
1687 1840 202
108 1841 597
385 1841 383
288 1842 184
398 1842 675
92 1843 109
760 1843 301
807 1843 872
1059 1843 778
1709 1843 434
321 1844 491
763 1844 483
1317 1844 107
1326 1844 359
1525 1844 239
146 1845 126
272 1845 783
857 1845 847
1155 1845 190
1266 1845 110
72 1846 204
724 1846 764
1146 1846 663
1584 1846 160
1730 1846 154
1109 1847 265
1559 1847 232
71 1848 184
433 1848 217
519 1848 131
1102 1848 103
1621 1848 183
1831 1848 139
292 1849 103
397 1849 246
536 1849 236
1806 1849 120
238 1850 139
416 1850 325
757 1850 175
4 1851 360
1173 1851 107
138 1852 143
590 1852 522
633 1852 984
872 1852 470
999 1852 734
1289 1852 374
458 1853 203
934 1853 133
55 1854 118
516 1854 132
687 1854 819
1224 1854 908
1253 1854 115
1267 1854 128
1375 1854 548
1583 1854 350
1721 1854 203
399 1855 164
989 1855 264
1166 1855 392
1564 1855 549
1575 1855 148
1675 1855 297
41 1856 109
1086 1856 278
1245 1856 107
1322 1856 138
1447 1856 376
1776 1856 553
514 1857 104
731 1857 443
751 1857 460
834 1857 182
1052 1857 432
408 1858 417
905 1858 265
1443 1858 132
1592 1858 925
1804 1858 193
118 1859 119
317 1859 967
1552 1859 117
1802 1859 209
54 1860 113
306 1860 785
350 1860 127
1393 1860 534
1437 1860 654
1784 1860 612
148 1861 717
775 1861 213
251 1862 140
1083 1862 235
1238 1862 197
1571 1862 111
1729 1862 819
92 1863 902
215 1863 324
587 1863 244
658 1863 130
1010 1863 271
1026 1863 653
1589 1863 821
29 1864 102
910 1864 221
919 1864 442
1048 1864 767
1099 1864 678
1802 1864 157
277 1865 937
628 1866 637
1251 1866 988
1325 1866 219
1402 1866 988
79 1867 311
336 1867 387
524 1867 356
832 1867 317
861 1867 607
1083 1867 148
1111 1867 418
1179 1867 146
1523 1867 410
1659 1867 356
1770 1867 145
163 1868 187
204 1868 451
283 1868 937
1153 1868 286
442 1869 587
1343 1869 156
414 1870 274
971 1870 127
1014 1870 185
110 1871 804
118 1871 415
625 1871 122
745 1871 812
1151 1871 804
21 1872 922
59 1872 176
260 1872 181
403 1872 158
431 1872 187
452 1872 437
559 1872 724
677 1872 305
1023 1872 727
716 1873 475
1564 1873 586
1833 1873 114
56 1874 388
190 1874 999
564 1874 225
697 1874 255
1485 1874 959
1743 1874 275
96 1875 213
344 1875 975
323 1876 224
516 1876 148
849 1876 173
1737 1876 113
1854 1876 121
10 1877 394
97 1877 712
454 1877 764
1110 1877 394
1349 1877 520
1411 1877 274
1450 1877 499
1530 1877 930
177 1878 113
405 1878 851
416 1878 316
757 1878 151
1850 1878 110
558 1879 318
733 1879 880
961 1879 271
1025 1879 248
1046 1879 525
1247 1879 552
1601 1879 313
972 1880 478
1277 1880 419
1330 1880 294
1731 1880 119
1808 1880 216
333 1881 820
1219 1882 726
1651 1882 173
211 1883 707
506 1883 547
531 1883 707
538 1883 490
995 1883 275
1682 1883 133
568 1884 284
1033 1884 985
380 1885 206
1024 1885 296
1199 1885 565
1409 1885 125
1254 1886 683
1623 1886 641
6 1887 112
169 1887 108
476 1887 976
899 1887 406
282 1888 904
289 1888 583
385 1888 561
1129 1888 349
1445 1888 418
1614 1888 192
181 1889 112
456 1889 276
1381 1889 215
1502 1889 283
1518 1889 526
1471 1890 102
1733 1890 801
1278 1891 361
1303 1891 777
1653 1891 502
1677 1891 209
1747 1891 130
375 1892 225
1720 1892 531
1571 1893 229
1862 1893 289
268 1894 283
608 1894 335
945 1894 477
632 1895 420
881 1895 421
1116 1895 587
1159 1895 239
1599 1895 207
240 1896 325
243 1896 639
532 1896 610
557 1896 610
572 1896 801
679 1896 437
1035 1896 491
1300 1896 683
112 1897 115
502 1897 116
1022 1897 275
313 1898 996
701 1898 850
793 1898 666
1056 1898 121
1249 1898 659
1566 1898 152
146 1899 116
463 1899 387
1155 1899 283
485 1900 164
747 1900 832
758 1900 188
1004 1900 154
1436 1900 200
988 1901 101
1031 1901 246
1113 1902 713
1816 1902 364
133 1903 302
259 1903 631
590 1903 767
1030 1903 107
1313 1903 319
1587 1903 183
1813 1903 766
75 1904 848
441 1904 233
1368 1904 282
59 1905 668
90 1905 433
134 1905 420
431 1905 385
709 1905 300
1689 1905 360
1706 1905 674
142 1906 250
468 1906 291
1031 1906 132
1140 1906 564
1178 1906 591
1748 1906 712
239 1907 123
352 1907 117
1098 1907 138
1137 1907 183
1613 1907 304
1829 1907 153
106 1908 651
373 1908 349
1683 1908 647
1736 1908 733
1479 1909 435
1490 1909 182
18 1910 103
659 1910 848
1327 1910 140
1386 1910 460
1542 1910 356
1592 1910 257
1679 1910 767
1858 1910 893
1905 1911 367
1134 1912 138
519 1913 213
1848 1913 183
195 1914 752
1439 1914 231
1522 1914 233
1658 1914 238
1681 1914 954
1712 1914 609
1791 1914 139
213 1915 193
867 1915 137
476 1916 765
1063 1916 781
241 1917 301
365 1917 244
872 1917 311
876 1917 102
1102 1917 738
1319 1917 753
1418 1917 139
1701 1917 229
1734 1917 102
1800 1917 102
271 1918 234
613 1918 225
1280 1918 176
1409 1918 170
1444 1918 101
414 1919 178
1340 1919 661
1373 1919 286
1491 1919 318
1502 1919 243
1616 1919 552
1732 1919 767
1870 1919 108
298 1920 179
325 1920 165
730 1920 219
859 1920 104
892 1920 319
964 1920 158
1266 1920 881
1535 1920 392
12 1921 243
396 1921 399
1067 1921 482
1819 1921 389
1427 1922 627
1496 1922 809
513 1923 280
791 1923 214
909 1923 297
960 1923 538
1236 1923 365
296 1924 418
367 1924 495
767 1924 224
823 1924 229
906 1924 243
990 1924 146
1679 1924 101
1715 1924 211
335 1925 857
547 1925 121
587 1925 599
788 1925 312
1412 1925 103
1588 1925 872
27 1926 383
661 1926 196
753 1926 451
1686 1926 144
21 1927 109
59 1927 171
260 1927 139
403 1927 216
559 1927 825
997 1927 262
1023 1927 647
1872 1927 594
310 1928 946
404 1928 545
802 1928 570
1144 1928 314
1530 1928 622
108 1929 899
282 1929 273
385 1929 959
839 1929 124
1841 1929 639
133 1930 377
327 1930 347
376 1930 258
567 1930 367
579 1930 300
963 1930 440
1123 1930 335
1298 1930 252
1642 1930 753
1903 1930 431
335 1931 140
547 1931 241
703 1931 368
1395 1931 453
1925 1931 808
45 1932 911
447 1932 320
816 1932 120
1424 1932 482
830 1933 789
1200 1933 188
1580 1933 167
1344 1934 155
1666 1934 284
603 1935 823
1018 1935 244
1121 1935 638
1179 1935 412
67 1936 106
76 1936 708
216 1936 663
467 1936 158
1241 1936 128
1420 1936 427
366 1937 374
370 1937 191
665 1937 770
723 1937 756
1364 1937 961
1480 1937 114
1666 1937 370
1694 1937 771
1762 1937 662
87 1938 473
691 1938 101
1113 1938 270
1239 1938 904
1354 1938 145
1558 1938 174
1637 1938 774
171 1939 612
267 1939 517
1081 1939 509
1285 1939 283
1287 1939 164
314 1940 186
793 1940 620
1192 1940 398
1466 1940 509
81 1941 278
337 1941 361
212 1942 318
1494 1942 148
1763 1942 122
985 1943 470
1324 1943 946
1377 1943 257
186 1944 563
812 1944 929
855 1944 198
905 1944 946
1051 1944 152
1858 1944 697
42 1945 307
275 1945 901
543 1945 519
597 1945 337
1516 1945 383
323 1946 403
516 1946 114
849 1946 264
1103 1946 155
1148 1946 816
1599 1946 117
1876 1946 503
568 1947 380
630 1947 442
1086 1947 603
1346 1947 150
1391 1947 735
99 1948 708
914 1948 158
1792 1948 350
119 1949 128
140 1949 131
308 1949 918
788 1949 570
1109 1949 908
1266 1949 110
1412 1949 212
1559 1949 954
1707 1949 103
1723 1949 172
1797 1949 833
1845 1949 122
379 1950 597
1241 1950 328
1284 1950 258
1322 1950 287
1447 1950 908
1567 1950 201
1648 1950 176
82 1951 593
711 1951 261
1310 1951 693
81 1952 242
550 1952 680
982 1952 115
1027 1952 815
1359 1952 476
25 1953 324
311 1953 183
571 1953 614
909 1953 709
956 1953 126
1753 1953 126
1923 1953 692
257 1954 531
940 1954 960
208 1955 800
277 1955 168
1320 1955 124
1243 1956 437
1358 1956 158
1464 1956 221
1631 1956 104
102 1957 152
330 1957 744
375 1957 367
1600 1957 633
54 1958 156
535 1958 258
649 1958 180
846 1958 613
1798 1958 256
267 1959 281
1287 1959 448
830 1960 710
1219 1960 158
1580 1960 135
564 1961 300
719 1961 619
1147 1961 239
1227 1961 383
1512 1961 603
709 1962 390
1905 1962 448
1911 1962 203
855 1963 175
1944 1963 929
291 1964 574
293 1964 377
889 1964 142
1351 1964 128
1755 1964 486
391 1965 179
1263 1965 459
239 1966 206
447 1966 496
460 1966 657
816 1966 516
1275 1966 114
1613 1966 269
1907 1966 247
1078 1967 167
1305 1967 673
21 1968 185
59 1968 824
62 1968 447
255 1968 154
452 1968 238
497 1968 471
559 1968 196
755 1968 145
811 1968 208
1927 1968 158
421 1969 866
831 1969 299
1581 1969 709
420 1970 423
553 1970 382
1500 1970 335
94 1971 113
343 1971 227
542 1972 213
1630 1972 422
256 1973 139
329 1973 198
429 1973 238
459 1973 882
1307 1973 466
1562 1973 726
1678 1973 101
1783 1973 119
1521 1974 393
360 1975 533
389 1975 636
402 1975 666
417 1975 211
924 1975 189
1451 1975 194
1744 1975 239
112 1976 144
253 1976 875
308 1976 122
349 1976 698
502 1976 146
761 1976 862
892 1976 120
1342 1976 477
1559 1976 129
1797 1976 107
1824 1976 160
199 1977 117
364 1977 341
438 1977 652
542 1977 326
568 1977 989
131 1978 842
310 1978 923
554 1978 379
802 1978 497
1383 1978 219
1651 1978 144
1882 1978 845
316 1979 611
356 1979 308
483 1979 932
824 1979 298
919 1979 236
1048 1979 724
1508 1979 114
1802 1979 381
1859 1979 466
974 1980 101
1548 1980 153
1184 1981 105
1189 1981 244
1615 1981 174
1662 1981 267
1748 1981 232
21 1982 407
255 1982 118
260 1982 719
452 1982 692
677 1982 243
755 1982 808
811 1982 118
997 1982 318
1927 1982 149
1968 1982 177
59 1983 582
488 1983 687
563 1983 237
656 1983 162
677 1983 675
1098 1983 170
1213 1983 741
1767 1983 108
1004 1984 131
1113 1984 549
15 1985 185
458 1985 175
934 1985 325
1756 1985 459
685 1986 157
1091 1986 285
1308 1986 220
394 1987 723
1186 1987 982
94 1988 298
558 1988 699
927 1988 342
961 1988 506
1084 1988 859
1130 1988 260
1304 1988 307
1330 1988 509
1459 1988 269
1808 1988 652
1143 1989 291
1283 1989 669
21 1990 233
59 1990 906
217 1990 192
545 1990 987
755 1990 173
811 1990 271
896 1990 232
997 1990 717
1023 1990 148
1275 1990 687
1487 1991 229
80 1992 577
521 1992 607
1435 1992 126
76 1993 252
467 1993 410
774 1993 950
1000 1993 532
1698 1993 771
290 1994 743
1071 1994 179
1191 1994 499
151 1995 177
500 1995 295
346 1996 240
970 1996 256
1189 1996 617
1216 1996 161
1232 1996 268
1590 1996 120
1640 1996 122
1771 1996 101
1126 1997 141
28 1998 430
274 1998 303
407 1998 381
427 1998 499
828 1998 606
992 1998 492
1282 1998 381
1365 1998 303
435 1999 313
509 1999 385
526 1999 866
1231 1999 164
538 2000 838
1374 2000 173
