1
0
1
1
1000000
0
0
0
0
1
2 25 378
21 33 189
9 36 194
15 36 194
22 36 389
15 40 389
22 40 194
19 44 658
34 49 310
24 51 119
5 54 1000
26 56 658
56 61 658
4 63 189
18 63 1000
59 69 189
34 70 310
49 70 310
49 77 310
70 77 310
20 79 494
64 83 658
9 84 194
15 84 194
35 84 194
17 85 494
75 85 494
79 85 494
62 90 658
72 90 658
91 93 189
92 93 189
89 96 200
49 97 310
52 98 658
8 103 1000
34 103 1000
25 105 1000
48 105 189
101 108 189
63 109 189
105 110 378
85 112 494
77 114 310
97 114 310
72 115 658
34 117 310
49 117 310
114 117 310
73 120 658
86 121 658
16 122 597
77 124 310
97 124 310
117 124 310
110 125 189
41 127 658
86 129 1000
40 130 194
67 132 189
126 134 189
130 135 194
34 137 344
113 137 344
14 138 494
77 139 310
117 139 310
37 140 280
96 144 189
15 146 194
35 146 194
130 146 389
20 150 494
8 153 189
31 153 378
88 153 189
141 153 189
93 155 189
12 156 189
28 156 189
58 156 189
38 157 344
99 158 280
67 160 1000
95 160 189
107 164 189
21 166 189
141 166 1000
70 168 310
77 168 310
130 168 344
137 168 344
139 168 310
3 170 189
52 171 658
17 173 119
36 174 194
77 174 344
84 174 194
135 174 389
146 174 194
4 176 189
78 177 119
111 178 189
31 180 1000
176 180 1000
115 182 658
18 183 189
80 185 119
173 190 597
11 191 1000
109 191 1000
134 191 189
42 192 189
69 192 378
82 192 189
106 193 280
158 193 280
149 194 658
175 194 658
108 195 378
127 198 658
151 198 658
121 199 658
157 202 597
190 202 597
163 203 189
54 204 1000
133 205 658
136 205 658
110 206 189
123 206 189
203 207 189
70 208 310
97 208 310
114 208 310
29 210 658
87 211 658
200 211 658
162 213 597
173 213 597
133 214 658
28 215 189
129 215 1000
68 217 189
195 217 1000
70 218 310
81 218 119
97 218 310
124 218 310
30 220 144
74 220 144
151 222 658
135 223 389
146 223 389
194 223 658
51 225 119
185 225 119
193 225 119
221 225 119
200 226 658
62 227 658
87 228 658
226 228 658
30 229 144
187 230 189
224 230 1000
79 231 494
140 231 280
44 232 658
64 232 658
190 233 597
17 234 494
36 235 344
113 235 344
15 237 194
22 237 389
35 237 194
142 238 658
149 238 658
56 239 658
142 239 658
175 239 658
80 240 119
19 241 658
36 241 658
151 241 658
177 241 658
144 242 1000
153 242 189
45 243 189
63 243 378
34 244 310
114 244 310
117 244 310
168 244 310
208 244 310
79 245 494
204 246 1000
171 247 658
2 248 189
162 249 597
173 249 597
46 250 1000
43 251 189
90 252 658
136 252 658
234 252 658
57 253 144
102 253 494
219 253 144
11 254 1000
192 254 189
13 255 189
33 256 1000
96 256 1000
156 257 189
209 257 189
205 258 658
190 259 597
83 261 658
181 261 658
210 261 658
60 262 189
162 263 597
252 265 658
2 266 189
1 267 189
50 267 189
184 268 1000
103 269 189
131 270 494
150 270 494
29 271 658
64 271 658
60 272 1000
155 272 189
16 273 597
213 273 597
263 273 597
84 274 389
100 276 189
101 276 1000
203 277 189
264 278 189
23 280 189
10 281 1000
120 282 658
27 283 189
31 284 189
180 284 1000
26 285 658
121 285 658
222 285 658
116 286 658
175 286 658
267 287 378
22 288 194
130 288 194
174 288 389
223 288 194
274 288 194
230 289 1000
62 290 658
216 291 1000
224 291 189
267 291 189
106 292 280
86 293 658
265 293 658
26 294 658
41 294 658
136 294 658
135 295 194
146 295 194
237 295 194
249 295 597
288 295 389
72 296 658
143 297 1000
147 297 189
123 298 1000
145 298 189
98 299 658
118 300 189
9 301 389
22 301 194
35 301 389
130 301 194
200 301 658
274 301 194
150 302 988
75 303 494
85 303 988
129 304 189
25 305 189
33 306 189
96 306 189
152 306 189
165 306 189
167 306 378
24 307 119
219 307 144
220 307 144
229 307 144
148 308 1000
165 308 1000
167 308 1000
257 308 1000
183 309 189
269 309 189
74 310 144
307 310 144
73 311 658
86 311 658
49 312 310
114 312 310
124 312 310
139 312 310
218 312 310
275 313 189
33 314 1000
225 314 119
267 315 189
308 315 189
160 316 189
148 318 189
156 318 378
63 319 189
81 320 280
183 322 378
268 322 189
319 322 1000
10 323 189
46 323 189
206 323 1000
280 323 378
158 324 280
38 326 344
235 326 344
312 326 344
61 327 658
299 327 658
79 328 494
102 328 494
303 328 494
76 329 1000
183 329 189
16 330 597
190 330 597
213 330 597
109 331 189
149 332 658
210 332 658
5 333 378
65 333 189
289 333 189
316 333 1000
181 334 658
228 334 658
271 334 658
81 335 280
193 335 280
231 335 280
36 336 194
40 336 389
237 336 389
106 337 280
47 338 189
179 338 189
262 338 378
332 339 658
258 340 658
279 340 658
295 340 658
78 341 119
79 341 494
102 341 494
131 341 494
182 341 658
325 341 494
328 341 494
338 342 1000
91 343 1000
128 343 189
163 343 189
266 343 1000
93 344 189
97 345 310
114 345 310
124 345 310
139 345 310
208 345 310
244 345 310
263 345 597
92 346 189
24 347 119
236 347 119
9 348 194
130 348 389
174 348 194
223 348 194
295 348 389
336 348 194
110 349 189
275 349 1000
281 349 189
154 350 280
296 351 658
248 352 189
250 353 189
34 354 310
49 354 310
114 354 310
117 354 310
208 354 310
218 354 310
244 354 310
14 355 280
154 355 280
185 355 119
76 356 189
23 357 1000
333 357 189
6 358 280
71 358 280
320 358 280
336 358 119
93 359 378
159 359 189
308 360 189
77 361 597
122 361 597
202 361 597
330 361 597
262 362 1000
104 363 189
156 363 1000
338 363 189
201 364 189
17 365 494
85 365 494
138 365 494
303 365 494
325 365 494
328 365 494
127 367 658
171 367 658
197 367 658
61 368 658
98 368 658
3 369 189
66 369 189
118 369 378
143 369 189
297 369 1000
27 370 189
369 370 189
66 371 1000
89 371 189
119 371 189
264 371 189
276 371 378
197 372 658
332 372 658
169 373 189
55 374 189
132 374 378
255 375 1000
343 375 1000
346 375 189
318 376 1000
371 376 189
32 377 189
164 377 1000
250 377 189
317 377 189
132 378 189
17 379 494
234 379 494
303 379 494
338 381 189
211 382 658
2 383 189
126 384 189
167 385 189
63 386 189
34 387 310
97 387 310
124 387 310
157 387 344
168 387 310
208 387 310
218 387 310
219 387 119
345 387 310
76 388 189
195 389 189
132 390 189
124 391 310
139 391 310
218 391 310
244 391 310
312 391 310
387 391 310
196 392 658
265 392 658
340 392 658
221 393 119
97 394 658
188 394 658
279 394 658
43 395 189
360 395 1000
8 396 189
103 396 1000
180 397 189
384 397 189
130 398 658
197 398 658
236 398 658
290 398 658
296 398 658
183 399 189
75 400 494
85 400 494
138 400 494
245 400 494
9 401 389
35 401 194
274 401 389
295 401 194
17 402 494
231 402 280
339 402 280
150 403 494
270 403 988
303 403 494
328 403 494
36 404 389
40 404 194
85 404 119
135 404 194
237 404 194
401 404 194
107 405 1000
364 405 189
377 405 189
371 406 1000
54 407 1000
323 408 189
352 409 189
182 410 658
247 410 658
2 411 189
362 411 189
68 412 378
178 412 189
184 412 189
256 412 189
356 412 189
373 412 1000
17 413 494
245 413 494
108 414 189
406 414 189
41 415 658
241 415 658
293 415 658
138 416 494
204 417 1000
194 418 658
286 418 658
161 419 189
116 420 658
177 420 658
182 420 658
214 420 658
120 421 658
133 421 658
351 421 658
193 422 238
221 422 119
80 423 119
314 423 119
110 424 189
107 425 1000
417 425 1000
242 426 189
73 427 658
238 427 658
282 427 658
83 428 658
227 428 658
382 428 658
333 429 189
408 429 1000
419 429 189
186 430 189
378 430 189
384 430 1000
320 431 280
355 431 280
9 432 194
35 432 389
223 432 194
274 432 194
336 432 194
104 433 189
359 433 1000
19 434 658
116 434 658
290 434 658
232 435 658
279 435 658
57 436 144
219 436 144
310 436 144
201 437 1000
323 437 189
347 438 119
7 439 189
126 439 378
53 440 189
203 440 189
29 441 658
227 441 658
418 441 658
2 442 1000
281 442 189
38 443 344
161 444 1000
164 444 189
192 444 189
390 444 1000
72 445 658
422 445 119
65 446 189
145 446 1000
374 447 1000
159 448 1000
188 449 658
372 449 658
16 450 658
115 450 658
394 450 658
435 450 658
52 451 658
200 451 658
311 451 658
150 452 494
310 452 494
379 452 494
5 453 189
164 453 1000
39 454 189
203 454 378
411 454 1000
47 456 189
298 456 1000
411 456 1000
108 457 189
181 458 658
196 458 658
288 458 658
351 458 658
34 459 310
139 459 310
168 459 310
208 459 310
218 459 310
312 459 310
391 459 310
426 460 189
112 461 494
270 461 494
403 461 494
416 461 494
408 462 189
13 463 378
129 463 189
297 463 189
448 463 189
455 463 189
70 464 310
77 464 310
97 464 310
139 464 310
168 464 310
312 464 310
354 464 310
459 464 310
218 465 344
235 465 344
44 466 658
299 466 658
15 467 389
22 467 194
223 467 194
259 467 597
274 467 194
336 467 194
404 467 389
60 468 1000
209 468 189
126 469 189
43 470 1000
287 470 189
199 471 658
247 471 658
410 471 658
142 472 658
174 472 658
226 472 658
449 472 658
189 473 189
251 473 189
275 473 378
298 473 189
342 473 189
357 473 1000
188 474 658
199 474 658
466 474 658
214 475 658
258 475 658
282 475 658
326 476 344
94 477 280
172 477 280
253 477 494
431 477 280
108 478 189
169 478 189
11 479 189
132 479 189
140 480 280
260 481 189
426 481 1000
240 482 119
445 482 119
233 483 344
237 483 344
366 483 344
476 483 344
87 484 658
368 484 658
321 485 189
377 485 378
329 486 189
331 487 189
212 488 189
437 488 189
148 489 1000
304 489 189
126 490 189
42 491 189
402 492 280
34 493 310
38 493 344
49 493 310
70 493 310
77 493 310
117 493 310
168 493 310
345 493 310
391 493 310
177 494 119
221 494 119
422 494 119
27 495 1000
89 495 189
156 495 1000
380 495 189
115 496 658
202 496 597
259 496 597
40 497 194
84 497 389
135 497 194
301 497 194
401 497 194
432 497 389
8 498 1000
187 498 189
216 498 189
260 498 378
316 498 189
447 498 189
138 499 494
379 499 494
327 500 658
382 500 658
484 500 658
