1
0
1
1
1000000
0
0
0
0
1
6 60 691
51 60 553
68 81 291
26 94 131
69 105 307
76 105 967
67 118 510
116 121 120
115 134 353
50 142 164
10 144 342
75 146 402
30 147 337
49 157 668
126 157 193
153 176 913
141 181 108
105 183 342
89 186 352
48 191 406
39 197 489
68 201 775
110 201 274
4 205 467
200 206 354
32 207 353
98 213 275
65 223 810
24 234 417
114 234 649
138 234 501
159 234 645
23 235 105
135 240 455
217 245 107
25 247 785
77 249 383
40 251 558
12 252 185
125 252 346
165 253 546
18 260 769
254 260 479
104 265 686
184 265 322
154 269 488
175 269 385
242 269 739
106 270 541
167 270 328
160 273 297
41 274 186
92 282 301
237 294 859
112 295 330
231 296 105
299 300 393
178 305 111
227 305 490
50 312 841
101 312 289
165 312 279
2 315 362
136 315 332
204 317 399
310 318 301
7 320 332
243 328 328
315 332 293
215 333 748
259 333 225
291 337 387
204 339 511
151 343 283
296 348 344
273 349 306
77 353 388
172 355 929
100 359 951
153 360 191
309 360 248
288 361 137
76 363 744
43 364 398
113 365 726
335 367 489
43 369 694
50 373 320
177 378 337
314 378 677
111 380 626
119 382 176
217 383 499
321 383 573
54 384 778
75 385 484
284 386 186
303 388 143
266 394 717
100 395 143
366 396 656
125 400 352
13 401 464
270 401 325
186 402 149
146 404 535
77 405 345
200 406 918
282 408 369
325 408 810
41 409 523
69 410 273
204 414 892
277 416 529
177 417 391
345 418 203
198 419 113
155 424 328
284 426 294
231 432 811
5 434 936
207 434 502
308 435 202
49 437 120
409 439 476
42 441 148
151 441 751
3 445 105
282 445 772
47 450 481
208 451 887
251 455 404
278 456 708
453 458 846
80 462 468
170 469 443
38 470 408
173 471 514
227 471 543
117 473 301
122 473 698
285 473 425
15 474 620
163 474 503
240 474 102
408 474 639
56 476 769
395 476 478
436 477 781
76 479 769
357 480 726
186 481 988
79 483 410
113 484 257
434 484 302
256 488 930
349 488 122
326 490 626
449 490 254
15 491 354
120 491 559
218 492 534
58 493 161
387 493 331
39 494 489
336 494 790
341 494 561
333 495 225
380 498 359
67 501 337
176 501 181
380 501 635
298 502 123
432 502 278
130 505 184
499 505 533
287 507 253
57 509 451
148 513 219
399 513 767
88 515 143
252 516 638
68 517 356
128 518 976
128 520 302
271 520 129
507 520 342
336 521 907
416 525 282
276 529 117
166 532 405
3 534 804
298 534 465
218 537 266
352 539 154
3 540 104
505 543 314
154 545 129
103 548 781
204 549 120
115 554 716
405 555 378
223 562 310
427 563 517
77 564 466
358 565 204
342 566 463
144 568 852
104 569 817
108 569 582
227 574 370
518 575 324
193 576 516
367 577 629
16 578 326
162 580 119
141 581 246
342 581 275
367 581 340
227 583 579
96 584 674
138 589 627
151 590 835
213 590 450
510 592 557
517 593 508
507 596 396
32 597 208
144 601 213
42 602 349
148 603 745
160 604 387
581 605 612
138 607 117
327 609 849
500 609 120
509 611 385
191 615 487
514 615 109
421 616 397
426 616 375
582 616 309
588 616 444
480 617 524
474 618 473
402 620 245
290 621 277
94 622 822
175 622 724
266 622 332
44 625 495
515 627 791
559 627 358
362 628 885
67 630 333
64 632 356
446 632 323
563 633 151
86 635 105
340 637 144
42 638 392
210 638 115
91 639 900
16 642 679
272 642 281
89 644 484
340 644 151
152 645 283
467 649 624
380 655 336
645 655 339
126 656 140
272 657 387
117 658 264
473 658 887
172 660 472
116 662 534
380 662 960
627 663 782
152 664 351
640 665 181
609 672 503
78 673 467
134 675 316
379 676 821
425 677 711
313 678 946
541 678 311
95 680 157
294 681 247
594 685 743
216 686 515
130 689 530
504 689 414
113 691 528
344 692 142
585 692 256
243 693 794
604 694 744
77 700 243
592 701 241
102 702 116
422 703 526
355 704 540
375 704 555
463 704 845
600 704 927
113 705 359
691 705 383
159 706 372
288 709 885
225 710 825
418 711 357
551 711 347
380 712 312
158 713 676
514 714 481
150 715 532
483 715 548
523 716 279
619 717 116
83 718 431
105 719 570
141 720 475
213 720 725
632 720 451
157 722 276
447 722 589
77 724 509
151 724 543
331 725 650
460 725 376
149 727 400
186 727 321
464 727 481
311 729 118
255 733 303
681 733 574
186 735 551
194 736 567
324 736 192
615 737 140
206 739 573
438 740 735
598 740 295
45 741 451
678 742 460
545 743 634
194 746 138
379 746 772
557 746 109
545 747 446
216 748 139
151 749 277
329 749 722
411 752 578
39 753 615
633 754 594
120 755 292
599 755 127
47 756 463
408 759 247
224 760 419
388 760 548
599 760 762
396 762 577
212 763 395
539 764 357
225 766 396
674 766 338
627 767 832
187 768 302
516 769 153
50 771 255
275 772 577
539 774 336
82 775 457
543 776 115
8 778 193
476 779 102
263 782 115
656 782 288
431 784 422
686 785 324
185 786 748
211 786 434
7 789 381
486 789 177
526 789 220
217 790 420
717 790 304
221 792 306
357 793 384
617 793 118
495 795 476
721 796 230
762 796 396
407 797 312
213 798 513
734 798 579
671 799 125
371 800 146
17 801 809
195 801 808
223 801 322
188 803 424
115 804 107
675 804 264
182 806 321
320 806 195
657 806 649
736 806 202
167 807 907
689 807 269
122 808 310
138 810 775
163 811 625
280 811 417
415 811 418
760 811 634
348 812 467
139 813 428
199 813 778
533 814 413
36 815 922
739 816 305
448 817 309
348 818 633
813 819 247
692 820 130
749 821 548
339 822 826
58 823 329
708 824 901
473 825 463
822 827 252
575 829 110
354 830 329
475 830 115
693 830 119
420 831 344
740 832 338
509 834 357
244 837 478
527 837 272
787 838 260
458 839 626
651 840 973
731 840 307
331 842 432
738 842 352
614 845 877
680 845 576
717 845 646
2 846 529
460 846 325
539 846 403
725 846 818
836 847 486
313 848 429
137 851 542
106 852 270
807 853 160
533 855 325
125 856 229
152 856 855
400 856 270
220 857 423
723 858 876
103 859 665
9 860 559
604 860 302
34 861 171
28 862 563
173 862 631
471 862 666
528 863 520
775 863 396
37 864 821
667 864 642
705 864 408
315 865 325
455 865 708
812 865 459
200 866 110
406 866 342
718 867 466
241 868 339
268 868 279
24 870 327
219 870 678
597 873 397
696 874 334
531 875 899
346 876 423
6 877 159
445 877 107
609 878 543
262 879 191
379 880 381
35 881 105
687 881 917
292 882 411
181 883 158
390 883 153
419 883 775
843 883 306
533 887 356
279 889 104
623 889 301
860 890 678
76 892 503
183 892 870
72 895 652
584 896 328
597 896 708
792 899 320
140 900 288
444 900 540
672 900 407
863 900 301
1 901 378
711 901 115
392 905 475
642 909 259
653 911 423
110 912 487
511 912 406
731 912 262
505 913 289
728 913 263
669 914 441
878 915 329
893 915 336
307 916 126
168 917 655
290 917 341
24 918 370
116 919 292
82 920 323
93 920 217
442 921 166
582 921 105
205 922 339
450 922 456
911 923 550
283 924 540
160 925 115
385 928 303
437 929 108
225 930 779
267 930 890
368 930 561
394 933 342
583 935 448
550 936 203
484 937 336
135 939 508
397 939 395
484 939 317
105 940 294
101 941 126
499 942 463
830 942 976
369 944 509
857 944 433
330 946 331
764 946 454
35 947 541
473 947 327
522 947 264
83 949 300
411 949 742
18 951 120
641 951 330
626 953 187
906 953 118
335 954 992
11 955 338
107 956 171
104 957 687
916 959 100
208 960 528
56 961 454
688 963 747
302 964 152
432 964 610
679 966 113
429 969 418
452 969 438
398 971 310
56 972 173
170 973 200
230 974 277
7 975 518
19 976 112
46 976 239
193 976 504
467 977 381
565 979 600
11 980 452
117 981 276
381 981 372
71 983 293
76 985 379
132 985 586
519 986 512
682 986 340
284 987 759
350 989 436
38 992 705
271 993 330
213 994 213
892 995 354
601 997 139
112 998 627
149 998 679
275 998 829
426 999 210
960 999 364
976 999 421
452 1001 152
66 1002 444
478 1002 120
666 1002 510
853 1002 539
472 1003 609
539 1005 999
908 1006 460
195 1007 700
968 1008 325
567 1009 160
284 1013 101
616 1013 593
390 1014 139
419 1014 173
498 1016 741
213 1017 659
994 1017 766
746 1018 290
914 1020 699
841 1021 432
347 1022 939
489 1023 290
496 1023 727
161 1024 455
529 1024 635
78 1025 391
88 1025 407
458 1025 264
473 1025 272
627 1025 778
977 1025 818
866 1026 719
363 1027 192
410 1027 698
126 1028 412
96 1029 668
145 1029 338
844 1029 288
110 1030 476
538 1030 121
875 1030 253
695 1031 109
167 1033 191
190 1033 968
464 1033 710
84 1034 132
547 1034 142
798 1034 512
868 1034 386
579 1035 463
650 1035 830
1031 1036 271
315 1037 511
659 1037 357
711 1037 368
24 1038 117
159 1038 112
757 1038 464
948 1039 108
243 1040 692
598 1040 144
381 1041 291
860 1043 112
808 1044 265
850 1044 522
272 1045 121
118 1046 406
269 1046 258
644 1047 275
178 1049 681
349 1050 103
926 1050 137
919 1055 779
13 1056 754
780 1056 299
720 1057 530
84 1059 614
264 1059 699
732 1060 482
804 1060 712
511 1061 345
487 1062 110
532 1062 214
641 1062 233
7 1066 329
56 1066 373
279 1066 482
657 1066 696
897 1067 332
25 1068 819
385 1068 167
575 1069 592
551 1070 296
865 1070 450
487 1073 429
634 1073 507
752 1073 276
875 1074 524
993 1074 391
31 1075 759
979 1076 303
1068 1076 500
482 1077 318
896 1077 158
409 1079 890
137 1080 784
497 1080 179
408 1081 506
836 1082 440
594 1083 358
755 1083 374
472 1084 505
635 1085 462
865 1085 403
412 1086 316
493 1086 108
173 1087 541
917 1089 763
40 1090 289
418 1090 111
289 1092 136
477 1092 993
13 1093 821
254 1094 415
87 1095 338
131 1095 311
1042 1095 537
567 1096 276
639 1096 752
67 1097 419
103 1098 552
232 1098 100
86 1099 963
711 1100 714
565 1101 712
544 1102 495
584 1102 691
797 1102 120
698 1104 431
414 1106 109
1028 1106 341
433 1107 721
591 1107 454
252 1109 151
387 1109 107
23 1110 822
216 1110 380
544 1110 271
845 1110 575
905 1110 119
915 1110 542
845 1112 325
904 1112 165
877 1113 291
183 1115 321
409 1115 102
169 1116 112
349 1117 329
860 1117 127
874 1117 283
646 1118 816
229 1120 132
699 1120 200
387 1121 155
1059 1122 773
256 1123 532
508 1124 413
187 1126 983
459 1126 630
33 1127 965
346 1127 125
143 1129 548
238 1130 831
778 1131 349
1039 1131 255
339 1132 562
726 1132 307
520 1134 503
101 1135 300
840 1136 318
967 1136 500
227 1137 983
649 1137 282
434 1138 590
601 1139 623
337 1140 114
561 1140 490
554 1143 152
434 1144 282
573 1145 268
866 1145 508
53 1146 320
1121 1146 376
1058 1147 580
863 1148 374
1078 1149 301
229 1150 135
164 1151 450
26 1152 146
465 1152 329
532 1152 329
718 1152 137
1038 1153 135
216 1154 179
248 1155 271
384 1155 627
433 1156 558
1037 1156 301
223 1157 768
92 1158 806
271 1159 297
4 1160 385
109 1162 847
778 1162 946
527 1164 526
671 1165 176
685 1165 136
1058 1168 292
13 1169 806
452 1169 134
465 1170 418
857 1171 150
272 1172 422
833 1172 968
164 1173 600
318 1173 544
1141 1173 750
47 1174 124
123 1175 418
775 1176 249
450 1179 373
922 1179 511
947 1180 403
331 1181 113
30 1183 572
802 1183 172
1064 1183 415
453 1184 513
809 1184 832
839 1184 339
991 1185 149
59 1186 408
214 1187 110
309 1187 152
464 1187 440
880 1187 248
333 1188 131
601 1188 707
750 1188 427
848 1188 302
1014 1189 379
837 1190 552
238 1191 482
754 1191 324
824 1191 335
824 1192 178
183 1193 194
765 1194 420
891 1194 395
949 1194 269
1013 1194 277
904 1196 832
652 1197 329
75 1198 606
524 1198 214
773 1198 106
226 1199 115
291 1200 228
948 1200 966
91 1203 308
156 1204 349
898 1204 233
1165 1204 424
344 1205 130
655 1206 700
113 1208 351
301 1208 633
1166 1210 494
684 1211 190
129 1212 949
669 1213 394
338 1214 751
809 1215 341
258 1216 651
1048 1217 766
1029 1218 675
770 1219 416
172 1220 165
564 1220 137
334 1221 613
742 1221 525
485 1222 343
681 1222 420
138 1223 948
589 1223 519
297 1225 431
839 1226 754
343 1227 664
636 1229 446
1000 1229 124
864 1230 113
63 1231 641
513 1232 283
307 1234 388
959 1234 402
712 1235 940
620 1236 279
659 1236 861
764 1236 599
25 1237 385
375 1238 370
835 1238 514
180 1239 696
750 1241 285
257 1242 522
820 1242 289
866 1242 631
1088 1242 837
79 1244 493
102 1246 666
522 1246 521
23 1247 744
501 1248 403
162 1249 593
260 1250 275
1071 1250 747
1015 1251 580
1039 1253 480
654 1254 416
181 1255 447
996 1255 126
165 1256 263
1188 1256 137
1111 1257 594
262 1258 464
348 1258 447
709 1259 613
978 1259 682
1201 1259 332
351 1260 438
899 1260 132
174 1261 138
959 1261 197
730 1263 314
255 1264 885
718 1264 478
426 1265 579
949 1265 475
138 1267 373
338 1267 727
965 1267 692
1153 1267 937
105 1268 337
652 1268 144
611 1269 111
637 1269 501
1116 1269 480
586 1270 437
1016 1270 579
711 1271 834
206 1272 516
798 1273 597
830 1274 515
648 1275 679
723 1276 489
1012 1276 424
914 1278 821
792 1279 972
282 1281 435
408 1281 525
326 1283 281
1124 1284 278
536 1285 828
1134 1285 423
1140 1286 984
743 1287 877
444 1289 296
88 1290 282
244 1291 100
982 1291 879
152 1292 521
1146 1292 658
168 1293 104
946 1293 648
963 1293 532
1146 1295 187
1273 1296 288
227 1300 302
849 1300 348
1163 1300 254
47 1301 876
1228 1301 291
1235 1302 214
1054 1303 270
236 1304 534
742 1304 475
913 1305 552
1096 1306 279
138 1307 480
158 1308 122
182 1308 114
790 1310 398
564 1311 283
85 1312 129
101 1312 437
68 1313 804
967 1313 167
1065 1313 337
1136 1313 686
150 1314 431
333 1314 325
422 1314 321
568 1314 844
29 1315 105
184 1315 674
462 1315 496
466 1315 361
94 1318 147
866 1319 691
90 1320 519
575 1320 707
234 1321 183
1011 1321 591
540 1322 623
1221 1324 687
1314 1324 295
1262 1325 102
280 1326 571
408 1326 452
760 1326 105
1200 1326 407
21 1328 282
185 1329 438
206 1329 374
478 1330 309
92 1331 691
179 1331 100
1082 1331 891
434 1332 668
1138 1332 801
758 1333 583
934 1333 365
1004 1333 719
1294 1333 650
408 1334 468
1280 1334 657
509 1335 168
925 1335 131
379 1337 950
745 1337 107
566 1339 969
403 1340 188
781 1340 909
1068 1340 330
945 1341 220
135 1342 101
315 1344 408
534 1345 377
627 1346 131
649 1346 421
261 1347 506
1180 1348 948
122 1349 346
180 1350 156
1239 1350 913
50 1351 319
819 1351 318
1239 1351 206
1306 1351 125
711 1353 830
70 1354 288
803 1354 421
1302 1354 261
618 1355 380
1227 1355 377
1282 1355 608
27 1356 177
422 1356 559
1067 1356 573
883 1357 591
702 1358 103
1184 1358 731
1230 1359 456
222 1360 548
950 1360 356
283 1361 852
359 1361 354
917 1361 371
936 1361 722
723 1362 290
805 1363 576
97 1364 574
932 1364 770
1014 1365 299
515 1366 126
923 1367 545
166 1368 696
550 1368 539
552 1368 457
268 1369 348
1091 1369 348
93 1370 127
103 1371 729
624 1371 323
333 1372 230
50 1373 267
131 1373 547
1177 1373 439
322 1374 403
390 1374 405
682 1374 357
909 1374 512
1060 1374 177
786 1376 618
927 1377 465
1000 1377 455
690 1378 353
371 1379 323
37 1380 102
648 1380 463
654 1381 546
800 1381 434
1379 1381 119
330 1382 671
336 1383 127
1207 1383 151
495 1384 314
709 1384 426
1201 1384 348
351 1385 508
1195 1385 297
170 1386 381
431 1386 392
763 1386 592
133 1387 667
535 1387 344
828 1387 790
901 1387 385
515 1388 428
947 1388 558
468 1389 121
538 1389 380
684 1389 149
625 1390 463
242 1392 786
457 1392 297
1032 1392 360
1113 1392 629
484 1394 897
1125 1394 679
316 1396 461
1333 1396 499
777 1397 579
863 1398 654
1148 1398 586
501 1399 736
19 1400 582
683 1400 415
269 1401 282
343 1401 403
501 1401 375
613 1401 271
770 1401 323
984 1401 452
1219 1401 479
1002 1402 339
1169 1402 458
65 1403 214
862 1403 330
310 1404 974
593 1404 885
171 1405 352
193 1405 413
194 1406 176
401 1406 173
746 1406 661
359 1407 536
903 1407 756
917 1407 362
422 1408 297
703 1408 188
790 1409 387
1029 1409 452
1310 1409 873
154 1410 687
26 1411 643
1363 1413 429
656 1414 266
41 1415 528
274 1415 483
1333 1415 336
674 1416 586
446 1417 439
632 1417 657
47 1418 482
507 1420 472
575 1420 893
894 1420 123
957 1420 372
1419 1420 262
451 1422 524
737 1422 385
976 1422 361
1199 1422 473
1405 1422 155
416 1423 544
989 1423 481
315 1424 341
332 1424 399
847 1424 525
540 1425 315
127 1426 471
250 1426 152
345 1429 455
1220 1429 361
52 1431 262
177 1431 111
205 1433 223
417 1434 592
1431 1434 118
674 1436 245
761 1436 392
938 1436 266
368 1437 511
656 1438 127
1263 1439 513
847 1440 311
1258 1440 756
1286 1440 628
423 1441 170
359 1442 612
36 1443 571
326 1443 367
1274 1444 126
1336 1445 588
1361 1445 341
442 1446 332
1013 1446 485
499 1447 758
299 1448 390
399 1448 382
1063 1448 820
1172 1448 760
1088 1449 205
90 1450 687
1419 1450 245
617 1451 295
1182 1451 439
132 1452 135
1085 1452 624
1140 1452 431
542 1453 489
878 1453 368
343 1454 427
49 1455 531
1018 1455 629
643 1456 145
991 1456 325
355 1457 369
646 1457 252
151 1458 130
329 1458 518
840 1459 129
1395 1459 426
186 1460 286
286 1460 478
1327 1460 985
315 1461 571
661 1461 115
656 1462 434
538 1463 633
669 1463 308
440 1465 359
499 1465 157
1031 1466 549
1058 1466 821
70 1467 455
668 1467 402
239 1468 800
127 1469 123
470 1469 180
606 1469 542
674 1469 156
983 1469 457
1316 1469 859
1410 1469 116
1213 1470 339
1053 1471 485
1002 1472 311
862 1474 885
1173 1475 459
45 1476 706
198 1476 100
1063 1476 100
1374 1476 591
31 1477 481
644 1477 138
1327 1477 138
810 1478 136
34 1479 943
943 1479 111
803 1480 470
1403 1480 266
306 1481 768
689 1481 100
264 1482 125
1188 1482 409
1035 1483 175
23 1484 502
216 1484 618
1288 1485 438
126 1486 348
157 1486 970
976 1488 470
568 1489 158
1360 1489 962
7 1490 524
720 1491 328
868 1491 904
377 1492 210
902 1492 394
962 1492 660
1166 1492 236
1348 1492 855
1487 1492 728
239 1493 396
1054 1493 580
92 1495 851
1326 1495 576
539 1496 117
1209 1496 331
240 1497 542
311 1498 414
507 1498 371
1275 1499 505
349 1500 250
62 1501 484
1162 1501 385
1449 1502 269
193 1503 272
722 1503 310
118 1505 235
280 1506 456
48 1507 229
189 1507 430
191 1507 339
722 1507 839
1343 1507 319
1422 1507 368
507 1508 291
356 1510 726
423 1512 358
924 1512 479
293 1513 668
611 1515 309
1269 1515 140
172 1516 451
722 1516 603
88 1517 132
254 1518 339
1145 1519 363
1369 1519 256
913 1520 463
286 1521 278
427 1522 639
24 1525 588
1121 1525 418
955 1526 481
1250 1527 994
112 1528 573
1498 1529 904
650 1530 300
1286 1531 404
1042 1532 618
154 1533 721
1353 1533 519
1410 1533 351
1334 1534 347
248 1535 601
745 1535 327
152 1536 687
586 1536 936
391 1537 430
427 1537 128
876 1537 299
427 1538 948
604 1538 369
281 1539 746
358 1541 495
594 1542 739
339 1544 383
1460 1544 447
492 1545 420
234 1546 281
1203 1547 281
1308 1547 113
1510 1547 468
635 1548 694
981 1549 436
1025 1549 396
505 1550 201
990 1550 317
803 1551 447
380 1552 640
124 1553 885
330 1553 147
273 1554 141
50 1555 416
771 1555 140
852 1555 154
1120 1555 287
68 1556 302
389 1556 786
956 1556 329
486 1557 127
558 1557 273
443 1558 136
20 1560 170
89 1560 729
817 1560 237
1098 1560 808
499 1561 158
589 1562 378
1546 1562 105
950 1563 104
883 1564 284
1233 1564 569
294 1565 348
65 1566 316
1428 1566 292
864 1568 407
503 1569 472
813 1569 143
1103 1569 567
1428 1569 908
8 1570 536
14 1570 545
395 1570 610
454 1570 497
852 1570 556
1103 1570 200
1162 1570 740
24 1571 388
638 1572 924
1393 1572 781
114 1573 189
219 1573 315
1246 1574 761
144 1575 387
438 1575 651
1122 1575 110
1188 1575 146
1244 1575 646
139 1577 350
978 1577 249
1251 1577 172
791 1578 462
1013 1578 663
82 1579 683
463 1580 156
1361 1580 731
293 1581 489
893 1581 535
1186 1581 362
1243 1581 421
1252 1581 468
1078 1582 434
1158 1582 137
1355 1582 971
694 1583 446
370 1584 174
1233 1584 635
845 1585 432
615 1586 336
1220 1586 916
1438 1586 506
570 1587 831
1045 1587 361
1262 1587 456
1277 1587 381
717 1588 824
1202 1588 295
1534 1589 597
510 1590 899
798 1590 155
1244 1590 110
794 1592 320
1542 1592 508
207 1593 563
808 1594 286
850 1594 381
1313 1596 219
124 1597 336
725 1597 640
1441 1597 522
1442 1597 519
447 1598 333
683 1598 567
821 1599 792
629 1600 410
1029 1600 290
70 1601 348
1375 1601 696
32 1602 186
873 1602 205
932 1603 484
1596 1603 115
1595 1604 144
1214 1605 268
980 1606 491
486 1607 409
558 1607 704
509 1608 611
731 1609 116
1360 1609 732
187 1610 413
956 1610 304
327 1611 502
332 1611 284
341 1611 128
991 1611 153
1039 1612 321
923 1613 115
1339 1613 189
1089 1614 286
1336 1614 449
519 1615 413
566 1615 582
931 1615 653
616 1616 481
347 1617 422
1351 1617 408
537 1618 655
52 1620 508
22 1621 694
76 1621 131
378 1621 745
409 1621 334
1007 1623 189
1291 1623 648
1318 1624 145
577 1625 382
734 1625 470
1017 1625 381
497 1626 217
62 1627 145
852 1627 135
1321 1627 721
1169 1628 101
1402 1628 400
509 1629 315
1327 1629 128
1596 1630 536
559 1631 462
687 1631 101
210 1632 151
334 1632 362
1126 1632 491
796 1633 111
1133 1633 375
1194 1633 405
577 1634 639
1062 1635 406
827 1636 100
1343 1636 550
793 1637 284
882 1637 937
212 1638 210
1246 1638 940
993 1639 586
265 1641 698
1285 1641 612
1558 1641 347
17 1643 654
53 1643 499
529 1643 334
723 1644 313
746 1645 350
1096 1646 408
1105 1646 225
1524 1646 654
637 1647 261
729 1648 137
1554 1648 248
835 1649 206
203 1650 913
317 1650 145
249 1651 286
309 1651 485
1221 1652 472
109 1653 656
1028 1654 554
1647 1654 125
489 1655 594
704 1655 895
1257 1655 709
1368 1655 676
1378 1655 311
1471 1655 319
192 1656 886
270 1657 363
351 1657 573
504 1658 439
11 1659 346
1006 1659 963
1606 1659 349
147 1660 404
663 1660 161
1421 1660 264
1485 1661 305
91 1662 824
571 1662 408
906 1662 122
1217 1662 410
484 1663 446
650 1663 272
1588 1663 105
664 1664 129
1032 1664 113
271 1665 290
1159 1665 172
1315 1665 172
958 1666 395
440 1667 350
780 1667 288
238 1668 235
176 1669 567
997 1669 412
47 1670 148
182 1670 835
551 1671 137
250 1672 920
655 1672 974
712 1672 112
910 1672 294
390 1673 416
888 1673 117
1581 1674 129
166 1675 331
1649 1675 601
99 1676 195
118 1676 653
136 1676 432
501 1676 321
591 1676 270
933 1676 385
1531 1676 713
1128 1677 918
552 1678 625
1053 1678 112
1368 1678 293
927 1679 692
1000 1679 728
1080 1680 875
1626 1680 540
1645 1680 331
391 1681 689
1251 1682 358
1297 1682 257
1393 1682 136
487 1683 480
1053 1683 456
1542 1684 138
103 1685 386
508 1686 733
1004 1686 847
413 1687 512
1385 1687 587
29 1688 711
108 1688 282
313 1689 303
1473 1689 128
1645 1690 931
1621 1691 349
218 1693 504
810 1693 112
1545 1693 697
1507 1694 139
362 1695 426
647 1695 295
1019 1695 246
1298 1695 836
1341 1695 548
1411 1695 152
966 1696 860
1227 1696 273
1421 1697 136
499 1699 339
885 1699 387
913 1699 867
1093 1699 263
857 1700 103
817 1701 282
1429 1702 557
1520 1703 315
1559 1703 527
683 1704 340
786 1704 589
1108 1704 330
1547 1705 585
701 1706 313
798 1706 894
868 1706 456
1430 1706 436
1432 1706 374
319 1707 439
494 1707 434
553 1708 364
1416 1708 287
370 1709 639
1476 1709 691
1360 1710 602
699 1712 408
786 1713 423
820 1713 209
64 1714 775
783 1715 348
1066 1715 446
461 1716 384
1104 1716 103
72 1717 381
1161 1717 407
1406 1717 737
1651 1717 311
1432 1718 120
1575 1718 462
398 1719 415
1364 1719 284
1603 1719 168
541 1720 125
970 1720 442
1408 1720 896
1514 1720 737
1469 1721 564
64 1722 229
257 1722 328
374 1722 345
1180 1723 320
1347 1723 174
1509 1723 618
384 1724 102
28 1725 149
392 1726 269
748 1726 858
346 1728 375
1117 1728 410
213 1729 548
300 1729 178
800 1729 798
864 1730 490
74 1731 341
1072 1732 110
166 1733 512
244 1734 327
787 1734 336
1562 1735 298
1151 1736 240
1259 1736 666
20 1737 122
249 1737 308
472 1737 394
389 1738 118
1360 1738 166
1556 1738 560
1587 1739 616
637 1740 609
928 1741 850
1110 1742 167
1619 1742 265
172 1743 323
979 1743 812
479 1744 370
1323 1744 801
1686 1744 110
1697 1745 274
255 1746 727
952 1746 432
1128 1746 524
1368 1747 727
41 1748 358
74 1748 439
670 1748 353
6 1749 412
512 1750 562
1413 1750 988
1435 1751 410
1666 1751 466
61 1752 400
1162 1752 108
1266 1752 441
1403 1752 193
633 1753 362
1240 1753 292
1397 1753 950
697 1754 278
1053 1754 133
1610 1755 389
668 1756 157
707 1756 424
303 1757 667
786 1758 510
1178 1759 540
1208 1759 373
1407 1760 427
752 1761 484
1352 1762 379
1539 1762 131
242 1763 766
1416 1763 650
730 1764 181
155 1765 179
129 1766 631
1239 1766 272
1391 1766 351
80 1767 470
349 1767 651
847 1768 667
1037 1768 454
788 1769 747
951 1769 874
101 1770 346
165 1770 101
356 1770 298
1306 1770 496
8 1771 977
1403 1771 843
8 1772 106
793 1773 874
1540 1773 807
1752 1773 872
1405 1774 756
1180 1775 263
1348 1775 487
785 1776 726
1202 1776 744
1163 1777 691
610 1778 164
1044 1778 405
323 1779 437
668 1779 274
1164 1779 121
55 1780 356
560 1780 359
45 1781 385
572 1781 471
968 1781 726
232 1782 895
569 1782 312
604 1782 396
1098 1782 346
1479 1782 108
699 1783 490
716 1783 529
813 1783 139
626 1784 340
805 1785 924
1413 1785 453
1091 1786 622
778 1787 117
104 1788 806
507 1788 905
596 1788 378
493 1789 609
712 1789 264
1382 1790 957
143 1791 201
155 1791 169
364 1791 132
857 1791 750
866 1791 150
1272 1791 397
648 1792 114
884 1792 319
937 1792 394
1083 1792 332
671 1793 397
860 1794 347
916 1794 802
1245 1794 111
518 1795 468
110 1796 361
162 1797 254
1232 1797 175
1485 1797 122
1216 1799 724
1322 1799 292
1706 1799 393
63 1800 664
1231 1800 636
1267 1800 448
1751 1800 271
820 1801 667
1541 1801 308
1713 1801 579
1125 1802 909
1196 1802 251
246 1803 595
571 1803 270
809 1803 719
917 1803 629
1511 1803 358
1597 1803 512
1313 1804 899
1323 1805 422
192 1806 864
1329 1806 152
575 1807 327
1698 1807 475
209 1808 570
1460 1808 315
103 1809 517
876 1809 122
1162 1810 367
278 1811 622
350 1811 399
372 1811 765
308 1812 464
625 1812 155
651 1812 528
1173 1812 306
1313 1812 744
362 1813 167
628 1813 543
949 1813 765
1457 1813 196
1079 1814 119
1197 1814 643
202 1815 684
209 1815 423
339 1815 678
488 1815 334
490 1815 144
556 1815 152
637 1815 116
1808 1815 492
30 1816 398
1010 1816 786
1523 1816 253
919 1817 392
1735 1817 976
926 1818 450
1583 1818 350
1387 1819 239
1683 1819 625
1194 1820 844
721 1821 265
762 1821 112
1469 1821 366
1378 1822 325
431 1823 746
887 1824 267
1696 1824 303
97 1825 792
518 1825 113
1338 1825 720
1420 1825 988
1736 1825 516
849 1826 982
1683 1826 554
382 1827 545
1484 1827 974
7 1828 164
292 1828 329
779 1828 718
922 1828 380
1510 1828 722
159 1829 117
56 1830 577
1085 1831 137
1452 1831 317
1242 1832 326
983 1833 421
1090 1833 589
1724 1833 126
275 1834 195
520 1835 796
1412 1835 336
1464 1836 170
1642 1836 972
1737 1836 471
379 1837 953
405 1837 717
477 1837 206
555 1837 559
1132 1838 401
1736 1839 389
1812 1839 439
434 1840 578
698 1840 450
759 1840 163
1021 1840 667
1035 1840 146
461 1841 364
650 1841 634
904 1841 396
1504 1841 336
1692 1841 173
1840 1841 559
21 1842 379
770 1842 105
1399 1842 428
1826 1842 471
45 1843 226
741 1843 457
1587 1843 100
390 1844 741
996 1844 576
312 1845 663
395 1846 324
1601 1846 399
273 1847 893
1117 1847 646
1299 1847 358
231 1848 451
1253 1848 598
233 1849 186
531 1849 246
631 1849 321
1350 1849 412
1688 1849 273
1712 1849 588
1707 1850 302
155 1851 301
257 1851 167
857 1851 415
1798 1851 171
567 1852 748
1063 1852 149
7 1853 476
320 1853 555
476 1854 261
751 1854 147
1066 1854 810
311 1855 562
1576 1855 408
1648 1855 253
1846 1855 884
426 1856 194
470 1856 317
1720 1857 578
871 1858 639
1121 1858 596
304 1859 262
1613 1859 437
73 1860 395
506 1860 200
587 1860 308
974 1860 583
1231 1860 396
530 1861 418
704 1861 458
1378 1861 505
1733 1861 558
1 1862 319
166 1862 839
420 1862 420
901 1862 291
220 1863 134
1502 1863 426
588 1864 113
1761 1864 590
1032 1865 287
1721 1865 607
1842 1865 263
1572 1866 296
99 1867 119
854 1867 297
1175 1867 436
1417 1867 961
1634 1867 463
872 1868 698
334 1869 484
1107 1869 185
1248 1869 621
656 1870 892
240 1871 878
723 1871 506
1497 1871 650
101 1872 982
1179 1873 185
1553 1873 392
1660 1873 482
1711 1873 309
503 1874 371
1427 1874 413
1114 1875 382
1423 1875 450
1567 1875 705
920 1876 371
1579 1876 472
195 1877 257
707 1877 811
1499 1878 305
1854 1878 800
787 1879 324
1049 1879 375
1309 1879 476
419 1880 169
1226 1881 256
87 1882 580
131 1882 292
130 1883 735
863 1883 640
203 1884 450
339 1884 313
351 1885 477
376 1885 353
443 1885 563
1551 1885 440
962 1886 184
1266 1886 275
1752 1886 298
183 1887 137
1140 1887 766
1243 1887 369
1474 1887 396
1810 1887 644
280 1888 273
894 1889 102
978 1890 107
1780 1890 310
1874 1890 895
1735 1891 835
1860 1891 370
1625 1892 662
228 1893 226
425 1893 197
856 1893 135
59 1894 390
900 1894 416
1186 1894 789
1263 1894 674
1222 1895 143
966 1896 403
1052 1896 947
1289 1897 552
1444 1897 178
1769 1898 391
612 1899 713
56 1900 447
623 1900 369
1593 1900 286
1797 1900 326
744 1901 340
928 1901 264
1595 1901 567
71 1902 391
384 1902 327
626 1902 372
746 1902 441
872 1902 299
1161 1902 434
302 1903 342
988 1903 971
1368 1903 387
1679 1903 194
1117 1904 364
1123 1904 551
1571 1905 287
1605 1905 501
227 1906 927
1474 1906 284
1326 1907 480
1757 1907 427
612 1908 182
759 1908 618
1332 1908 317
1380 1908 446
899 1909 120
1087 1909 458
1727 1909 690
1466 1910 399
640 1911 524
915 1911 736
1148 1911 435
1224 1911 540
1621 1912 350
1691 1912 885
1744 1912 119
148 1913 471
216 1914 495
496 1915 887
704 1915 282
430 1916 609
619 1916 189
896 1916 114
1167 1916 476
13 1917 301
393 1917 706
504 1917 198
505 1917 297
608 1917 341
1658 1917 126
439 1918 302
508 1918 290
710 1918 262
907 1918 383
102 1919 605
902 1919 132
981 1919 457
1167 1920 106
1762 1920 589
1910 1920 456
258 1921 123
1057 1921 116
1315 1922 410
140 1923 313
830 1923 848
869 1923 810
1703 1923 728
1140 1924 130
521 1925 500
680 1925 258
1383 1925 213
350 1926 314
1285 1926 601
305 1927 514
1551 1927 488
360 1928 294
961 1928 211
1637 1928 725
909 1929 973
1374 1929 384
1576 1930 548
146 1931 319
1898 1932 120
252 1933 482
246 1934 133
1293 1934 433
1803 1934 627
653 1935 216
1741 1935 419
1806 1935 117
1832 1935 546
776 1936 453
1561 1936 290
1375 1937 352
1698 1937 642
312 1938 348
1120 1938 877
1119 1939 266
1562 1939 543
553 1940 289
1253 1940 103
1711 1940 101
845 1941 460
1102 1941 311
1585 1941 126
233 1942 151
1421 1943 347
365 1944 430
1557 1944 370
1577 1944 562
390 1945 222
642 1945 136
723 1946 466
1158 1946 704
588 1947 391
1343 1947 155
1468 1947 791
1493 1947 519
1752 1948 329
838 1949 346
965 1949 385
1051 1949 751
1817 1949 403
1412 1951 144
1698 1951 414
1859 1952 452
1892 1953 532
1469 1954 383
1621 1954 671
1300 1955 199
1461 1955 275
1826 1955 402
1100 1956 124
1266 1956 150
1732 1956 398
1810 1956 218
1927 1956 986
1207 1957 782
1867 1958 180
658 1959 304
1756 1959 453
603 1961 648
1591 1962 258
1602 1962 725
28 1963 599
196 1963 814
204 1964 856
252 1965 204
826 1966 394
887 1966 530
1142 1966 631
384 1967 442
992 1968 598
1534 1968 416
121 1969 580
712 1969 481
312 1970 285
1950 1970 436
328 1971 356
428 1971 466
551 1971 459
1037 1971 300
420 1972 886
1317 1972 329
346 1973 230
860 1973 613
890 1973 530
212 1974 309
297 1974 949
1960 1974 324
94 1975 503
1013 1975 132
886 1976 799
1720 1976 475
481 1977 139
1785 1977 495
1917 1977 348
1553 1978 441
1116 1979 679
1640 1979 449
1213 1980 325
433 1981 138
1353 1981 289
85 1982 171
1845 1982 143
119 1983 556
598 1983 325
830 1983 145
863 1983 702
1224 1983 315
1703 1983 637
1220 1984 335
1701 1984 225
345 1985 494
384 1985 116
626 1985 145
676 1985 643
313 1986 510
333 1986 756
1372 1986 288
717 1987 422
1484 1987 512
833 1988 377
204 1989 185
1132 1989 165
1543 1989 465
1740 1989 236
94 1990 400
1194 1990 116
1820 1990 139
268 1991 106
1519 1991 175
1022 1992 376
1872 1992 831
595 1993 599
738 1993 335
1387 1993 341
1847 1994 325
1589 1995 885
1968 1995 254
1283 1996 168
1443 1996 206
892 1997 590
152 1998 128
412 1998 380
712 1998 713
1006 1998 245
1086 1998 769
1494 1998 319
1622 1998 502
81 1999 493
546 1999 581
625 1999 463
1173 1999 981
760 2000 220
