1
0
1
1
1000000
0
0
0
0
1
40 49 221
1 55 554
46 62 870
10 72 414
28 77 348
83 87 622
31 88 853
42 91 669
69 106 258
109 116 162
31 121 544
45 124 384
11 137 154
110 137 164
47 142 165
20 144 231
16 147 422
138 156 759
129 164 889
161 184 154
15 194 195
53 198 466
80 202 191
72 205 325
157 216 898
15 217 263
3 220 209
45 227 306
29 228 703
155 229 397
178 234 943
84 237 124
153 237 481
23 238 957
128 239 173
89 244 242
170 244 314
209 260 131
248 261 367
172 262 200
12 278 100
150 279 190
272 284 185
155 297 236
277 305 141
84 311 386
283 311 605
311 321 510
146 323 152
8 328 183
44 330 284
30 332 464
32 338 176
329 339 275
236 344 178
104 345 393
177 346 156
295 348 910
40 355 196
83 359 318
69 363 250
226 366 522
339 370 771
353 372 144
57 376 470
363 377 166
90 381 317
335 386 117
206 390 379
114 394 139
300 396 327
197 405 601
194 406 548
180 408 144
148 410 947
336 410 108
264 411 281
86 413 175
352 414 186
230 419 168
301 420 555
149 426 109
85 431 713
195 435 300
205 439 141
133 441 372
417 442 420
105 443 559
140 446 761
143 448 130
429 451 184
263 453 462
251 455 901
257 457 323
317 459 289
380 459 148
390 461 322
200 465 151
454 466 333
94 467 126
233 468 659
202 469 195
308 471 120
364 472 397
375 472 524
270 481 137
347 483 249
122 484 252
225 485 216
285 486 109
265 494 471
482 495 177
25 496 214
133 496 272
151 498 617
500 505 206
79 506 257
158 506 306
125 508 252
76 509 659
164 512 973
55 514 188
39 515 209
299 516 253
181 519 745
247 519 151
19 524 167
194 524 310
187 525 249
253 528 565
304 531 208
317 536 705
516 542 634
140 546 258
308 546 688
255 550 385
27 552 327
523 552 318
353 557 457
274 559 165
237 562 585
196 564 899
93 565 506
308 567 177
513 572 152
542 574 216
58 576 183
126 577 579
517 582 148
395 585 398
534 588 230
286 590 824
67 592 109
96 592 268
254 599 626
462 599 224
222 604 190
438 610 208
540 612 237
536 614 122
592 615 339
464 617 545
23 618 729
228 619 447
360 625 249
115 628 118
243 629 556
148 633 373
399 633 156
400 634 792
480 637 982
52 640 321
605 642 130
19 645 249
597 646 104
70 647 131
11 648 700
63 648 147
381 649 420
75 651 217
282 651 338
120 661 523
374 662 119
449 662 540
512 667 436
571 667 203
586 670 132
669 670 321
262 672 334
560 673 996
30 675 166
235 676 900
245 676 102
400 681 104
416 683 189
582 686 387
564 687 373
267 688 276
596 690 339
309 694 202
364 694 125
65 695 918
699 700 100
242 703 163
528 703 540
440 705 393
661 706 310
32 709 229
232 709 273
296 712 133
343 714 325
695 716 311
522 717 407
429 719 164
426 720 345
477 721 251
601 721 164
355 722 169
474 722 394
588 724 124
80 727 372
391 728 220
73 729 135
581 729 229
4 730 517
666 731 323
632 737 176
35 740 251
552 740 450
700 743 233
1 749 168
258 749 134
145 750 256
100 751 268
490 751 418
719 751 460
404 758 122
112 760 747
611 760 110
24 761 222
219 764 842
502 765 476
551 767 276
652 770 186
345 773 231
126 776 445
184 776 466
310 779 602
352 780 818
184 781 199
58 785 144
112 785 271
161 785 241
445 786 280
547 790 211
41 792 274
664 795 602
639 796 183
487 798 174
92 802 408
111 802 461
120 802 562
414 803 610
718 804 205
154 807 182
406 810 136
632 812 238
193 814 428
343 814 990
230 815 605
102 817 105
811 818 145
256 822 568
271 823 243
665 825 300
289 827 315
633 828 141
142 830 337
250 831 356
361 833 502
160 835 670
464 835 371
638 836 243
682 836 233
43 837 447
468 837 375
116 840 344
826 841 347
428 843 107
88 844 147
805 844 266
376 845 369
766 848 476
79 851 735
413 851 146
600 856 127
380 857 736
616 857 234
5 859 163
679 861 356
336 862 175
524 863 812
82 864 249
208 865 249
234 865 119
725 865 213
182 866 845
411 867 222
852 868 211
797 869 261
497 871 329
3 872 160
163 872 145
72 873 553
726 876 249
585 877 117
192 878 314
188 880 684
101 881 106
477 883 469
628 888 162
606 889 240
130 890 351
349 892 172
759 893 584
476 894 349
286 896 803
711 897 169
229 902 257
68 903 186
553 903 180
591 905 276
673 909 346
218 910 124
890 911 253
490 913 552
603 914 188
388 915 425
269 918 182
310 919 409
648 919 372
156 920 339
599 921 183
746 923 419
850 923 722
681 924 269
123 925 245
285 927 289
125 928 209
747 928 671
874 928 156
402 930 743
739 932 388
313 933 165
131 934 828
880 935 568
796 937 256
176 941 251
246 942 255
447 944 306
495 944 193
418 945 392
52 946 133
774 948 510
315 950 273
220 955 760
704 956 388
360 957 100
670 958 290
765 958 254
853 958 598
728 959 250
834 960 770
43 961 342
380 963 769
34 965 294
934 966 270
383 968 609
158 969 227
320 969 552
45 972 237
678 972 298
103 973 591
475 974 874
658 976 200
595 978 293
526 979 121
553 981 155
52 983 687
276 986 916
952 986 282
17 987 108
407 988 220
789 990 263
758 991 296
929 992 511
169 994 797
916 995 163
170 996 142
38 1002 149
775 1003 193
28 1004 328
713 1004 301
131 1005 682
736 1005 275
356 1007 128
53 1009 529
423 1009 123
330 1010 816
116 1012 357
623 1015 196
275 1016 114
926 1017 410
78 1018 154
174 1019 268
569 1019 717
253 1020 929
820 1022 241
821 1022 134
863 1023 415
985 1027 246
1006 1027 120
271 1028 124
127 1030 157
625 1032 121
679 1032 403
935 1033 102
459 1035 990
730 1036 156
611 1039 440
750 1039 625
575 1041 524
206 1042 970
573 1042 103
5 1044 243
182 1048 428
269 1048 112
333 1048 156
180 1051 326
401 1052 327
82 1053 796
908 1053 233
912 1054 433
659 1055 162
299 1061 172
838 1061 401
198 1062 720
823 1062 176
706 1063 175
822 1063 245
110 1065 941
225 1065 273
657 1065 410
262 1066 362
468 1067 671
803 1068 581
269 1071 177
503 1074 281
507 1075 574
33 1076 179
224 1076 172
672 1077 373
887 1077 207
1014 1077 291
855 1079 731
1028 1080 351
289 1082 174
710 1082 481
874 1082 107
522 1085 125
574 1086 332
12 1088 344
1019 1088 100
914 1089 289
1050 1092 236
554 1094 977
1000 1094 374
533 1095 839
838 1098 674
318 1099 263
1097 1099 358
221 1100 176
238 1100 491
557 1100 280
254 1101 190
634 1101 227
63 1103 156
622 1104 143
21 1105 150
919 1105 109
1027 1105 167
1072 1106 276
168 1107 513
630 1108 164
964 1109 342
502 1111 484
560 1111 162
999 1113 293
225 1114 224
738 1114 268
16 1115 374
239 1115 439
849 1115 336
427 1116 155
1036 1116 461
215 1120 921
977 1120 185
558 1123 227
565 1124 869
132 1125 181
186 1125 171
936 1125 108
278 1126 922
927 1126 440
746 1127 221
957 1128 700
989 1128 146
366 1133 188
708 1133 313
929 1135 121
374 1136 111
1080 1136 374
430 1141 338
723 1142 179
246 1143 134
325 1144 878
24 1145 461
450 1148 138
990 1148 122
1035 1149 576
520 1151 226
645 1151 104
47 1155 115
960 1157 104
479 1158 494
432 1159 212
985 1159 214
233 1162 411
281 1166 399
955 1166 301
587 1168 278
724 1169 154
473 1170 229
517 1170 369
19 1171 131
1139 1171 980
436 1172 130
577 1173 567
1052 1173 323
736 1176 147
1138 1176 518
274 1177 463
812 1178 888
816 1178 324
80 1179 250
596 1179 245
1083 1179 903
832 1180 317
264 1181 166
733 1183 123
775 1183 149
238 1184 431
95 1189 165
345 1189 577
636 1190 138
155 1191 344
1025 1192 139
819 1193 158
242 1194 126
405 1194 451
44 1196 550
1013 1197 672
329 1198 127
485 1198 189
482 1199 662
515 1199 622
448 1201 198
566 1201 105
705 1201 231
899 1202 539
342 1203 721
1123 1205 399
968 1206 283
315 1210 171
475 1211 856
509 1212 761
513 1212 651
300 1215 189
351 1215 117
961 1215 170
171 1220 978
248 1222 117
277 1222 111
675 1223 893
190 1226 542
224 1228 241
616 1229 461
966 1229 308
112 1231 268
412 1231 253
33 1233 513
456 1239 901
434 1243 634
363 1244 295
1209 1245 215
782 1248 486
530 1249 772
354 1250 209
543 1251 106
543 1252 217
715 1253 724
33 1254 166
533 1255 407
736 1256 448
1086 1256 199
499 1258 335
898 1259 789
99 1260 572
645 1261 429
66 1263 668
465 1264 186
192 1265 496
824 1265 360
327 1266 319
844 1267 521
147 1269 212
878 1269 306
838 1270 298
1056 1270 317
205 1271 135
282 1272 325
867 1272 166
92 1273 125
1071 1273 220
845 1275 466
302 1276 376
437 1277 227
943 1277 109
1084 1278 135
168 1279 249
617 1280 310
1240 1281 104
1093 1282 314
1236 1283 462
1021 1284 215
1059 1284 138
687 1285 623
788 1285 153
1129 1285 173
166 1286 211
1106 1288 189
1256 1288 158
293 1289 151
436 1291 608
638 1291 356
270 1292 180
113 1293 770
1176 1294 422
91 1295 148
932 1299 536
1164 1299 986
26 1300 123
1202 1300 211
640 1301 157
255 1302 272
901 1302 560
290 1303 165
416 1303 263
1068 1303 204
38 1304 168
541 1306 542
882 1306 489
73 1307 277
326 1308 279
232 1309 369
655 1309 523
971 1311 508
1107 1311 195
1190 1312 321
1214 1313 198
54 1315 276
1205 1319 129
940 1320 475
752 1322 110
847 1324 173
412 1325 410
1241 1325 332
182 1326 182
1011 1327 259
1060 1328 629
879 1330 200
656 1331 228
99 1332 293
118 1332 391
947 1333 456
1298 1333 285
830 1334 495
752 1335 949
975 1336 162
399 1337 489
727 1337 109
193 1338 686
1124 1338 102
708 1340 286
12 1341 219
235 1341 125
386 1343 376
660 1345 310
750 1348 782
1225 1349 277
472 1350 134
586 1351 195
1045 1351 159
497 1356 537
362 1359 292
460 1359 129
527 1360 372
561 1361 308
1004 1362 514
97 1363 357
654 1364 286
6 1365 179
1332 1365 643
31 1366 252
294 1366 441
190 1367 462
1357 1367 188
121 1368 711
1158 1368 277
176 1369 929
1076 1369 387
332 1372 173
340 1372 115
1023 1373 419
793 1374 515
1266 1374 974
234 1375 628
652 1375 314
492 1376 174
1346 1376 139
892 1377 234
711 1378 221
730 1379 197
556 1380 499
1207 1381 654
1346 1382 206
904 1384 357
242 1386 276
984 1389 675
942 1390 689
185 1392 119
307 1392 411
829 1393 119
741 1394 157
1030 1395 131
301 1397 250
635 1397 245
1310 1398 238
489 1399 372
383 1400 300
591 1400 133
977 1401 539
1318 1401 221
1395 1401 629
177 1402 129
621 1402 112
1186 1402 247
712 1403 163
768 1404 897
808 1405 364
987 1405 771
962 1406 216
1350 1406 308
310 1407 267
78 1408 154
799 1409 215
165 1411 330
732 1412 114
337 1413 167
1036 1413 168
1040 1413 232
547 1415 219
1317 1415 539
635 1419 407
1098 1420 938
17 1421 249
1099 1421 307
1134 1421 112
710 1422 173
322 1423 991
1336 1424 404
41 1425 334
1244 1426 144
138 1427 396
416 1427 208
331 1428 148
1188 1429 157
1250 1429 416
1348 1429 243
421 1430 218
895 1430 168
707 1431 171
1397 1432 167
1218 1433 951
1356 1434 401
425 1435 470
637 1436 358
435 1437 383
491 1437 316
659 1438 247
1014 1438 155
1002 1441 250
1112 1442 111
1012 1443 767
803 1445 243
119 1446 405
825 1446 240
443 1448 252
1129 1448 227
801 1450 197
822 1450 382
358 1451 507
1355 1451 209
1051 1452 116
808 1453 260
636 1454 258
1243 1454 824
478 1456 124
122 1458 185
529 1459 825
987 1460 171
1368 1460 480
393 1461 449
438 1461 106
897 1462 172
407 1463 871
561 1463 332
1123 1467 310
1165 1467 295
1079 1468 301
1116 1468 273
350 1469 945
715 1469 159
887 1470 260
891 1470 157
259 1472 398
936 1472 287
993 1473 284
1442 1473 120
455 1474 241
809 1474 166
7 1478 258
1161 1478 171
614 1480 171
1278 1481 331
1157 1482 641
528 1483 819
1380 1483 259
906 1485 208
888 1489 276
1382 1489 205
246 1490 223
586 1490 138
904 1491 309
288 1492 149
404 1493 960
441 1494 720
898 1496 730
573 1498 525
1347 1498 225
1450 1500 131
825 1501 631
1242 1503 152
1255 1503 896
297 1504 261
493 1505 563
718 1505 355
1494 1505 194
916 1506 128
911 1507 305
1121 1507 335
1001 1510 363
1425 1510 227
1232 1511 176
1496 1512 723
1210 1513 988
1051 1514 157
462 1515 241
1255 1516 262
531 1517 225
906 1517 310
657 1518 704
1501 1518 190
95 1519 120
1011 1520 107
1064 1520 139
651 1521 274
1259 1522 161
97 1523 345
1167 1524 907
1182 1525 914
181 1527 324
1171 1527 148
778 1528 169
809 1528 131
1331 1530 289
1423 1530 108
767 1531 921
1106 1531 821
583 1532 202
1083 1532 230
538 1533 149
1524 1533 104
313 1534 196
415 1534 109
1305 1534 686
449 1535 417
804 1536 114
1458 1536 205
189 1537 214
451 1537 167
23 1538 440
425 1538 296
139 1539 715
164 1539 172
390 1539 619
167 1542 104
458 1542 292
948 1543 718
1362 1543 390
615 1545 244
173 1546 433
587 1548 287
954 1548 426
490 1549 396
774 1550 593
1480 1550 523
306 1551 160
1343 1551 159
382 1552 161
196 1553 996
367 1555 407
988 1555 368
328 1557 215
582 1558 155
1190 1559 176
1181 1560 733
271 1561 154
521 1562 267
1113 1562 539
841 1563 575
559 1565 134
536 1566 391
1357 1566 269
899 1567 800
1294 1567 302
157 1568 149
1257 1568 832
1307 1569 456
1312 1571 175
546 1572 184
931 1573 194
1058 1573 134
483 1574 566
764 1575 553
821 1577 322
84 1578 258
498 1579 188
704 1579 252
106 1581 316
1114 1581 255
1394 1581 416
199 1582 169
1383 1582 337
551 1583 283
1522 1583 175
318 1584 210
1029 1584 275
1030 1585 217
408 1586 205
556 1586 236
649 1587 606
920 1588 184
1250 1589 228
1352 1589 404
895 1590 181
1090 1591 930
117 1594 315
36 1596 116
351 1596 141
1021 1597 136
1540 1597 127
850 1598 146
342 1599 368
1475 1600 171
243 1601 103
833 1602 104
128 1604 131
283 1604 250
1314 1604 185
256 1605 296
409 1606 257
483 1606 270
232 1607 173
684 1607 752
22 1609 148
384 1610 118
1047 1611 238
595 1612 203
870 1613 169
365 1614 153
1477 1614 631
122 1615 719
316 1616 289
578 1616 206
1488 1617 176
674 1618 995
492 1619 135
943 1619 697
17 1623 274
623 1623 157
1185 1623 290
481 1626 169
185 1627 426
1013 1627 209
377 1629 261
635 1630 406
1556 1631 103
1208 1632 152
945 1633 513
1026 1633 268
138 1634 219
1586 1636 183
185 1638 541
931 1639 120
143 1640 264
1128 1640 160
1549 1641 279
664 1642 111
1497 1642 312
1508 1642 504
1441 1643 853
86 1644 307
555 1644 345
56 1645 152
369 1645 133
189 1646 112
1175 1647 884
338 1648 201
605 1648 296
210 1649 157
744 1650 428
884 1651 109
1268 1651 297
1150 1652 193
173 1653 627
605 1653 174
1024 1653 143
251 1654 320
467 1654 405
949 1655 177
974 1655 192
568 1656 239
1017 1656 159
64 1658 514
689 1660 192
159 1661 318
594 1661 271
922 1661 368
302 1662 110
1174 1662 746
933 1663 177
1184 1664 156
1503 1664 220
375 1665 817
1265 1665 302
37 1666 606
1225 1669 258
36 1670 132
574 1670 193
688 1671 167
1462 1671 617
906 1672 242
219 1673 176
1228 1673 351
1455 1673 125
145 1674 623
1349 1675 302
280 1676 481
200 1677 121
1556 1678 127
948 1679 489
1143 1680 300
1371 1680 181
1370 1681 130
1524 1681 755
316 1682 107
877 1684 555
1428 1684 710
685 1685 178
1301 1685 284
66 1687 287
679 1687 716
170 1688 188
280 1688 252
1678 1689 503
1113 1690 278
1665 1690 134
389 1691 306
725 1691 328
976 1691 124
814 1692 258
1598 1692 731
136 1693 151
1222 1693 128
207 1694 109
220 1695 108
793 1696 318
334 1697 213
848 1697 723
1155 1697 421
613 1699 200
1443 1699 103
67 1700 671
1608 1701 250
970 1702 549
961 1703 335
331 1704 299
1227 1704 551
1703 1704 105
1204 1705 460
1361 1705 406
1260 1706 301
1491 1706 404
18 1707 290
820 1707 133
704 1708 500
905 1708 643
971 1709 145
1379 1710 256
780 1711 121
981 1712 148
755 1714 145
1057 1714 173
1498 1714 209
127 1715 379
903 1715 371
1341 1715 194
1149 1716 107
1577 1718 360
1386 1720 383
817 1721 444
842 1723 215
453 1725 293
1134 1725 357
940 1726 150
540 1727 255
1718 1728 309
61 1731 165
417 1731 685
745 1732 182
1262 1732 141
701 1733 187
1452 1733 256
1495 1733 289
549 1734 885
1327 1736 142
166 1739 862
303 1739 578
661 1741 216
1457 1741 416
306 1742 355
1485 1744 987
270 1745 557
1090 1745 206
1740 1746 137
512 1747 245
292 1748 266
1609 1748 428
1571 1749 200
1677 1750 247
41 1751 426
659 1751 542
1445 1751 196
949 1752 215
1408 1752 791
693 1753 171
60 1754 767
860 1755 293
211 1756 161
57 1758 214
620 1758 181
1637 1758 120
391 1759 171
1734 1759 500
525 1760 139
1676 1760 929
131 1761 254
1730 1761 913
335 1762 376
297 1763 256
275 1764 182
952 1764 311
347 1765 180
617 1765 152
1409 1766 140
1437 1766 106
1755 1766 544
1410 1767 164
99 1770 217
569 1770 141
886 1770 156
1097 1772 140
1744 1773 483
50 1774 257
430 1774 226
25 1775 429
1290 1775 570
1086 1776 309
195 1777 152
223 1777 873
1195 1778 524
1470 1779 481
1526 1781 165
202 1782 870
941 1782 190
505 1783 156
842 1784 104
261 1787 201
1214 1787 141
733 1790 148
509 1791 165
1596 1791 131
423 1792 413
125 1793 194
134 1793 190
846 1793 215
156 1794 263
1486 1796 236
839 1797 385
1540 1797 341
1516 1798 831
794 1799 193
1091 1800 571
305 1802 116
1029 1802 192
349 1803 142
1801 1803 329
426 1804 159
563 1805 562
1054 1807 360
1297 1807 269
671 1808 383
1724 1808 232
797 1809 532
874 1809 303
1387 1809 271
18 1810 268
1496 1811 154
1041 1812 171
1499 1812 232
1785 1812 184
37 1813 306
129 1813 169
1299 1813 163
1343 1814 119
1122 1815 245
1698 1815 332
425 1817 261
535 1818 113
1062 1819 261
680 1820 849
1385 1822 330
1411 1823 176
422 1824 145
1251 1824 499
1121 1825 492
1288 1825 281
1238 1826 248
1185 1827 353
912 1828 125
1636 1829 445
135 1831 834
602 1832 221
890 1833 137
1356 1833 939
1378 1833 907
738 1834 213
748 1834 975
972 1834 357
1780 1835 224
167 1836 161
1747 1836 120
241 1837 457
902 1837 123
644 1838 743
871 1838 210
1296 1838 758
1219 1839 146
1353 1839 102
370 1840 199
1821 1840 416
236 1841 260
1804 1841 126
786 1843 205
1702 1844 417
1321 1845 571
1684 1845 892
150 1846 827
1239 1846 581
418 1847 332
580 1847 170
854 1847 567
798 1848 559
1103 1848 184
397 1849 129
770 1849 113
1783 1849 132
1388 1851 995
1441 1851 126
1412 1852 170
712 1853 509
1411 1854 251
119 1856 144
124 1856 315
1172 1856 230
1024 1857 113
801 1858 262
1525 1858 274
3 1860 427
1628 1860 565
1782 1861 286
1350 1862 229
1792 1862 185
831 1863 675
396 1864 164
1419 1864 122
1193 1865 791
900 1867 115
968 1867 124
1244 1867 136
759 1868 337
294 1869 791
1353 1871 141
580 1872 529
686 1872 512
1545 1873 160
1546 1873 108
482 1874 322
697 1874 102
394 1875 127
1197 1875 245
579 1877 217
1536 1877 283
221 1879 242
74 1881 177
1203 1882 129
1702 1883 444
59 1884 214
912 1884 279
395 1887 192
1403 1887 302
1554 1887 164
306 1889 166
893 1890 847
507 1892 175
1774 1894 186
1426 1895 114
374 1896 153
1466 1896 373
143 1897 470
287 1898 202
986 1899 118
1037 1899 343
1213 1899 285
212 1900 217
431 1900 641
1134 1901 730
516 1902 165
1739 1902 259
591 1903 952
1865 1903 230
1026 1904 114
787 1905 114
778 1906 336
790 1906 151
307 1907 101
993 1907 259
994 1907 104
241 1908 259
643 1908 686
1003 1908 339
996 1910 409
14 1911 924
953 1911 559
1047 1911 337
351 1912 434
1240 1913 664
1574 1913 138
357 1916 356
994 1916 526
355 1917 586
361 1918 530
1254 1918 225
669 1920 109
826 1920 114
525 1921 367
746 1924 285
1015 1924 499
1613 1924 329
123 1926 125
392 1927 160
239 1928 372
719 1929 205
1890 1929 153
279 1930 853
897 1931 105
627 1932 331
1183 1932 150
858 1933 315
1137 1934 464
1447 1934 375
1473 1935 221
447 1936 339
1387 1936 368
762 1937 227
1576 1937 156
657 1938 133
1406 1938 151
1595 1938 191
132 1940 297
1557 1940 147
637 1942 299
724 1942 133
1786 1943 286
1466 1944 136
761 1945 510
1311 1945 237
10 1946 599
754 1946 364
419 1947 309
1292 1947 180
467 1948 184
1318 1948 215
404 1949 336
595 1949 248
132 1951 690
1667 1952 974
226 1953 213
584 1954 677
640 1954 205
744 1955 156
1274 1955 204
1352 1956 715
1535 1956 762
1156 1957 613
320 1958 746
1456 1958 107
113 1959 913
466 1960 739
207 1961 168
486 1961 122
1818 1961 196
1284 1962 302
784 1963 118
1101 1964 196
1823 1964 237
1882 1965 110
1130 1966 720
1217 1967 379
1951 1968 623
646 1969 201
187 1970 633
327 1970 414
1472 1970 151
322 1971 692
1371 1971 320
65 1972 228
496 1972 616
334 1973 200
203 1975 216
1853 1975 299
597 1976 898
757 1976 939
1614 1977 215
379 1978 124
1722 1978 337
991 1979 417
1502 1979 213
1281 1980 401
957 1981 184
530 1982 191
1724 1983 936
1796 1983 107
147 1985 153
135 1986 197
281 1986 260
1730 1987 288
291 1988 229
1090 1988 452
807 1989 284
1085 1989 421
126 1990 773
229 1991 162
1073 1991 567
294 1992 354
1146 1992 356
946 1993 357
1886 1993 478
296 1994 205
772 1994 238
646 1995 455
1800 1995 408
1710 1996 276
437 1997 881
1371 1997 246
1922 1997 340
272 1998 277
454 1999 261
1620 1999 268
501 2000 213
939 2000 658
665 2002 168
1057 2002 231
1230 2004 877
1640 2004 138
1663 2005 168
1950 2006 691
747 2007 205
924 2007 612
1084 2007 834
685 2008 158
1154 2008 160
1617 2009 667
1243 2010 739
1060 2011 148
754 2012 342
845 2012 691
1678 2012 218
20 2013 205
519 2013 295
1212 2013 138
1235 2015 107
1717 2015 337
1740 2015 293
551 2016 138
1811 2016 957
494 2019 425
703 2020 172
1840 2020 418
447 2021 976
1331 2021 463
240 2022 290
1475 2022 183
738 2023 136
782 2023 180
394 2024 779
1109 2025 891
1464 2026 171
213 2027 234
783 2027 168
437 2028 489
255 2030 827
1841 2030 292
878 2031 101
1031 2031 166
1848 2032 534
493 2033 612
1644 2033 270
127 2034 180
379 2035 186
1632 2035 192
1798 2035 241
392 2037 778
1301 2037 178
866 2038 229
936 2038 750
1033 2040 208
1615 2040 454
1820 2040 150
448 2041 456
697 2041 287
1334 2041 227
1139 2042 118
1628 2044 658
665 2045 334
938 2045 390
24 2046 393
650 2046 207
572 2047 146
862 2047 157
119 2048 160
942 2049 259
889 2050 240
1050 2050 171
1263 2050 169
8 2051 110
1645 2051 732
1226 2052 402
1137 2053 165
1622 2053 611
179 2054 152
1165 2054 410
1829 2055 600
201 2056 107
1729 2056 145
358 2057 241
956 2057 312
47 2058 753
1112 2059 537
941 2060 217
1499 2060 263
1603 2060 368
663 2061 569
815 2061 388
6 2062 925
937 2063 605
1283 2063 323
1722 2063 514
832 2064 307
1694 2064 641
1868 2064 155
81 2065 200
1937 2065 214
222 2066 139
1861 2066 919
365 2067 829
2058 2068 158
824 2069 499
947 2069 266
475 2070 355
7 2071 206
1551 2071 157
484 2073 245
465 2074 105
1405 2074 984
1914 2074 313
1148 2075 366
1108 2077 385
1602 2077 632
923 2079 272
1247 2079 235
21 2080 515
250 2081 354
1159 2081 466
1822 2082 453
1153 2083 121
452 2084 471
756 2084 279
710 2085 609
1643 2085 261
141 2086 151
191 2086 480
142 2087 342
1870 2087 391
1084 2088 169
1681 2088 116
1768 2088 180
1593 2089 188
674 2090 111
130 2091 346
598 2091 786
1746 2092 939
1962 2093 861
367 2094 820
781 2095 223
840 2096 179
1626 2096 407
1726 2097 490
1804 2098 201
1321 2099 231
2073 2099 419
73 2100 233
1231 2101 396
1857 2101 681
2039 2101 347
535 2102 171
1771 2102 203
339 2103 359
1977 2103 332
799 2104 202
1747 2104 249
70 2105 141
39 2106 125
463 2106 548
1676 2107 184
1274 2108 376
1335 2108 235
1652 2109 126
1999 2110 237
470 2111 194
1170 2111 127
1593 2111 833
1347 2112 608
739 2113 801
862 2113 161
473 2114 240
1440 2114 113
1330 2115 467
1683 2115 346
527 2116 355
1140 2117 208
2083 2117 105
458 2118 386
2105 2118 380
446 2120 201
1934 2120 327
2075 2120 167
266 2121 658
393 2122 310
1444 2122 182
171 2123 197
631 2123 264
1340 2124 128
504 2125 142
1914 2125 244
273 2126 290
1381 2126 491
982 2127 983
1339 2128 112
1953 2129 198
1734 2130 248
2019 2130 228
1624 2132 152
541 2133 592
1464 2133 232
326 2134 189
1233 2134 635
1102 2135 637
1414 2135 550
609 2136 441
1210 2136 208
1502 2137 758
381 2138 297
2028 2138 738
386 2139 332
1806 2139 361
1885 2139 167
34 2141 931
433 2142 609
1011 2143 236
1671 2144 300
671 2145 177
678 2146 183
1282 2147 255
1821 2148 222
1957 2148 942
1033 2149 422
624 2150 187
1289 2150 151
1585 2150 140
1455 2151 270
1641 2151 170
1266 2152 987
267 2153 966
2149 2154 254
244 2155 147
1003 2155 265
580 2157 417
1471 2158 246
1583 2159 633
1995 2159 302
959 2160 567
872 2161 197
1354 2162 145
1146 2163 123
1264 2163 750
873 2164 415
1763 2164 480
353 2165 616
1461 2165 914
1152 2166 710
1659 2166 886
953 2167 177
769 2168 186
1259 2169 203
2105 2169 629
354 2171 508
1743 2171 261
2162 2172 212
369 2173 204
384 2173 613
2102 2173 332
1670 2174 148
439 2176 189
1398 2176 262
10 2177 223
2055 2177 340
997 2178 221
1502 2178 239
1514 2178 282
221 2179 340
1081 2180 164
964 2181 361
2072 2182 150
2095 2182 150
623 2183 160
1252 2183 643
1435 2184 137
1752 2184 856
828 2185 283
1985 2185 115
2085 2185 658
267 2186 480
1345 2186 639
556 2187 366
902 2187 706
6 2188 278
1164 2189 687
1070 2190 236
1742 2190 271
318 2191 336
1132 2191 162
1471 2192 345
1188 2193 400
1624 2194 227
1629 2194 648
1923 2195 300
1238 2196 331
401 2197 568
698 2198 142
791 2198 409
794 2198 273
557 2199 379
581 2199 344
1055 2199 565
81 2200 223
2196 2201 628
1675 2202 241
2 2203 398
998 2203 319
1414 2203 486
98 2205 657
2184 2205 145
873 2206 284
549 2207 463
1606 2208 107
421 2209 405
1973 2209 162
1042 2210 136
1789 2210 293
1973 2210 216
180 2211 328
347 2212 364
1322 2214 242
266 2215 490
656 2215 150
441 2216 360
982 2216 142
2057 2217 277
385 2218 127
523 2218 267
2032 2218 272
1218 2219 201
199 2220 456
800 2220 342
835 2221 267
1097 2221 484
388 2222 193
1744 2222 107
406 2223 200
493 2223 247
583 2224 111
1953 2225 320
508 2226 468
1233 2227 842
1880 2228 240
2061 2229 101
450 2230 333
1187 2230 935
2029 2231 371
105 2232 591
831 2232 427
383 2233 656
680 2233 843
479 2234 808
1075 2234 557
1618 2234 908
300 2236 180
1029 2236 305
2171 2236 429
2094 2237 201
700 2238 245
1237 2238 264
1926 2239 335
1177 2240 179
1903 2240 596
600 2241 904
1124 2241 771
1360 2242 236
1486 2242 213
2225 2243 467
1957 2244 152
1304 2245 246
284 2246 252
1041 2246 421
90 2248 699
585 2248 262
1073 2248 457
619 2249 195
1434 2249 385
1620 2250 195
1879 2250 416
117 2251 317
65 2252 521
534 2252 641
1141 2252 820
1457 2254 145
2204 2254 280
720 2255 936
982 2255 468
2200 2255 831
1915 2256 158
2239 2256 257
791 2257 949
971 2259 152
2147 2259 277
766 2260 909
1245 2260 407
929 2261 182
1625 2261 232
998 2262 184
1958 2262 202
77 2264 255
200 2266 243
771 2267 231
387 2268 266
2107 2268 111
2250 2268 212
397 2269 226
973 2269 134
2196 2269 266
653 2270 657
1560 2271 218
1573 2271 960
1699 2271 152
749 2272 194
630 2273 276
1708 2273 489
830 2274 207
939 2274 330
1150 2275 421
1367 2276 276
1601 2276 422
2125 2277 325
1830 2278 392
1832 2278 744
206 2280 107
1358 2280 118
59 2281 249
684 2281 247
1769 2281 145
1232 2282 188
1515 2282 144
2232 2283 367
1241 2284 475
2277 2284 107
861 2285 128
1206 2285 135
2109 2285 120
1431 2286 100
1324 2287 159
208 2288 880
2071 2288 981
573 2289 447
1258 2290 114
1292 2290 390
610 2291 710
1878 2291 254
1061 2292 118
1859 2292 340
1960 2293 368
1488 2294 238
1592 2294 139
1108 2295 298
1375 2295 159
400 2296 567
1277 2296 177
967 2297 172
2157 2297 142
1495 2298 227
1543 2298 307
539 2299 354
1574 2299 285
197 2300 456
992 2301 184
748 2302 248
1237 2302 164
215 2303 154
571 2303 826
899 2303 113
89 2304 293
1745 2304 138
62 2305 415
1940 2305 223
813 2307 290
181 2309 331
2166 2309 197
721 2310 214
2223 2310 366
677 2311 118
548 2312 293
1355 2312 302
1576 2312 107
518 2313 236
2195 2313 256
727 2314 618
1836 2314 237
1723 2315 172
1919 2315 393
162 2316 245
1886 2316 223
2081 2316 130
1941 2317 290
1440 2318 250
631 2319 515
600 2321 194
1635 2321 205
102 2322 170
1316 2324 461
1504 2324 778
1820 2324 209
576 2325 297
1364 2325 321
2272 2326 316
103 2327 199
699 2327 239
1286 2328 542
2245 2328 179
74 2329 187
2021 2329 399
2095 2329 254
11 2330 410
1074 2331 846
1695 2331 291
521 2332 145
2288 2332 310
1155 2333 958
1410 2333 595
264 2334 126
908 2334 911
427 2335 196
444 2335 116
1162 2335 336
463 2336 137
839 2336 102
1862 2337 130
323 2338 139
1718 2338 159
2243 2338 124
66 2339 753
1131 2339 251
1194 2340 243
1909 2340 136
2158 2340 217
101 2341 336
1133 2341 288
1513 2341 210
1396 2342 127
1015 2343 198
1286 2343 123
2034 2343 175
597 2344 617
1599 2344 114
420 2345 769
2082 2345 369
2014 2346 199
2258 2346 709
792 2348 199
806 2348 498
610 2349 542
2260 2349 131
607 2350 736
1468 2350 350
1626 2350 133
149 2352 396
1528 2354 253
2209 2354 166
624 2355 219
1184 2355 110
1731 2355 618
136 2356 715
866 2356 225
1064 2357 615
201 2358 251
1083 2359 340
1509 2359 301
1544 2359 182
1275 2360 223
717 2361 502
1575 2361 167
1816 2361 141
103 2362 786
1842 2362 581
718 2363 335
1279 2364 431
462 2365 268
1310 2366 143
1078 2367 557
2018 2367 371
211 2368 456
2038 2368 262
938 2369 172
649 2371 125
1085 2371 263
2154 2373 899
584 2374 361
641 2375 641
1131 2375 655
1290 2377 412
1859 2377 148
411 2378 431
1926 2379 191
118 2380 129
614 2380 104
160 2381 268
909 2381 311
608 2382 108
172 2383 110
2137 2383 925
658 2384 990
1875 2384 284
328 2385 805
1477 2386 444
773 2387 133
801 2387 155
907 2388 530
997 2388 220
343 2389 272
1055 2389 521
295 2390 130
2308 2390 274
1314 2391 680
2132 2391 322
946 2392 262
2067 2392 332
2160 2392 400
314 2393 155
918 2393 500
1287 2394 229
278 2395 151
2224 2395 184
1313 2396 468
2020 2396 720
728 2397 572
2025 2397 299
485 2398 122
1771 2398 313
644 2399 167
1404 2400 261
2059 2400 575
1422 2401 280
2354 2401 353
395 2402 166
543 2402 386
834 2402 499
110 2403 644
1370 2403 130
518 2404 434
1248 2404 157
2393 2404 479
350 2405 580
1956 2405 600
2279 2405 219
1960 2406 392
2212 2406 324
2292 2406 254
368 2407 590
471 2407 163
1103 2407 139
549 2408 119
1081 2409 510
338 2410 687
2137 2410 926
114 2411 200
1142 2411 209
1395 2411 326
470 2412 274
891 2413 176
1218 2413 187
1329 2413 312
486 2414 137
978 2414 657
198 2415 261
2310 2415 514
558 2416 149
686 2416 710
921 2417 280
2119 2417 174
1025 2418 394
1270 2418 709
829 2419 268
1910 2419 112
378 2420 515
731 2420 913
1853 2420 142
2028 2421 179
183 2422 375
434 2422 100
2043 2424 939
2181 2424 137
2215 2425 240
13 2426 229
684 2426 248
503 2427 321
442 2428 307
916 2428 233
1565 2428 111
954 2429 206
1217 2429 503
602 2430 302
1561 2430 191
219 2431 245
277 2431 102
660 2432 281
905 2432 767
1378 2432 304
1016 2433 525
2086 2433 198
537 2434 346
1801 2434 370
1965 2434 470
20 2435 290
2301 2435 607
927 2436 237
1393 2436 604
1205 2437 278
1674 2438 161
2368 2438 157
1827 2439 119
1880 2439 185
1881 2439 283
479 2440 257
921 2440 174
2128 2440 576
409 2441 303
1696 2441 903
457 2442 326
720 2442 473
1792 2443 568
1294 2444 575
2090 2444 977
530 2445 476
461 2446 105
598 2446 138
590 2447 282
2257 2447 261
776 2448 247
2141 2448 138
2152 2449 122
87 2450 253
756 2450 119
735 2451 537
61 2452 236
427 2452 294
550 2453 317
114 2454 102
389 2454 228
732 2454 124
313 2455 913
983 2455 590
2330 2455 305
853 2457 371
1947 2457 357
2377 2457 947
134 2458 385
175 2458 586
529 2459 134
460 2460 385
1217 2460 693
1619 2460 629
1140 2461 833
1257 2461 138
1224 2462 100
1593 2463 193
1634 2463 374
1906 2463 763
1420 2464 249
1667 2464 143
2251 2464 126
848 2465 220
701 2466 176
1174 2466 735
2227 2467 129
757 2468 399
1363 2469 153
1545 2469 145
583 2471 643
1607 2471 122
2242 2471 133
1075 2474 934
191 2475 120
1717 2475 302
1049 2476 102
1526 2477 242
1016 2478 805
2465 2478 557
1435 2479 222
2293 2479 178
268 2480 331
1107 2480 176
1164 2481 146
1476 2481 568
134 2482 655
932 2482 770
895 2483 203
2131 2483 605
344 2484 146
2052 2484 225
357 2485 453
2226 2485 540
1711 2486 269
1918 2486 315
1927 2486 191
196 2487 301
1951 2488 151
227 2489 664
1921 2489 200
2217 2489 243
1377 2490 388
1897 2491 159
1594 2492 580
1941 2492 228
522 2493 121
1216 2493 107
1261 2494 384
1364 2494 356
1622 2494 504
302 2495 175
620 2495 366
1888 2495 434
13 2496 123
22 2496 828
178 2496 118
1358 2497 124
2211 2497 847
680 2498 930
152 2499 237
1497 2499 408
322 2500 296
1990 2500 796
71 2501 176
2387 2501 415
769 2502 142
1666 2502 201
545 2503 728
26 2504 311
251 2504 970
224 2505 436
2330 2505 356
2401 2506 576
1635 2507 163
2207 2507 111
144 2508 193
1012 2508 153
1526 2508 176
584 2509 283
2037 2509 195
2207 2509 459
1204 2510 758
743 2511 454
908 2511 601
13 2512 153
1273 2512 192
40 2513 483
676 2513 967
2396 2513 153
1746 2514 106
2451 2514 206
2456 2514 310
415 2515 938
753 2515 297
2287 2516 354
2506 2516 407
2186 2518 168
1187 2519 773
1347 2519 210
1584 2519 221
104 2520 326
1776 2520 499
2470 2520 208
1515 2521 665
1895 2521 334
2418 2521 393
146 2522 192
281 2522 575
100 2523 141
120 2523 428
474 2524 605
827 2524 327
1319 2525 339
1730 2525 467
2220 2525 662
601 2526 242
717 2526 318
1650 2526 151
409 2527 181
698 2528 630
2461 2528 140
424 2529 468
510 2529 439
312 2530 846
1773 2530 116
1711 2531 363
2056 2531 192
1202 2532 208
2510 2532 408
145 2533 492
965 2533 292
1181 2533 752
526 2534 120
1448 2534 237
1239 2535 184
1831 2535 103
2183 2535 133
563 2536 795
1689 2536 184
2022 2536 542
257 2537 365
348 2537 772
1247 2537 533
715 2538 220
1247 2538 420
1798 2538 281
663 2539 128
1476 2539 174
1784 2539 162
962 2540 250
1587 2540 509
2277 2540 308
139 2541 236
1914 2541 936
2097 2542 284
1187 2543 270
1540 2543 187
307 2544 265
456 2544 104
2451 2544 615
883 2545 633
1465 2545 653
1566 2545 126
89 2546 104
1663 2546 208
1964 2546 151
797 2547 240
1191 2547 179
885 2548 317
2386 2548 688
1738 2549 201
2005 2549 924
2214 2550 198
1683 2551 186
816 2552 171
1720 2552 285
1707 2553 306
1658 2554 112
1855 2554 281
1388 2555 182
2090 2555 480
1982 2556 284
1476 2557 408
2459 2557 264
453 2558 245
829 2560 256
1126 2560 265
340 2561 864
85 2562 681
1223 2562 175
578 2563 307
975 2563 224
2257 2564 102
572 2565 114
1014 2565 367
1119 2565 356
1054 2566 207
1768 2566 220
726 2567 199
2100 2567 227
35 2568 416
1093 2568 213
2142 2568 199
1384 2569 167
1511 2569 808
2066 2569 383
841 2570 110
1315 2570 351
1493 2570 225
1830 2571 321
223 2572 199
2213 2572 216
1716 2574 143
2351 2574 210
64 2575 234
1223 2575 311
1612 2575 208
227 2576 290
979 2576 341
346 2577 931
1527 2578 530
1824 2578 104
1608 2579 155
1196 2580 102
2562 2580 614
883 2581 598
2039 2581 163
58 2582 182
1389 2582 606
2481 2583 339
69 2584 292
2541 2584 347
4 2585 328
603 2586 300
1602 2586 281
2318 2586 519
1379 2587 151
2473 2587 575
1141 2588 879
1177 2588 663
2134 2588 243
502 2589 626
917 2589 210
2044 2589 731
811 2590 111
1362 2590 180
265 2591 181
1989 2591 227
1342 2592 633
864 2593 286
967 2593 125
1492 2593 426
832 2594 312
2253 2594 607
1031 2595 260
1180 2596 397
2011 2596 110
824 2597 563
2143 2597 203
1272 2598 321
1768 2599 196
176 2600 220
1679 2600 101
2017 2600 344
1547 2601 363
2112 2601 208
1297 2602 219
1298 2602 174
37 2603 387
1680 2603 910
1943 2603 206
2483 2604 193
2558 2605 193
604 2606 462
2323 2606 593
939 2607 302
989 2608 215
1372 2608 125
2372 2610 344
2607 2610 146
538 2611 218
2156 2611 272
641 2612 124
1550 2612 525
2003 2613 275
2263 2613 380
2306 2613 342
2235 2615 133
2347 2615 179
2507 2615 798
1096 2616 844
1998 2616 376
691 2617 935
1234 2617 290
2550 2617 645
154 2618 137
2068 2618 232
791 2619 193
1129 2619 198
1120 2620 218
1445 2620 431
951 2621 246
1245 2621 262
1857 2621 205
491 2622 376
980 2622 321
1852 2623 211
2283 2623 790
995 2624 639
589 2625 281
1440 2625 129
1802 2625 242
616 2626 678
819 2626 590
1595 2626 169
1529 2627 314
1826 2627 199
108 2628 369
627 2628 329
1432 2628 192
535 2629 141
955 2630 361
975 2630 206
1290 2631 171
2147 2631 174
1138 2632 858
2161 2633 165
216 2634 416
1260 2634 137
1891 2635 609
1905 2635 305
2206 2635 739
4 2636 251
1621 2636 161
2358 2636 199
511 2637 259
639 2637 625
846 2637 937
858 2638 177
1234 2638 232
761 2639 254
945 2639 202
382 2640 193
677 2640 341
699 2641 484
1900 2641 353
2099 2642 387
2194 2642 141
2585 2642 103
248 2643 167
898 2643 377
178 2644 148
2385 2644 543
1491 2645 208
2213 2645 796
2345 2645 746
969 2646 184
990 2646 443
1829 2646 175
1161 2647 369
1800 2647 452
2370 2647 418
2253 2648 433
1246 2649 499
1328 2649 689
204 2650 197
810 2650 320
2042 2650 301
555 2651 894
742 2651 250
1572 2652 116
2270 2652 253
412 2653 427
647 2653 125
2315 2653 487
962 2654 314
2322 2654 188
1346 2655 320
9 2657 147
2009 2657 161
1150 2658 871
2443 2658 437
183 2659 280
372 2660 172
1018 2660 585
1021 2660 279
107 2661 828
341 2662 317
1420 2663 425
1955 2663 999
2193 2663 210
2333 2664 663
537 2665 166
564 2665 162
2571 2665 232
554 2666 146
1544 2666 440
1919 2667 172
2001 2667 297
68 2668 343
102 2668 992
1713 2668 556
210 2669 516
1185 2669 402
1262 2669 285
578 2670 966
882 2670 599
2632 2670 311
560 2671 113
1544 2671 144
231 2672 123
682 2672 179
1564 2673 363
1743 2673 158
613 2674 274
2275 2674 623
2573 2675 261
2595 2675 621
1613 2676 548
1773 2676 456
1975 2676 242
624 2677 248
2356 2677 277
149 2678 922
2639 2678 183
115 2679 151
1643 2679 404
1982 2679 276
370 2680 254
266 2681 999
289 2681 160
2423 2681 213
705 2682 100
1228 2682 829
1475 2682 381
774 2683 328
1079 2683 219
1920 2683 138
480 2684 451
1939 2684 701
1010 2685 353
1195 2685 341
2201 2685 250
2320 2686 143
870 2687 980
247 2688 314
1863 2688 280
2093 2688 125
1092 2689 367
1366 2689 632
2506 2689 152
876 2690 211
1160 2690 190
1807 2690 714
1508 2691 605
1577 2691 549
1719 2691 307
1276 2692 486
1479 2692 149
2092 2692 334
59 2693 210
165 2693 129
1913 2694 114
2003 2694 136
109 2695 289
211 2695 792
1750 2695 483
364 2696 338
559 2696 256
1625 2696 158
1104 2697 145
983 2698 157
163 2699 341
666 2699 462
1877 2699 310
953 2700 635
1300 2700 457
2213 2700 402
273 2701 180
1487 2701 786
18 2702 778
849 2702 263
538 2703 296
2208 2703 809
1068 2704 104
2549 2704 450
1417 2705 505
1492 2705 254
813 2706 152
1349 2707 494
1872 2707 103
2212 2707 203
547 2708 271
250 2709 158
476 2709 217
1791 2709 113
1109 2710 464
1797 2710 237
241 2711 114
1376 2711 208
2206 2711 221
249 2712 138
1575 2712 405
2595 2712 312
609 2713 389
787 2713 851
2358 2713 398
1985 2714 302
1994 2714 385
615 2715 463
735 2715 669
1422 2715 179
5 2716 321
2036 2716 340
2466 2716 209
1117 2717 136
2054 2717 204
474 2718 552
2140 2718 517
1762 2719 260
2132 2719 662
658 2720 463
2244 2720 404
918 2721 547
951 2721 198
674 2722 607
2479 2723 531
1207 2724 101
622 2726 216
1149 2726 188
2424 2726 708
1686 2727 202
2609 2727 333
76 2728 157
826 2729 239
1206 2729 301
113 2730 372
2153 2730 166
2675 2730 188
420 2731 317
1342 2731 443
1754 2732 167
1765 2732 176
354 2733 715
1615 2734 522
1056 2735 156
2079 2735 884
1320 2736 119
1981 2737 313
2168 2737 165
2274 2738 399
2666 2738 597
863 2739 276
1483 2739 475
788 2740 377
2140 2741 333
1110 2742 883
2357 2742 127
445 2743 976
2 2744 252
32 2745 200
526 2745 414
1163 2745 990
1945 2746 128
847 2747 306
2448 2747 165
579 2748 117
773 2748 111
2445 2748 931
619 2749 172
2524 2749 292
545 2750 147
1287 2751 294
1553 2751 272
2364 2751 178
2656 2752 348
1323 2753 113
2249 2753 164
2557 2753 212
111 2754 484
904 2756 681
2385 2756 143
2394 2757 350
50 2758 284
1942 2758 171
359 2759 458
492 2759 459
2219 2759 477
1987 2760 422
2290 2760 224
672 2761 586
1282 2761 522
2080 2761 480
259 2762 341
1687 2762 385
7 2763 332
807 2764 192
1008 2764 608
1275 2764 246
495 2765 629
819 2765 175
497 2766 217
764 2767 571
1790 2767 860
520 2768 100
2140 2768 167
2293 2769 704
2409 2769 722
159 2770 813
1968 2770 123
1263 2771 450
1345 2771 581
1837 2772 226
1886 2772 265
1894 2772 430
1921 2773 508
2655 2773 124
1993 2774 492
240 2775 116
956 2775 171
1323 2775 276
292 2776 145
1666 2776 279
1317 2777 794
2518 2777 598
336 2778 408
452 2778 196
925 2779 450
1553 2779 784
1180 2780 115
1884 2780 125
1974 2780 157
1425 2781 625
1891 2781 207
312 2782 298
1162 2783 423
2656 2783 161
252 2784 995
360 2784 159
2043 2784 286
625 2785 979
691 2785 184
663 2787 730
1563 2787 733
2246 2787 810
1209 2788 363
1854 2788 391
63 2789 105
373 2789 114
1163 2790 987
1787 2790 813
71 2791 908
319 2791 114
1611 2791 262
1481 2792 265
2648 2792 241
42 2793 274
1153 2794 902
2017 2794 417
2476 2794 140
828 2795 646
2123 2795 576
1950 2796 225
2503 2797 413
568 2799 204
1319 2799 918
478 2800 415
1037 2800 659
1728 2800 315
622 2801 246
995 2801 178
174 2802 958
959 2802 535
2597 2802 259
693 2803 242
1647 2804 444
2527 2804 259
1258 2805 202
2480 2805 443
2204 2806 415
2320 2806 570
2351 2806 402
1727 2807 103
755 2808 265
2097 2808 233
804 2809 167
1351 2809 243
1407 2809 600
1195 2810 568
1664 2810 548
1842 2810 105
361 2811 349
1910 2811 258
1517 2812 158
298 2813 390
1712 2813 142
2008 2813 200
329 2814 262
2161 2814 474
1071 2815 313
1786 2815 540
2449 2815 606
449 2816 108
887 2816 166
1523 2816 331
235 2817 145
2238 2818 124
2737 2818 129
85 2819 586
1818 2819 339
218 2820 451
1567 2820 767
2036 2820 864
1043 2821 820
1050 2821 440
2704 2822 730
243 2823 573
2363 2823 294
26 2824 137
1196 2825 281
1481 2825 201
1565 2825 330
1025 2826 191
2282 2826 180
385 2827 438
1118 2827 532
2113 2828 106
1897 2829 187
922 2830 173
1941 2830 464
187 2831 142
1863 2831 108
2755 2831 201
1532 2832 227
1929 2832 234
2503 2832 437
1009 2833 302
98 2834 148
632 2834 151
2317 2834 169
214 2835 415
1580 2835 311
1844 2836 438
162 2837 363
2573 2837 136
1617 2838 194
2096 2838 803
1589 2839 561
2527 2839 110
609 2840 656
940 2840 305
1456 2840 176
91 2842 579
893 2842 169
254 2843 362
1893 2843 406
532 2844 234
1063 2844 254
2561 2844 125
228 2845 172
249 2845 286
2477 2845 314
1049 2846 155
2651 2846 424
2697 2846 165
1102 2847 207
1928 2847 477
788 2848 100
2453 2848 462
171 2849 201
430 2849 455
1189 2849 272
565 2850 170
944 2850 972
1005 2851 218
1803 2851 414
157 2852 710
1597 2852 188
879 2853 134
1980 2853 395
285 2855 172
711 2855 262
1944 2856 183
2680 2856 503
1253 2857 268
1417 2857 134
488 2858 620
2841 2858 111
2848 2858 608
1826 2859 177
2598 2859 719
811 2860 163
1295 2861 463
1933 2861 406
1850 2862 763
2662 2862 288
2823 2862 432
443 2863 119
1806 2863 539
2654 2863 226
2229 2864 252
1381 2865 649
1419 2866 704
1576 2867 452
2860 2867 104
1132 2868 317
2084 2869 153
2145 2869 955
440 2870 444
1667 2870 249
1814 2870 253
1418 2871 446
1980 2872 251
1246 2873 725
1925 2873 660
2833 2873 774
2197 2874 166
2376 2874 322
952 2875 148
1538 2875 129
989 2876 348
1073 2877 238
1407 2877 184
2756 2877 343
561 2878 641
2244 2879 245
2687 2879 128
1318 2880 224
1601 2880 241
2629 2880 123
1631 2881 988
1845 2881 195
384 2882 440
2484 2882 129
2552 2883 418
1026 2884 589
1040 2885 579
1842 2885 419
1442 2886 733
577 2887 524
1102 2887 827
1660 2887 436
2342 2888 196
2555 2888 104
432 2889 183
1988 2889 509
1494 2890 236
1396 2891 229
1974 2891 224
548 2892 438
603 2892 192
1386 2892 239
630 2893 134
1925 2893 929
1750 2894 415
2016 2894 375
907 2895 189
1761 2896 290
2133 2896 568
2797 2896 192
324 2897 949
499 2897 320
571 2897 193
249 2898 164
1018 2898 287
1093 2898 562
1489 2899 286
2286 2899 244
1439 2900 211
1579 2900 240
2138 2900 525
1668 2901 486
2278 2901 108
2553 2901 257
846 2902 129
1338 2902 226
2259 2903 104
2487 2903 166
2576 2903 447
2228 2904 310
970 2905 326
151 2906 790
1894 2906 956
1168 2907 481
2179 2907 989
2408 2907 374
258 2908 297
910 2908 248
1412 2908 267
1651 2909 882
1788 2909 133
2850 2909 638
654 2910 138
1322 2910 584
1864 2910 809
107 2911 519
1817 2911 726
2369 2911 219
510 2912 291
154 2913 136
1198 2913 623
2122 2913 127
963 2914 298
1959 2914 193
1507 2915 159
2710 2915 348
1408 2916 143
2065 2916 265
2201 2917 443
2247 2917 236
371 2918 129
1130 2918 137
979 2919 171
2243 2919 223
2693 2919 449
213 2920 110
2872 2920 291
891 2921 495
1855 2922 307
1901 2922 298
1312 2923 217
1984 2923 428
1389 2924 360
1449 2924 905
1287 2925 144
2470 2925 152
2725 2925 262
1637 2926 218
2529 2926 722
35 2927 207
950 2927 734
50 2928 112
195 2928 915
1221 2929 212
1835 2929 646
186 2930 387
2579 2930 157
317 2931 730
1866 2931 114
1163 2932 435
1339 2932 100
2289 2932 135
49 2933 116
2452 2933 590
369 2934 162
859 2935 190
2614 2935 257
812 2936 735
2175 2936 174
977 2937 317
1309 2937 778
1040 2938 915
1361 2938 422
1883 2938 798
279 2939 129
638 2939 290
2852 2939 611
466 2940 100
2878 2940 234
2191 2941 165
2839 2941 618
1816 2942 570
926 2943 335
2450 2943 101
880 2944 162
1682 2944 390
2556 2944 582
853 2945 308
1043 2946 225
1211 2946 177
1705 2946 195
1861 2947 123
2053 2947 203
2498 2947 182
533 2948 128
2174 2948 474
2817 2950 979
796 2952 112
2438 2952 185
161 2953 156
1467 2953 160
2573 2953 502
375 2954 199
408 2954 126
57 2955 764
70 2955 503
2534 2955 142
1978 2956 366
337 2957 149
779 2958 210
1127 2958 237
620 2959 536
2830 2959 149
2871 2959 454
175 2960 305
2914 2960 598
1208 2961 984
1533 2961 273
1796 2961 801
1140 2962 335
2307 2963 348
2882 2963 224
1096 2964 347
2116 2964 242
1166 2965 382
1874 2965 115
2029 2965 642
758 2966 253
422 2967 380
2089 2967 228
470 2968 271
1880 2968 269
1296 2969 133
1409 2969 111
1757 2969 133
1382 2970 279
2936 2970 391
2956 2970 213
1630 2971 495
1506 2972 107
2754 2972 149
520 2973 244
685 2973 696
2742 2973 162
966 2974 370
1605 2974 187
2624 2974 400
1229 2975 212
1449 2975 746
2014 2975 110
678 2976 435
1631 2976 158
1135 2977 131
2048 2977 121
2736 2977 145
74 2978 317
1323 2978 279
763 2979 148
1646 2979 104
1237 2980 126
2641 2980 322
1636 2981 266
2456 2981 535
1630 2982 338
2979 2982 196
1156 2983 162
1672 2983 875
1832 2983 496
298 2984 262
423 2984 128
399 2985 242
550 2985 139
1438 2986 159
2116 2986 184
2264 2986 370
2592 2987 376
298 2988 205
455 2988 125
2011 2988 866
34 2989 227
1669 2989 483
2766 2989 116
1304 2990 396
1563 2990 542
76 2991 536
100 2991 713
1495 2991 488
1020 2992 567
1778 2992 204
2661 2992 124
875 2993 188
1657 2994 644
1830 2994 469
2124 2994 361
1399 2995 106
2399 2995 606
2077 2996 211
2449 2996 154
836 2997 183
1391 2997 121
2790 2997 274
2179 2998 441
2382 2998 599
2417 2998 172
214 2999 573
980 2999 545
1656 2999 197
413 3000 760
1416 3000 1066
1531 3000 293
379 3001 163
1486 3001 821
2664 3001 878
726 3002 114
1635 3002 220
1789 3002 477
83 3003 779
696 3004 125
2306 3004 210
2905 3004 910
541 3006 448
2352 3006 220
2985 3006 311
151 3007 135
1146 3007 792
1931 3007 301
2256 3008 617
2616 3008 290
461 3009 180
1794 3009 206
402 3010 256
1883 3010 387
2146 3011 132
2347 3011 221
2768 3011 112
558 3012 569
1072 3012 235
1404 3012 121
469 3013 233
860 3013 325
2352 3013 382
305 3014 275
795 3014 324
2422 3014 504
2039 3015 292
2104 3015 565
2456 3016 299
2701 3016 369
1580 3017 190
2769 3017 426
2902 3017 317
261 3018 481
1559 3018 692
1326 3019 159
1795 3019 223
1192 3020 168
1727 3020 363
2353 3020 161
414 3021 511
876 3021 525
71 3022 868
1659 3022 977
2391 3022 120
440 3023 504
2029 3023 320
2294 3023 435
257 3024 215
2868 3024 199
8 3025 952
168 3025 895
1719 3025 132
169 3026 445
967 3026 297
1843 3026 168
283 3027 315
629 3027 510
2920 3028 471
144 3029 298
2093 3029 166
1264 3030 199
2836 3030 242
2304 3031 162
2807 3031 399
2934 3032 989
141 3033 349
1069 3033 311
1214 3034 411
2226 3034 294
885 3035 232
2465 3035 986
1622 3036 252
1723 3036 122
2498 3036 162
2372 3037 721
1769 3038 169
2798 3038 820
44 3039 143
175 3039 567
1330 3040 140
2703 3040 431
1971 3041 600
2686 3041 250
152 3042 154
922 3042 795
855 3043 212
1451 3043 274
567 3044 284
2598 3044 479
2151 3045 271
1764 3046 813
634 3047 263
1674 3047 150
1850 3048 475
2353 3048 324
2553 3048 112
473 3049 868
2205 3049 851
696 3050 483
1677 3050 170
290 3051 223
1487 3051 395
2222 3051 256
371 3052 853
643 3052 601
1706 3052 268
30 3053 396
469 3053 151
1519 3053 115
806 3054 295
2068 3054 213
2376 3054 130
567 3055 148
2024 3055 110
2279 3056 293
2468 3056 500
1950 3057 149
2942 3057 247
3037 3057 102
21 3058 445
2727 3058 250
75 3059 431
282 3059 146
2614 3059 262
214 3060 188
2838 3060 115
1688 3061 259
2115 3061 881
3005 3061 323
2301 3062 361
2797 3062 564
1298 3063 182
1516 3063 139
94 3064 208
444 3064 191
2698 3064 208
398 3065 173
1313 3065 899
3018 3065 210
650 3066 140
1087 3066 147
1915 3066 125
1638 3067 204
2821 3067 150
1060 3068 407
1639 3068 249
2121 3068 345
1241 3069 260
1713 3069 756
1735 3069 255
1523 3070 157
1724 3070 160
1983 3070 194
2747 3071 224
2792 3071 354
606 3073 281
799 3073 821
1203 3073 179
2369 3074 258
3045 3074 589
540 3075 606
1716 3075 465
2721 3075 309
1415 3076 467
1638 3076 128
2766 3077 847
2921 3077 620
2934 3077 359
1709 3078 617
2197 3078 838
377 3079 359
2073 3079 234
3032 3079 142
2752 3080 399
204 3081 419
792 3081 180
1384 3081 323
286 3082 758
532 3082 147
1686 3082 299
662 3083 480
1119 3083 645
1385 3083 359
451 3084 387
456 3084 536
2467 3085 172
2728 3085 156
2864 3085 190
189 3086 616
1713 3086 914
2247 3086 192
675 3087 217
1904 3087 219
2785 3087 246
325 3088 172
786 3088 453
900 3088 418
692 3089 345
2258 3089 478
1444 3090 369
1854 3090 636
2987 3090 205
398 3091 750
653 3091 349
1169 3091 333
1893 3092 100
2378 3092 771
2453 3092 831
314 3093 168
762 3093 958
1296 3093 192
1058 3094 144
2127 3094 235
2445 3094 272
2978 3095 500
3009 3095 274
3084 3095 122
1781 3096 222
3024 3096 289
1923 3097 400
884 3098 885
1639 3098 124
2945 3098 334
618 3099 188
1320 3099 147
1662 3099 888
1072 3100 364
1374 3100 206
1455 3100 217
1946 3101 434
1570 3102 186
2231 3102 318
1387 3103 562
2937 3103 614
1118 3104 814
1695 3104 128
854 3105 738
1542 3105 362
2822 3105 249
772 3106 222
1658 3106 131
2314 3106 967
1757 3107 126
2383 3107 151
1209 3108 277
1912 3108 437
2177 3108 253
1246 3109 750
2004 3109 315
2531 3109 362
2170 3110 814
589 3111 405
2563 3111 490
2381 3112 259
2864 3112 128
2319 3113 393
2542 3113 206
55 3114 108
639 3114 383
28 3115 214
867 3115 258
2342 3115 352
695 3116 314
2874 3116 418
570 3117 342
2175 3117 482
433 3118 223
992 3118 177
2098 3118 254
96 3119 165
856 3119 201
1546 3120 138
1892 3120 252
1755 3121 442
209 3122 437
494 3122 159
1625 3122 229
683 3123 398
2740 3123 375
1224 3124 143
2950 3124 954
1314 3125 216
1547 3125 405
1509 3126 536
1477 3127 553
1541 3127 714
2868 3127 615
9 3128 549
2928 3128 492
1008 3129 323
1646 3129 940
2319 3129 507
1280 3130 449
1392 3130 176
1923 3130 210
387 3131 117
978 3131 240
2376 3131 170
689 3132 395
1017 3132 840
1700 3132 127
1952 3133 146
2757 3133 360
621 3134 134
798 3134 256
868 3135 412
1432 3135 175
2981 3135 505
1262 3136 356
1778 3136 142
260 3137 381
1896 3137 174
2778 3137 150
1898 3138 110
2267 3138 824
2583 3138 165
1308 3139 197
2658 3139 289
3039 3139 508
488 3140 557
2170 3140 907
2924 3140 335
1453 3141 137
2326 3141 194
2371 3141 711
2078 3142 225
2578 3142 105
766 3143 116
1692 3143 604
875 3144 202
2033 3144 206
3104 3145 183
1088 3146 261
1333 3146 533
1510 3147 397
2430 3147 296
3123 3147 849
683 3148 614
1710 3148 574
2760 3148 147
2677 3149 993
1070 3150 104
2891 3150 765
2121 3151 971
2467 3151 220
3028 3151 929
998 3152 200
2443 3152 718
2717 3152 163
1844 3153 567
2110 3153 505
2419 3153 212
319 3154 176
1855 3154 266
1917 3154 273
915 3155 246
707 3156 370
2076 3156 454
2779 3156 779
539 3157 135
2323 3157 125
3031 3157 362
517 3158 203
2233 3158 384
999 3159 470
1767 3159 123
1939 3159 136
3033 3160 124
272 3161 250
245 3162 351
1001 3162 587
177 3163 157
816 3163 183
1213 3164 494
2951 3164 478
303 3165 465
1977 3165 135
2750 3165 611
1151 3166 391
1815 3166 263
734 3167 158
877 3167 374
2662 3167 391
949 3168 312
1344 3168 334
2070 3168 188
1074 3169 246
2273 3169 528
293 3170 547
1591 3170 460
1621 3170 264
287 3171 225
542 3171 726
1740 3171 557
1561 3172 285
2916 3172 200
1866 3173 311
2993 3173 113
299 3174 126
1529 3174 180
348 3175 409
2228 3175 145
1984 3176 916
2264 3176 378
2885 3176 328
274 3177 329
2174 3177 341
476 3178 347
2362 3178 130
1944 3179 148
3047 3179 268
1110 3180 135
1307 3180 173
1578 3180 164
2204 3181 215
2326 3181 108
3163 3181 274
140 3182 512
1354 3182 396
1400 3183 221
1590 3183 159
2767 3183 376
1632 3184 196
2497 3184 198
2612 3184 673
569 3185 578
2744 3185 414
889 3186 479
1439 3186 573
51 3187 992
885 3187 158
2442 3187 573
1182 3188 857
1609 3188 405
2119 3188 226
148 3189 489
1580 3189 165
2360 3189 985
868 3190 347
1208 3190 214
1771 3191 209
1969 3191 417
2062 3191 250
1966 3192 341
850 3193 664
1480 3193 319
1549 3193 718
2697 3194 363
3067 3194 532
2043 3195 124
2299 3195 366
3192 3195 546
514 3196 173
815 3196 228
2245 3196 573
653 3197 192
2771 3197 366
3021 3197 937
808 3198 494
1570 3198 211
2728 3198 155
27 3199 364
587 3199 349
78 3200 838
2208 3200 531
1569 3201 225
1629 3201 172
2708 3201 204
1811 3202 171
2112 3202 459
2476 3203 169
2719 3203 179
471 3204 146
1784 3204 216
2072 3204 446
782 3205 220
820 3205 343
2429 3205 414
741 3206 276
1293 3207 114
2114 3207 210
218 3208 416
1168 3208 459
1 3209 129
1525 3209 248
1870 3209 653
777 3210 114
2305 3210 198
2940 3210 568
896 3211 357
2427 3211 195
2320 3212 429
2605 3212 122
673 3213 151
930 3213 296
2157 3213 188
1013 3214 194
1188 3214 416
2026 3214 399
53 3215 713
1064 3215 372
2227 3215 238
2261 3216 451
2379 3216 186
2899 3216 316
61 3217 191
417 3217 152
2829 3217 183
1436 3218 325
2755 3218 201
3072 3218 199
655 3219 165
851 3219 123
1962 3219 237
951 3220 423
1592 3220 109
3080 3220 192
314 3221 156
692 3221 262
2002 3221 193
513 3222 388
852 3222 176
2055 3222 273
341 3223 187
702 3223 354
1876 3223 361
1912 3224 153
2280 3224 238
864 3225 154
2067 3225 133
2754 3225 287
970 3226 358
2337 3226 172
855 3227 289
2734 3228 644
3041 3228 146
290 3229 100
2001 3229 293
2517 3229 948
1393 3230 114
2412 3230 194
2567 3230 128
1594 3231 168
2629 3231 854
3126 3231 172
1136 3232 268
2347 3232 247
2609 3232 776
92 3233 322
1890 3233 143
2725 3233 465
1161 3234 764
2023 3234 298
442 3235 774
706 3235 762
1452 3235 348
771 3236 914
2824 3236 231
1721 3237 721
2365 3237 147
3227 3237 844
823 3238 129
1344 3238 415
2018 3238 320
781 3239 128
2382 3239 120
2966 3239 136
209 3240 305
2795 3240 212
48 3241 113
2664 3241 115
1249 3242 284
2336 3242 178
316 3243 512
1756 3243 350
765 3244 352
1248 3244 169
668 3245 150
1390 3245 206
1557 3245 150
775 3246 152
1462 3246 164
2136 3246 358
566 3247 222
2722 3247 898
3178 3247 292
1399 3248 101
2217 3248 739
3045 3248 556
1909 3249 198
2328 3249 419
2554 3249 205
514 3250 201
3174 3250 206
894 3251 550
1590 3251 744
2032 3251 438
629 3252 107
2239 3252 426
2968 3252 126
626 3253 187
2505 3253 176
723 3254 338
2808 3254 462
1932 3255 209
2678 3255 990
3234 3255 247
1598 3256 132
1935 3256 159
2976 3256 210
954 3257 454
2571 3257 414
108 3258 900
858 3258 298
3102 3258 455
192 3259 208
1669 3259 189
1972 3259 389
1342 3260 131
1998 3260 314
2631 3260 262
276 3261 323
642 3261 321
2091 3261 681
2523 3262 372
596 3263 155
1178 3263 600
2131 3263 140
481 3264 430
985 3264 131
713 3265 198
818 3265 153
1069 3265 759
566 3266 196
2148 3266 150
2390 3266 376
391 3267 823
1336 3267 140
1365 3268 299
2590 3268 222
3089 3268 132
2577 3269 154
2817 3269 228
1160 3270 288
2162 3270 137
2594 3270 347
2200 3271 141
3072 3271 450
67 3272 202
1127 3272 167
576 3273 262
1433 3273 417
1931 3273 180
1220 3274 212
1403 3274 425
2757 3274 627
2117 3275 299
2458 3275 343
1211 3276 161
1892 3276 209
3044 3276 276
93 3277 258
1612 3277 148
436 3278 227
813 3278 284
2258 3278 147
1464 3279 645
2604 3280 290
3062 3280 848
2889 3281 282
3208 3281 660
1236 3282 329
1459 3282 488
2564 3283 157
2822 3283 319
2318 3284 307
2599 3284 208
3030 3284 230
60 3285 149
1095 3285 231
1930 3285 211
16 3286 963
770 3286 165
1701 3286 246
273 3287 252
1585 3287 275
3116 3287 132
2270 3288 131
2444 3288 281
2566 3288 272
545 3289 239
2384 3289 353
3143 3289 493
1919 3290 216
2167 3290 341
1078 3291 113
2266 3291 683
491 3292 185
3211 3292 728
1152 3293 132
1763 3293 463
2714 3293 396
387 3294 147
2006 3294 611
2929 3294 766
641 3295 696
1512 3295 716
588 3296 277
2933 3296 385
3250 3296 524
2491 3297 681
2652 3297 710
1772 3298 108
2018 3298 231
3101 3298 135
288 3299 204
626 3299 145
439 3300 153
1819 3300 286
2945 3300 171
2906 3301 668
3005 3301 710
3262 3301 179
445 3302 848
3277 3302 184
2019 3303 282
3097 3303 803
3172 3303 290
1091 3304 887
2394 3304 119
2518 3304 134
1885 3305 309
2627 3305 382
75 3306 433
1482 3306 567
1600 3306 175
217 3307 898
295 3307 155
606 3308 826
1145 3308 349
2160 3309 667
2193 3309 807
2783 3309 429
702 3310 258
2172 3310 197
2410 3310 497
655 3311 250
2135 3311 138
2912 3311 437
933 3312 230
1297 3312 192
252 3313 268
1555 3313 215
346 3314 144
357 3314 196
1860 3314 342
2109 3315 105
1383 3316 653
1760 3316 108
3302 3316 188
896 3317 158
133 3318 145
931 3319 317
1424 3319 762
1001 3320 647
1337 3320 355
2890 3320 189
875 3321 130
938 3321 365
1634 3321 218
789 3322 160
1916 3322 269
2724 3322 335
806 3323 195
943 3323 117
276 3324 275
1785 3324 162
2168 3324 220
2373 3325 209
1741 3326 818
2441 3326 200
2774 3326 445
2126 3327 217
2291 3327 366
2517 3327 178
1032 3328 203
1274 3328 191
2606 3328 390
2738 3329 728
2749 3329 716
2403 3330 134
2781 3330 535
2855 3330 109
1360 3331 972
1433 3331 399
1512 3331 162
418 3332 871
901 3332 453
2661 3332 404
108 3333 120
762 3334 315
2735 3334 424
1200 3335 137
2725 3335 182
1358 3336 188
2743 3336 382
3318 3336 499
3149 3337 170
484 3338 441
1637 3338 181
1104 3339 491
1390 3339 376
1927 3339 311
511 3340 410
2763 3340 998
1216 3341 341
1291 3341 342
1781 3341 160
2446 3342 941
2853 3342 144
548 3343 841
1694 3343 932
54 3344 116
2559 3345 421
111 3346 149
2512 3346 290
1388 3347 569
2235 3347 236
2267 3347 199
1145 3348 405
2284 3348 258
2743 3348 218
777 3349 462
2042 3349 133
1006 3350 138
2632 3350 203
2905 3350 159
628 3351 102
800 3351 290
1742 3351 595
1157 3352 109
1564 3352 135
2818 3352 457
1668 3353 463
805 3354 117
2272 3354 306
3192 3354 195
1482 3355 1156
1459 3356 271
3200 3356 602
1592 3357 157
1901 3357 952
1000 3358 218
2423 3358 441
2930 3358 384
1569 3359 347
2949 3359 158
3078 3359 334
1046 3360 909
3042 3360 423
3357 3360 813
1501 3361 410
2954 3361 535
2374 3362 846
2827 3362 284
1821 3363 211
1909 3363 388
2734 3363 790
532 3364 261
1118 3364 285
687 3365 172
3333 3365 258
212 3366 569
1672 3366 181
1354 3367 202
291 3368 222
1348 3368 344
2089 3368 160
1034 3369 379
1122 3369 330
1780 3369 752
188 3370 179
1144 3370 471
3353 3370 722
396 3371 188
135 3372 502
321 3372 125
3074 3372 954
1324 3373 513
489 3374 295
510 3374 219
3071 3374 276
779 3375 859
1057 3375 306
1200 3375 454
772 3376 501
3371 3376 233
1737 3377 542
2962 3377 714
432 3378 196
1200 3378 167
146 3379 143
1252 3379 144
2231 3379 289
207 3380 146
1587 3380 166
2159 3381 772
2462 3381 278
2972 3381 290
642 3382 460
809 3382 111
1383 3382 391
2433 3383 218
2490 3383 100
320 3384 385
1153 3384 194
2360 3384 207
385 3385 283
1808 3385 103
2614 3385 336
1227 3386 373
2559 3386 204
2869 3386 360
1236 3387 575
2000 3387 340
2435 3387 512
460 3388 160
1175 3388 799
2530 3389 527
2886 3389 996
3097 3389 235
457 3390 138
1610 3390 332
1570 3391 103
1779 3391 164
477 3392 834
2348 3392 130
2694 3392 222
450 3393 461
2421 3393 408
1087 3394 467
1147 3394 565
2966 3394 301
1111 3395 122
2638 3395 108
2409 3396 372
2770 3396 402
2752 3397 223
2982 3397 143
252 3398 172
293 3398 143
725 3398 103
2803 3399 170
2884 3399 991
3111 3399 284
2485 3400 264
2504 3400 472
3373 3400 229
1905 3401 125
2824 3401 185
3050 3401 290
480 3402 193
1655 3402 219
1805 3402 195
2366 3403 167
3046 3403 749
1158 3404 279
1743 3404 124
3162 3404 465
201 3405 155
1335 3405 181
1859 3405 117
349 3406 178
2311 3406 200
2607 3406 243
2129 3407 261
2145 3407 114
3161 3407 668
544 3408 162
2062 3408 683
2888 3408 197
1628 3409 144
1898 3409 176
365 3410 656
2705 3410 346
333 3411 315
1305 3411 212
2092 3411 823
1207 3412 221
1902 3412 444
3236 3412 659
124 3413 339
1762 3413 554
2357 3413 104
368 3414 494
1370 3414 972
1922 3414 240
1558 3415 291
3126 3415 293
800 3416 352
1578 3416 214
1786 3416 227
2487 3417 912
2511 3417 253
2921 3417 179
2251 3418 203
2492 3418 313
3040 3418 791
518 3419 226
1267 3419 488
1660 3420 167
2684 3420 200
1253 3421 130
1641 3421 173
2741 3421 315
723 3422 140
1144 3422 213
2773 3422 226
1500 3423 378
1871 3423 433
2964 3423 918
315 3424 418
2473 3424 401
3378 3424 353
1588 3425 434
1819 3425 461
2262 3425 406
82 3426 400
1424 3426 103
2106 3426 413
1007 3427 103
2155 3427 135
210 3428 196
740 3428 129
1967 3428 397
1616 3429 395
1869 3429 629
3161 3429 512
166 3430 109
607 3430 152
847 3430 127
1306 3431 332
1823 3431 183
827 3432 285
2732 3432 558
2917 3432 143
2131 3433 481
2878 3433 107
3338 3433 160
789 3434 449
1078 3434 551
734 3435 285
1865 3435 470
1559 3436 513
2235 3436 553
2572 3436 387
1427 3437 147
3169 3437 238
1329 3438 604
1449 3438 211
1529 3438 291
1777 3439 152
3063 3439 276
2283 3440 407
2302 3440 342
3396 3440 677
1657 3441 111
1895 3441 495
3344 3441 274
554 3442 106
1560 3442 418
1948 3442 731
163 3443 193
2353 3443 142
3344 3443 164
165 3444 195
2144 3444 439
2263 3444 321
1316 3445 106
2581 3445 218
2956 3445 425
150 3446 350
925 3446 329
2309 3446 159
991 3447 312
1087 3447 495
2180 3447 165
504 3448 439
1620 3448 271
2412 3448 153
1537 3449 174
3155 3449 360
129 3450 442
503 3450 831
664 3451 858
1790 3451 277
2786 3451 171
697 3452 385
1047 3452 228
415 3453 245
691 3453 259
2308 3453 132
2241 3454 595
2686 3454 389
2854 3454 231
263 3455 115
771 3455 119
1805 3455 152
199 3456 173
1357 3456 133
2763 3456 262
2265 3457 234
3166 3457 252
77 3458 131
172 3458 322
2414 3459 175
2500 3459 379
3207 3459 320
692 3460 296
1922 3460 131
3452 3460 147
607 3461 321
1703 3461 261
3114 3461 943
1316 3462 310
3158 3462 273
15 3463 759
778 3463 663
1963 3463 150
1484 3464 181
1965 3464 259
913 3465 353
1095 3465 981
1046 3466 333
1725 3466 317
2027 3466 297
1305 3467 267
2070 3467 360
2082 3467 480
794 3468 276
2110 3468 578
2644 3468 277
2044 3469 215
2192 3469 237
2731 3469 373
768 3470 159
1719 3470 403
2789 3470 711
709 3471 328
1008 3471 192
2009 3471 329
54 3472 175
3019 3472 648
1269 3473 126
2724 3473 373
3120 3473 236
1535 3474 682
3179 3474 156
428 3475 227
1788 3475 599
2158 3475 395
647 3476 178
1022 3476 362
2375 3476 335
137 3477 341
506 3477 915
3008 3477 546
1754 3478 116
2058 3478 221
920 3479 397
2854 3479 158
3299 3479 177
3124 3480 538
3337 3480 912
167 3481 248
1167 3481 468
2551 3481 212
335 3482 167
1471 3482 329
2931 3482 118
2337 3483 599
3243 3483 216
3377 3483 466
1046 3484 159
1334 3484 383
1465 3484 453
1736 3485 349
2474 3485 538
3096 3485 216
88 3486 577
790 3486 210
553 3487 313
3353 3487 182
263 3488 735
1137 3488 511
3365 3488 435
499 3489 214
950 3489 331
1611 3490 456
405 3491 522
708 3491 431
350 3492 194
1325 3492 120
1002 3493 103
1610 3493 313
2051 3493 354
1295 3494 139
2488 3494 156
3317 3494 327
760 3495 183
1059 3495 420
2608 3495 356
2774 3496 664
3486 3496 307
3489 3496 235
382 3497 326
1499 3497 509
2656 3497 196
734 3498 180
2202 3498 502
366 3499 656
1234 3499 128
1519 3499 130
419 3500 326
1423 3500 138
783 3501 745
2211 3501 363
2643 3501 458
2276 3502 215
2459 3502 528
86 3503 204
1069 3503 160
1981 3503 736
245 3504 144
1685 3504 148
2574 3504 712
909 3505 529
2024 3505 183
2478 3505 319
452 3506 159
1776 3506 234
2437 3506 243
1736 3507 199
2837 3507 766
231 3508 151
1621 3509 195
3279 3509 136
25 3510 138
842 3511 159
1925 3511 167
292 3512 133
1156 3512 240
2493 3512 159
1571 3513 530
2585 3513 961
3186 3513 388
397 3514 220
2993 3514 475
3145 3514 212
1748 3515 642
2108 3515 937
331 3516 587
1547 3516 255
3502 3516 843
1043 3517 428
2031 3517 146
121 3518 273
208 3518 132
2225 3518 536
1037 3519 157
1871 3519 285
2436 3519 350
1279 3520 435
1753 3520 438
2254 3520 339
60 3521 261
656 3521 446
757 3521 174
324 3522 121
2447 3522 163
2736 3522 868
581 3523 503
2583 3523 309
2720 3523 685
1825 3524 157
2230 3524 111
3508 3524 204
1690 3525 199
2706 3525 285
3325 3525 124
2805 3526 255
373 3527 962
3028 3527 454
860 3528 335
1618 3528 408
1810 3529 151
223 3530 231
1031 3530 292
2049 3530 267
1969 3531 319
3492 3531 435
51 3532 183
843 3532 152
2633 3532 462
2733 3533 449
3275 3533 190
324 3534 636
1186 3534 297
3323 3534 142
1131 3535 789
2052 3535 527
1414 3536 625
2188 3537 337
2674 3537 101
2746 3537 135
14 3538 819
777 3538 646
1276 3538 784
2472 3539 496
2659 3539 202
2949 3539 259
2308 3540 157
2559 3540 194
3119 3540 140
435 3541 153
810 3541 681
2034 3541 123
393 3542 237
1474 3542 124
1839 3542 379
593 3543 382
1220 3543 227
1869 3543 455
3142 3544 152
2592 3545 235
2842 3545 125
3536 3545 247
51 3546 177
900 3546 721
3544 3546 402
504 3547 182
886 3547 292
1213 3548 246
3043 3548 209
2722 3549 186
2984 3549 237
3272 3549 622
660 3550 374
694 3550 188
3335 3550 269
714 3551 953
888 3552 163
2782 3552 178
2799 3552 836
870 3553 175
2078 3553 222
1490 3554 206
2124 3554 717
1344 3555 208
1789 3555 111
3551 3555 495
1326 3556 780
2618 3556 208
1227 3557 276
2152 3557 133
2237 3557 194
96 3558 274
268 3558 583
1317 3558 378
296 3559 171
1552 3559 695
3224 3559 156
401 3560 266
1728 3560 324
1794 3560 131
722 3561 128
1568 3561 103
3254 3561 208
1479 3562 502
1721 3562 238
3121 3562 371
321 3563 138
1377 3563 439
2729 3563 373
693 3564 479
1588 3564 144
309 3565 346
259 3566 380
2796 3566 159
2942 3566 536
784 3567 556
3462 3567 246
3551 3567 507
197 3568 229
2582 3568 269
2951 3568 878
342 3569 261
1729 3569 193
1933 3569 638
913 3570 190
1700 3570 727
3391 3570 320
1428 3571 363
1876 3571 579
2819 3571 367
613 3572 151
1851 3572 176
3055 3572 117
1038 3573 146
1726 3573 110
2883 3573 204
555 3574 411
3307 3574 800
333 3575 212
1396 3575 759
2801 3575 967
463 3576 513
1226 3576 223
1935 3576 150
1024 3577 174
1810 3577 117
1235 3578 106
1966 3578 323
849 3579 161
2078 3579 159
2843 3579 178
1038 3580 366
1882 3580 398
2175 3580 137
960 3581 997
2739 3581 443
3283 3581 173
498 3582 406
2321 3582 192
2841 3582 418
534 3583 175
1454 3583 601
2560 3583 340
1904 3584 194
2306 3584 297
139 3585 513
454 3585 347
3279 3585 100
643 3586 234
2400 3586 262
2798 3586 296
980 3587 116
1756 3587 526
2364 3587 404
1479 3588 187
1843 3588 559
487 3589 194
2349 3589 321
56 3590 231
910 3590 174
1028 3591 269
1889 3591 660
3346 3591 395
1224 3592 222
1556 3592 412
1757 3592 195
340 3593 212
2604 3593 408
117 3594 573
3355 3594 240
3491 3594 577
752 3595 167
2952 3595 785
924 3596 676
2860 3596 283
2995 3596 234
2951 3597 482
3526 3597 224
537 3598 244
1478 3598 785
2865 3598 305
1605 3599 793
1976 3599 182
608 3600 975
901 3600 330
3269 3600 106
713 3601 693
1686 3601 354
3281 3601 447
1257 3602 142
3049 3602 939
3110 3602 317
48 3603 154
1795 3603 503
3206 3603 235
1806 3604 140
3409 3604 104
260 3605 239
780 3605 214
3472 3605 120
275 3606 186
593 3606 173
2322 3606 427
398 3607 146
667 3607 596
2172 3607 438
1967 3608 145
3150 3608 188
3340 3608 671
1192 3609 472
1814 3609 569
2591 3609 388
478 3610 168
2216 3610 147
2807 3611 383
3361 3611 651
1949 3612 158
2776 3612 168
3333 3612 562
203 3613 206
2195 3613 249
2744 3613 485
612 3614 192
3439 3614 496
2673 3615 410
3058 3615 557
3393 3615 704
2025 3616 764
3128 3616 460
1391 3617 347
2798 3617 333
1828 3618 577
2793 3618 218
2943 3618 290
1753 3619 688
2865 3619 675
3395 3619 138
1737 3620 194
3203 3620 243
191 3621 241
604 3622 307
2370 3622 424
3366 3622 263
1554 3623 768
3291 3623 191
3614 3623 174
621 3624 626
3507 3624 427
3510 3624 141
747 3625 126
2623 3625 845
2884 3625 176
130 3626 305
1044 3626 232
3548 3626 143
996 3627 156
2075 3627 197
2339 3627 325
1460 3628 679
2935 3628 184
3290 3628 283
372 3629 163
1175 3629 103
2894 3629 438
291 3630 203
1541 3630 116
1648 3630 953
1138 3631 876
1959 3631 141
222 3632 475
668 3632 186
2624 3632 251
1067 3633 205
3437 3633 155
3508 3633 109
48 3634 522
1513 3634 191
1520 3634 124
301 3635 814
2094 3635 167
2515 3635 208
356 3636 139
2881 3636 483
682 3637 527
702 3637 837
1059 3638 161
1785 3638 121
2163 3638 607
1230 3639 407
3029 3639 331
3292 3639 217
213 3640 203
1327 3640 122
1355 3640 301
186 3641 145
626 3641 109
884 3642 693
2045 3642 801
1799 3643 200
2648 3643 257
3133 3643 694
136 3644 206
1558 3644 241
2765 3644 277
917 3645 197
1917 3645 871
2363 3645 107
805 3646 153
2351 3646 297
3397 3646 420
444 3647 220
602 3647 498
2313 3647 153
118 3648 266
894 3648 132
505 3649 857
2365 3649 204
327 3650 114
1418 3650 177
926 3651 662
1759 3651 239
2118 3651 234
2996 3652 182
3529 3652 860
681 3653 527
2224 3653 187
2718 3653 196
373 3654 376
501 3654 269
3500 3654 264
834 3655 870
1121 3655 220
2017 3656 187
2119 3656 235
3604 3656 196
881 3657 214
1511 3657 128
2289 3657 210
1160 3658 531
2192 3658 251
3450 3658 471
1772 3659 110
2263 3659 354
2532 3659 381
759 3660 179
1893 3660 634
2416 3660 226
212 3661 309
1603 3661 368
1979 3661 107
352 3662 233
389 3662 152
2202 3662 194
1795 3663 525
2296 3663 229
3177 3663 130
1066 3664 659
2014 3664 138
2599 3664 446
344 3665 774
1749 3665 447
3515 3665 285
14 3666 295
101 3666 293
2811 3666 101
2561 3667 153
2872 3667 497
3027 3667 829
618 3668 148
1242 3668 414
1469 3668 127
589 3669 726
668 3669 267
1889 3669 285
388 3670 814
3329 3670 402
1888 3671 213
2107 3671 253
3431 3671 124
1122 3672 185
2170 3672 689
886 3673 624
1302 3673 595
2080 3673 306
598 3674 489
2182 3674 145
2386 3674 180
733 3675 105
1443 3675 188
158 3676 110
671 3676 170
974 3676 185
1831 3677 755
3529 3677 286
1624 3678 701
2949 3678 145
3510 3678 328
1280 3679 438
1439 3679 243
2425 3679 141
236 3680 397
1530 3680 299
1712 3680 339
64 3681 458
1096 3681 205
2295 3681 163
160 3682 968
1278 3682 825
2904 3682 234
141 3683 669
2477 3683 424
3367 3683 953
1600 3684 203
2470 3684 177
2777 3684 221
1846 3685 104
2475 3685 162
3490 3685 121
1094 3686 333
1522 3686 270
2750 3686 646
784 3687 159
1780 3687 267
3435 3687 258
1007 3688 686
2579 3688 101
1679 3689 242
1117 3690 241
1193 3690 670
2633 3690 617
2169 3691 237
3199 3691 578
3590 3691 704
1261 3692 169
2462 3692 438
2577 3692 881
1799 3693 720
1879 3693 310
2667 3693 233
326 3694 176
1174 3694 226
3313 3694 137
217 3695 712
2083 3695 123
2266 3695 355
2127 3696 212
2219 3696 288
3531 3696 852
431 3697 121
2528 3697 121
839 3698 122
2867 3698 205
3631 3698 286
3362 3699 227
3458 3699 179
688 3700 997
1010 3700 106
1446 3700 168
174 3701 163
1373 3701 281
3295 3701 367
1506 3702 226
2370 3702 423
2927 3702 403
2957 3703 191
2958 3703 374
106 3704 356
1135 3704 406
3367 3704 180
590 3705 364
1835 3705 622
2229 3705 428
1444 3706 299
1595 3706 110
2164 3706 220
2587 3707 162
3144 3707 395
3535 3707 864
1930 3708 339
2833 3708 193
3010 3708 359
29 3709 300
689 3709 557
3107 3709 224
97 3710 176
1172 3710 179
1221 3710 432
859 3711 402
1878 3711 172
2323 3712 288
2706 3712 160
2923 3712 228
323 3713 114
1891 3713 537
500 3714 445
1996 3714 290
2828 3714 160
930 3715 548
2003 3715 277
2584 3715 706
636 3716 277
2963 3716 981
3117 3716 433
115 3717 397
2967 3717 191
3349 3717 294
1657 3718 755
2129 3718 252
2298 3718 976
2 3719 905
330 3719 293
2253 3719 797
1110 3720 298
2918 3720 119
3257 3720 321
1416 3721 255
1866 3721 249
1974 3721 602
2297 3722 166
2425 3722 238
2886 3722 215
1552 3723 166
3297 3723 156
3553 3723 819
304 3724 423
753 3724 233
2423 3724 307
1308 3725 372
2672 3725 297
3465 3725 251
1493 3726 272
2517 3726 838
507 3727 203
1431 3727 377
3383 3727 839
911 3728 224
947 3728 611
2548 3728 798
575 3729 642
2854 3729 169
2857 3729 831
631 3730 496
1417 3730 972
3080 3730 313
1186 3731 169
1410 3731 204
2165 3731 392
378 3732 335
562 3732 199
3713 3732 200
1098 3733 451
3611 3733 250
256 3734 135
1034 3734 185
2826 3734 129
332 3735 146
403 3735 762
981 3736 271
2473 3736 175
3308 3736 185
309 3737 507
737 3737 315
3642 3737 483
732 3738 238
915 3738 294
3574 3738 894
3190 3739 377
3264 3739 324
3315 3739 369
94 3740 196
1698 3740 241
1928 3740 408
795 3741 314
2103 3741 115
2904 3741 540
247 3742 368
303 3742 146
1373 3742 207
46 3743 642
644 3743 275
1735 3743 363
240 3744 174
612 3744 107
3015 3744 845
392 3745 148
753 3745 505
3517 3745 228
376 3746 130
2325 3746 184
3345 3746 352
1500 3747 210
2551 3747 206
2630 3747 240
593 3748 222
1058 3748 244
2474 3748 471
153 3749 169
2866 3749 378
3262 3749 386
652 3750 188
1249 3750 157
1603 3750 414
515 3751 103
1147 3751 284
1268 3752 368
1398 3752 279
3509 3752 102
2130 3753 249
3337 3753 689
544 3754 379
2049 3754 155
2740 3754 346
358 3755 108
1497 3755 298
3005 3755 360
1225 3756 166
2030 3756 408
2141 3757 236
3016 3757 291
258 3758 156
1769 3758 143
3134 3758 153
743 3759 539
1735 3759 439
575 3760 180
741 3760 205
3319 3760 451
935 3761 858
1391 3761 177
531 3762 462
3595 3762 203
429 3763 475
763 3763 760
2366 3763 154
669 3764 195
869 3764 516
793 3765 292
1006 3765 479
3206 3765 607
737 3766 255
963 3766 494
3342 3766 317
367 3767 200
1238 3767 479
1359 3767 254
362 3768 527
1216 3768 905
2782 3768 219
169 3769 259
1340 3769 292
226 3770 150
1436 3770 435
2146 3770 773
79 3771 152
1447 3771 242
3325 3771 103
2006 3772 215
2047 3772 533
2733 3772 153
731 3773 370
3003 3773 191
3253 3773 124
988 3774 259
1541 3774 341
2962 3774 125
1487 3775 518
1858 3775 136
3113 3775 518
1484 3776 462
1649 3776 943
1870 3776 163
38 3777 276
1080 3777 401
3175 3777 962
2100 3778 323
2287 3778 160
3146 3778 470
1089 3779 205
2804 3779 397
3315 3779 409
179 3780 362
1682 3780 306
2490 3780 305
1130 3781 101
2128 3781 420
2167 3781 167
190 3782 147
907 3782 115
1732 3782 431
690 3783 372
1627 3783 251
3240 3783 138
1154 3784 119
1235 3784 205
2828 3784 477
937 3785 255
1091 3785 404
2861 3785 396
1293 3786 387
1582 3786 231
1698 3786 237
1418 3787 145
1650 3787 219
2188 3787 418
325 3788 189
701 3788 187
2372 3788 260
840 3789 132
1169 3789 171
1182 3789 120
973 3790 223
1943 3790 205
2746 3790 320
1508 3791 109
2187 3791 181
2950 3791 219
2758 3792 163
3449 3792 354
3597 3792 119
501 3793 241
2469 3793 239
3641 3793 237
1199 3794 428
2374 3794 439
2814 3794 388
2389 3795 430
1850 3796 183
2859 3796 448
3759 3796 436
1339 3797 915
2331 3797 322
2522 3797 466
856 3798 471
1070 3798 394
3305 3798 294
287 3799 185
1289 3799 605
3060 3799 424
742 3800 731
2154 3800 789
3699 3800 286
36 3801 496
1020 3801 294
2543 3801 308
914 3802 423
1801 3802 244
3003 3802 257
1363 3803 152
1426 3803 938
2876 3803 399
861 3804 466
1991 3804 532
2957 3804 641
1117 3805 327
1701 3805 374
3544 3805 185
2708 3806 166
3589 3806 357
3726 3806 445
677 3807 183
3318 3807 166
3697 3807 513
1548 3808 417
1868 3808 229
2190 3808 320
231 3809 127
1056 3809 236
1504 3809 410
817 3810 156
2395 3810 291
2605 3810 766
1139 3811 130
2005 3811 290
2564 3811 468
1788 3812 541
2300 3812 187
2558 3812 677
756 3813 257
2550 3813 423
2741 3813 226
1599 3814 150
3528 3814 488
1564 3815 685
2344 3815 163
2915 3815 333
1463 3816 573
1608 3816 236
1652 3816 373
284 3817 846
1881 3817 135
3355 3817 610
230 3818 203
821 3818 454
3182 3818 246
49 3819 195
1457 3819 262
1952 3819 196
1633 3820 311
2890 3820 379
3032 3820 544
421 3821 363
3564 3821 283
3498 3822 343
3588 3822 335
3675 3822 420
2431 3823 106
3457 3823 224
3649 3823 693
3364 3824 511
3547 3824 173
3753 3824 345
1045 3825 304
2149 3825 257
964 3826 175
2609 3826 169
2875 3826 108
523 3827 590
1173 3827 515
2812 3827 154
87 3828 128
882 3828 140
1485 3828 233
2001 3829 841
2311 3829 137
2501 3829 115
233 3830 529
745 3830 226
1035 3830 148
2610 3831 479
3136 3831 178
3636 3831 322
39 3832 164
1885 3832 747
3164 3832 335
1521 3833 397
1992 3833 394
2379 3833 348
579 3834 756
1434 3834 115
1717 3834 815
265 3835 268
976 3835 609
1647 3835 171
458 3836 553
2723 3836 239
2883 3836 357
1572 3837 151
2380 3837 117
3761 3837 242
568 3838 295
917 3838 141
1328 3838 267
1271 3839 253
3125 3839 303
3228 3839 213
1081 3840 655
3242 3840 113
3280 3840 100
1693 3841 410
2657 3841 581
3672 3841 175
159 3842 180
368 3842 815
742 3842 671
62 3843 411
2214 3843 203
2542 3843 193
1876 3844 330
2671 3844 372
3373 3844 158
3226 3845 113
3271 3845 373
3578 3845 130
818 3846 246
1254 3846 263
3403 3846 226
487 3847 309
2796 3847 566
3185 3847 120
402 3848 353
3101 3848 153
3478 3848 801
2142 3849 136
2421 3849 110
3554 3849 297
1783 3850 105
3202 3850 137
3490 3850 899
1230 3851 287
2010 3851 147
2098 3851 160
2876 3852 198
3241 3852 141
3464 3852 303
1045 3853 213
1251 3853 223
2279 3853 153
763 3854 726
2941 3854 350
3536 3854 104
1775 3855 429
2634 3855 163
3480 3855 845
1996 3856 565
2176 3856 125
3035 3856 112
1394 3857 306
1668 3857 416
2300 3857 255
2332 3858 339
2622 3858 175
2702 3858 118
511 3859 214
3034 3859 295
1049 3860 132
3160 3860 133
1939 3861 153
2987 3861 184
341 3862 437
1281 3862 429
2990 3862 428
570 3863 461
601 3863 676
3733 3863 559
433 3864 232
594 3864 456
3343 3864 136
1152 3865 972
1954 3865 103
3376 3865 567
1380 3866 398
2659 3866 449
3415 3866 226
489 3867 781
1147 3867 707
2971 3867 348
2788 3868 439
3648 3868 311
3688 3868 244
2408 3869 191
2841 3869 210
3621 3869 112
527 3870 293
3145 3870 129
188 3871 102
1321 3871 499
1817 3871 156
744 3872 396
1521 3872 143
1779 3872 478
716 3873 229
2180 3873 302
2680 3873 458
1143 3874 171
3173 3874 288
3703 3874 446
104 3875 215
1466 3875 373
2468 3875 200
2698 3876 525
3637 3876 276
650 3877 702
1000 3877 222
1271 3877 208
46 3878 263
1034 3878 266
3420 3878 157
852 3879 166
1352 3879 565
3046 3879 157
173 3880 691
767 3880 209
2491 3880 103
854 3881 282
1729 3881 580
2240 3881 289
1053 3882 133
1659 3882 381
3764 3882 260
500 3883 401
627 3883 469
1554 3883 131
334 3884 262
1219 3884 163
1737 3884 188
410 3885 292
2048 3885 150
2265 3886 930
2762 3886 438
1986 3887 466
2346 3887 459
2619 3887 665
2153 3888 239
2189 3888 754
3593 3888 299
424 3889 419
1310 3889 335
1509 3889 835
892 3890 100
2620 3890 311
2847 3890 861
253 3891 119
857 3891 763
1369 3891 210
833 3892 224
1052 3892 943
3565 3892 182
93 3893 588
193 3893 489
735 3893 360
1329 3894 647
1738 3894 303
3076 3894 325
337 3895 736
2851 3895 972
3870 3895 339
1447 3896 691
2472 3896 590
3121 3896 788
403 3897 419
1089 3897 303
1514 3897 142
107 3898 552
1990 3898 328
2812 3898 232
68 3899 277
216 3899 448
1191 3899 322
1240 3900 323
3390 3900 248
319 3901 246
2655 3901 191
3527 3901 162
2307 3902 163
2866 3902 659
3584 3902 649
1683 3903 161
1749 3903 171
95 3904 106
608 3904 494
1430 3904 217
2156 3905 323
3487 3905 326
3556 3905 446
2237 3906 163
2247 3906 115
3825 3906 543
2556 3907 358
2793 3907 355
3655 3907 101
1675 3908 534
2399 3908 467
3410 3908 230
1119 3909 568
2286 3909 728
2516 3909 280
1984 3910 450
2856 3910 172
3072 3910 341
783 3911 351
2036 3911 165
2076 3911 479
359 3912 224
1165 3912 473
1219 3912 151
123 3913 132
2072 3913 301
3212 3913 327
1720 3914 404
1816 3914 411
3511 3914 887
690 3915 555
3427 3915 234
1458 3916 201
1689 3916 186
2601 3916 243
2649 3917 571
3735 3917 442
3915 3917 349
356 3918 192
934 3918 668
2723 3918 153
1283 3919 833
2687 3919 232
2895 3919 160
152 3920 105
2437 3920 192
3194 3920 411
438 3921 474
521 3921 459
2502 3921 171
1154 3922 337
1873 3922 223
2510 3922 898
2327 3923 131
2472 3923 124
2980 3923 224
488 3924 257
1066 3924 215
3616 3924 162
1038 3925 502
2829 3925 728
3244 3925 984
2640 3926 246
3380 3926 466
3795 3926 256
745 3927 268
2275 3927 919
2922 3927 190
204 3928 179
2026 3928 331
3160 3928 162
43 3929 254
1204 3929 480
1987 3929 385
2010 3930 812
3103 3930 133
3711 3930 687
714 3931 642
1888 3931 552
2427 3931 241
1484 3932 284
3112 3932 298
3861 3932 384
362 3933 156
999 3933 744
594 3934 232
1827 3934 147
3903 3934 636
716 3935 385
729 3935 633
3056 3935 200
98 3936 253
3565 3936 312
434 3937 206
1915 3937 130
2415 3937 311
2076 3938 845
2488 3938 235
2803 3938 703
215 3939 147
769 3939 471
837 3939 141
464 3940 796
1518 3940 188
3814 3940 215
563 3941 281
1167 3941 441
3155 3941 251
2059 3942 630
2069 3942 172
3038 3942 729
2046 3943 268
3282 3943 319
3933 3943 862
27 3944 438
312 3944 153
1132 3944 307
562 3945 959
1315 3945 145
2367 3945 373
993 3946 352
3312 3946 412
3610 3946 249
1112 3947 192
2317 3947 443
3885 3947 547
539 3948 478
768 3948 209
2334 3948 108
871 3949 416
3670 3949 512
3795 3949 119
407 3950 344
755 3950 301
3317 3950 266
1385 3951 326
2482 3951 354
3860 3951 115
378 3952 571
2971 3952 339
3652 3952 488
179 3953 711
707 3953 260
2373 3953 833
965 3954 331
984 3954 179
1936 3954 197
1968 3955 718
2879 3955 320
3419 3955 752
203 3956 222
1465 3956 266
3621 3956 733
403 3957 806
1767 3957 310
3617 3957 323
304 3958 111
997 3958 518
1353 3958 390
739 3959 167
1232 3959 332
2580 3959 183
1488 3960 291
1963 3960 340
3762 3960 426
371 3961 767
2960 3961 674
3227 3961 157
754 3962 797
2786 3962 292
3751 3962 121
1044 3963 185
2189 3963 351
3900 3963 347
696 3964 226
2755 3964 278
3821 3964 959
1221 3965 277
1591 3965 158
3689 3965 419
869 3966 470
2836 3966 563
3149 3966 229
153 3967 633
787 3967 251
1822 3967 941
9 3968 713
109 3968 232
666 3968 802
2871 3969 355
2948 3969 817
3345 3969 227
268 3970 247
1242 3970 275
1654 3970 282
81 3971 467
280 3971 235
90 3972 213
128 3972 182
1023 3972 500
56 3973 242
162 3973 178
2388 3973 670
508 3974 205
2893 3974 160
3577 3974 349
2378 3975 248
2547 3975 486
3859 3975 305
288 3976 106
748 3976 216
1828 3976 951
424 3977 153
1067 3977 142
3356 3977 186
422 3978 811
1268 3978 186
2786 3978 124
1562 3979 609
3388 3979 277
3650 3979 120
1709 3980 176
1722 3980 314
2596 3980 401
1649 3981 126
2087 3981 167
3936 3981 176
183 3982 207
529 3982 501
3757 3982 252
42 3983 404
2397 3983 383
3267 3983 231
881 3984 164
2499 3984 197
3971 3984 154
446 3985 257
3533 3985 234
3769 3985 213
2895 3986 180
2912 3986 232
3434 3986 456
2144 3987 637
3110 3987 135
3876 3987 452
29 3988 251
1453 3988 110
1696 3988 244
1267 3989 562
2426 3989 748
1197 3990 336
1416 3990 151
2398 3990 392
544 3991 221
3334 3991 170
3620 3991 216
105 3992 505
3371 3992 194
3474 3992 256
879 3993 256
1738 3993 271
2835 3993 354
654 3994 394
2143 3994 450
3526 3994 259
984 3995 111
1142 3995 195
3756 3995 205
2221 3996 261
3677 3996 376
3989 3996 181
22 3997 221
1878 3997 151
2181 3997 260
570 3998 100
1852 3998 542
3037 3998 549
2602 3999 575
3599 3999 354
3689 3999 556
698 4000 102
1092 4000 550
2926 4000 648
