1
0
1
1
1000000
0
0
0
0
1
5 10 597
24 34 725
47 53 641
38 58 239
25 68 113
25 91 792
44 95 100
38 98 867
75 100 235
83 101 136
90 101 257
111 112 451
48 116 518
27 119 136
48 126 113
41 130 116
80 135 189
123 136 121
72 137 252
136 138 123
102 140 808
33 147 248
119 148 179
99 149 705
129 150 360
70 158 163
96 162 954
96 163 745
162 163 339
16 164 810
61 167 370
62 168 515
2 169 244
30 169 113
81 169 848
92 171 250
27 173 753
4 178 621
3 179 476
51 179 270
65 179 704
153 179 152
56 190 344
132 191 569
93 197 104
90 198 756
108 199 148
48 201 120
168 203 220
1 206 218
68 206 671
132 210 682
148 214 101
71 219 781
77 221 108
170 221 315
98 223 131
17 228 131
218 228 829
180 230 573
229 231 358
75 233 478
204 233 665
8 235 127
92 235 226
208 237 387
102 238 286
175 242 162
66 244 370
110 244 637
130 246 293
30 248 344
215 249 517
51 250 234
65 250 506
140 250 886
153 250 140
238 250 415
101 252 126
44 253 682
5 254 163
109 255 182
136 256 171
194 259 998
26 260 190
206 261 771
103 262 108
164 264 569
197 264 580
59 265 676
22 266 114
134 268 198
1 269 309
68 269 835
206 269 743
140 272 395
238 272 157
54 277 262
241 277 104
88 279 157
240 280 316
252 280 356
136 281 450
45 282 405
257 282 259
37 286 144
160 286 983
175 290 447
227 290 275
115 292 123
151 294 181
115 295 315
6 300 270
276 300 413
76 303 114
113 304 153
87 308 134
85 310 120
270 310 228
231 311 101
301 314 726
124 316 222
281 316 398
166 317 113
176 317 222
43 318 242
29 319 346
59 321 481
156 322 659
218 322 344
5 324 150
112 325 275
33 326 170
82 329 177
315 333 172
82 334 113
31 338 155
191 343 207
294 344 150
113 346 939
330 347 261
58 348 546
104 348 257
336 348 175
35 350 724
112 350 363
165 351 119
211 351 854
213 353 276
92 355 224
333 355 495
9 357 137
277 357 822
279 357 102
48 359 105
234 361 113
252 361 200
358 362 154
346 363 294
42 366 108
292 366 882
295 366 112
107 367 605
116 367 127
126 367 101
170 367 147
201 367 674
262 368 967
333 369 106
209 370 815
37 371 780
160 371 144
8 372 924
315 372 218
369 372 202
333 375 145
372 375 919
227 377 112
320 377 969
34 379 100
330 379 132
326 381 727
28 382 356
30 382 163
234 383 742
252 383 311
123 384 269
136 384 837
124 385 934
50 390 188
163 392 125
156 393 180
119 396 804
173 396 135
354 397 388
31 398 169
67 398 171
174 400 324
3 401 167
51 401 131
65 401 188
153 401 959
334 401 876
49 406 841
258 407 895
229 408 292
311 408 280
338 408 146
11 409 440
149 410 179
51 411 108
65 411 144
140 411 616
153 411 830
238 411 136
61 413 279
213 413 295
276 414 231
327 414 859
212 415 172
106 417 209
405 417 864
260 418 191
25 420 126
259 420 192
261 420 431
78 421 357
240 421 253
78 424 227
177 425 701
86 426 126
397 426 344
154 427 942
247 427 415
27 431 245
396 431 987
43 432 198
109 433 122
69 434 439
150 434 392
42 435 532
292 435 467
295 435 906
128 437 489
387 437 369
138 438 152
384 438 964
313 439 113
116 443 199
126 443 536
201 443 733
15 444 108
388 444 320
79 446 136
423 446 781
85 447 145
270 447 339
230 448 136
419 449 724
219 450 860
370 450 187
55 452 345
85 452 202
299 452 646
331 453 127
33 454 703
352 454 137
58 455 994
104 455 634
336 455 161
56 456 119
176 457 153
304 457 348
317 457 225
360 457 339
246 458 722
304 459 114
131 462 737
337 463 128
93 464 155
430 465 269
114 467 116
316 467 102
298 470 156
6 471 307
7 472 159
282 472 100
319 473 343
462 473 236
39 477 581
38 478 330
223 478 277
62 479 166
434 479 125
244 480 104
325 481 171
111 484 150
141 485 938
284 485 171
21 487 173
46 487 196
183 487 175
339 487 743
416 487 328
151 489 160
263 490 418
3 493 504
103 493 136
112 493 254
212 495 134
364 496 122
332 497 191
260 498 124
376 498 111
243 499 454
180 501 214
118 502 128
249 503 156
38 504 441
318 504 124
348 504 388
455 504 691
476 505 157
321 506 503
465 506 827
467 506 376
239 507 571
33 508 275
352 508 673
472 511 272
268 513 182
241 514 507
433 514 129
265 516 551
490 516 396
42 518 295
165 518 105
236 519 111
275 519 142
7 521 108
192 521 434
342 521 140
511 521 300
190 523 516
37 524 770
160 524 141
371 524 588
318 525 305
509 526 913
108 528 162
187 528 163
147 529 135
352 529 823
207 530 436
376 530 521
488 530 163
523 531 957
292 532 146
295 532 226
227 534 489
377 534 914
48 535 238
443 535 362
143 536 770
157 536 210
118 537 915
308 538 239
214 540 191
309 542 253
260 543 123
334 543 128
376 543 121
365 544 308
326 545 808
202 546 219
287 547 604
341 547 752
138 549 117
438 549 175
85 550 646
342 551 556
131 552 158
482 553 631
518 554 197
290 555 102
320 555 245
229 556 966
311 556 152
497 556 304
49 557 165
218 557 234
234 558 771
252 558 120
229 559 391
433 559 235
72 560 809
127 560 755
205 560 615
111 561 489
350 561 342
288 562 221
354 562 589
86 563 595
120 564 605
447 564 819
26 565 571
207 565 108
418 565 972
488 565 133
33 567 158
454 567 129
421 568 134
19 570 523
501 570 161
153 571 214
217 573 165
237 573 111
510 573 614
500 574 324
19 575 799
185 575 115
15 576 120
320 577 135
197 578 987
391 578 318
160 579 838
496 579 181
436 580 123
75 581 421
157 581 199
115 582 201
165 582 721
532 582 270
554 582 154
167 584 122
413 584 110
466 584 175
101 585 112
361 585 166
383 585 751
558 585 542
6 586 467
182 587 234
62 588 908
357 588 380
434 588 772
155 590 450
466 592 157
119 593 951
214 593 675
69 594 410
150 594 426
203 594 115
228 596 298
85 597 910
270 597 141
549 599 343
89 601 294
352 601 542
454 601 388
508 601 277
529 601 158
567 601 971
379 602 280
599 602 234
94 604 338
246 604 209
527 604 470
43 605 731
155 605 576
181 605 116
495 605 405
235 606 650
372 606 101
274 607 118
33 609 227
147 609 264
567 609 524
498 610 100
530 610 112
543 610 382
173 611 116
431 611 884
540 611 117
92 612 373
333 612 263
230 614 168
427 614 100
364 616 874
496 616 107
579 616 262
363 617 334
66 618 110
81 618 111
110 618 720
244 618 557
429 618 305
499 618 610
14 619 512
154 619 183
247 619 243
537 620 168
320 621 170
377 621 224
534 621 154
577 621 651
293 622 253
371 622 198
388 623 340
516 624 120
210 625 192
470 625 110
87 626 105
215 627 640
306 627 598
179 628 191
401 628 109
347 630 303
589 631 202
494 632 389
56 633 977
380 633 244
395 633 226
456 633 546
301 634 458
531 634 939
62 635 944
203 635 647
25 636 186
49 636 126
119 636 311
33 638 664
260 639 211
565 639 217
415 640 101
196 642 108
230 643 105
141 645 108
37 646 923
160 646 203
371 646 502
616 646 113
353 648 253
476 648 340
12 650 110
469 650 221
305 651 127
425 651 109
631 651 999
427 652 139
442 652 830
487 653 365
163 654 147
457 655 211
600 655 171
587 656 133
96 657 151
637 657 141
654 657 172
528 658 854
94 659 139
339 659 958
416 659 741
527 659 111
576 660 220
360 661 170
363 661 226
380 662 272
328 663 126
166 666 288
4 668 153
221 668 583
232 669 720
460 669 659
16 670 241
145 672 118
482 672 196
137 674 326
193 674 556
560 674 119
96 675 440
163 675 896
657 675 231
642 676 222
193 677 320
207 678 248
376 678 571
488 678 425
610 678 938
231 679 873
408 679 135
556 679 130
239 680 183
451 680 252
477 680 144
8 682 923
92 682 953
606 682 101
166 683 273
666 683 522
76 684 123
176 686 157
57 688 625
598 688 884
32 689 157
124 691 937
430 691 223
125 692 112
75 693 105
157 693 278
581 693 703
522 695 218
265 696 261
321 696 309
359 696 567
624 696 379
520 697 228
25 698 817
55 700 245
299 700 117
11 702 278
214 703 740
611 703 331
61 704 470
613 705 214
121 706 283
162 706 191
163 706 122
637 706 175
46 707 392
183 707 319
339 707 393
416 707 178
653 707 189
213 710 169
353 710 105
402 710 168
413 710 397
548 711 119
129 712 318
526 712 456
288 713 124
216 714 660
62 715 293
113 715 732
434 715 683
232 716 434
417 716 314
476 716 323
517 717 101
605 717 296
692 717 309
168 718 295
594 718 141
635 718 156
7 719 117
192 719 328
342 719 156
511 719 386
188 720 289
92 722 188
333 722 142
527 723 156
182 724 104
271 724 132
587 724 188
138 725 109
170 727 752
211 727 955
42 728 186
58 729 124
98 729 152
478 729 841
504 729 805
577 731 543
730 731 250
637 732 123
654 732 995
397 733 146
230 734 381
427 734 137
158 735 181
322 735 303
11 736 809
310 737 173
447 737 231
597 737 118
29 738 401
467 739 150
727 739 150
607 740 136
642 740 143
676 740 405
696 741 149
270 744 490
700 744 254
737 744 291
178 746 997
212 747 821
495 747 210
522 748 128
574 749 128
54 750 437
667 750 295
520 751 884
697 751 308
148 753 549
540 753 354
593 753 147
703 753 149
51 754 333
65 754 139
140 754 997
153 754 171
238 754 873
123 755 263
136 755 225
373 756 187
440 756 100
146 757 420
361 759 133
383 759 350
421 759 401
558 759 297
517 760 219
605 760 143
717 760 279
661 761 978
13 762 180
171 762 476
660 762 772
46 763 123
183 763 411
604 763 151
653 763 368
310 764 127
447 764 155
597 764 948
744 764 180
422 765 393
709 765 263
452 766 953
700 766 283
38 767 104
223 767 175
729 767 388
442 769 804
462 769 962
54 770 279
667 770 478
750 770 771
235 772 387
355 772 693
506 772 712
612 772 293
682 772 133
722 772 281
101 773 275
361 773 152
383 773 892
558 773 935
517 775 188
605 775 343
699 775 603
168 776 427
479 776 581
588 776 148
635 776 187
715 776 130
56 777 160
190 777 299
633 777 250
314 778 104
531 779 856
268 780 156
74 781 355
195 781 522
314 781 419
632 782 376
137 783 412
560 783 924
220 784 109
256 784 253
289 784 138
542 785 448
437 786 190
102 787 495
250 787 107
272 787 127
411 787 170
754 787 303
461 788 117
538 788 303
626 788 185
320 789 143
577 789 149
115 790 183
165 790 747
172 790 152
532 790 239
554 790 885
114 791 388
211 791 227
467 791 165
98 792 988
415 792 103
478 792 897
767 792 121
211 793 112
727 793 516
739 793 787
571 794 508
346 795 148
73 796 647
216 796 454
645 797 442
246 798 177
572 798 221
176 799 485
226 799 198
457 799 470
683 799 710
686 799 702
198 800 195
278 801 342
771 801 169
179 802 230
401 802 121
45 803 105
257 803 919
273 803 142
472 803 165
7 804 409
192 804 110
342 804 287
511 804 289
109 805 756
311 805 141
514 805 164
679 805 122
296 806 648
484 806 955
512 806 164
407 807 805
490 807 186
557 807 232
721 807 120
451 808 959
291 810 228
358 810 532
70 813 118
546 813 449
473 814 403
107 815 883
116 815 196
126 815 554
201 815 768
783 816 126
59 817 215
490 817 408
218 818 151
506 818 714
758 819 661
54 820 539
667 820 261
750 820 230
344 821 415
167 822 595
413 822 391
584 822 153
710 822 197
58 823 137
104 823 644
336 823 898
504 823 349
94 824 176
339 824 420
416 824 148
429 824 263
527 824 261
166 825 595
591 825 818
17 826 825
26 827 617
418 827 174
498 827 985
543 827 353
639 827 875
159 828 212
553 828 127
229 829 118
433 829 224
296 830 440
20 831 719
553 831 358
572 834 420
503 835 960
625 835 820
172 836 356
430 838 420
613 839 182
621 839 987
772 839 949
775 839 156
687 840 304
180 841 212
448 841 116
614 841 153
643 841 325
734 841 261
290 842 983
377 842 235
534 842 149
577 842 747
14 843 125
29 843 301
45 844 246
192 844 170
257 844 183
342 844 279
608 844 129
310 845 310
447 845 903
452 845 774
597 845 331
222 846 201
428 846 120
620 846 182
517 847 218
692 847 369
690 848 315
374 849 185
615 849 232
234 850 931
759 850 178
637 851 144
654 851 580
657 851 873
675 851 237
732 851 850
105 852 272
114 853 251
351 853 169
739 853 502
791 853 716
107 854 392
116 854 114
126 854 532
201 854 420
818 854 107
604 856 403
659 856 228
824 856 118
100 857 132
135 858 462
138 858 772
549 858 227
668 858 109
725 858 127
234 859 686
759 859 569
364 860 188
524 860 117
616 860 155
91 861 814
855 861 560
840 862 917
47 864 233
53 864 885
467 864 157
76 865 235
832 865 544
139 866 625
307 866 868
566 866 153
263 867 244
596 867 196
304 868 131
322 868 441
377 869 819
577 869 107
621 869 128
789 869 385
842 869 125
123 870 129
384 870 876
725 870 655
755 870 255
315 871 437
355 871 268
369 871 377
375 871 116
391 871 138
612 871 181
722 871 114
292 872 140
295 872 243
582 872 249
790 872 222
173 873 534
431 873 341
540 873 132
703 873 877
713 873 213
48 874 155
443 874 193
326 876 117
352 876 205
508 876 100
529 876 137
463 878 100
602 879 665
622 879 217
187 880 247
608 882 262
83 883 141
90 883 275
850 883 218
859 883 118
566 884 374
306 885 142
452 885 671
637 886 774
654 886 172
711 886 309
732 886 208
214 887 829
563 887 909
21 888 642
441 888 218
18 889 179
127 889 400
205 889 363
647 889 202
681 889 268
75 890 272
143 890 520
273 890 341
687 890 452
365 891 150
433 891 192
820 891 311
107 892 215
475 893 737
399 894 171
497 894 160
847 896 372
878 896 143
44 897 997
335 897 693
211 898 569
351 898 742
624 898 596
721 898 962
727 898 818
323 899 101
510 899 111
541 899 234
107 900 108
200 901 166
605 903 372
699 903 254
847 903 602
896 903 396
502 904 107
83 905 211
90 905 784
252 905 189
585 905 158
773 905 160
175 906 577
768 907 112
843 907 887
535 908 203
874 908 374
892 908 271
900 908 531
497 909 670
508 910 115
529 910 118
618 910 113
876 910 130
370 911 120
891 911 216
901 912 137
676 913 984
697 913 125
740 913 130
888 913 185
55 914 100
299 914 374
744 914 526
766 914 433
292 915 200
341 915 408
600 915 114
745 915 366
1 916 234
420 916 140
119 917 138
173 917 708
431 917 240
553 918 616
188 919 309
248 919 994
690 919 364
351 920 126
467 920 150
727 920 149
793 920 788
898 920 180
186 921 348
220 921 235
858 921 143
870 921 160
235 922 368
372 922 784
682 922 783
66 923 109
480 923 451
618 923 997
338 924 329
584 925 795
555 926 246
578 926 141
789 926 134
837 927 149
83 928 111
90 928 391
850 928 623
859 928 448
50 929 697
187 929 177
505 929 120
658 929 195
117 930 833
94 931 114
339 931 182
416 931 412
527 931 144
856 931 867
164 933 811
613 933 227
68 934 269
206 934 280
27 937 251
148 937 449
396 937 478
593 937 139
917 937 257
810 938 124
32 939 305
551 939 277
878 939 695
328 940 398
143 941 190
251 941 183
536 941 129
693 941 164
155 942 135
256 942 252
289 942 149
164 944 105
839 944 786
12 945 207
293 945 256
469 945 364
255 946 340
332 946 147
305 947 186
273 949 367
749 949 211
310 950 589
447 950 374
452 950 866
597 950 227
7 951 153
282 951 132
511 951 164
803 951 159
242 952 155
517 952 832
315 953 173
355 953 232
369 953 185
375 953 179
612 953 396
722 953 146
189 954 163
656 954 116
857 954 103
924 954 183
118 955 146
667 955 846
665 956 215
816 956 237
945 957 509
20 958 720
117 958 270
698 958 107
887 958 143
305 959 208
589 959 132
22 960 142
419 960 708
176 961 197
304 961 125
666 961 236
683 961 226
799 961 332
923 962 171
390 963 820
402 963 167
558 963 213
644 963 147
294 964 687
267 965 314
353 965 134
66 966 147
110 966 506
429 966 109
618 966 170
60 967 256
865 968 273
37 969 551
371 969 187
496 969 604
860 969 731
94 970 167
527 970 241
763 970 302
856 970 114
337 971 978
432 971 658
551 971 687
345 972 133
968 972 252
35 973 141
112 973 150
326 973 205
645 974 796
276 975 274
649 976 870
685 976 538
180 977 165
448 977 213
619 977 227
643 977 573
20 978 266
206 978 273
261 978 201
269 978 433
672 978 324
934 978 138
576 980 824
623 980 758
104 981 143
223 981 651
336 981 383
792 981 248
584 982 784
69 983 330
150 983 141
479 983 213
588 983 103
715 983 211
172 984 608
441 984 152
837 985 210
848 985 182
42 987 381
292 987 187
295 987 849
571 987 407
61 988 224
167 988 567
353 988 126
584 988 100
704 988 427
56 989 171
190 989 114
531 989 526
633 989 622
4 990 493
388 991 133
701 991 576
143 992 131
157 992 161
345 992 413
536 992 185
693 992 337
834 993 963
863 993 103
31 994 142
685 995 234
946 995 832
714 996 976
715 996 376
270 997 163
700 997 125
737 997 133
764 997 104
914 997 463
37 998 128
364 998 504
496 998 161
579 998 145
622 998 3117
860 998 301
969 998 965
55 999 153
85 999 224
299 999 164
766 999 919
845 999 285
950 999 469
261 1000 142
420 1000 213
916 1000 185
978 1000 485
61 1001 204
353 1001 120
704 1001 362
58 1002 486
98 1002 106
478 1002 549
504 1002 425
767 1002 133
826 1003 262
836 1004 178
3 1005 426
51 1005 134
65 1005 330
153 1005 476
628 1005 127
802 1005 929
333 1006 108
664 1006 409
45 1007 129
257 1007 109
345 1007 121
472 1007 235
951 1007 223
498 1008 651
530 1008 193
543 1008 172
678 1008 442
18 1009 138
52 1009 380
137 1009 147
647 1009 462
681 1009 488
436 1010 131
440 1010 153
475 1010 120
26 1011 769
418 1011 394
498 1011 144
543 1011 263
639 1011 121
569 1012 434
890 1012 111
986 1013 422
121 1014 308
398 1014 301
768 1014 217
337 1015 797
432 1015 160
878 1015 293
906 1015 489
191 1016 869
69 1017 353
150 1017 196
203 1017 268
718 1017 237
366 1018 737
435 1018 409
518 1018 107
987 1018 589
186 1019 723
486 1019 994
125 1020 389
519 1020 988
964 1020 104
215 1021 450
365 1021 383
407 1021 101
656 1021 189
994 1021 305
75 1022 288
157 1022 384
251 1022 197
72 1023 311
674 1023 128
783 1023 596
1009 1023 166
539 1024 536
434 1025 317
594 1025 339
983 1025 934
1017 1025 108
198 1026 686
515 1026 387
568 1026 564
449 1027 133
453 1027 957
569 1028 238
3 1029 385
102 1029 870
272 1029 115
628 1029 174
802 1029 207
632 1030 297
644 1030 153
451 1031 173
512 1031 111
545 1031 588
888 1032 329
947 1032 674
826 1033 941
450 1034 814
580 1035 912
948 1035 124
389 1036 327
714 1036 251
63 1037 341
651 1037 412
46 1038 109
183 1038 287
604 1038 130
653 1038 758
970 1038 726
306 1039 118
625 1039 239
708 1039 462
114 1040 114
211 1040 947
351 1040 873
506 1040 358
727 1040 103
791 1040 162
219 1041 548
72 1042 298
674 1042 157
783 1042 549
1009 1042 162
13 1043 181
388 1043 316
731 1043 293
9 1044 233
88 1044 231
136 1044 362
225 1044 396
410 1045 211
270 1046 130
700 1046 104
737 1046 110
764 1046 894
914 1046 266
277 1047 125
736 1047 118
750 1047 534
770 1047 173
97 1048 297
765 1048 550
80 1049 128
152 1049 168
1019 1049 206
241 1050 141
277 1050 395
770 1050 205
891 1050 355
1047 1050 183
442 1051 195
104 1052 894
223 1052 174
336 1052 627
792 1052 121
143 1053 116
251 1053 101
941 1053 228
1022 1053 210
539 1054 134
831 1055 156
958 1055 156
520 1056 225
607 1056 142
642 1056 150
913 1056 124
123 1058 131
433 1059 186
805 1059 673
27 1060 125
148 1060 160
396 1060 524
593 1060 894
917 1060 126
1035 1061 109
75 1062 141
157 1062 226
251 1062 512
581 1062 106
992 1062 198
1022 1062 142
225 1063 546
21 1064 592
468 1064 140
837 1065 112
231 1066 194
408 1066 220
556 1066 416
559 1066 121
829 1066 198
583 1067 601
965 1067 238
13 1068 346
119 1069 188
214 1069 206
753 1069 311
937 1069 356
1060 1069 836
45 1070 180
192 1070 136
257 1070 144
342 1070 477
811 1070 145
414 1071 433
957 1071 176
161 1072 312
359 1073 294
256 1074 549
590 1074 794
690 1075 120
1065 1075 533
230 1076 115
427 1076 823
841 1076 445
31 1077 292
466 1077 200
697 1078 112
740 1078 109
751 1078 825
913 1078 594
1056 1078 113
551 1079 143
691 1079 143
807 1079 116
149 1080 118
69 1081 457
7 1082 131
282 1082 278
511 1082 579
803 1082 135
1007 1082 178
535 1083 405
874 1083 212
892 1083 904
900 1083 182
366 1084 177
435 1084 182
518 1084 143
987 1084 160
185 1085 157
403 1085 238
453 1085 116
282 1086 737
803 1086 152
844 1086 835
1007 1086 120
1070 1086 953
104 1087 195
223 1087 298
336 1087 223
792 1087 464
883 1087 169
10 1088 137
462 1088 306
83 1089 227
622 1089 431
16 1090 548
241 1091 128
667 1091 130
750 1091 233
891 1091 282
168 1092 109
479 1092 201
588 1092 100
635 1092 479
715 1092 225
308 1093 189
665 1093 181
26 1094 103
207 1094 312
418 1094 127
488 1094 500
639 1094 203
804 1095 123
857 1095 184
882 1095 782
349 1096 113
356 1096 153
758 1096 152
66 1097 902
480 1097 124
923 1097 977
962 1097 227
52 1098 160
618 1098 462
673 1098 224
1097 1098 422
235 1099 203
355 1099 112
569 1099 208
612 1099 374
682 1099 194
722 1099 170
702 1100 103
736 1100 691
875 1100 116
904 1100 712
1081 1100 205
32 1101 150
525 1101 115
941 1102 181
213 1104 125
353 1104 860
704 1104 164
822 1104 139
1001 1104 303
1018 1104 575
459 1105 213
728 1105 312
895 1105 545
940 1105 868
400 1106 504
525 1106 258
809 1106 126
274 1107 475
824 1107 305
461 1108 272
677 1108 576
335 1109 150
445 1109 178
657 1109 146
220 1110 881
289 1110 105
590 1110 176
177 1112 183
925 1113 870
97 1114 641
46 1115 852
183 1115 164
339 1115 150
416 1115 278
653 1115 256
75 1116 328
143 1116 394
251 1116 122
536 1116 957
1053 1116 595
1102 1116 356
835 1117 109
70 1118 648
166 1118 700
1105 1118 101
142 1119 279
283 1119 154
140 1120 397
238 1120 157
545 1120 101
787 1120 127
1029 1120 114
105 1121 217
483 1121 136
33 1122 177
313 1122 115
439 1122 589
629 1123 186
285 1124 502
938 1124 573
29 1125 225
131 1125 134
162 1125 158
163 1125 108
654 1125 404
657 1125 414
675 1125 525
732 1125 287
736 1126 405
796 1126 260
261 1127 141
916 1127 110
934 1127 336
1000 1127 158
702 1128 167
875 1128 221
178 1129 131
603 1130 836
810 1130 112
949 1130 143
445 1131 162
770 1132 287
820 1132 192
745 1133 283
1018 1133 206
801 1134 499
921 1134 324
1059 1134 189
41 1135 116
130 1135 514
116 1136 793
126 1136 174
201 1136 160
535 1136 966
874 1136 123
115 1137 275
366 1137 270
435 1137 870
532 1137 204
872 1137 218
987 1137 817
420 1138 226
290 1139 343
320 1139 468
555 1139 517
621 1139 268
789 1139 694
285 1140 226
574 1140 752
144 1141 842
664 1141 755
705 1141 950
203 1142 162
712 1142 388
208 1143 137
227 1144 716
290 1144 198
534 1144 154
555 1144 247
842 1144 165
869 1144 521
1024 1144 143
370 1145 256
158 1146 148
202 1146 186
427 1147 863
619 1147 186
459 1148 588
813 1148 106
895 1148 707
184 1149 142
526 1149 346
286 1150 330
1121 1150 130
1 1151 112
68 1151 752
420 1151 805
1000 1151 129
530 1152 660
565 1152 118
678 1152 307
1094 1152 913
241 1153 393
881 1153 151
891 1153 589
1047 1153 107
1050 1153 221
694 1154 312
993 1155 494
27 1156 103
396 1156 634
611 1156 590
873 1156 116
917 1156 102
3 1157 343
102 1157 150
272 1157 314
628 1157 459
802 1157 148
1120 1157 312
698 1158 152
918 1158 589
1055 1158 272
72 1160 294
127 1160 397
205 1160 204
674 1160 135
783 1160 202
215 1161 380
34 1162 211
998 1162 502
224 1163 230
404 1163 202
229 1164 696
399 1164 253
433 1164 964
1066 1164 155
843 1165 305
124 1166 134
784 1166 194
829 1166 126
36 1167 108
134 1167 648
663 1167 313
279 1168 324
1142 1168 129
886 1169 780
67 1170 193
812 1170 420
935 1170 745
535 1171 265
874 1171 658
892 1171 207
900 1171 136
171 1172 679
340 1172 854
1103 1172 247
1139 1172 711
1144 1172 140
592 1173 130
569 1174 238
1124 1174 324
98 1175 924
478 1175 240
767 1175 112
981 1175 211
1052 1175 112
1087 1175 350
577 1176 425
980 1176 186
991 1176 309
224 1177 128
562 1177 108
733 1177 554
937 1177 882
10 1179 743
743 1179 247
1169 1179 129
260 1180 996
376 1180 911
505 1180 441
610 1180 102
827 1180 100
1008 1180 748
1011 1180 148
833 1182 196
833 1183 600
1045 1183 177
75 1184 100
143 1184 644
251 1184 207
581 1184 813
1022 1184 101
1116 1184 770
198 1185 215
364 1185 228
371 1185 752
579 1185 142
616 1185 309
646 1185 301
4 1186 213
170 1186 790
123 1187 148
136 1187 659
138 1187 151
438 1187 185
858 1187 188
206 1188 279
563 1188 154
241 1189 182
277 1189 110
667 1189 220
891 1189 271
1091 1189 138
1153 1189 502
663 1190 189
686 1190 236
19 1191 194
301 1191 161
310 1191 298
472 1192 351
521 1192 830
719 1192 160
804 1192 150
951 1192 384
1082 1192 673
438 1193 681
549 1193 236
725 1193 247
755 1193 713
858 1193 264
160 1194 269
469 1194 186
496 1194 169
524 1194 927
579 1194 203
630 1194 174
646 1194 115
1185 1194 837
1043 1195 251
1054 1195 729
819 1196 148
400 1197 878
463 1197 864
551 1197 187
924 1198 559
994 1198 150
351 1199 888
791 1199 118
853 1199 142
898 1199 685
918 1199 119
1040 1199 440
80 1200 186
42 1201 232
165 1201 583
554 1201 379
1018 1201 115
1084 1201 140
771 1202 137
985 1203 170
120 1204 260
154 1204 149
247 1204 186
614 1204 454
734 1204 208
1076 1204 152
1109 1204 114
1147 1204 151
166 1205 769
686 1205 107
799 1205 930
961 1205 727
48 1206 209
443 1206 459
908 1206 231
1083 1206 328
1136 1206 102
1171 1206 314
207 1207 125
329 1207 135
376 1207 266
488 1207 159
610 1207 685
1008 1207 161
1152 1207 139
458 1208 117
659 1208 787
533 1209 727
884 1209 632
1108 1209 121
738 1210 233
1051 1210 169
699 1211 120
775 1211 100
821 1211 142
896 1211 144
903 1211 228
1057 1212 773
47 1213 426
77 1213 285
1083 1213 166
1181 1213 631
20 1214 138
918 1214 708
8 1215 267
315 1215 399
369 1215 466
375 1215 263
606 1215 356
922 1215 176
1141 1215 216
101 1216 504
883 1216 153
905 1216 414
928 1216 160
64 1217 170
400 1217 125
896 1217 223
569 1218 218
938 1218 105
1140 1218 518
380 1219 323
662 1219 171
595 1220 140
993 1220 646
1159 1220 884
132 1221 212
395 1221 126
785 1222 726
853 1222 104
69 1223 247
150 1223 581
203 1223 202
718 1223 333
1025 1223 894
855 1224 211
1138 1224 536
1221 1225 138
281 1226 235
84 1227 119
628 1227 842
26 1228 527
207 1228 104
418 1228 117
488 1228 886
639 1228 704
1152 1228 963
409 1229 100
1126 1229 879
1128 1229 529
449 1230 700
154 1231 732
247 1231 368
977 1231 410
1147 1231 683
1154 1231 129
1045 1232 199
266 1233 226
368 1233 274
881 1233 367
986 1233 213
104 1234 118
456 1235 156
523 1235 148
531 1235 102
779 1235 527
78 1236 248
424 1236 118
998 1236 230
267 1237 773
297 1237 206
347 1237 398
650 1237 755
456 1238 912
523 1238 190
633 1238 782
634 1238 183
779 1238 154
1235 1238 218
105 1239 783
485 1240 140
930 1240 165
12 1241 194
293 1241 281
297 1241 440
580 1242 889
982 1242 102
1178 1242 136
255 1243 434
685 1243 398
87 1244 203
110 1244 134
429 1244 312
962 1244 439
1097 1244 149
136 1245 381
255 1245 245
384 1245 686
438 1245 238
549 1245 101
870 1245 318
1187 1245 241
226 1246 228
728 1246 354
1057 1246 228
600 1247 610
836 1247 515
3 1248 158
102 1248 993
272 1248 434
628 1248 312
802 1248 244
1120 1248 459
42 1249 719
165 1249 874
554 1249 326
1018 1249 341
1084 1249 200
473 1250 121
738 1250 317
378 1251 198
492 1251 116
1063 1251 150
329 1252 137
1111 1252 259
214 1253 192
611 1253 123
753 1253 349
873 1253 132
154 1254 105
247 1254 123
614 1254 177
734 1254 308
1076 1254 107
1147 1254 106
262 1255 139
641 1255 244
936 1255 482
133 1256 142
96 1257 723
162 1257 298
392 1257 119
675 1257 865
706 1257 116
886 1257 727
487 1258 251
659 1258 154
707 1258 705
824 1258 157
931 1258 105
1115 1258 942
897 1259 896
912 1259 134
689 1260 218
1197 1260 220
46 1261 124
183 1261 420
604 1261 152
653 1261 458
663 1261 492
970 1261 360
111 1262 429
147 1262 403
239 1262 346
352 1262 271
529 1262 203
609 1262 350
910 1262 285
114 1263 140
467 1263 672
739 1263 194
793 1263 560
853 1263 317
1199 1263 256
234 1264 102
649 1264 504
759 1264 151
883 1264 280
928 1264 382
699 1265 112
717 1265 236
847 1265 210
896 1265 134
1066 1265 150
1211 1265 187
162 1266 516
637 1266 111
706 1266 303
851 1266 483
886 1266 255
972 1267 257
1095 1267 663
157 1268 133
340 1268 281
623 1268 144
701 1268 456
86 1271 922
932 1271 460
302 1272 753
1054 1272 191
1103 1272 159
271 1273 248
338 1273 200
986 1274 101
348 1275 224
455 1275 612
823 1275 100
981 1275 132
1052 1275 852
1087 1275 176
901 1276 127
96 1277 386
324 1277 752
652 1277 635
886 1277 664
1165 1277 889
546 1278 218
895 1278 141
1118 1278 216
409 1279 194
1034 1279 637
1036 1279 231
125 1280 892
1015 1280 273
1275 1280 151
61 1281 495
167 1281 211
413 1281 178
584 1281 287
704 1281 241
710 1281 123
319 1282 150
843 1282 219
150 1283 106
271 1283 664
466 1283 621
156 1284 148
546 1284 127
617 1284 115
825 1284 917
96 1285 928
706 1285 180
732 1285 320
886 1285 596
1257 1285 327
1266 1285 447
54 1286 400
241 1286 166
277 1286 281
770 1286 260
820 1286 475
1047 1286 226
18 1287 295
137 1287 342
647 1287 595
681 1287 169
1023 1287 460
1042 1287 432
548 1289 889
711 1289 138
561 1290 674
680 1290 140
830 1290 283
769 1291 413
773 1292 929
945 1292 583
1150 1292 261
167 1293 287
213 1293 167
353 1293 104
475 1293 406
704 1293 247
988 1293 584
1001 1293 777
8 1294 146
315 1294 169
369 1294 105
375 1294 145
606 1294 169
922 1294 114
189 1295 373
407 1295 226
1173 1295 128
152 1298 841
155 1298 521
281 1298 466
771 1298 312
72 1299 155
127 1299 136
205 1299 970
674 1299 411
783 1299 204
640 1300 359
821 1300 278
584 1301 914
658 1301 140
1061 1301 653
1104 1301 363
967 1302 291
312 1303 201
669 1303 552
732 1303 153
752 1303 685
278 1304 231
781 1304 279
1028 1304 286
1074 1304 470
1296 1304 204
66 1305 818
110 1305 850
244 1305 255
480 1305 175
923 1305 126
1271 1306 881
566 1307 139
1145 1307 451
317 1308 211
666 1308 992
683 1308 101
180 1309 238
448 1309 102
619 1309 171
643 1309 835
1231 1309 789
190 1310 381
456 1310 347
633 1310 212
777 1310 139
779 1310 627
340 1311 171
391 1311 420
474 1311 172
701 1311 118
1176 1311 317
39 1312 281
122 1312 102
381 1312 161
483 1313 357
515 1313 243
522 1313 100
800 1313 128
19 1314 260
501 1314 227
1117 1314 177
642 1315 655
676 1315 928
751 1315 188
382 1316 147
1098 1316 222
159 1317 376
406 1317 208
1214 1317 389
832 1318 983
1256 1318 145
231 1319 913
408 1319 968
556 1319 294
559 1319 714
820 1319 205
829 1319 188
1164 1319 160
22 1320 192
102 1320 436
881 1320 550
742 1321 181
1044 1321 128
93 1322 257
671 1323 287
778 1323 864
1119 1323 406
1123 1323 954
517 1324 912
717 1324 114
847 1324 287
896 1324 427
180 1325 267
448 1325 107
619 1325 185
643 1325 868
1231 1325 819
811 1326 510
1102 1326 143
1318 1326 115
65 1327 266
84 1327 877
439 1327 778
960 1327 157
412 1328 403
713 1328 128
190 1329 323
523 1329 345
629 1329 160
777 1329 155
989 1329 176
1235 1329 449
642 1330 306
740 1330 271
913 1330 879
1056 1330 297
1315 1330 833
967 1331 359
460 1332 624
639 1332 153
704 1332 123
1111 1332 480
858 1333 292
909 1333 866
1136 1333 194
990 1334 839
1073 1334 197
1163 1334 881
521 1335 309
719 1335 402
804 1335 281
844 1335 306
1070 1335 552
723 1336 643
919 1336 100
1 1337 765
1240 1337 209
849 1338 138
902 1338 108
1302 1338 173
17 1339 294
23 1339 552
242 1339 169
398 1340 118
520 1341 900
676 1341 220
751 1341 100
56 1342 255
470 1342 473
523 1342 826
531 1342 857
779 1342 870
989 1342 102
1329 1342 243
317 1343 754
457 1343 113
666 1343 126
686 1343 123
1308 1343 556
144 1344 127
120 1345 646
662 1345 298
1046 1345 133
41 1346 992
520 1346 127
676 1346 804
740 1346 269
888 1346 166
1004 1346 117
1315 1346 832
1341 1346 304
243 1347 198
499 1347 352
665 1347 186
367 1348 366
391 1348 422
815 1348 176
854 1348 276
892 1348 174
900 1348 663
1183 1349 115
1305 1349 290
542 1350 670
596 1351 263
624 1351 773
817 1351 103
861 1352 141
570 1353 117
633 1353 549
885 1353 601
1016 1353 358
1235 1353 156
984 1354 255
518 1355 452
582 1355 452
790 1355 579
868 1355 940
1201 1355 182
1249 1355 477
814 1356 529
1210 1356 193
1063 1357 612
1081 1357 131
1132 1357 106
213 1358 106
230 1358 108
584 1358 210
648 1358 793
710 1358 146
822 1358 566
1001 1358 177
1104 1358 111
630 1359 452
237 1360 117
251 1360 171
631 1361 480
947 1361 628
605 1362 300
699 1362 218
760 1362 276
775 1362 160
896 1362 315
903 1362 154
189 1363 151
509 1363 291
1273 1363 520
397 1364 235
726 1364 168
877 1364 275
1114 1365 253
258 1366 103
1077 1366 382
1198 1366 611
26 1367 138
756 1367 118
1301 1367 188
537 1368 378
83 1369 363
90 1369 161
252 1369 455
585 1369 844
773 1369 728
1216 1369 101
194 1370 773
259 1370 342
713 1370 889
54 1371 313
71 1371 427
875 1371 902
891 1371 638
996 1371 152
109 1372 377
311 1372 906
514 1372 995
679 1372 824
1059 1372 183
62 1373 182
203 1373 123
718 1373 669
776 1373 838
1092 1373 224
384 1374 706
725 1374 818
755 1374 150
858 1374 110
870 1374 363
1058 1374 352
154 1375 540
247 1375 312
977 1375 342
1147 1375 513
1309 1375 760
1325 1375 788
367 1376 148
815 1376 253
854 1376 131
892 1376 102
900 1376 240
642 1377 186
697 1377 756
751 1377 218
1315 1377 101
1341 1377 184
1346 1377 469
147 1378 864
567 1378 887
876 1378 128
910 1378 804
1262 1378 275
1320 1378 109
168 1379 385
594 1379 159
635 1379 178
1017 1379 292
1223 1379 453
1373 1379 106
1345 1380 346
73 1381 106
409 1381 510
109 1382 107
311 1382 107
514 1382 521
679 1382 600
1059 1382 153
976 1383 339
361 1384 736
383 1384 166
558 1384 181
850 1384 304
859 1384 140
1264 1384 439
177 1385 890
520 1385 285
589 1385 678
697 1385 114
1056 1385 107
1078 1385 102
1330 1385 232
1341 1385 131
909 1386 211
1333 1386 279
1224 1387 938
146 1388 123
196 1388 269
819 1388 358
193 1389 425
394 1389 958
673 1389 303
1182 1389 809
1203 1389 200
1 1390 461
68 1390 442
269 1390 942
420 1390 722
934 1390 167
1151 1390 906
1188 1390 858
110 1391 101
244 1391 172
429 1391 134
962 1391 557
966 1391 101
1244 1391 407
173 1392 526
431 1392 215
540 1392 171
703 1392 103
1156 1392 973
1253 1392 170
176 1393 257
339 1393 103
457 1393 309
686 1393 977
1205 1393 120
1308 1393 113
1343 1393 109
445 1394 148
897 1394 412
69 1395 633
150 1395 134
479 1395 163
588 1395 897
715 1395 305
1025 1395 743
365 1396 136
544 1396 948
1142 1396 136
440 1397 169
45 1398 212
192 1398 342
257 1398 301
342 1398 809
1086 1398 482
1335 1398 118
297 1399 563
469 1399 291
1067 1399 111
741 1400 143
785 1400 115
557 1401 525
294 1402 211
1300 1402 995
1321 1403 104
199 1404 232
880 1404 152
929 1404 318
1293 1404 208
285 1405 194
358 1405 139
536 1405 169
581 1405 258
693 1405 408
941 1405 544
992 1405 192
1053 1405 160
501 1406 173
835 1406 112
1161 1406 633
415 1407 304
1234 1407 468
68 1408 423
261 1408 262
916 1408 454
934 1408 164
978 1408 873
1127 1408 322
1177 1408 963
231 1409 945
408 1409 100
556 1409 330
805 1409 395
1372 1409 694
1382 1409 949
18 1410 215
127 1410 186
205 1410 119
647 1410 195
681 1410 107
548 1411 928
643 1411 315
694 1411 951
1131 1411 737
429 1412 132
480 1412 264
962 1412 591
1097 1412 236
1305 1412 525
144 1413 133
1144 1413 145
1344 1413 133
387 1414 132
685 1414 100
8 1415 192
92 1415 180
606 1415 163
772 1415 116
922 1415 306
1099 1415 918
285 1416 141
811 1416 122
1012 1416 434
1143 1416 826
1174 1416 238
49 1417 454
482 1417 168
491 1417 302
204 1418 152
291 1418 798
840 1418 349
151 1419 104
103 1420 636
508 1420 227
529 1420 214
19 1421 169
1117 1421 244
1161 1421 357
1342 1421 124
517 1422 807
605 1422 275
699 1422 204
760 1422 300
775 1422 152
1324 1422 885
89 1423 228
481 1423 207
1307 1423 133
107 1424 126
908 1424 598
1083 1424 138
1171 1424 101
1348 1424 535
1376 1424 170
180 1425 306
448 1425 435
614 1425 197
643 1425 221
734 1425 418
1076 1425 271
500 1426 156
938 1426 206
184 1427 393
258 1427 514
199 1428 159
373 1428 917
794 1428 107
1047 1429 238
1269 1429 852
1279 1429 730
83 1430 143
90 1430 284
850 1430 224
859 1430 120
1216 1430 569
1264 1430 289
274 1431 918
446 1431 567
863 1431 235
204 1432 770
677 1433 680
923 1433 136
1412 1433 747
109 1434 247
514 1434 296
559 1434 119
829 1434 314
1059 1434 814
1164 1434 160
583 1435 208
1089 1435 379
669 1436 129
1111 1436 126
374 1437 117
784 1437 867
40 1438 134
287 1438 411
688 1438 118
1212 1438 350
172 1439 500
425 1439 132
108 1440 746
571 1440 181
880 1440 363
1010 1440 207
329 1441 596
925 1441 631
1113 1441 365
394 1443 142
690 1443 135
1203 1443 913
37 1444 127
160 1444 515
327 1444 795
364 1444 520
524 1444 194
860 1444 296
969 1444 971
33 1445 157
454 1445 203
508 1445 369
601 1445 426
609 1445 931
876 1445 270
63 1446 605
468 1446 165
959 1446 178
539 1447 250
115 1448 135
165 1448 874
532 1448 163
554 1448 325
872 1448 155
1355 1448 465
40 1449 157
547 1449 363
554 1449 306
666 1449 140
443 1450 163
1181 1450 117
345 1451 167
463 1451 851
865 1451 163
600 1452 157
655 1452 154
166 1453 117
317 1453 305
457 1453 243
666 1453 199
911 1453 156
1308 1453 197
482 1454 192
855 1454 964
166 1455 576
226 1455 991
683 1455 729
686 1455 730
961 1455 551
1205 1455 228
1453 1455 112
394 1456 303
673 1456 954
848 1456 372
148 1457 167
412 1457 110
540 1457 750
593 1457 915
703 1457 393
1069 1457 105
1253 1457 773
474 1458 114
1114 1458 369
347 1459 541
1297 1459 640
1435 1459 505
429 1460 268
480 1460 121
962 1460 215
966 1460 184
1203 1460 104
1244 1460 144
1336 1460 184
1412 1460 223
38 1461 328
348 1461 489
455 1461 718
729 1461 841
821 1461 514
823 1461 294
1002 1461 550
227 1462 418
290 1462 807
534 1462 225
555 1462 383
789 1462 321
1365 1462 361
1165 1463 152
1250 1463 160
1282 1463 228
39 1464 526
550 1464 918
638 1464 190
721 1465 100
560 1466 857
665 1466 197
889 1466 549
1160 1466 244
1299 1466 174
1410 1466 264
425 1467 204
943 1467 126
1064 1467 625
43 1468 280
717 1468 852
760 1468 210
847 1468 155
1211 1468 205
1265 1468 185
1324 1468 336
97 1469 164
52 1470 477
188 1470 392
927 1470 247
114 1471 731
467 1471 116
739 1471 508
793 1471 932
898 1471 278
920 1471 508
1454 1471 403
387 1472 243
1058 1472 310
1166 1472 141
572 1473 457
697 1473 172
1115 1473 403
1155 1473 819
403 1474 190
456 1474 192
531 1474 912
777 1474 331
779 1474 140
1238 1474 173
1310 1474 434
147 1475 802
454 1475 142
567 1475 678
609 1475 779
910 1475 741
1378 1475 734
54 1476 194
667 1476 190
820 1476 303
891 1476 276
1091 1476 139
1153 1476 521
18 1477 206
127 1477 209
205 1477 287
647 1477 430
681 1477 224
1466 1477 915
109 1478 411
210 1478 137
514 1478 101
559 1478 673
829 1478 162
1059 1478 191
1164 1478 438
35 1479 267
484 1479 153
1290 1479 272
100 1480 258
857 1480 274
1256 1481 344
18 1482 838
87 1482 683
137 1482 872
647 1482 145
681 1482 377
1023 1482 933
1042 1482 921
43 1483 120
1072 1483 955
589 1484 198
757 1484 233
1032 1484 453
1107 1484 512
1361 1484 455
644 1485 260
181 1486 995
364 1486 784
386 1486 450
174 1487 296
1072 1487 140
1486 1487 337
14 1488 247
392 1488 179
912 1488 109
55 1489 899
299 1489 682
744 1489 322
766 1489 284
997 1489 104
1046 1489 392
123 1490 189
549 1490 160
615 1490 993
725 1490 689
755 1490 110
1193 1490 955
1374 1490 635
629 1491 826
671 1491 456
1380 1491 341
227 1492 162
555 1492 286
577 1492 623
789 1492 145
1139 1492 184
1462 1492 266
1 1493 601
269 1493 637
420 1493 528
916 1493 384
1127 1493 285
1151 1493 950
55 1494 979
85 1494 122
299 1494 421
629 1494 775
766 1494 383
845 1494 528
950 1494 639
94 1495 866
527 1495 335
763 1495 134
856 1495 617
1038 1495 117
1261 1495 135
509 1496 138
788 1496 122
1288 1496 555
1442 1496 637
245 1497 113
774 1497 316
1350 1497 143
155 1498 267
1296 1498 464
979 1499 874
1057 1499 157
1270 1499 169
351 1500 988
791 1500 356
1073 1500 152
