1
0
1
1
1000000
0
0
0
0
1
7 11 495
11 16 864
14 21 122
6 24 654
23 34 923
10 35 192
35 36 278
1 38 732
3 38 523
5 39 928
32 41 172
16 43 882
21 43 151
9 44 248
32 46 155
31 49 994
5 50 220
39 50 653
20 51 109
15 52 418
36 52 310
44 57 199
4 62 685
10 63 641
57 65 190
28 67 368
29 69 265
16 70 558
24 70 136
55 71 362
6 72 683
24 72 156
47 80 184
32 83 117
41 83 362
46 83 667
62 83 534
33 86 175
31 87 296
62 88 329
64 88 108
31 89 604
55 91 335
58 95 126
65 95 488
80 95 150
7 96 129
35 96 169
9 97 270
44 97 273
65 97 292
95 97 730
87 98 669
84 99 847
33 102 529
74 102 449
21 103 305
1 104 112
101 104 230
4 105 106
62 105 107
64 106 112
105 106 952
11 107 313
36 107 692
61 107 642
96 107 404
18 108 533
73 110 624
96 110 122
73 112 226
20 113 119
35 114 125
7 115 349
65 116 212
89 116 811
110 116 286
100 117 100
7 118 803
16 118 112
19 118 207
26 119 397
59 120 827
78 120 985
119 121 429
3 122 527
6 122 633
24 122 196
58 123 356
94 124 740
80 126 692
89 126 927
5 127 210
23 127 828
34 127 805
39 127 166
8 129 143
117 129 820
10 131 407
64 131 418
4 132 127
62 132 107
21 133 460
91 133 122
44 134 250
57 134 996
97 134 130
16 135 150
17 136 835
21 137 645
55 137 285
38 139 388
77 139 560
14 141 490
63 141 527
71 141 360
91 141 333
91 142 966
103 142 305
23 143 917
34 143 124
143 144 510
107 145 400
80 146 557
26 148 317
24 149 116
11 150 214
70 150 222
16 151 140
19 151 155
47 151 126
79 152 351
92 152 785
105 152 747
106 152 346
6 153 380
42 153 342
41 154 967
68 154 598
79 154 999
106 154 100
152 154 778
52 155 467
126 156 229
146 156 250
66 157 764
76 157 637
38 158 926
75 158 122
77 158 345
113 160 147
159 160 197
4 161 873
46 161 109
79 161 429
88 161 573
132 161 277
10 162 340
15 162 294
96 162 273
155 162 318
23 163 315
96 164 144
131 164 403
46 166 732
79 166 212
152 166 421
161 166 223
85 168 410
130 168 391
19 169 172
104 169 996
58 171 950
9 172 406
57 172 202
58 172 973
65 172 328
95 172 425
127 175 878
168 175 382
19 177 155
61 177 369
145 177 274
53 178 125
64 179 822
86 179 991
3 180 343
6 180 765
97 180 172
122 180 367
153 180 756
61 182 110
119 182 127
168 183 390
5 184 105
23 184 597
31 184 565
138 185 720
109 187 293
124 187 255
170 187 549
103 188 395
118 188 226
177 188 641
182 188 416
55 190 395
141 190 394
50 191 411
130 191 387
183 191 387
4 192 422
62 192 397
105 192 848
106 192 774
161 192 817
53 193 942
60 194 784
17 195 112
63 195 544
71 195 462
133 195 638
170 195 286
9 196 190
57 196 978
58 196 200
134 196 108
10 197 102
141 197 416
23 198 619
34 198 108
143 198 107
144 198 136
184 198 660
17 199 178
149 199 402
41 201 115
79 201 836
152 201 606
154 201 893
26 202 728
84 202 911
121 202 910
143 203 519
143 204 197
144 204 322
198 204 236
203 204 319
1 205 197
101 205 123
158 205 126
7 206 209
19 206 119
164 206 205
5 207 212
39 207 164
50 207 108
184 207 210
59 208 131
108 208 226
146 208 136
43 209 344
103 209 520
150 209 228
151 209 268
167 210 759
39 211 104
50 211 173
203 211 227
15 212 253
36 212 533
145 212 236
155 212 270
141 213 368
195 213 475
32 214 138
106 214 194
205 214 740
41 215 144
83 215 103
132 215 379
154 215 103
201 215 641
157 216 470
50 217 181
144 217 151
204 217 410
207 217 268
211 217 389
77 218 743
92 218 424
75 219 477
176 219 465
25 221 112
33 221 303
87 221 484
111 221 123
112 221 904
11 222 345
151 222 268
182 222 519
206 222 176
43 223 614
56 223 666
170 223 851
213 223 469
52 225 417
10 226 106
155 226 876
107 227 494
150 227 225
177 227 315
182 227 730
17 228 147
216 228 645
84 229 245
121 229 246
141 229 188
216 229 238
33 230 163
73 230 357
166 230 435
199 231 280
228 231 424
229 231 199
163 232 225
181 233 637
52 234 154
170 234 497
190 234 224
226 234 285
233 235 592
99 236 313
104 236 155
105 236 924
205 236 864
14 238 980
19 238 170
47 238 407
39 239 896
50 239 704
127 239 204
203 239 125
211 239 118
87 240 575
121 241 405
149 241 429
231 241 293
34 242 387
143 242 375
203 242 136
204 242 416
211 242 338
239 242 114
60 243 547
194 243 181
51 244 119
58 245 105
95 245 628
134 245 213
2 246 131
73 246 114
171 246 126
237 246 468
12 247 946
13 247 268
191 247 565
47 248 568
70 248 650
109 248 119
142 248 192
209 248 361
223 248 672
90 249 102
156 249 431
90 250 332
156 250 230
101 251 738
169 251 708
88 252 200
45 253 441
193 253 634
77 254 161
32 255 289
46 255 101
62 255 734
83 255 196
97 255 255
105 255 940
166 255 266
11 256 218
115 256 184
206 256 136
56 257 260
238 257 235
248 257 261
77 258 709
27 259 989
125 259 582
135 259 723
199 259 101
94 260 101
208 260 222
1 261 402
101 261 409
150 262 104
80 263 268
18 264 778
94 264 779
50 265 508
120 265 432
144 265 740
184 265 175
203 265 742
204 265 602
207 265 958
217 265 706
188 267 641
238 267 388
36 268 286
61 268 567
155 268 461
147 269 115
237 269 608
68 271 321
81 271 136
89 271 860
96 272 208
222 272 204
227 272 230
256 272 151
35 273 238
71 273 248
197 273 313
249 273 120
9 274 662
57 274 195
134 274 243
172 274 569
245 274 171
258 275 184
15 276 449
96 276 402
115 276 871
131 276 146
180 276 350
273 276 131
140 277 148
42 278 372
94 279 535
165 279 923
239 279 570
250 279 829
115 280 266
177 280 267
206 280 176
212 280 231
268 280 357
107 281 895
164 281 528
256 281 228
276 281 993
175 282 742
194 282 172
240 282 904
249 282 213
187 283 177
197 283 226
9 284 233
134 284 299
196 284 104
277 284 108
28 285 107
200 285 576
1 286 279
158 286 138
66 287 271
73 287 192
111 287 269
173 287 127
9 288 636
44 288 855
95 288 461
172 288 550
196 288 195
187 289 340
197 289 241
213 289 137
226 289 220
4 290 271
55 290 199
84 290 264
216 290 255
236 290 436
18 291 959
162 292 229
164 292 717
197 292 417
261 292 363
276 292 313
280 292 171
247 294 202
6 295 683
52 295 689
72 295 132
153 295 858
120 296 561
262 296 169
15 297 566
115 297 621
145 297 488
182 297 494
268 297 152
12 298 508
13 298 780
48 298 567
219 299 371
251 299 702
14 300 302
55 300 187
63 300 734
92 300 783
124 300 143
133 300 315
142 300 295
77 301 103
158 301 148
219 301 512
101 302 510
103 302 744
150 302 225
151 302 317
182 302 737
71 304 910
75 304 757
169 304 560
176 304 726
299 304 521
301 304 848
133 305 718
257 305 222
286 305 599
302 305 351
12 306 699
128 306 159
188 307 952
209 307 310
222 307 311
227 307 375
256 307 203
87 308 524
198 308 762
63 309 209
69 309 166
100 309 253
167 310 824
293 310 518
57 311 789
126 311 943
249 311 116
37 312 199
208 312 195
92 313 914
254 313 678
275 313 205
189 314 126
271 314 302
7 315 599
150 315 215
151 315 847
256 315 236
50 316 221
144 316 174
211 316 188
217 316 197
242 316 199
5 317 146
34 317 353
39 317 991
127 317 245
316 317 210
140 318 209
306 318 133
131 319 485
212 319 322
226 319 183
292 319 552
56 320 178
91 320 993
190 320 181
300 320 297
60 321 102
194 321 118
103 322 336
150 322 220
177 322 474
238 322 639
305 322 555
153 323 584
196 323 886
64 324 546
88 324 363
171 324 884
192 324 448
99 325 725
148 325 339
202 325 739
52 326 454
224 327 113
275 327 138
96 328 848
125 328 530
135 328 644
259 328 590
321 328 548
19 329 106
61 329 177
145 329 151
218 329 538
174 330 496
51 331 884
82 331 125
218 331 503
91 332 166
187 332 884
213 332 312
248 332 104
10 333 443
15 333 369
195 333 193
234 333 103
273 333 803
283 333 582
289 333 116
319 333 537
325 333 373
19 334 924
115 334 228
145 334 124
267 334 133
315 334 179
67 335 403
202 335 311
270 335 390
25 336 218
146 336 239
263 336 447
61 337 542
96 337 362
222 337 349
227 337 432
281 337 565
315 337 310
157 338 350
7 339 471
150 339 234
151 339 201
272 339 162
329 339 126
334 339 106
179 340 363
277 340 134
294 340 149
46 341 916
62 341 682
79 341 508
105 341 931
106 341 415
152 341 377
166 341 365
255 341 980
326 341 102
61 342 702
145 342 423
155 342 547
281 342 407
307 342 129
38 343 958
104 343 320
205 343 121
261 343 397
286 343 268
35 344 318
52 344 808
159 344 265
164 344 480
190 344 822
197 344 924
237 345 431
38 346 133
75 346 870
176 346 829
286 346 384
287 346 224
301 346 992
77 347 386
218 347 623
43 348 977
47 348 944
70 348 152
133 348 676
142 348 274
170 348 562
302 348 765
332 348 140
15 349 186
131 349 407
225 349 186
226 349 251
268 349 339
283 349 228
292 349 158
314 349 132
106 350 511
152 350 348
154 350 100
214 350 202
215 350 294
44 351 257
57 351 185
58 351 101
65 351 674
88 351 430
288 351 369
116 352 971
303 352 122
17 353 887
64 353 195
140 353 168
6 354 197
23 354 373
34 354 266
39 354 223
69 354 155
127 354 257
184 354 229
203 354 279
239 354 228
36 355 182
102 355 516
321 356 679
330 356 432
59 357 501
251 357 333
296 357 389
218 358 627
254 358 534
266 358 390
3 359 276
24 359 343
72 359 439
180 359 142
231 359 206
245 359 281
7 360 155
162 360 447
188 360 155
280 360 651
297 360 165
329 360 194
334 360 151
342 360 108
90 361 103
249 361 114
259 361 558
321 361 727
356 361 621
63 362 600
71 362 217
225 362 654
320 362 305
326 362 752
344 362 100
191 363 467
76 364 405
180 364 311
294 364 167
338 364 266
102 367 551
105 368 933
106 368 455
192 368 933
214 368 340
350 368 499
101 369 602
169 369 448
176 369 549
299 369 423
186 370 922
104 371 482
160 371 240
251 371 906
261 371 371
328 371 842
369 371 117
110 372 831
169 372 102
176 372 175
195 372 682
299 372 901
301 372 269
371 372 476
185 373 409
353 373 499
35 374 202
225 374 139
268 374 585
337 374 558
232 375 330
86 376 391
125 377 817
361 377 769
16 378 656
19 378 477
209 378 547
256 378 501
257 378 517
339 378 513
373 378 309
40 379 320
252 379 318
261 379 187
11 380 567
145 380 218
182 380 365
267 380 246
307 380 693
322 380 328
21 381 545
55 381 264
141 381 263
142 381 545
159 381 771
195 381 314
204 381 237
223 381 115
283 381 105
332 381 716
57 382 295
224 382 146
365 383 264
3 384 873
122 384 104
295 384 495
66 385 450
111 385 456
112 385 194
166 385 822
230 385 284
236 385 709
338 385 265
22 386 339
175 386 757
279 386 692
72 387 330
153 387 116
180 387 217
323 387 117
359 387 188
54 388 609
33 389 161
110 389 370
179 389 659
43 390 415
47 390 409
56 390 438
70 390 137
118 390 613
267 390 865
315 390 487
378 390 563
55 391 350
124 391 222
234 391 129
289 391 114
320 391 114
326 391 128
12 392 485
25 392 833
48 392 538
112 392 706
334 392 585
389 392 794
10 393 401
164 393 397
273 393 674
319 393 476
362 393 701
374 393 447
4 394 822
79 394 999
161 394 977
166 394 680
192 394 445
201 394 455
368 394 850
108 395 980
312 395 147
91 396 111
187 396 549
195 396 671
197 396 329
319 396 112
362 396 465
44 397 149
95 397 425
97 397 268
245 397 131
274 397 561
284 397 234
63 398 586
109 398 285
142 398 321
170 398 460
213 398 127
226 398 194
283 398 109
396 398 583
73 399 925
140 399 565
277 399 201
16 400 114
21 400 974
209 400 466
302 400 637
332 400 299
380 400 396
5 401 125
23 401 153
144 401 410
184 401 976
198 401 204
207 401 181
317 401 675
326 401 295
219 402 464
251 402 729
304 402 724
369 402 547
372 402 174
71 403 696
109 403 106
190 403 834
225 403 399
226 403 906
263 403 620
391 403 655
14 404 260
56 404 173
91 404 100
103 404 351
137 404 663
267 404 628
305 404 821
400 404 167
128 405 278
230 405 282
244 406 125
331 406 912
47 407 190
70 407 143
118 407 165
137 407 133
257 407 108
267 407 132
339 407 106
406 407 895
56 408 168
70 408 104
109 408 387
137 408 671
170 408 480
213 408 144
391 408 118
93 409 181
363 409 372
192 410 324
373 410 568
259 411 105
97 412 952
115 412 115
118 412 141
177 412 115
182 412 145
267 412 179
305 412 119
329 412 860
378 412 431
11 413 811
43 413 809
61 413 155
302 413 914
307 413 644
315 413 113
322 413 211
31 414 571
85 414 710
336 414 104
114 415 123
54 416 586
210 416 100
14 417 149
43 417 709
70 417 373
133 417 186
142 417 133
213 417 264
322 417 783
400 417 153
92 419 842
313 419 107
21 420 450
188 420 465
238 420 316
305 420 294
329 420 150
380 420 215
407 420 122
413 420 608
3 421 631
24 421 437
323 421 119
359 421 192
74 422 318
102 422 524
235 422 950
355 422 344
366 422 168
207 423 705
330 423 365
37 424 571
168 424 329
191 424 326
224 425 998
266 425 149
313 425 277
358 425 143
14 426 241
47 426 203
56 426 210
109 426 256
124 426 128
137 426 374
170 426 481
190 426 274
196 426 109
173 427 281
35 428 239
63 428 602
71 428 244
124 428 250
190 428 578
225 428 676
326 428 781
132 429 127
154 429 957
214 429 387
215 429 123
350 429 213
375 430 727
56 431 975
103 431 605
118 431 267
137 431 946
238 431 698
300 431 345
305 431 599
25 432 215
298 432 637
303 432 123
306 432 969
405 432 130
52 433 262
107 433 275
164 433 539
222 433 945
297 433 314
318 433 169
342 433 285
374 433 469
82 434 703
114 434 620
136 434 133
159 434 663
162 435 216
206 435 153
212 435 193
272 435 173
276 435 290
334 435 111
337 435 268
393 435 239
34 436 347
127 436 242
143 436 338
211 436 169
242 436 338
316 436 211
317 436 240
36 437 101
187 437 210
234 437 150
319 437 432
349 437 233
403 437 705
428 437 255
32 438 347
46 438 284
132 438 337
214 438 463
350 438 377
380 438 180
429 438 458
158 439 152
219 439 517
343 439 144
346 439 101
8 440 122
178 440 130
147 441 129
278 441 684
36 442 106
227 442 507
280 442 393
297 442 250
342 442 120
374 442 688
105 443 335
32 444 253
41 444 221
83 444 208
201 444 185
214 444 214
368 444 228
412 444 919
438 444 146
95 445 501
284 445 216
288 445 581
351 445 101
397 445 280
29 446 116
163 446 432
44 447 135
58 447 986
172 447 720
196 447 194
274 447 271
284 447 227
351 447 318
397 447 708
45 448 333
365 448 278
35 449 180
131 449 358
272 449 226
281 449 454
326 449 142
393 449 354
433 449 648
442 449 490
20 450 185
163 450 307
244 450 160
90 451 114
143 451 893
194 451 115
312 451 108
321 451 585
330 451 392
434 452 406
41 453 186
79 453 480
192 453 687
201 453 712
214 453 147
368 453 260
394 453 126
444 453 251
57 454 203
58 454 972
65 454 314
196 454 188
245 454 129
288 454 511
445 454 272
23 455 110
184 455 130
203 455 904
204 455 308
207 455 342
239 455 127
265 455 748
354 455 278
200 456 506
418 456 579
98 457 215
123 457 489
452 457 671
30 458 206
214 458 480
246 458 161
252 458 619
355 458 156
411 458 381
58 459 977
65 459 373
97 459 271
134 459 251
245 459 138
284 459 232
351 459 240
445 459 315
146 460 149
250 460 142
361 460 729
414 460 828
116 461 167
340 461 245
376 461 349
51 462 958
82 462 140
113 462 103
159 462 125
17 463 828
36 463 228
155 463 161
239 463 751
273 463 200
281 463 243
326 463 160
344 463 254
374 463 174
403 463 253
55 464 819
63 464 148
76 464 948
131 464 885
273 464 101
283 464 106
316 464 655
326 464 116
344 464 917
396 464 988
15 465 435
155 465 489
225 465 434
289 465 222
292 465 307
326 465 475
437 465 821
442 465 752
24 466 426
122 466 134
323 466 170
384 466 475
421 466 397
139 467 118
258 467 425
358 467 644
382 467 456
123 468 321
125 468 451
361 468 436
59 469 226
78 469 404
108 469 131
386 469 145
38 470 372
104 470 754
205 470 123
251 470 693
261 470 425
406 470 155
170 471 143
220 471 157
233 471 618
9 472 920
65 472 897
97 472 686
232 472 311
245 472 862
274 472 907
284 472 152
445 472 893
454 472 923
5 473 218
144 473 340
198 473 974
208 473 123
217 473 277
316 473 115
317 473 256
401 473 186
436 473 254
18 474 935
308 474 137
409 474 109
37 475 241
208 475 167
357 475 545
75 476 645
176 476 622
286 476 151
299 476 465
301 476 709
439 476 720
98 477 120
174 477 360
427 477 153
464 477 617
74 478 107
471 478 272
293 479 458
345 479 491
81 480 783
136 480 713
189 480 747
415 480 742
4 481 264
32 481 800
46 481 165
132 481 860
161 481 656
166 481 507
225 481 348
429 481 514
438 481 242
370 482 420
383 482 296
16 483 286
30 483 124
47 483 280
124 483 149
223 483 191
257 483 132
332 483 212
408 483 231
431 483 210
72 484 533
295 484 531
323 484 136
384 484 594
387 484 869
466 484 679
186 485 655
418 485 903
170 486 396
314 486 224
1 487 138
101 487 873
169 487 583
371 487 734
402 487 762
470 487 491
42 488 494
430 488 384
115 489 212
131 489 235
162 489 211
206 489 150
212 489 189
268 489 266
272 489 170
329 489 131
109 490 788
124 490 264
223 490 128
225 490 591
234 490 165
283 490 144
289 490 613
320 490 608
4 491 640
41 491 896
62 491 585
83 491 609
132 491 128
215 491 124
255 491 289
429 491 268
445 491 111
25 492 107
48 492 630
352 492 716
22 493 923
74 493 614
134 493 803
218 494 707
266 494 648
3 495 280
153 495 937
295 495 101
323 495 154
384 495 126
421 495 515
270 496 223
388 496 125
14 497 754
39 497 434
71 497 714
109 497 741
124 497 104
133 497 746
137 497 679
257 497 606
265 497 364
320 497 757
38 498 598
75 498 445
205 498 500
250 498 290
261 498 407
286 498 150
439 498 158
282 499 467
386 499 473
443 499 283
12 500 650
112 500 112
294 500 102
338 500 132
450 500 669
