1
0
1
1
1000000
0
0
0
0
1
39 41 973
47 56 289
61 63 152
34 78 316
16 85 468
54 95 121
96 127 305
114 141 203
83 155 995
18 158 822
104 170 411
92 175 252
22 183 255
113 191 307
103 192 525
206 209 262
170 213 323
205 230 271
127 236 350
206 237 377
231 240 264
131 241 116
242 254 630
121 268 248
266 269 824
191 274 188
69 281 305
64 288 253
19 289 105
259 313 899
63 323 288
181 328 359
327 328 794
101 330 730
253 338 744
209 344 604
126 356 105
88 358 144
219 359 154
91 360 244
172 360 102
259 361 101
228 363 104
45 367 449
340 370 594
194 386 234
32 388 365
19 395 623
161 402 159
120 403 358
242 408 444
225 410 265
113 416 207
362 416 435
343 421 183
77 423 611
220 424 183
74 428 235
329 429 443
164 431 195
128 441 332
235 446 955
162 447 788
168 450 215
93 451 309
365 455 914
264 456 167
376 457 127
371 468 263
290 469 163
69 470 258
281 470 563
174 471 667
37 473 139
341 480 109
480 484 410
366 485 631
163 487 287
210 491 203
228 498 827
68 504 159
185 506 290
133 512 223
296 514 288
446 517 304
520 526 144
467 531 509
186 538 521
307 539 181
268 541 112
289 543 509
125 547 124
38 549 266
447 550 278
453 553 161
309 559 181
54 560 168
26 561 712
413 562 937
52 565 115
186 572 360
272 581 483
458 586 861
480 589 764
257 593 960
250 595 427
91 596 516
94 599 213
594 604 387
146 607 118
277 609 202
287 611 782
69 613 912
113 613 458
241 613 100
6 615 320
573 617 414
481 620 208
277 623 550
416 626 162
131 631 387
261 631 341
592 633 972
601 636 265
432 637 242
231 638 338
439 638 846
280 639 295
23 640 354
52 642 296
554 643 305
156 644 210
472 648 316
72 649 184
310 652 365
650 654 392
243 655 466
112 656 268
270 659 425
218 663 299
73 664 280
381 665 974
273 671 368
274 671 191
10 673 193
632 673 821
255 674 142
120 676 137
343 678 865
453 678 337
576 678 171
639 678 225
26 680 970
96 689 122
67 694 167
264 694 147
558 697 494
585 698 166
100 699 108
90 703 381
412 703 313
615 704 865
660 707 184
306 709 439
10 713 121
179 718 162
477 719 235
559 720 409
282 721 169
324 724 160
556 727 329
275 730 875
718 731 425
462 733 670
250 734 296
354 734 105
204 735 722
178 737 185
695 738 315
539 739 325
19 743 280
663 747 313
477 749 189
302 756 567
147 758 388
518 759 186
660 761 622
492 766 696
440 767 221
235 769 205
245 769 222
289 772 255
547 775 415
422 785 461
276 786 103
396 786 157
98 787 218
564 793 267
368 796 103
318 798 651
469 804 263
468 806 423
451 816 421
516 817 273
104 820 132
329 820 779
625 820 420
795 820 251
534 823 625
93 825 156
393 828 222
199 832 886
317 834 232
559 834 281
701 837 104
216 838 129
373 839 650
604 841 101
107 843 218
807 844 558
653 846 315
601 847 517
377 849 191
582 849 546
701 850 132
440 851 237
647 853 102
70 856 198
79 859 142
675 859 420
81 860 118
619 864 267
567 866 453
568 867 118
771 867 576
41 872 100
863 872 271
159 873 655
533 873 264
134 879 393
458 881 195
397 883 611
64 884 340
566 886 277
303 887 799
221 888 578
142 890 635
470 892 306
393 894 236
42 896 649
589 898 225
683 899 123
697 899 103
805 904 191
18 909 259
109 910 329
116 913 120
811 913 257
305 915 328
802 918 178
698 919 191
60 922 114
320 924 927
233 925 477
130 926 595
746 930 111
582 931 767
895 932 142
248 936 198
135 939 554
497 939 475
439 940 957
853 943 887
843 944 239
564 945 168
722 946 468
422 947 684
764 949 235
365 951 748
249 955 494
600 959 109
185 965 667
258 967 126
3 968 136
612 970 392
246 971 165
11 972 227
39 972 930
762 973 453
623 976 642
764 977 397
121 979 701
395 980 448
967 983 166
936 990 289
223 991 339
479 991 875
248 993 366
566 995 389
913 995 386
291 998 576
587 999 945
514 1000 561
440 1002 254
672 1006 473
109 1010 171
228 1012 272
248 1012 373
936 1012 175
249 1014 502
932 1014 146
168 1017 123
607 1019 235
679 1019 344
951 1019 816
310 1020 307
805 1021 208
738 1023 262
42 1026 346
375 1027 206
464 1028 503
47 1030 218
184 1030 112
614 1031 224
309 1036 439
716 1037 129
542 1038 701
807 1040 216
956 1041 342
962 1041 195
931 1043 482
669 1044 161
976 1046 612
878 1047 996
744 1050 665
892 1050 459
769 1054 901
13 1056 374
205 1056 112
718 1059 597
821 1059 258
954 1059 120
683 1063 132
87 1065 407
394 1067 112
358 1069 224
401 1070 542
829 1073 231
293 1075 236
581 1075 250
927 1076 273
532 1079 385
627 1081 307
277 1084 967
43 1086 281
112 1086 502
947 1086 152
296 1087 486
210 1091 579
460 1091 154
204 1094 507
968 1096 105
17 1098 496
931 1098 221
370 1100 359
407 1101 255
316 1107 196
390 1110 515
700 1111 224
1072 1111 931
787 1113 354
324 1114 935
686 1115 837
49 1117 182
1074 1117 828
366 1118 186
427 1118 666
585 1118 122
1025 1119 107
619 1120 203
986 1120 660
1100 1121 213
352 1122 204
393 1122 483
137 1123 142
818 1124 277
231 1126 357
389 1126 120
831 1126 309
949 1126 447
1076 1127 121
435 1131 168
857 1136 304
473 1137 741
269 1138 133
244 1140 496
467 1141 197
920 1141 467
797 1142 252
957 1144 123
194 1145 427
518 1145 693
276 1146 201
149 1147 278
658 1147 481
650 1148 806
1144 1149 118
263 1150 330
73 1153 227
217 1153 843
828 1154 517
426 1157 347
818 1157 197
532 1158 172
984 1158 284
816 1163 238
625 1166 141
978 1171 299
1021 1171 224
989 1173 297
1097 1176 697
1175 1179 114
556 1182 187
712 1182 380
732 1184 477
375 1185 337
734 1185 276
834 1185 338
909 1185 209
437 1186 296
779 1186 653
434 1187 709
829 1187 905
1166 1187 133
944 1190 274
972 1194 190
665 1195 165
74 1196 328
472 1198 123
255 1199 486
250 1200 224
928 1202 150
364 1203 208
1003 1205 397
1153 1206 219
1037 1207 394
1162 1209 985
951 1210 252
1046 1210 775
408 1213 336
109 1215 119
1026 1215 871
642 1219 269
54 1221 836
224 1222 235
859 1223 878
1044 1225 217
95 1227 456
820 1227 168
1019 1227 275
543 1229 100
743 1229 340
403 1230 330
120 1231 428
414 1233 279
540 1235 141
572 1236 221
758 1236 135
200 1238 570
65 1239 605
77 1239 247
1053 1239 144
227 1240 124
496 1241 798
927 1242 488
1127 1242 933
345 1248 158
1026 1248 228
261 1249 155
613 1249 459
892 1249 248
979 1251 322
102 1253 194
1108 1253 632
927 1254 373
1127 1254 215
1143 1254 354
1242 1254 114
297 1255 105
586 1255 354
1221 1255 134
926 1256 412
1009 1256 361
323 1257 194
159 1260 418
1124 1260 868
62 1263 112
692 1263 376
140 1264 108
1191 1265 420
314 1268 574
171 1269 203
1260 1269 233
602 1271 148
855 1271 163
969 1271 216
422 1273 108
1064 1274 388
34 1277 245
1060 1277 454
1105 1277 283
90 1279 336
559 1282 378
244 1283 395
1146 1283 173
175 1285 508
53 1286 261
777 1286 171
1269 1286 462
200 1288 177
1270 1288 125
1272 1288 123
1235 1289 104
1188 1290 242
187 1291 160
400 1292 287
777 1292 181
846 1292 313
236 1294 149
303 1296 313
737 1297 840
827 1297 223
905 1297 870
349 1298 800
605 1298 637
667 1299 796
686 1301 190
748 1301 456
172 1305 371
593 1306 666
1128 1309 112
744 1310 420
900 1310 729
1242 1311 166
442 1312 132
463 1312 180
456 1314 748
864 1314 888
143 1315 216
1287 1317 832
118 1320 153
1047 1322 109
921 1323 416
448 1324 627
662 1325 155
499 1326 196
1058 1326 445
1251 1326 170
1291 1328 195
328 1329 270
644 1331 339
1090 1332 178
1135 1333 449
499 1334 255
979 1334 374
188 1335 378
291 1337 317
614 1337 326
1241 1337 254
634 1338 175
46 1341 165
33 1344 935
596 1344 418
23 1346 332
1182 1346 174
400 1347 128
931 1348 482
1020 1348 249
337 1349 122
385 1349 184
895 1350 360
640 1353 175
27 1354 311
1192 1357 774
260 1359 284
497 1361 930
1287 1361 326
874 1363 374
1058 1365 136
192 1366 469
488 1366 448
1207 1368 228
774 1369 313
847 1369 351
132 1370 505
1176 1370 200
1009 1371 108
717 1373 185
523 1374 211
1280 1374 132
1114 1375 730
785 1376 360
1048 1376 206
512 1378 186
62 1379 186
10 1381 114
481 1381 101
92 1382 167
291 1382 221
946 1383 160
214 1385 225
482 1385 286
751 1386 284
289 1387 370
1112 1387 264
1183 1388 148
516 1389 423
774 1390 161
1004 1390 159
1089 1390 133
1190 1391 101
985 1393 172
773 1395 523
14 1396 258
340 1400 384
815 1400 120
281 1402 469
420 1402 466
744 1402 832
1050 1402 166
1008 1403 199
254 1404 596
311 1404 664
788 1406 509
700 1409 120
1081 1412 426
1032 1415 344
9 1418 980
1148 1418 282
1001 1419 144
284 1421 256
401 1424 354
415 1424 110
860 1425 430
386 1426 546
1083 1433 391
847 1434 473
275 1435 477
522 1436 230
722 1437 132
952 1438 235
1233 1441 100
376 1443 132
1120 1446 558
264 1450 628
299 1451 159
486 1452 650
1417 1452 164
930 1453 248
246 1455 159
568 1456 528
475 1458 245
1041 1458 273
728 1459 260
240 1460 132
889 1461 770
459 1462 324
56 1463 374
1030 1463 153
527 1467 391
134 1468 141
600 1468 903
860 1469 173
303 1470 183
476 1471 292
717 1471 512
259 1472 812
1125 1472 148
396 1473 230
870 1475 331
1370 1475 269
409 1477 420
470 1478 343
580 1478 614
1426 1479 114
358 1482 190
1016 1482 142
956 1485 449
95 1487 152
228 1489 206
1012 1489 178
1216 1492 369
778 1495 389
87 1497 100
1022 1498 284
1327 1498 259
393 1504 996
665 1504 213
1231 1505 390
1178 1506 383
1504 1506 351
155 1510 172
302 1510 797
1328 1511 416
1406 1512 109
588 1513 360
1308 1516 155
1421 1516 150
617 1518 496
1170 1519 201
97 1520 249
1377 1520 344
344 1522 426
1330 1522 134
1521 1522 175
92 1525 241
103 1526 279
387 1527 299
412 1527 116
613 1527 231
605 1529 117
1433 1530 292
1177 1532 164
850 1533 759
1264 1534 159
976 1535 447
834 1536 240
1208 1536 964
513 1540 139
884 1540 257
1015 1540 123
1445 1540 377
283 1541 978
1204 1541 102
102 1542 205
420 1542 175
483 1543 404
297 1544 208
1240 1544 122
663 1549 691
1004 1549 287
1297 1549 201
616 1550 110
1370 1550 120
733 1551 147
1467 1553 919
480 1554 247
687 1556 149
785 1556 282
1055 1560 131
1263 1565 143
847 1567 905
527 1568 143
555 1568 270
1546 1568 410
614 1572 379
1274 1572 802
665 1573 153
1193 1573 140
688 1574 200
826 1574 161
140 1575 556
1187 1575 371
386 1576 122
1543 1576 604
508 1577 173
868 1577 116
1566 1577 330
924 1579 155
326 1583 461
32 1584 242
1007 1584 673
1439 1585 205
490 1587 263
1380 1587 423
891 1588 239
799 1589 278
1564 1592 312
1159 1597 118
507 1598 137
1184 1598 269
261 1599 628
767 1601 631
1278 1601 112
480 1602 126
1228 1602 793
1319 1602 158
60 1607 396
1463 1607 565
515 1610 684
108 1611 259
1425 1613 288
928 1614 119
1427 1616 109
121 1618 483
822 1619 389
1346 1620 223
1291 1621 205
1066 1623 484
1206 1623 181
808 1624 394
50 1625 238
491 1626 918
1625 1627 231
1378 1628 223
1134 1632 288
312 1633 852
597 1633 313
18 1636 169
467 1637 166
1497 1638 158
906 1639 369
450 1640 885
1168 1640 388
1596 1642 216
990 1644 530
686 1645 122
1062 1646 188
1234 1646 317
1550 1646 853
1633 1647 235
1518 1649 177
575 1650 253
15 1652 782
1056 1653 105
86 1654 131
379 1654 327
1039 1655 187
896 1656 637
310 1657 216
992 1657 371
35 1658 231
1104 1658 344
1388 1658 302
540 1659 161
150 1660 268
648 1660 356
893 1660 121
1483 1660 167
1473 1662 144
95 1663 771
235 1663 100
529 1663 131
1509 1663 222
543 1664 434
1121 1664 112
42 1666 280
1531 1666 358
1377 1667 580
1459 1668 168
321 1669 119
586 1669 479
1132 1669 145
1102 1670 443
71 1671 163
444 1673 170
1321 1673 760
244 1675 524
847 1676 227
693 1677 342
184 1678 248
461 1678 264
814 1678 271
498 1679 226
1503 1680 295
621 1681 258
1159 1682 287
1496 1682 257
778 1684 128
2 1686 241
1084 1686 518
1531 1686 289
216 1687 503
113 1688 278
612 1688 174
671 1688 769
1683 1691 221
928 1693 217
170 1694 176
989 1695 438
710 1696 541
815 1698 226
543 1699 124
1061 1700 210
803 1701 469
313 1702 278
545 1704 297
415 1705 456
586 1705 166
1686 1706 302
357 1707 119
1465 1707 393
210 1710 520
59 1711 229
959 1711 499
625 1712 262
708 1712 270
1301 1714 308
29 1715 103
398 1716 786
895 1716 589
1165 1716 626
1267 1718 145
1089 1719 294
498 1720 183
1493 1720 312
315 1721 269
632 1721 101
346 1722 212
356 1723 238
751 1723 326
1102 1723 679
1225 1725 192
294 1726 242
574 1726 241
660 1726 984
1247 1726 322
39 1727 410
224 1727 256
1635 1728 200
884 1729 135
1125 1729 281
1008 1732 216
1011 1733 403
1651 1734 205
17 1735 424
1662 1735 308
237 1736 741
970 1736 515
1007 1737 671
92 1738 775
1279 1739 165
64 1740 663
823 1740 226
1333 1740 492
1176 1741 240
760 1742 808
1057 1743 147
414 1744 285
1216 1744 194
721 1745 427
1186 1745 144
109 1746 471
343 1746 383
534 1746 946
12 1747 394
1460 1747 537
817 1748 671
907 1749 377
1583 1749 188
1649 1749 410
955 1750 292
972 1751 100
255 1753 372
932 1753 396
793 1754 287
1495 1756 516
1335 1757 237
686 1758 976
1201 1758 836
552 1759 539
1081 1760 380
91 1761 204
1490 1762 112
857 1764 296
488 1765 426
1616 1766 245
618 1767 245
1735 1767 103
401 1768 140
790 1769 460
1150 1769 412
1746 1770 252
316 1771 293
1496 1771 304
1682 1771 473
319 1772 588
875 1774 459
1536 1774 216
769 1775 129
789 1776 144
1756 1776 191
583 1777 217
630 1778 651
918 1778 241
1363 1778 956
425 1779 207
184 1780 222
498 1782 534
1489 1782 245
1644 1782 490
694 1783 806
883 1786 310
1330 1787 137
1402 1787 251
835 1788 292
188 1789 372
1584 1789 130
754 1790 165
1674 1790 151
232 1791 554
166 1794 129
513 1794 491
822 1794 156
952 1795 240
1591 1795 833
390 1796 311
627 1796 373
1307 1799 168
396 1800 348
229 1801 999
339 1802 605
564 1803 414
726 1803 378
1625 1803 393
994 1804 255
184 1806 479
1581 1808 157
84 1809 208
1106 1809 116
1708 1809 441
18 1810 187
1779 1811 260
1414 1813 207
763 1815 190
1457 1815 154
960 1816 361
1785 1817 492
462 1818 994
411 1819 501
966 1820 238
1038 1820 263
1804 1820 102
252 1821 277
696 1821 387
77 1823 200
607 1824 515
1189 1824 127
532 1825 101
598 1825 200
1001 1827 282
132 1828 255
517 1829 135
872 1831 239
123 1832 322
882 1832 887
1595 1832 370
831 1835 253
833 1837 377
15 1838 702
60 1838 932
960 1839 223
304 1841 383
1178 1841 347
984 1842 510
1268 1842 979
494 1843 649
1762 1844 878
546 1845 294
1709 1846 233
1170 1847 151
1603 1847 148
930 1848 277
1558 1848 118
1585 1849 352
1680 1850 402
855 1852 534
1650 1853 145
239 1854 423
1260 1855 339
105 1857 262
382 1858 190
1042 1859 217
360 1860 363
661 1860 294
1702 1860 344
1843 1861 119
633 1862 177
800 1862 201
3 1863 253
426 1863 282
273 1864 174
938 1865 114
371 1867 197
1569 1867 562
788 1868 467
1399 1868 298
1504 1868 472
1858 1869 572
176 1870 188
290 1873 301
586 1875 566
252 1877 390
738 1877 709
1354 1877 261
211 1878 221
1204 1878 149
298 1879 130
1415 1880 742
1638 1881 139
1117 1882 407
114 1883 198
141 1883 401
1058 1883 361
845 1886 551
1088 1886 184
306 1887 167
180 1888 174
1713 1888 129
783 1889 238
832 1889 220
604 1891 893
1415 1891 261
1775 1891 398
269 1893 258
1558 1895 903
1153 1896 221
1547 1897 276
1709 1898 513
416 1899 205
579 1899 534
1461 1901 144
373 1902 103
763 1905 254
1389 1905 235
657 1906 227
948 1906 145
1124 1907 235
697 1908 404
829 1908 887
1139 1909 140
1177 1909 147
301 1910 166
342 1910 233
883 1910 288
949 1912 485
1472 1912 243
1481 1913 186
1641 1913 231
129 1915 288
1352 1915 227
1328 1916 587
732 1917 429
1767 1919 265
1262 1920 133
398 1921 885
394 1922 301
1545 1923 196
50 1924 620
1627 1924 317
387 1925 718
833 1925 289
934 1925 178
574 1926 763
1076 1931 625
1143 1931 317
1279 1931 327
1 1932 591
1831 1933 817
701 1935 267
638 1936 237
276 1937 214
113 1938 196
1363 1939 126
315 1940 320
1556 1940 377
953 1941 431
1515 1942 433
1664 1942 735
1787 1942 260
75 1944 175
584 1944 271
1202 1944 416
228 1946 353
1945 1946 195
548 1947 183
1108 1949 309
1885 1949 302
113 1950 759
420 1950 241
744 1950 606
1108 1950 219
1253 1950 212
624 1951 190
234 1952 227
215 1954 214
603 1954 244
1129 1954 177
808 1955 693
1045 1956 116
496 1957 677
889 1957 825
749 1959 264
766 1959 749
222 1961 480
943 1961 344
212 1962 212
799 1963 228
1187 1963 169
1727 1963 341
911 1964 145
535 1966 253
1204 1966 250
122 1967 267
1259 1967 506
504 1968 940
1049 1968 333
1418 1968 554
1726 1968 144
858 1970 458
1904 1972 198
541 1973 176
591 1976 335
309 1977 372
503 1977 651
57 1978 362
929 1979 228
1420 1979 342
662 1980 107
1 1982 343
1236 1982 153
1143 1983 363
145 1984 199
1565 1984 807
1854 1985 386
1641 1986 440
374 1987 560
459 1987 447
1676 1990 554
177 1991 103
1614 1991 191
324 1992 112
743 1994 270
831 1995 738
1189 1995 512
1705 1996 307
162 1997 194
592 1998 322
922 1999 459
1300 1999 570
550 2001 376
1289 2002 234
169 2004 605
493 2005 301
329 2006 528
599 2006 778
1650 2009 149
1132 2010 305
1156 2010 136
1831 2010 139
1298 2012 234
1612 2012 120
1265 2013 197
1943 2014 253
863 2015 235
1751 2015 703
299 2016 233
1876 2016 256
1885 2016 518
235 2017 686
1349 2017 608
1417 2017 225
690 2019 621
1871 2020 120
148 2021 103
1713 2022 260
237 2024 457
1876 2024 256
2016 2024 230
216 2026 376
864 2026 348
1208 2027 125
1441 2027 886
858 2028 221
471 2029 528
713 2029 242
1151 2029 276
530 2031 354
1563 2031 172
2004 2033 231
1378 2034 292
1441 2035 195
103 2037 208
351 2038 272
1020 2040 319
1340 2042 145
777 2043 499
221 2044 675
576 2045 174
404 2046 743
425 2046 198
635 2046 963
923 2047 616
1186 2047 499
1491 2047 669
1818 2049 242
1496 2050 150
1597 2050 239
1975 2050 264
697 2052 130
47 2053 569
1740 2053 127
513 2054 339
322 2055 459
328 2055 679
562 2055 389
1765 2056 875
15 2057 166
1838 2057 236
286 2058 226
1084 2058 267
1448 2058 277
1813 2058 232
10 2060 132
285 2061 326
947 2061 475
1631 2062 368
95 2063 494
547 2063 542
1087 2063 384
1426 2063 285
1854 2063 426
941 2064 847
1437 2064 325
842 2067 190
1300 2068 685
1557 2069 325
1544 2070 184
232 2071 200
1285 2071 580
317 2073 363
1222 2073 164
17 2074 797
304 2075 349
347 2075 390
1166 2075 933
1531 2075 522
392 2077 360
1805 2077 414
594 2079 397
1335 2079 318
1825 2079 396
259 2080 338
685 2080 173
1146 2080 347
755 2082 140
1677 2082 175
2037 2083 472
590 2084 250
1202 2084 337
658 2085 267
948 2085 707
520 2086 290
1508 2086 739
1050 2087 163
1184 2087 155
1598 2087 128
1374 2088 139
411 2089 301
72 2090 484
680 2091 503
1106 2091 318
390 2092 302
1715 2093 225
2069 2093 151
7 2095 464
148 2095 176
1131 2095 124
1403 2095 575
139 2096 240
349 2096 827
32 2098 667
383 2099 543
1833 2100 186
2041 2100 118
755 2102 164
1090 2103 374
1780 2104 342
85 2105 227
654 2105 191
224 2106 627
345 2106 819
200 2107 201
1005 2108 210
1437 2109 240
422 2110 103
1161 2110 717
1107 2111 906
2039 2111 225
827 2112 349
1827 2112 829
93 2114 719
1533 2116 163
474 2118 652
556 2119 920
1742 2119 588
976 2120 194
1932 2120 183
139 2121 118
203 2121 630
810 2121 129
437 2123 395
646 2124 220
2001 2124 180
321 2125 145
1816 2125 148
470 2126 351
579 2126 306
626 2126 185
957 2127 232
9 2129 588
831 2130 306
34 2132 355
1185 2132 152
1585 2132 301
1921 2132 160
546 2133 219
1168 2134 125
1314 2134 296
336 2137 124
395 2137 170
288 2138 111
365 2138 993
285 2139 540
1048 2139 375
1243 2141 116
1690 2141 207
514 2142 287
1015 2142 227
80 2143 191
630 2144 122
2014 2144 594
4 2145 522
348 2146 106
1109 2146 340
166 2148 542
1245 2148 685
292 2149 117
89 2150 325
576 2151 451
951 2151 217
751 2152 312
519 2155 230
743 2155 269
980 2155 436
982 2156 398
1674 2156 392
2132 2156 137
64 2157 304
151 2157 244
1313 2157 438
1361 2157 559
1397 2157 306
1045 2158 195
733 2160 195
1422 2160 119
1732 2161 106
1665 2162 513
581 2164 172
911 2164 343
1034 2165 570
2145 2165 863
1937 2166 284
1394 2167 168
337 2168 142
404 2170 415
1411 2171 664
1790 2171 190
2060 2171 939
1691 2172 521
232 2173 301
1175 2173 669
725 2174 120
664 2175 131
1189 2175 834
2086 2176 464
1158 2177 262
326 2178 407
61 2179 488
156 2179 174
1033 2179 693
1633 2180 798
134 2181 384
1711 2181 691
992 2182 124
1006 2182 154
1707 2182 199
2128 2182 721
440 2183 132
740 2184 135
931 2185 484
1564 2187 123
946 2188 942
2003 2188 181
479 2189 198
411 2190 199
1537 2190 698
304 2191 276
1764 2192 375
632 2193 343
1263 2194 217
791 2195 118
1759 2195 240
685 2196 154
1029 2196 488
1621 2197 149
1404 2198 912
979 2199 936
1013 2199 565
59 2200 418
1557 2200 382
265 2201 283
888 2203 312
1395 2203 182
2127 2203 136
278 2204 485
1408 2204 329
1580 2205 180
226 2206 189
725 2207 669
1419 2207 120
197 2208 875
1169 2210 368
1209 2210 307
1496 2210 241
1975 2210 355
1555 2211 185
1853 2214 835
715 2215 397
786 2216 213
339 2217 153
1018 2217 225
316 2218 507
1159 2218 923
1597 2218 263
533 2219 191
712 2220 299
2032 2220 123
1486 2221 376
1494 2221 340
1498 2222 447
1309 2223 757
1336 2224 229
1070 2225 477
1261 2227 188
1614 2228 358
1586 2230 984
691 2231 144
1091 2231 176
623 2232 102
740 2232 478
1536 2232 115
311 2234 576
1428 2235 404
430 2236 559
1554 2237 176
404 2238 250
908 2239 174
160 2240 334
355 2241 159
740 2241 240
1501 2241 353
342 2242 112
1900 2243 498
1298 2244 281
1049 2245 686
2056 2246 872
441 2249 127
539 2249 370
848 2249 344
978 2249 230
1601 2251 346
1697 2251 275
472 2252 200
790 2252 222
1134 2252 267
1006 2253 981
1692 2253 103
1750 2253 308
1964 2253 136
1364 2254 197
1871 2254 203
2092 2254 256
914 2257 163
1588 2257 148
399 2258 180
655 2258 143
1281 2259 182
1581 2260 817
72 2261 109
1287 2261 332
1340 2261 474
1281 2262 473
933 2263 143
628 2266 111
1304 2266 845
2132 2266 154
35 2267 641
417 2270 270
1710 2270 301
1701 2271 311
1361 2272 407
2238 2272 277
412 2273 151
507 2273 331
980 2273 214
861 2274 228
1401 2274 100
1823 2277 217
167 2278 539
175 2278 641
258 2279 191
431 2280 382
430 2282 169
1960 2282 213
111 2283 130
871 2284 136
892 2284 365
970 2284 242
1570 2285 864
2251 2285 247
2049 2286 332
1502 2287 130
591 2288 307
1441 2288 204
1789 2288 169
97 2289 287
372 2290 306
1752 2290 241
497 2291 345
781 2291 335
902 2291 349
757 2294 390
1609 2294 106
129 2295 255
1162 2295 948
668 2296 407
997 2296 274
1179 2297 122
1497 2297 192
1814 2298 153
2034 2298 801
1149 2299 388
1460 2299 309
1509 2299 483
1730 2299 887
201 2300 137
1416 2300 298
1744 2300 617
1884 2300 168
1902 2300 334
865 2301 166
1297 2301 191
1703 2301 724
28 2302 295
1007 2302 319
1166 2304 200
1172 2304 370
1953 2304 462
975 2306 210
1060 2306 567
2014 2308 592
593 2309 885
1428 2310 141
89 2311 123
750 2313 586
886 2313 765
1515 2314 519
2022 2314 556
1001 2315 261
371 2317 380
588 2318 222
443 2319 574
785 2319 519
2318 2319 310
1744 2321 117
698 2322 127
1857 2323 752
1845 2324 778
393 2325 939
616 2326 183
1824 2326 582
678 2328 120
1978 2328 198
2201 2328 465
10 2329 711
422 2329 323
1128 2331 262
1527 2332 406
1925 2332 348
1586 2333 432
88 2334 814
142 2334 164
908 2335 181
684 2336 188
2148 2336 632
1303 2337 290
1601 2338 982
1127 2339 230
1143 2339 146
1242 2339 323
1254 2339 208
1931 2339 171
596 2340 174
916 2340 413
769 2344 330
2327 2344 298
841 2345 189
1903 2345 114
554 2346 183
1824 2347 408
27 2348 430
851 2348 322
1237 2348 137
1101 2349 164
2118 2350 196
886 2351 385
1956 2351 590
1814 2353 441
2067 2353 996
2154 2353 723
2346 2353 211
784 2354 184
927 2355 540
1076 2355 327
1143 2355 725
1254 2355 427
2339 2355 218
330 2356 174
681 2356 762
163 2358 115
1274 2358 117
74 2359 130
2254 2359 178
1215 2360 144
1106 2361 707
188 2362 648
632 2363 149
655 2363 248
2296 2363 416
1840 2364 211
1092 2365 771
551 2366 272
562 2366 550
2358 2366 120
687 2368 132
197 2370 574
207 2370 260
1340 2371 217
833 2372 671
782 2373 947
1406 2373 185
1104 2374 969
363 2376 509
937 2378 145
1895 2378 202
958 2379 153
1238 2380 632
1606 2381 436
1519 2383 207
273 2384 163
1461 2384 181
1607 2384 368
370 2385 364
815 2385 337
2095 2386 276
711 2387 144
1410 2387 128
2212 2387 112
256 2388 325
629 2388 472
1035 2388 447
1324 2388 685
1395 2388 178
377 2389 385
2316 2389 587
1787 2390 362
1958 2391 148
433 2392 225
2154 2392 336
978 2393 426
1896 2393 273
2191 2393 390
2301 2393 293
1103 2395 832
1673 2395 170
2293 2395 235
2138 2396 399
1757 2397 271
331 2398 201
2341 2399 201
250 2400 115
446 2400 238
1835 2400 468
30 2401 137
196 2402 477
845 2403 142
1110 2404 240
466 2405 970
1180 2405 493
445 2406 289
1591 2407 520
1757 2407 994
1808 2407 242
491 2408 303
1928 2409 141
674 2410 193
955 2410 732
196 2412 409
712 2413 742
141 2414 243
195 2415 234
578 2415 255
1442 2415 313
10 2416 471
1135 2417 309
1921 2417 317
214 2418 200
1565 2419 196
1857 2419 117
885 2421 164
594 2422 184
993 2423 127
1489 2423 144
1679 2423 206
2257 2424 490
24 2425 521
2320 2425 380
2023 2426 118
675 2427 711
1407 2427 355
1028 2428 531
2263 2429 251
187 2430 141
1588 2430 698
879 2431 134
1727 2433 423
562 2434 156
1121 2435 140
2238 2436 238
1266 2437 165
363 2438 357
2376 2438 473
617 2440 678
1105 2441 143
2066 2441 428
1676 2442 149
1907 2444 305
1981 2444 156
1787 2446 113
2390 2446 476
1370 2448 163
1593 2449 248
122 2451 179
757 2451 328
2212 2451 160
249 2452 271
598 2452 612
2239 2453 357
338 2454 189
1281 2454 147
633 2455 311
1205 2455 162
481 2456 135
583 2456 110
605 2456 274
798 2456 826
1379 2456 701
1430 2456 690
247 2457 257
367 2457 707
1152 2457 837
1774 2457 108
258 2458 165
988 2458 145
1082 2458 388
1013 2460 103
1326 2460 215
1698 2460 294
2198 2462 223
198 2463 576
666 2463 320
1879 2464 270
212 2465 147
321 2465 715
951 2465 268
2010 2467 133
1977 2468 493
1495 2469 580
36 2470 631
813 2470 145
1027 2470 903
1878 2471 120
580 2472 185
814 2472 313
1030 2472 167
1806 2472 667
1093 2473 608
1167 2473 579
1890 2473 869
34 2474 327
1966 2476 987
750 2477 409
971 2477 117
1510 2477 574
708 2478 107
1218 2479 131
2147 2480 183
415 2481 113
2031 2481 902
2287 2481 194
513 2482 478
406 2483 194
1389 2483 368
722 2484 852
1558 2484 657
536 2485 884
148 2486 769
459 2486 458
1139 2487 475
1958 2487 263
1474 2488 108
322 2489 368
682 2489 655
640 2491 111
2366 2491 928
2393 2492 968
2369 2493 597
807 2495 181
186 2497 214
1193 2497 130
2058 2497 318
1965 2498 273
2432 2498 313
2038 2499 186
173 2500 364
215 2500 323
1100 2501 170
2137 2501 191
2155 2501 326
967 2502 353
705 2504 322
1112 2507 336
1387 2507 601
1994 2507 251
1664 2508 251
2022 2508 226
2025 2510 265
1150 2511 292
1232 2512 157
1502 2512 232
918 2513 615
1170 2514 137
1183 2514 182
2454 2514 224
1502 2515 660
1681 2518 152
1793 2518 524
536 2519 152
1015 2519 209
2166 2519 122
333 2520 462
2365 2522 139
150 2523 147
452 2524 208
2300 2524 263
252 2525 201
792 2526 333
837 2526 273
1615 2526 133
1161 2527 528
1419 2527 171
174 2528 588
1078 2528 838
369 2529 818
465 2529 438
2226 2529 384
1130 2530 167
858 2531 764
2401 2532 461
714 2533 981
1761 2533 728
703 2534 194
1521 2534 170
1028 2535 907
2048 2535 491
220 2537 913
915 2537 177
1315 2537 483
512 2538 253
50 2539 491
110 2539 927
1245 2540 167
350 2541 243
2433 2541 127
106 2542 134
189 2542 229
493 2542 108
26 2543 833
137 2543 122
2503 2543 929
1271 2544 248
1928 2544 475
1452 2545 398
856 2546 406
1547 2546 326
2161 2546 595
544 2547 220
2134 2548 117
2178 2548 329
2294 2548 690
697 2549 520
2443 2550 472
763 2551 437
2084 2552 194
1279 2553 882
1837 2553 128
1503 2554 228
102 2555 308
1542 2555 174
1949 2555 139
1282 2557 787
192 2558 382
1610 2559 178
2368 2560 250
437 2561 131
2171 2561 450
433 2562 120
2247 2562 419
1214 2564 302
1875 2564 373
1971 2564 346
1047 2565 245
1220 2566 838
2114 2566 234
942 2567 221
1103 2568 655
1190 2569 204
927 2570 568
1127 2570 337
1143 2570 384
1242 2570 431
1931 2570 278
1033 2571 190
265 2572 545
901 2573 858
562 2574 238
1508 2574 310
1044 2575 548
1557 2575 172
2265 2575 416
1723 2576 214
1913 2576 218
2069 2576 129
1313 2577 798
1039 2578 297
1772 2578 432
99 2579 222
2213 2579 785
1018 2580 225
575 2581 212
2124 2581 212
53 2582 834
434 2582 174
338 2583 204
272 2584 249
1940 2584 273
2233 2586 192
485 2587 721
1368 2588 822
944 2589 252
196 2590 418
1564 2590 112
2208 2590 107
608 2592 222
1288 2592 168
1407 2593 120
1755 2593 217
2500 2594 705
229 2595 399
710 2595 651
1888 2595 107
2423 2595 307
27 2596 454
869 2596 354
335 2597 516
409 2598 107
289 2599 891
348 2600 529
535 2601 109
1294 2601 302
1416 2602 734
1176 2603 263
440 2604 792
1036 2605 386
1224 2605 107
927 2606 307
1076 2606 343
1143 2606 288
1931 2606 282
2339 2606 142
2355 2606 361
2509 2606 131
2547 2607 118
460 2608 211
82 2609 289
76 2610 135
1909 2610 121
2007 2610 847
68 2611 150
570 2611 148
1989 2612 303
2061 2612 657
2591 2612 383
1460 2613 289
1115 2614 364
136 2615 683
754 2615 223
1865 2615 772
1759 2616 852
1383 2617 209
154 2618 306
757 2619 199
1093 2619 476
2248 2619 171
397 2620 384
260 2621 686
271 2622 473
1375 2622 101
440 2623 146
1467 2624 884
182 2625 817
891 2625 283
420 2626 408
1599 2626 198
498 2627 262
1679 2627 351
2376 2627 225
2606 2627 456
1654 2628 109
2103 2629 489
2290 2629 589
1798 2630 333
282 2631 979
1000 2631 660
1970 2632 258
2623 2632 178
861 2633 177
392 2634 235
1005 2634 570
1052 2635 930
1717 2635 853
2207 2635 200
2111 2637 260
2401 2637 302
1807 2638 204
474 2639 986
1292 2640 155
418 2641 266
2186 2642 118
2072 2643 118
640 2645 210
1026 2645 302
1346 2645 188
304 2647 248
785 2647 756
2517 2647 195
2077 2648 441
465 2649 524
536 2649 794
1057 2649 516
1353 2649 809
2078 2649 205
2572 2649 533
1606 2650 272
2618 2650 864
824 2652 724
901 2653 500
2516 2654 163
853 2656 268
1660 2657 182
2449 2657 254
1066 2658 122
2624 2660 152
484 2662 180
1833 2662 405
1998 2662 188
2452 2662 424
795 2663 492
2567 2664 393
138 2665 220
510 2665 332
1160 2665 354
275 2667 656
533 2668 247
871 2669 105
1888 2669 381
2284 2669 119
2446 2669 252
663 2670 341
176 2671 583
273 2671 196
1127 2671 143
2637 2671 164
205 2673 542
2317 2673 278
1479 2674 284
2525 2674 202
726 2675 964
1803 2675 387
1566 2676 141
966 2677 209
1389 2678 201
2226 2679 146
1529 2680 426
2205 2680 364
1760 2681 281
100 2683 552
2169 2683 877
1829 2684 194
589 2685 327
843 2686 379
57 2687 216
283 2688 334
1267 2688 210
588 2689 289
736 2689 115
508 2691 488
1556 2691 653
2576 2692 473
376 2693 158
544 2693 205
1582 2693 171
2170 2694 132
745 2695 569
900 2695 251
2013 2696 702
1250 2697 105
1662 2697 355
1993 2697 140
469 2698 759
2226 2698 137
2232 2698 989
2582 2698 181
284 2699 233
2480 2699 183
334 2700 958
675 2700 269
115 2701 143
1962 2702 270
2076 2703 175
2196 2703 349
920 2704 446
1797 2705 337
2268 2705 933
1404 2706 888
1473 2706 112
359 2707 173
2023 2707 126
1571 2708 842
278 2709 129
1524 2710 174
2521 2710 161
1276 2711 264
2039 2711 434
2284 2711 727
2390 2711 432
130 2712 355
1339 2712 736
2021 2712 276
2445 2712 235
1549 2714 114
2162 2714 263
430 2715 281
1529 2716 360
331 2717 562
126 2718 618
383 2718 528
854 2718 321
1322 2718 428
1351 2718 741
1907 2718 605
984 2719 204
319 2720 210
1856 2720 210
369 2721 376
820 2721 680
1426 2721 264
2253 2722 111
1356 2723 112
1031 2724 403
1192 2724 149
1680 2724 491
1760 2725 111
477 2727 167
503 2727 190
330 2728 144
17 2730 399
949 2732 293
2417 2732 191
1732 2734 665
1647 2735 336
611 2736 153
1398 2736 558
1109 2737 128
350 2738 114
118 2739 888
124 2739 172
2623 2739 205
33 2740 119
1095 2740 171
1730 2740 106
1347 2742 196
2319 2742 226
643 2743 279
1450 2744 134
2475 2745 996
1843 2746 197
403 2747 271
1282 2747 366
1635 2747 189
2551 2748 155
2067 2750 137
1552 2751 350
161 2752 419
286 2752 308
2354 2752 171
963 2753 876
74 2754 351
255 2754 563
887 2754 352
1318 2754 177
1080 2755 125
1125 2755 131
39 2756 183
1373 2756 130
790 2758 493
110 2760 832
569 2761 994
1760 2761 155
2243 2761 147
688 2762 184
2099 2762 683
2229 2763 392
459 2764 283
1087 2764 539
2128 2764 174
235 2765 802
1425 2765 925
1619 2765 589
1662 2765 388
2038 2765 230
2321 2765 180
2371 2765 286
662 2766 176
2255 2767 294
2342 2767 570
2008 2768 869
2485 2768 605
1138 2769 281
2101 2769 874
642 2770 255
742 2770 273
2054 2771 239
2357 2771 875
2212 2772 206
2682 2772 303
2127 2773 955
1617 2774 381
2078 2775 240
633 2776 559
1146 2776 294
1734 2776 460
2251 2776 198
2636 2776 364
2718 2776 393
546 2777 198
1702 2777 122
554 2778 234
651 2778 180
779 2778 287
1630 2778 160
2182 2778 239
1612 2779 703
2078 2779 171
148 2780 352
1415 2780 260
2280 2780 265
2452 2781 137
262 2782 137
2779 2783 149
748 2784 388
1670 2784 561
146 2785 289
846 2785 434
2303 2785 253
775 2786 289
2108 2786 425
185 2788 123
1115 2788 110
1918 2790 208
2276 2790 207
2495 2790 256
1340 2792 107
900 2794 402
945 2794 157
278 2795 380
1358 2796 198
407 2797 524
772 2798 118
1112 2798 162
2595 2798 235
424 2799 321
987 2799 384
2211 2800 417
157 2801 109
1553 2802 102
1923 2803 116
2347 2803 279
413 2804 383
796 2804 372
1849 2804 160
2164 2804 290
2565 2804 411
1322 2805 962
489 2806 159
1174 2806 193
1516 2806 410
2708 2806 184
2323 2807 381
933 2808 187
1116 2808 638
1517 2808 658
2091 2809 651
2167 2809 398
1934 2810 153
1036 2811 333
2478 2811 440
229 2812 267
2273 2812 316
2802 2812 245
2272 2813 285
727 2814 345
1145 2814 226
40 2815 448
1525 2815 628
2635 2815 287
2076 2816 335
505 2817 721
2479 2817 207
1315 2818 788
300 2819 128
835 2819 172
1959 2819 221
613 2820 101
879 2820 102
959 2820 154
1653 2822 673
1770 2824 130
2318 2824 797
2317 2825 111
2365 2825 120
1284 2826 381
599 2827 642
1024 2827 298
1974 2827 903
836 2828 274
2550 2828 632
242 2829 358
1085 2829 208
736 2830 321
1408 2830 459
2130 2830 131
2261 2830 196
2364 2830 233
2413 2830 161
829 2831 165
753 2832 310
1907 2832 325
2607 2833 808
2005 2835 193
555 2836 327
1493 2836 396
719 2837 220
2352 2837 427
2753 2838 118
1169 2839 309
620 2840 335
572 2841 205
1390 2843 113
2459 2843 298
2557 2843 216
2749 2843 186
1370 2844 822
2447 2844 241
2642 2844 208
1611 2845 133
2361 2846 158
974 2847 312
2321 2847 646
2740 2847 325
1978 2848 101
1896 2849 265
1929 2849 230
2701 2849 370
2012 2850 523
164 2851 756
2152 2851 147
82 2852 230
777 2853 100
2841 2853 563
460 2854 179
378 2855 695
1842 2855 106
357 2856 252
575 2856 210
1319 2856 417
2615 2857 405
98 2858 233
887 2858 169
1922 2858 191
1432 2859 136
14 2860 943
1649 2860 628
1965 2861 146
2731 2861 328
134 2862 291
255 2865 932
2120 2865 836
2082 2868 195
2538 2868 171
43 2870 963
118 2870 307
569 2870 192
669 2870 375
308 2871 674
1602 2871 683
1833 2872 192
1742 2874 264
2628 2874 493
416 2876 181
1295 2876 998
2535 2876 532
2157 2877 726
2504 2877 219
213 2878 111
734 2878 597
624 2879 415
1388 2879 467
1589 2880 147
2029 2880 453
52 2881 145
565 2881 260
1782 2881 420
1877 2882 133
464 2883 513
710 2883 117
2630 2883 418
1198 2884 308
1308 2884 498
313 2885 275
1443 2885 312
292 2886 970
2764 2887 192
154 2888 166
1212 2888 582
1252 2888 205
1142 2889 319
931 2890 378
1667 2890 175
2131 2890 786
662 2891 345
2469 2891 424
58 2892 371
2726 2892 688
999 2893 954
1150 2894 157
852 2895 497
1896 2895 124
2667 2895 241
510 2896 229
1404 2897 922
1675 2897 201
479 2898 214
932 2898 367
1777 2899 505
2733 2899 304
95 2900 292
149 2901 293
507 2902 155
732 2902 157
1219 2902 401
2137 2902 122
1825 2904 308
2847 2904 190
407 2905 294
633 2905 225
2275 2905 986
485 2906 196
2024 2907 224
2839 2907 149
1089 2908 298
2601 2908 458
2122 2910 826
1518 2911 448
1648 2911 196
525 2913 196
1820 2913 792
2504 2914 231
2768 2914 643
406 2915 256
766 2915 412
519 2916 101
1801 2916 180
2507 2916 381
2812 2916 130
66 2917 426
664 2917 230
1302 2917 491
1476 2917 173
2625 2918 120
833 2919 367
1209 2919 942
2332 2919 113
2606 2919 303
2023 2920 168
1867 2921 142
246 2923 174
1423 2924 947
2051 2924 123
536 2925 356
2718 2925 348
303 2926 314
2135 2926 467
935 2927 896
1471 2927 211
2285 2927 192
564 2928 309
1311 2928 685
2068 2928 595
2843 2929 332
117 2930 337
436 2931 167
494 2931 226
2563 2931 941
126 2932 279
360 2932 181
2821 2933 131
2860 2933 156
1331 2934 733
1159 2935 378
1219 2935 627
2155 2935 506
2853 2936 224
858 2937 264
1562 2937 786
524 2938 339
880 2938 308
391 2939 135
1345 2939 175
1724 2939 265
917 2941 190
2567 2941 121
2714 2941 144
359 2942 303
459 2943 496
677 2943 174
707 2943 181
741 2943 243
2321 2943 307
2418 2943 158
314 2944 918
1677 2945 462
1826 2946 469
828 2947 191
2480 2947 213
1246 2948 185
1675 2948 189
2034 2948 222
2690 2949 200
1374 2950 102
1887 2950 549
2100 2950 133
208 2951 227
964 2951 137
971 2951 189
1354 2952 203
2157 2953 799
2870 2953 868
1650 2954 245
1981 2954 416
537 2955 139
1033 2955 131
1274 2955 123
2152 2956 193
346 2957 514
2497 2959 232
2648 2959 634
2378 2960 130
1023 2961 299
2348 2961 489
2142 2962 362
121 2963 101
2660 2963 312
1097 2964 230
1465 2964 339
2492 2964 575
2130 2965 173
803 2966 544
2430 2967 668
2484 2967 727
2870 2968 434
165 2969 218
2892 2969 382
112 2970 270
2505 2971 493
2521 2971 149
1606 2972 438
2196 2972 192
1133 2974 370
2035 2974 827
2877 2974 171
348 2975 194
611 2976 686
1211 2976 670
1932 2976 288
2008 2976 443
7 2978 753
18 2978 212
1886 2978 124
1863 2979 262
1519 2980 498
666 2981 564
1464 2981 629
1790 2981 498
1967 2982 375
671 2983 504
1013 2983 223
1365 2983 326
2460 2983 125
1414 2984 275
1748 2985 768
421 2986 234
2120 2986 116
1330 2987 331
1527 2987 331
1837 2987 484
1925 2987 396
2919 2987 386
271 2988 393
1923 2990 289
2206 2990 369
2970 2990 645
687 2991 178
856 2991 859
2679 2991 328
2874 2991 565
122 2992 145
2411 2992 349
238 2993 267
450 2993 233
2875 2993 500
727 2994 315
1269 2994 193
2271 2994 330
2102 2995 398
1309 2996 226
1914 2997 579
1990 2997 208
2192 2998 989
2712 3000 202
810 3001 314
495 3003 191
549 3003 192
830 3003 230
1500 3003 184
2036 3003 342
509 3004 212
952 3004 650
1148 3005 486
1659 3006 111
2011 3006 801
842 3008 193
2263 3010 927
636 3011 100
1464 3011 384
33 3012 896
488 3013 320
1427 3013 892
2032 3013 289
2638 3013 194
1176 3015 228
2419 3016 263
750 3017 420
106 3018 197
1228 3018 118
616 3019 521
1161 3019 464
1181 3019 687
2282 3019 248
2946 3019 336
851 3020 136
942 3020 281
629 3021 281
898 3022 359
1144 3022 288
2793 3022 880
2984 3022 145
770 3024 390
1618 3025 469
2025 3025 468
2624 3025 135
2660 3025 288
872 3026 210
1274 3026 158
2146 3027 152
2305 3027 329
384 3028 180
109 3029 841
1076 3030 861
1127 3030 356
1242 3030 129
1254 3030 141
1311 3030 372
1931 3030 235
2339 3030 194
2606 3030 517
885 3031 110
2664 3031 992
2674 3032 662
1512 3033 336
1590 3033 175
302 3035 996
2455 3036 133
2646 3036 159
449 3038 868
1911 3038 174
2612 3038 468
1212 3039 152
580 3040 148
1077 3040 181
2312 3040 880
382 3041 123
827 3041 356
1631 3043 256
2025 3043 345
2802 3043 927
812 3044 414
2200 3044 370
1109 3045 596
1338 3046 389
1791 3047 411
2597 3048 135
1537 3049 225
2281 3050 925
316 3051 153
732 3051 116
1975 3051 504
224 3052 308
2989 3052 105
342 3053 211
17 3054 316
2720 3054 411
1212 3055 755
1063 3056 344
2311 3056 497
2408 3057 398
204 3058 340
866 3058 401
1560 3059 953
1847 3060 207
907 3061 427
924 3061 237
95 3062 624
2193 3062 343
463 3063 252
1246 3064 135
385 3065 851
705 3066 635
2658 3066 246
545 3067 108
576 3067 292
1329 3067 166
387 3068 316
2534 3068 252
546 3069 123
857 3069 248
925 3069 760
1769 3069 340
1103 3070 249
1258 3071 590
480 3072 486
719 3072 902
1474 3072 494
69 3073 265
744 3073 401
1885 3073 762
2414 3073 107
1650 3074 119
445 3075 182
622 3075 149
889 3075 746
2521 3076 415
195 3077 574
1141 3077 689
111 3078 201
453 3078 741
786 3078 406
538 3079 280
2530 3079 141
914 3081 487
627 3082 442
215 3084 791
1609 3084 276
2495 3084 170
331 3085 356
1979 3085 358
152 3086 123
616 3086 171
1088 3086 172
224 3087 269
1622 3087 297
1384 3088 150
1866 3088 243
3057 3088 293
438 3089 338
615 3091 119
2929 3091 293
1461 3092 149
2122 3092 492
1515 3093 463
1888 3093 476
2314 3093 473
2919 3093 605
1672 3094 251
114 3095 105
1915 3095 272
2839 3095 619
521 3096 974
2236 3096 300
2542 3096 988
2554 3097 299
1439 3098 297
366 3099 170
776 3099 588
329 3100 537
1604 3100 364
1887 3101 203
1299 3102 309
2589 3102 408
2753 3102 364
54 3103 589
66 3103 549
1140 3103 707
1966 3103 530
1461 3104 112
637 3105 339
1904 3105 253
3017 3105 181
2417 3106 889
1042 3107 788
2830 3107 333
1181 3108 196
1211 3108 341
1327 3108 295
1582 3108 259
1689 3108 358
6 3109 600
782 3109 173
1431 3109 255
1581 3109 407
818 3110 621
1409 3110 175
1960 3111 326
1424 3112 168
1111 3113 981
1158 3113 473
1606 3114 248
2530 3114 257
1137 3115 144
2371 3115 275
2447 3115 157
804 3116 277
932 3116 210
689 3117 188
1256 3117 172
1907 3117 120
570 3118 228
2895 3119 780
2949 3119 212
8 3120 147
2759 3120 180
2853 3120 114
286 3121 405
1016 3121 261
2969 3121 103
1904 3122 117
1156 3123 419
2311 3123 223
1671 3124 310
1728 3125 229
152 3126 150
910 3126 214
670 3127 599
715 3127 462
1880 3127 458
2505 3127 215
2605 3127 161
2345 3128 237
1586 3129 514
1638 3130 124
3046 3130 356
1895 3131 518
2382 3131 325
2823 3131 169
732 3133 159
1917 3133 269
1168 3134 396
2889 3134 119
3058 3134 382
1422 3135 914
1875 3135 173
1699 3136 115
2760 3136 413
2883 3136 206
2335 3137 257
1929 3138 133
1156 3139 142
1248 3139 829
915 3140 521
517 3141 290
103 3142 211
127 3142 391
2466 3142 193
2670 3142 205
13 3143 727
1355 3144 291
2836 3144 367
2902 3144 216
1051 3145 167
1195 3145 322
2149 3145 158
588 3147 237
666 3147 231
14 3148 355
2641 3149 253
1824 3151 126
2486 3151 209
2989 3152 327
1508 3153 108
725 3154 313
105 3155 171
1810 3155 263
1892 3155 519
1699 3156 111
2505 3156 340
2671 3156 109
904 3157 135
922 3157 214
532 3159 185
1650 3159 180
2566 3159 369
1025 3160 721
2306 3160 121
712 3161 322
2013 3161 235
180 3162 213
241 3162 304
1108 3162 118
1599 3162 690
2626 3162 267
973 3163 116
2293 3163 260
2767 3163 330
715 3164 180
1586 3165 189
1600 3165 395
1897 3165 947
2772 3166 686
1655 3167 243
1903 3167 351
1069 3168 183
3013 3168 522
659 3169 870
1385 3169 115
1502 3169 229
3000 3169 885
1358 3170 174
3083 3170 379
2258 3171 246
577 3172 854
2475 3173 375
2506 3173 332
2690 3173 235
283 3175 239
2797 3175 208
49 3176 260
445 3176 887
768 3176 314
909 3176 226
1250 3176 298
473 3177 351
3024 3177 227
560 3178 327
996 3178 141
1720 3179 315
3172 3179 332
546 3180 217
2343 3180 304
2248 3181 376
3002 3181 256
2650 3182 123
2309 3183 383
1362 3184 377
2185 3184 887
1049 3185 285
1275 3185 338
2497 3185 331
1421 3186 215
2791 3186 162
2222 3187 126
77 3188 262
1874 3188 236
1392 3189 542
1947 3190 143
2950 3191 227
1124 3192 612
1643 3192 180
1726 3192 150
2488 3192 111
362 3193 508
2671 3193 830
2019 3194 353
624 3195 310
2349 3196 172
1533 3197 145
696 3198 168
1559 3198 306
568 3199 342
1804 3200 326
275 3201 694
1776 3201 581
2807 3201 327
1503 3202 189
1617 3202 655
297 3203 283
872 3203 494
3181 3204 158
903 3205 148
2912 3205 280
49 3206 294
595 3206 642
1101 3207 137
1331 3207 111
2205 3207 220
2104 3210 333
2115 3210 179
959 3211 125
1468 3211 750
1994 3211 144
1642 3213 178
815 3214 133
2385 3214 166
2435 3214 879
2911 3215 357
1948 3216 299
2488 3216 935
1657 3217 529
2120 3217 412
2517 3217 363
1185 3218 795
3029 3218 357
2622 3219 319
381 3220 174
2256 3221 104
1760 3222 560
1220 3223 216
1830 3224 449
2018 3224 315
2825 3224 150
1294 3225 346
2629 3226 224
2757 3226 120
3009 3226 549
949 3227 416
1853 3227 147
335 3228 216
2093 3228 247
2480 3229 109
112 3230 890
2299 3232 239
795 3233 501
70 3234 687
501 3236 744
683 3236 119
1500 3236 199
2260 3236 466
943 3237 219
1090 3237 665
1426 3238 290
1716 3238 396
212 3239 110
2250 3239 335
90 3240 324
1143 3240 338
1983 3240 243
2958 3240 227
1318 3242 482
2833 3243 214
1214 3244 698
1457 3244 150
2863 3244 193
539 3245 181
1960 3245 147
2117 3245 260
3082 3245 925
1784 3246 223
1970 3246 293
1058 3247 270
1365 3247 134
2199 3247 420
2501 3247 892
3025 3247 360
2531 3248 194
1045 3249 604
1473 3250 144
678 3251 153
2319 3251 151
2330 3252 245
2607 3252 542
1416 3253 306
1397 3254 131
1514 3254 413
893 3255 767
1181 3255 175
1364 3255 202
2437 3255 609
2632 3255 474
2361 3256 493
2404 3257 415
96 3258 182
119 3258 157
138 3258 529
1589 3259 173
413 3261 178
457 3261 326
2163 3261 138
849 3262 556
128 3263 317
308 3263 118
1560 3263 662
1768 3263 283
2172 3263 313
2698 3263 546
990 3264 127
993 3264 416
2423 3264 132
547 3265 109
2186 3265 229
2480 3265 492
86 3266 212
2418 3266 258
3112 3266 110
914 3267 207
170 3268 160
953 3268 386
1236 3268 110
1526 3268 519
1341 3269 474
69 3270 273
519 3270 325
1401 3270 307
2274 3270 407
3209 3270 312
2012 3271 253
51 3272 914
680 3273 210
2405 3273 111
2924 3273 125
391 3274 362
2953 3275 142
1491 3276 890
2648 3276 231
2971 3276 140
2986 3276 680
281 3277 136
420 3277 132
1885 3277 104
382 3278 211
2775 3279 261
3132 3279 163
2841 3280 105
2311 3281 328
3171 3281 105
3260 3281 220
1605 3282 234
2532 3282 312
44 3283 320
352 3283 517
1834 3283 306
1964 3284 102
2242 3284 292
502 3285 801
2756 3285 105
862 3286 172
975 3286 163
1375 3286 244
1761 3286 301
909 3287 376
1659 3287 362
1981 3287 654
1162 3288 104
1209 3288 202
1931 3288 498
389 3289 159
545 3289 868
752 3289 213
2094 3289 100
2157 3289 659
176 3290 476
1169 3290 212
1184 3290 204
1870 3290 288
2663 3291 452
2668 3291 479
2840 3291 123
227 3292 380
686 3293 115
1265 3293 217
1499 3293 371
1820 3293 809
2453 3293 221
1727 3294 212
2279 3294 187
1087 3295 171
326 3296 129
876 3296 304
1693 3296 332
545 3297 327
500 3298 179
3007 3298 836
3061 3298 765
2803 3299 430
2834 3299 883
2075 3300 394
2159 3300 168
2296 3301 134
2701 3301 378
234 3302 238
437 3302 374
3146 3302 519
1176 3303 241
2173 3303 175
805 3304 715
1796 3305 288
185 3306 536
679 3306 197
788 3306 769
1715 3306 356
239 3307 192
618 3307 114
1072 3307 102
629 3308 337
1196 3308 211
2667 3308 160
1610 3309 222
2599 3309 444
3051 3309 909
1653 3310 145
197 3311 226
2375 3311 246
3150 3311 292
2357 3312 202
2851 3312 595
2663 3313 220
28 3314 212
1032 3314 230
1372 3314 117
2863 3314 150
672 3315 218
2315 3316 574
1035 3317 287
2127 3318 976
866 3319 221
650 3320 241
2108 3320 608
2912 3320 293
641 3321 882
2399 3321 319
40 3322 111
85 3322 183
361 3323 763
601 3323 258
1172 3323 332
3300 3323 165
2662 3324 265
1 3325 629
1589 3325 263
1874 3325 358
2019 3325 364
3155 3325 297
2886 3328 877
86 3329 123
140 3329 136
3320 3329 409
772 3330 755
1994 3330 159
2798 3330 873
962 3331 259
2427 3331 372
2167 3333 458
2673 3333 522
3331 3333 399
289 3334 184
395 3334 174
980 3334 273
1698 3334 229
2907 3334 250
3110 3335 192
642 3336 139
653 3337 186
1487 3337 897
1858 3337 420
2965 3337 175
1561 3338 590
2642 3338 595
2947 3338 260
280 3339 499
2191 3339 466
2765 3339 262
128 3340 167
716 3340 608
192 3341 494
2716 3341 277
2833 3342 116
543 3343 141
1169 3343 216
2295 3343 139
2675 3343 128
277 3344 113
1183 3345 152
1935 3345 330
3149 3345 252
1020 3346 185
1320 3346 674
1269 3347 358
2214 3347 107
2150 3348 260
278 3349 686
586 3349 662
1632 3349 510
2456 3349 456
494 3350 278
2399 3350 646
596 3351 215
2264 3351 235
1008 3353 574
1907 3353 318
287 3354 961
926 3354 381
1482 3354 123
2325 3354 310
1587 3355 671
2425 3355 456
3237 3355 652
2533 3356 284
849 3357 968
80 3358 176
138 3358 227
1571 3358 245
1626 3359 108
2313 3359 869
2641 3359 146
123 3360 299
528 3360 445
2672 3360 115
2892 3361 305
713 3362 194
1382 3362 283
2285 3363 152
1497 3364 193
2452 3364 453
706 3365 568
1386 3365 509
2225 3365 106
51 3366 153
2480 3367 840
2949 3368 271
3048 3368 174
2118 3369 170
766 3370 321
1472 3370 126
2145 3370 181
599 3371 115
1275 3371 111
2246 3371 296
387 3372 164
412 3372 185
2332 3372 271
2372 3372 145
2752 3373 427
2851 3373 161
719 3374 198
1135 3374 150
1903 3374 565
2192 3374 367
665 3375 126
3115 3375 176
1258 3376 632
481 3377 662
782 3377 743
1548 3377 600
974 3378 142
742 3379 167
2770 3379 105
3144 3379 661
556 3380 106
804 3380 156
1070 3380 116
1290 3380 236
3063 3380 274
653 3381 185
787 3381 112
848 3381 232
1608 3382 513
2434 3382 491
1318 3383 188
441 3384 205
1502 3385 376
3073 3385 135
425 3386 505
482 3386 491
1995 3386 316
2481 3386 266
3145 3386 165
2745 3387 177
1466 3388 227
2509 3388 164
1875 3389 610
3300 3389 966
2144 3390 277
2644 3390 342
2909 3390 167
213 3391 334
286 3391 546
1226 3391 105
1498 3391 325
1629 3391 113
660 3392 255
3208 3392 150
571 3393 118
2032 3393 161
2236 3393 328
2367 3393 131
1991 3394 348
121 3395 107
1467 3395 227
1618 3395 472
16 3396 438
231 3397 847
923 3397 172
3280 3397 301
978 3398 394
2571 3398 153
2890 3398 169
221 3399 332
1218 3399 115
2168 3399 503
2745 3399 162
1920 3400 292
1715 3401 172
3086 3401 321
2777 3402 362
123 3403 894
1609 3403 453
1965 3403 158
1706 3404 571
1922 3404 200
2009 3406 382
3378 3406 182
3028 3407 117
507 3408 959
979 3408 492
2273 3408 235
3133 3408 575
725 3409 680
2156 3409 844
2369 3410 445
2826 3410 204
1146 3411 425
1256 3411 509
1562 3411 221
1626 3412 339
2589 3412 276
3077 3412 211
3099 3413 313
2586 3414 196
2797 3414 414
961 3415 206
1655 3415 217
1812 3416 793
3141 3416 271
2174 3417 316
2214 3417 204
571 3418 285
1059 3418 177
1612 3418 606
3107 3418 209
355 3419 109
1079 3419 687
1502 3419 130
1849 3419 745
3400 3419 367
66 3420 208
1537 3421 265
1255 3422 282
1545 3422 191
3315 3422 165
3396 3422 189
940 3423 267
1731 3423 274
2596 3423 165
2903 3423 226
1817 3424 673
2761 3424 237
2949 3424 579
3235 3424 122
3410 3424 228
1705 3425 480
2194 3426 228
1071 3427 254
2248 3427 342
2307 3427 274
2424 3428 616
149 3429 170
2072 3429 459
3286 3429 260
3368 3429 237
1509 3430 283
1545 3431 305
1878 3431 360
61 3432 579
3117 3432 182
267 3433 573
335 3433 880
535 3434 180
3212 3434 213
3388 3434 472
728 3435 271
2922 3435 999
3241 3435 134
1399 3436 312
1524 3436 350
1802 3436 201
2225 3436 149
2871 3436 128
223 3437 955
92 3439 416
809 3439 286
999 3440 197
1879 3440 115
2103 3440 120
2213 3441 997
3433 3441 654
1716 3442 135
696 3443 295
1088 3443 474
1196 3443 413
1982 3443 138
2761 3443 157
2972 3443 488
695 3444 273
2059 3444 652
30 3445 263
129 3445 640
1754 3445 176
2675 3445 642
2794 3445 288
2001 3446 107
2943 3446 714
912 3447 134
995 3447 168
2713 3447 467
3053 3448 795
2188 3449 344
2938 3450 261
407 3451 157
2245 3451 903
3079 3451 132
637 3452 139
33 3454 177
2841 3454 181
577 3455 368
2751 3455 149
720 3456 832
3363 3456 983
800 3457 553
2433 3457 451
2756 3457 150
2828 3457 637
3069 3457 844
3221 3458 112
1772 3459 293
1813 3459 272
2097 3459 151
2631 3459 318
3332 3459 448
1514 3460 130
3034 3460 199
1093 3461 117
1872 3461 336
2729 3461 362
1064 3463 298
1634 3463 649
1719 3463 242
2602 3463 253
2774 3463 584
920 3464 956
2373 3465 459
120 3466 113
190 3466 206
1520 3466 171
157 3468 231
1986 3468 277
401 3469 114
540 3469 332
2225 3469 613
892 3470 348
2414 3470 458
448 3471 191
781 3471 256
1119 3471 177
1555 3471 142
54 3473 159
291 3473 399
1062 3473 225
2396 3474 208
30 3475 237
1720 3475 181
112 3477 806
1896 3477 106
566 3478 327
901 3478 391
1947 3478 106
700 3479 962
1990 3479 179
780 3480 162
2099 3480 496
2490 3480 222
472 3481 196
225 3482 605
260 3482 757
907 3482 161
2226 3483 382
2745 3484 717
1412 3485 119
111 3486 267
1523 3487 578
1894 3487 395
2679 3487 326
532 3488 626
2666 3488 233
3203 3488 229
9 3489 205
2241 3489 399
2162 3490 595
2690 3490 338
2694 3490 466
3120 3490 369
3385 3490 393
2194 3491 268
682 3492 175
1370 3493 701
1440 3493 114
3082 3494 128
3280 3494 187
3177 3495 279
3425 3495 105
3493 3495 142
2303 3496 121
2490 3496 949
3488 3496 207
1235 3497 209
1584 3497 221
1774 3497 318
2609 3497 233
3251 3497 364
97 3498 115
685 3498 781
1865 3498 188
1671 3499 105
2289 3499 433
2341 3500 117
396 3501 603
1521 3502 232
1782 3502 423
2461 3502 114
2509 3502 237
1338 3503 221
319 3504 196
361 3504 139
155 3505 131
1977 3506 848
2859 3506 286
678 3507 969
1081 3507 450
2413 3507 749
926 3508 250
2654 3508 462
2763 3508 161
3005 3508 226
729 3509 163
985 3509 330
1339 3509 113
3430 3510 352
773 3511 107
1057 3511 831
861 3512 174
2633 3512 346
3209 3512 413
973 3513 171
2992 3514 249
1807 3515 290
2357 3515 781
3096 3515 180
3328 3515 224
808 3516 717
1428 3516 264
3017 3516 190
237 3517 613
299 3517 152
1451 3517 664
1699 3517 190
1885 3517 334
129 3518 574
3288 3518 207
115 3519 825
1047 3520 316
1672 3520 189
48 3521 131
2578 3521 259
1458 3522 564
3321 3523 197
575 3524 755
950 3524 220
1364 3524 613
3141 3524 100
499 3525 163
1334 3525 137
1950 3525 208
2555 3525 700
2881 3525 244
402 3526 162
1217 3527 421
2269 3527 102
2487 3527 452
45 3528 402
1276 3529 319
1177 3530 253
3047 3531 121
638 3532 347
1140 3532 364
1409 3532 167
1920 3533 321
57 3534 147
1436 3534 825
2576 3534 192
3357 3534 127
2769 3535 750
2896 3536 253
2638 3537 283
1407 3538 852
2000 3538 451
3476 3538 318
2896 3539 258
2174 3540 129
2258 3540 114
427 3541 931
2707 3541 219
3085 3541 804
2510 3542 253
2802 3542 147
2812 3542 978
468 3543 468
268 3544 208
527 3544 159
970 3544 435
1028 3544 780
1018 3545 108
1981 3546 371
2651 3546 292
2109 3547 253
2612 3548 300
1520 3549 238
2139 3549 448
2275 3550 290
1920 3551 850
1848 3552 225
612 3553 149
970 3553 242
1261 3553 280
1736 3553 272
59 3554 702
3112 3556 689
2200 3557 430
3120 3558 164
293 3559 365
345 3560 296
614 3560 436
1480 3560 560
1429 3561 104
130 3562 464
333 3562 419
2973 3562 214
2866 3563 189
465 3564 127
640 3564 301
2268 3564 185
2996 3564 367
2109 3565 103
1015 3566 324
1447 3566 331
1529 3566 307
2001 3566 168
2533 3567 240
2556 3567 418
3524 3568 213
1827 3569 148
345 3570 380
1775 3570 358
1694 3571 139
3462 3571 133
878 3572 737
1956 3573 971
2536 3573 132
2659 3573 991
1345 3574 855
1454 3574 290
1781 3574 238
1981 3574 449
1339 3575 203
1360 3575 445
1713 3576 210
1888 3576 808
1942 3576 420
405 3577 377
801 3577 896
2305 3577 343
311 3578 895
2169 3578 868
471 3579 215
1238 3579 481
1257 3579 362
2816 3579 151
1136 3580 293
927 3581 479
1143 3581 460
1242 3581 891
1254 3581 105
1931 3581 143
2355 3581 533
2570 3581 422
1413 3582 943
922 3583 154
1652 3583 277
3156 3583 509
645 3584 251
775 3584 167
1430 3584 212
2940 3584 353
2574 3585 127
2664 3585 847
2773 3585 637
3212 3585 402
1060 3586 186
2488 3586 300
2969 3587 411
794 3588 173
1766 3588 251
3354 3588 114
2498 3589 122
2193 3590 356
1589 3591 140
2977 3591 160
3473 3592 253
247 3593 219
621 3593 108
720 3593 818
1113 3593 488
1155 3594 997
3209 3594 793
1503 3595 198
2947 3595 452
3233 3596 377
378 3597 304
1780 3598 399
2126 3598 120
73 3599 900
639 3599 369
998 3599 113
1222 3599 189
1481 3599 394
2028 3600 590
263 3601 297
2264 3601 155
1159 3602 161
1496 3602 192
1546 3602 104
1924 3602 283
2126 3602 222
117 3604 144
360 3604 173
1488 3604 123
3552 3605 171
247 3606 236
313 3606 141
1265 3606 302
2631 3606 408
2943 3607 106
1917 3608 335
2062 3608 431
2273 3608 413
2460 3608 537
2935 3608 463
3057 3609 121
3603 3609 291
2304 3610 324
2752 3610 482
211 3611 180
1283 3611 595
3595 3611 119
1773 3612 253
3410 3612 709
37 3613 130
2377 3613 676
1349 3614 100
1435 3615 349
1630 3615 344
3595 3615 364
336 3616 638
1698 3616 445
3330 3616 189
31 3617 433
86 3617 266
2286 3617 480
557 3618 428
2373 3618 499
1813 3619 352
1774 3620 110
2082 3620 971
2494 3620 176
2604 3620 345
508 3621 563
1671 3621 149
129 3622 233
2210 3622 135
3518 3622 175
2328 3623 837
2363 3623 171
209 3624 102
1451 3624 823
1876 3624 545
13 3625 856
72 3626 138
752 3626 396
3540 3626 721
2171 3627 176
2476 3627 289
1610 3628 391
2900 3628 501
3313 3628 683
2205 3629 168
1718 3630 213
2038 3630 666
2457 3630 371
12 3631 148
21 3631 149
1312 3631 239
1539 3631 280
3587 3631 926
2186 3632 825
2816 3632 102
2121 3633 189
3467 3633 315
456 3634 455
1611 3634 340
1413 3635 778
1551 3635 671
780 3636 143
1022 3636 259
3400 3638 667
386 3639 107
795 3639 991
898 3639 127
1651 3639 201
3125 3639 989
2341 3640 661
2801 3641 139
2853 3641 161
499 3642 429
565 3642 771
1012 3642 515
1625 3642 344
2794 3642 217
3379 3642 509
2349 3643 412
1073 3645 245
1316 3645 131
2271 3646 123
2596 3646 302
288 3647 930
1068 3647 141
1361 3647 141
2010 3647 125
2140 3647 123
1243 3648 893
1367 3648 161
2438 3648 350
3047 3648 676
3248 3648 359
3453 3648 138
975 3649 519
2782 3649 219
2228 3650 533
3365 3651 232
653 3652 185
1084 3653 468
1385 3653 674
2642 3653 207
3351 3653 160
1679 3654 302
1945 3654 907
2438 3654 515
80 3655 114
407 3655 154
1283 3655 919
2281 3655 262
3217 3655 170
3575 3655 192
574 3656 148
628 3656 100
1270 3656 422
2207 3656 430
728 3657 257
933 3657 465
1935 3657 563
502 3658 975
2612 3659 604
3637 3659 251
396 3660 103
1594 3660 243
2830 3660 356
571 3661 210
1078 3661 712
3036 3661 291
325 3662 310
765 3662 659
2305 3662 935
613 3663 124
1249 3663 783
2626 3663 733
614 3664 242
1607 3665 106
1652 3665 153
2830 3666 195
1700 3667 181
2214 3667 783
1320 3668 678
3026 3668 204
3225 3668 215
3274 3668 240
3655 3668 761
1693 3669 158
2190 3669 205
2200 3670 204
2799 3671 392
1794 3672 119
2063 3673 150
921 3674 106
1762 3674 289
2408 3674 415
1142 3675 828
3532 3676 460
1293 3677 893
2283 3677 753
349 3678 115
2325 3678 447
3113 3678 233
553 3679 149
1605 3679 757
1011 3680 138
3026 3680 329
3637 3680 991
1770 3681 145
2098 3682 206
3146 3683 232
3555 3683 229
193 3684 932
203 3684 109
1639 3684 257
2113 3684 180
2183 3684 286
3120 3684 407
1553 3685 140
2963 3685 296
2699 3686 542
953 3687 394
921 3688 172
539 3689 139
1307 3689 430
1229 3690 482
1870 3690 216
2087 3690 294
92 3691 126
1987 3691 156
209 3692 583
892 3692 448
1352 3692 437
1883 3692 179
2907 3692 625
1189 3693 497
989 3694 338
1433 3694 277
2351 3694 231
1283 3695 250
3208 3695 326
1459 3696 396
653 3697 101
2297 3697 134
3032 3697 780
1027 3698 351
1887 3698 337
1928 3698 159
3242 3698 323
168 3699 374
117 3700 271
978 3700 136
2732 3700 136
2631 3701 412
2228 3702 825
2370 3703 317
2403 3704 600
3000 3704 175
428 3705 203
1273 3705 214
2479 3705 362
2529 3705 156
1728 3706 251
2163 3706 397
2465 3707 288
2834 3708 909
1958 3709 132
726 3710 133
945 3710 338
2794 3710 496
2176 3711 447
2585 3711 187
2663 3711 388
1375 3712 190
187 3713 162
409 3713 653
2866 3713 388
225 3714 145
2499 3715 280
2652 3715 174
2593 3716 179
1621 3717 420
702 3718 340
710 3718 339
1515 3718 261
1652 3718 981
1801 3718 245
2916 3718 156
3067 3719 114
1764 3720 233
745 3721 231
1552 3721 403
1853 3722 148
1930 3722 342
2162 3722 350
2582 3722 309
2940 3722 232
551 3723 111
1471 3723 335
2448 3723 515
1764 3724 913
1858 3724 457
2517 3724 116
1203 3725 181
532 3726 207
2945 3726 272
3218 3726 417
353 3727 163
837 3727 127
3014 3727 241
218 3728 552
3174 3728 218
308 3729 193
1774 3729 220
620 3730 344
713 3730 138
2356 3731 325
383 3732 277
294 3733 429
832 3733 511
3250 3733 216
1908 3735 187
2639 3735 150
594 3736 183
1374 3736 738
3021 3736 788
3550 3736 292
3551 3736 612
3601 3736 274
1825 3737 616
3497 3737 374
106 3738 704
2441 3738 169
725 3739 108
1669 3739 937
3720 3739 715
791 3740 204
195 3741 314
819 3741 141
1969 3741 138
230 3742 122
1343 3742 360
1685 3742 641
1671 3743 276
840 3744 344
1099 3744 601
2147 3744 303
2691 3744 329
1104 3745 219
2183 3746 246
1290 3747 747
3161 3747 744
850 3748 855
1836 3748 797
3327 3748 301
17 3749 525
1324 3749 561
3722 3749 152
265 3750 163
332 3750 267
1383 3751 289
4 3752 104
1894 3752 977
606 3753 724
1851 3753 166
2153 3753 839
887 3754 904
1443 3754 393
2066 3754 158
2685 3754 736
202 3755 142
1672 3755 129
3433 3755 117
2877 3756 289
180 3757 335
626 3757 129
2346 3758 280
878 3759 272
2080 3759 575
2884 3759 557
1131 3760 889
3322 3760 269
2198 3761 111
3089 3761 382
3414 3761 300
1044 3762 686
2781 3762 324
568 3763 233
1934 3763 311
3117 3763 319
1375 3765 933
1443 3765 289
3759 3765 331
20 3766 380
1243 3766 235
1647 3766 305
1152 3767 396
3242 3767 893
3265 3767 340
419 3768 915
2282 3769 386
1151 3770 153
1913 3770 234
3405 3770 272
585 3771 932
1822 3771 383
2202 3771 633
2058 3772 396
228 3773 244
507 3773 842
934 3773 337
1311 3773 125
3068 3773 229
387 3774 145
412 3774 197
1837 3774 307
2372 3774 324
1684 3776 123
1203 3777 100
1709 3777 877
3669 3777 124
1342 3778 389
1948 3778 126
3042 3778 263
2209 3779 163
2771 3779 109
981 3780 997
2946 3780 377
3414 3780 210
681 3781 102
2337 3781 472
2858 3781 683
3173 3782 242
597 3783 387
2493 3783 574
1504 3784 101
1881 3784 505
2095 3785 141
2533 3785 260
2741 3785 297
791 3786 228
3306 3787 321
653 3788 121
3352 3788 441
3365 3789 138
3732 3789 215
279 3790 288
3368 3790 207
2026 3792 589
2496 3792 401
3326 3792 177
251 3793 184
1243 3793 917
2065 3793 197
3606 3793 416
610 3794 123
1507 3794 256
1851 3794 334
380 3795 239
546 3795 852
2394 3795 282
3119 3795 226
3670 3796 791
871 3797 240
1787 3797 250
3529 3797 477
309 3798 117
1390 3798 132
2006 3798 896
3302 3798 204
2959 3799 100
1244 3800 787
1247 3800 211
1538 3800 315
3471 3800 119
406 3801 745
455 3801 103
3758 3801 373
3646 3802 183
527 3803 669
2630 3803 182
1636 3804 409
869 3805 189
1770 3805 712
3612 3805 102
3761 3805 204
3801 3805 183
852 3806 423
1068 3806 276
2774 3806 271
2796 3806 383
2856 3807 662
2792 3808 355
1197 3809 491
346 3810 257
1640 3810 951
2221 3810 110
2925 3811 130
358 3812 159
94 3813 163
1439 3813 897
2732 3813 584
1791 3814 184
1269 3815 275
2873 3815 372
412 3816 190
703 3816 503
1837 3816 357
2372 3816 632
2919 3816 366
3179 3816 398
2439 3817 121
1961 3818 407
3300 3819 129
559 3820 195
1032 3820 202
1551 3820 129
2076 3820 288
2708 3820 180
2530 3821 197
962 3822 148
1300 3822 106
1642 3822 175
1317 3823 263
2949 3823 382
1054 3824 179
3189 3824 166
98 3825 121
2866 3826 276
278 3827 181
2946 3827 283
1332 3828 435
1394 3828 189
2967 3828 364
292 3829 164
2173 3829 561
876 3830 311
1851 3830 160
2195 3830 231
389 3831 117
1763 3831 356
1996 3831 292
2 3832 128
295 3832 164
3046 3832 282
3112 3832 203
3644 3832 258
2733 3833 928
3735 3833 275
2941 3834 140
847 3835 180
1054 3835 141
2122 3836 193
3080 3836 123
2279 3837 176
3028 3837 652
3221 3837 847
35 3838 158
1425 3839 122
2040 3839 844
3383 3839 266
3655 3839 108
3765 3839 533
382 3840 208
524 3841 219
876 3841 330
1138 3841 832
1197 3842 179
909 3843 169
2081 3843 106
2151 3843 114
424 3844 131
1449 3844 240
1927 3844 125
2015 3845 593
2075 3845 738
133 3846 286
1792 3847 158
2661 3847 196
2879 3847 552
922 3848 604
1698 3848 326
2057 3848 209
3583 3848 148
1354 3849 597
2062 3850 577
2812 3850 436
153 3851 214
1661 3851 800
1858 3851 392
2245 3851 365
3142 3851 122
3787 3852 510
3609 3853 145
568 3854 132
1481 3855 101
2073 3855 350
2277 3855 475
3272 3856 173
3498 3856 977
565 3857 343
3068 3857 359
2 3858 291
1009 3858 209
2450 3858 110
3323 3858 566
958 3859 224
2603 3859 157
3231 3859 138
1267 3860 105
2612 3860 961
2025 3861 354
2510 3861 887
3850 3861 275
588 3862 588
3817 3862 291
278 3863 492
1431 3863 256
161 3864 589
1914 3865 633
2112 3865 334
2896 3865 581
3607 3865 438
176 3866 136
470 3866 463
543 3866 484
1598 3866 887
3576 3866 412
1562 3867 416
1920 3867 247
2489 3868 244
2722 3868 314
1355 3869 370
419 3870 178
2830 3870 400
2985 3870 226
604 3871 303
1886 3871 258
2810 3871 251
778 3872 159
2516 3872 398
800 3873 170
1785 3873 131
2445 3873 211
511 3874 543
814 3874 239
2344 3875 330
3632 3875 250
1299 3876 265
520 3877 274
723 3877 259
2535 3878 908
257 3879 428
1730 3879 153
877 3880 231
2282 3880 415
3451 3880 332
3358 3881 283
2519 3882 299
2270 3883 107
375 3884 234
18 3885 321
599 3886 548
1204 3886 407
1571 3886 140
3791 3886 454
1076 3887 168
1127 3887 469
1143 3887 423
1699 3887 188
1931 3887 106
2570 3887 384
3030 3887 826
3581 3887 375
427 3888 616
3149 3888 467
1322 3889 619
1691 3889 984
1820 3889 415
3552 3890 149
1777 3891 252
3852 3892 198
868 3893 287
1902 3893 122
15 3894 871
362 3894 290
519 3894 209
1696 3894 465
5 3895 688
1710 3895 144
2655 3895 646
141 3896 390
979 3896 247
2839 3896 286
2907 3896 435
2231 3897 955
1189 3898 161
1689 3898 549
2867 3898 912
55 3899 210
454 3899 347
2277 3899 215
2424 3900 428
630 3901 698
1139 3901 299
1332 3901 112
2999 3902 473
3293 3902 186
3782 3902 263
623 3903 154
2864 3903 410
3764 3903 931
1161 3904 624
3817 3904 268
340 3905 322
1400 3905 611
2435 3905 142
2508 3905 124
478 3906 255
856 3906 252
2171 3906 369
2462 3906 258
3784 3906 260
685 3907 307
2434 3907 358
3809 3907 240
927 3908 197
1076 3908 758
1127 3908 197
1242 3908 291
2355 3908 251
2570 3908 140
2606 3908 110
3887 3908 244
2064 3909 299
2324 3910 506
922 3911 248
1352 3911 139
1465 3911 285
1698 3911 307
2155 3911 844
2501 3911 117
2916 3911 439
3408 3911 137
3553 3911 114
3254 3912 240
897 3913 312
2037 3913 258
2420 3913 308
52 3914 292
1334 3914 400
1627 3914 212
563 3915 253
2394 3915 858
2915 3915 294
891 3916 461
1164 3916 440
3472 3916 123
1312 3917 223
3308 3917 133
715 3918 382
2421 3918 170
2540 3918 458
2933 3919 479
1014 3920 591
1348 3920 151
25 3921 241
172 3921 741
484 3921 131
1277 3921 131
1854 3921 207
1430 3922 314
2169 3923 374
2344 3923 300
2813 3923 459
527 3924 150
1973 3924 165
3598 3924 228
3734 3924 253
1647 3925 222
3387 3925 113
3599 3926 424
1761 3927 141
956 3928 195
2450 3929 380
3071 3929 276
229 3930 304
248 3930 261
519 3930 125
2595 3930 948
538 3931 456
1087 3931 528
2004 3931 138
3864 3931 134
158 3932 265
2773 3932 173
1165 3933 764
1922 3933 262
1506 3934 673
1578 3934 411
2017 3934 221
2612 3934 472
619 3935 419
1444 3935 427
2842 3935 304
3094 3936 191
2700 3937 169
3548 3938 244
88 3939 642
1134 3940 579
1912 3941 487
2151 3941 829
3276 3941 128
230 3942 442
2030 3942 210
3023 3942 186
1197 3943 328
3648 3943 860
1528 3944 395
2764 3944 951
777 3945 151
2123 3945 163
2224 3945 833
3022 3945 210
3351 3945 212
3775 3945 227
1174 3946 357
2813 3946 621
220 3947 227
2293 3947 290
3888 3947 613
761 3948 378
991 3948 106
1212 3948 209
1727 3948 320
2306 3948 542
3109 3948 276
369 3949 496
2954 3950 182
3254 3950 390
976 3951 389
3735 3951 168
2959 3952 160
428 3953 701
655 3953 242
3187 3953 848
2208 3954 256
2809 3954 244
3350 3954 398
1583 3955 210
2279 3955 184
3027 3955 332
1131 3956 563
1301 3957 420
1309 3957 249
3836 3957 138
64 3958 247
144 3958 200
1688 3958 849
1310 3959 177
3156 3959 521
649 3960 397
1911 3960 167
2723 3960 379
1544 3961 147
3521 3961 201
1988 3962 358
3438 3962 348
3634 3962 172
2096 3963 890
1811 3964 172
2668 3964 498
2807 3964 360
3617 3964 779
1443 3965 104
1484 3965 518
1814 3965 379
2650 3965 224
281 3966 156
1155 3966 183
1401 3966 113
2633 3966 647
2916 3966 550
1405 3967 279
2136 3967 205
2889 3967 721
1509 3968 941
2869 3968 275
3158 3968 934
1377 3969 163
3519 3969 113
3882 3969 413
742 3970 122
3336 3970 335
3869 3970 144
2421 3971 187
22 3972 125
2787 3972 805
3317 3972 431
421 3973 130
1220 3973 256
2734 3973 243
2853 3974 151
3961 3974 143
1480 3975 154
2349 3975 951
3722 3975 851
1503 3976 674
1768 3976 905
1919 3976 996
3931 3976 117
3056 3977 323
418 3978 384
1394 3978 132
2178 3978 315
524 3979 239
2292 3979 466
2789 3979 758
268 3980 147
702 3980 483
583 3981 251
816 3981 232
1207 3982 322
3037 3982 238
3199 3982 123
1567 3983 272
61 3984 697
1450 3985 161
3115 3986 101
1429 3987 102
2710 3987 124
156 3988 161
3682 3988 104
1341 3989 108
3349 3989 708
82 3990 294
1902 3990 898
2861 3991 105
2340 3992 175
1547 3993 208
478 3994 175
1156 3995 571
55 3996 104
1921 3996 330
2100 3996 243
2240 3996 524
3430 3996 406
2396 3997 589
3090 3997 148
642 3998 102
3144 3998 740
3336 3998 149
2327 3999 126
2650 3999 240
1297 4000 363
3078 4000 201
3572 4000 316
3678 4000 473
