1
0
1
1
1000000
0
0
0
0
1
7 10 556
4 11 970
5 14 279
14 20 362
17 20 304
34 37 327
17 38 729
22 41 261
15 42 348
7 45 517
39 46 776
15 49 396
30 49 457
18 50 105
32 52 232
45 53 270
54 55 179
11 56 265
39 56 139
8 57 647
44 62 116
16 64 328
54 66 236
28 69 779
40 70 202
41 70 323
55 70 893
66 70 146
18 72 619
40 72 247
62 72 240
61 73 117
14 74 393
38 75 258
11 85 217
78 85 420
47 86 159
7 87 591
9 93 147
46 93 270
4 96 183
12 97 368
42 103 471
60 104 711
100 105 135
103 106 295
11 107 176
78 107 379
92 107 330
12 109 261
27 110 198
30 111 356
53 111 342
18 114 142
50 119 690
53 119 152
98 119 237
106 119 660
84 120 138
96 120 746
10 122 518
90 122 478
15 123 280
31 124 328
123 124 300
96 126 669
82 128 116
98 129 193
102 130 601
116 130 378
66 132 187
77 132 742
16 136 379
76 136 569
41 138 206
139 140 253
8 141 762
94 141 838
22 142 803
112 142 669
72 143 216
124 143 104
126 143 235
81 146 604
87 146 663
116 146 511
70 147 122
13 148 263
36 149 386
50 149 143
114 149 523
109 150 109
126 151 308
113 152 224
118 153 240
150 153 186
64 154 303
107 155 324
126 155 129
101 157 283
111 157 563
95 158 146
105 158 134
13 159 320
3 161 338
65 161 740
56 162 301
79 162 176
85 162 254
110 162 217
64 165 232
128 165 138
13 166 286
152 166 130
59 168 414
34 169 212
13 170 259
123 170 386
143 170 191
151 170 264
74 171 107
48 172 904
75 172 726
87 173 521
116 173 369
18 174 551
40 174 130
119 174 119
129 174 755
142 174 704
71 175 803
9 176 368
29 177 231
83 177 323
16 179 364
35 180 534
108 180 280
24 181 760
29 182 178
2 183 202
22 183 190
35 184 911
108 184 135
77 185 304
84 185 186
9 186 131
55 187 941
65 187 810
86 187 994
163 188 119
88 189 578
136 190 298
168 191 954
188 191 386
118 192 237
172 192 232
31 193 276
111 193 262
129 194 205
43 195 980
160 195 346
192 195 170
182 196 247
155 197 123
107 198 274
150 198 294
15 199 295
30 199 356
182 200 248
105 201 497
37 204 846
49 204 303
71 204 967
9 206 847
176 207 191
31 208 197
49 208 285
123 208 168
57 209 130
60 209 262
127 210 177
205 211 422
170 212 233
6 213 226
73 213 222
207 213 879
97 215 441
203 215 491
78 216 323
116 216 435
155 216 269
134 217 400
153 218 148
167 218 178
44 219 166
124 220 202
126 220 333
47 221 168
48 222 764
194 225 173
118 226 167
145 226 240
31 227 333
37 227 202
49 227 421
111 227 319
63 228 156
152 228 559
209 228 109
130 229 171
216 229 229
14 230 360
17 231 195
63 231 120
164 231 100
58 232 357
109 232 900
121 232 255
36 233 211
114 233 112
138 234 103
148 234 244
225 234 105
112 235 296
178 235 185
189 235 464
128 236 167
28 237 141
95 237 109
136 238 535
140 238 465
235 238 431
210 239 395
32 240 201
91 240 895
133 240 214
196 240 631
4 241 194
107 241 273
126 241 779
4 242 195
177 244 254
206 244 136
26 245 603
34 246 727
217 246 247
1 247 533
68 247 329
24 248 256
205 249 352
212 249 477
65 250 110
86 250 699
7 251 260
40 252 185
143 252 153
191 254 852
176 255 312
44 256 260
92 256 182
114 256 143
151 256 355
241 256 125
2 258 139
161 259 207
82 260 243
125 260 285
233 260 920
150 261 244
195 261 228
197 261 228
126 262 281
146 262 497
216 262 421
220 263 256
241 263 124
242 263 281
148 264 251
166 264 274
2 265 251
26 265 112
178 265 733
33 266 198
81 266 555
94 268 334
243 268 469
254 268 190
261 268 307
58 269 744
153 271 273
161 271 109
194 271 628
179 272 226
67 273 685
84 273 636
184 273 214
19 274 316
158 274 210
37 275 321
265 277 156
125 278 259
205 278 235
212 278 361
272 278 199
131 279 167
277 279 142
146 281 552
249 281 536
140 282 338
3 283 191
266 283 406
105 284 408
260 284 936
51 285 564
88 285 392
52 286 132
54 286 764
132 286 281
144 287 212
188 287 835
19 288 330
77 288 346
83 288 270
221 289 179
235 289 353
265 289 241
46 290 299
179 290 187
284 290 194
26 291 332
57 291 121
71 291 106
228 291 143
147 293 808
203 293 845
90 294 372
234 294 284
161 295 870
122 296 302
210 296 343
79 297 350
259 297 347
266 297 358
135 298 569
33 299 146
98 300 213
202 300 279
66 301 413
77 301 299
48 302 223
125 302 286
99 303 445
102 304 205
104 304 605
237 304 592
23 305 121
31 305 220
95 306 119
77 307 130
286 307 839
15 308 220
204 308 126
25 309 981
207 309 611
218 309 188
6 310 474
25 310 536
8 311 170
72 312 237
166 312 239
170 312 212
154 313 481
285 313 508
36 314 569
135 314 954
287 314 147
17 315 245
171 315 174
214 315 480
272 315 380
48 316 425
75 316 167
78 317 293
198 317 189
292 317 441
59 318 148
273 318 197
42 319 494
76 319 438
140 320 100
102 321 777
251 321 609
46 323 154
110 323 132
153 324 193
91 325 162
147 325 254
203 325 161
160 326 582
286 326 158
35 327 295
248 327 178
270 327 223
74 328 329
88 328 453
29 329 812
196 329 150
244 329 103
140 330 266
255 330 253
160 331 523
254 331 247
261 331 141
295 331 785
300 332 506
184 333 141
320 333 120
330 333 287
28 334 100
321 334 749
144 335 931
160 335 142
188 335 138
253 335 334
254 335 220
135 336 149
176 336 261
309 336 131
59 337 178
316 337 331
336 337 134
82 338 247
38 339 534
172 339 661
1 340 311
270 340 187
23 341 199
31 341 298
4 343 263
108 343 161
120 343 821
273 343 454
30 344 412
157 344 618
173 344 575
131 345 305
338 345 354
101 346 405
306 346 188
60 348 134
92 348 260
169 348 339
198 348 204
99 349 521
330 349 321
344 349 613
347 349 449
263 350 546
116 351 409
281 351 450
347 351 452
139 352 303
184 352 431
318 352 218
330 352 316
230 353 352
54 354 194
158 355 218
280 355 147
306 355 192
230 356 260
348 356 406
47 357 298
90 357 352
242 357 594
250 357 686
10 358 406
45 358 367
236 358 179
141 359 212
215 359 139
217 359 134
317 359 294
325 359 252
21 360 696
129 360 155
138 360 461
225 360 474
282 361 210
322 361 598
96 362 227
262 362 441
181 363 293
222 363 134
279 363 676
298 363 831
89 364 882
168 364 361
182 365 170
143 366 325
212 366 367
229 366 179
262 366 371
191 367 152
268 367 257
324 367 201
12 368 440
51 368 382
313 368 326
342 368 407
127 369 256
365 369 147
249 370 394
20 371 500
88 371 655
58 372 852
109 372 210
13 373 340
92 373 171
151 373 344
155 373 166
356 373 317
104 374 157
215 374 500
237 374 156
317 374 205
26 375 572
57 375 314
289 375 185
1 376 375
181 376 227
211 376 374
248 376 407
206 377 616
343 377 327
6 378 133
244 378 146
377 378 715
86 379 848
225 379 105
145 380 249
313 380 397
342 380 478
41 381 361
199 381 419
292 381 304
344 381 474
21 382 215
69 382 684
293 382 174
64 383 435
128 383 342
159 383 376
166 383 342
358 383 354
42 384 390
50 384 789
106 384 214
308 384 263
5 385 417
73 385 117
100 385 836
133 385 159
196 385 613
207 385 170
102 386 102
237 386 635
299 386 101
306 386 743
334 386 105
94 387 262
97 387 207
169 387 420
198 387 285
246 387 281
359 387 391
51 388 315
73 388 638
100 388 296
58 389 141
121 389 800
185 389 116
223 389 493
307 389 577
326 389 166
19 390 850
77 390 100
30 391 298
38 391 137
193 391 204
208 391 125
316 391 278
84 392 121
96 392 209
134 392 188
269 392 145
101 393 510
254 393 255
280 393 248
23 394 206
183 394 162
191 395 238
294 395 644
346 395 303
151 397 408
212 397 377
262 397 381
281 397 436
21 398 937
69 398 536
115 398 616
275 398 118
57 399 187
16 400 377
337 400 266
228 401 230
231 401 194
358 401 316
33 402 195
44 402 899
241 402 241
304 403 724
311 403 193
122 404 564
146 404 674
210 404 605
163 405 196
191 405 811
274 405 142
346 405 146
355 405 150
393 405 251
61 406 919
75 406 124
213 406 138
309 406 130
310 406 164
337 406 938
18 407 257
142 407 997
233 407 123
312 407 149
45 408 335
111 408 408
156 408 212
61 409 235
167 409 353
379 409 220
382 409 290
267 410 329
318 410 123
223 411 972
224 411 700
149 412 248
181 412 414
298 412 129
384 412 183
55 413 617
89 413 117
147 413 949
28 414 160
360 414 141
379 414 167
382 414 237
219 415 122
296 415 226
396 415 526
121 416 281
153 416 140
167 416 169
194 416 104
299 417 735
306 417 137
395 417 252
6 418 504
73 418 536
196 418 110
200 418 162
60 419 288
97 419 281
109 419 173
198 419 358
374 419 375
187 420 340
329 420 245
413 420 166
78 421 326
92 421 278
322 421 273
347 421 481
84 422 938
134 422 161
246 422 189
287 423 504
307 423 303
27 424 105
310 424 932
337 424 248
56 425 199
107 425 111
232 425 111
402 425 793
419 425 195
148 426 214
197 426 249
225 426 748
373 426 291
34 427 296
217 427 248
8 428 548
63 428 145
156 428 147
291 428 131
91 429 254
100 429 136
196 429 158
134 430 118
242 430 218
310 430 713
88 431 526
136 431 515
179 431 500
235 431 412
319 431 385
85 432 312
317 432 185
325 432 143
42 433 476
123 433 408
412 433 269
67 434 162
93 434 226
320 434 221
34 435 278
202 435 326
227 435 153
151 436 175
308 436 238
360 436 945
426 436 122
52 437 410
54 437 167
240 437 137
413 437 506
20 438 516
30 438 445
38 438 284
408 438 497
4 439 297
56 439 197
377 439 361
402 439 775
424 439 205
14 440 453
283 440 312
328 440 389
353 440 445
371 440 591
4 441 236
85 441 357
357 441 100
362 441 281
89 442 120
134 442 840
244 442 984
159 443 317
231 443 171
278 443 383
315 443 222
83 444 395
270 444 226
93 445 127
178 445 242
223 445 600
224 445 107
320 445 122
11 446 182
43 446 998
96 446 268
155 446 331
269 446 444
20 447 409
64 447 502
358 447 421
149 448 133
245 448 308
298 448 143
314 448 115
127 449 493
258 449 118
22 450 969
141 450 251
394 450 682
1 451 279
68 451 757
127 451 225
149 451 343
181 451 131
139 452 193
183 452 313
21 453 344
108 453 196
129 453 335
416 453 235
60 454 165
304 454 154
311 454 339
4 455 774
59 455 182
273 455 465
392 455 104
424 455 681
430 455 964
42 456 512
76 456 456
199 456 460
128 457 536
166 457 541
328 457 245
407 457 353
101 458 247
111 458 526
156 458 331
300 458 313
435 458 360
74 459 999
82 459 469
152 459 600
233 459 104
457 459 159
29 460 276
200 460 728
114 461 228
322 461 263
340 461 173
451 461 141
76 462 434
142 462 197
183 462 308
190 462 163
204 463 149
208 463 131
245 463 186
298 463 231
68 464 400
181 464 456
397 464 433
52 465 132
172 465 152
118 466 126
145 466 199
211 466 364
222 466 579
324 466 317
342 466 428
95 467 372
105 467 259
429 467 265
61 468 525
203 468 176
214 468 292
382 468 107
388 468 105
123 469 285
151 469 162
220 469 187
308 469 225
412 469 145
463 469 248
464 469 188
52 470 936
293 470 889
409 470 205
413 470 207
83 471 275
205 471 406
370 471 449
54 472 617
121 472 206
194 472 302
326 472 143
14 473 226
49 473 392
71 473 186
438 473 380
75 474 239
99 474 372
213 474 128
267 474 281
438 474 498
37 475 238
57 475 222
71 475 250
169 475 123
56 476 293
419 476 289
16 477 395
165 477 299
190 477 315
201 477 211
257 477 151
258 478 549
265 478 437
279 478 576
423 478 813
95 479 292
429 479 281
3 480 849
65 480 143
296 480 233
299 480 787
396 480 591
124 481 188
210 481 465
341 481 158
366 481 409
415 481 348
55 482 188
65 482 128
89 482 830
295 482 143
354 482 104
40 483 208
111 483 387
119 483 197
199 483 387
300 483 173
24 484 927
135 484 296
287 484 534
363 484 310
43 485 634
94 485 221
155 485 294
198 485 244
261 485 193
356 485 446
17 486 130
80 486 849
164 486 368
339 486 460
217 487 164
413 487 122
314 488 120
391 488 205
253 489 239
259 489 119
271 489 213
324 489 187
56 490 166
232 490 787
377 490 502
434 490 614
35 491 287
352 491 239
471 491 386
53 492 482
106 492 170
321 492 961
95 493 287
304 493 119
180 494 204
398 494 130
85 495 247
216 495 150
362 495 171
446 495 212
14 496 247
71 496 207
228 496 423
459 496 465
113 497 246
338 497 283
390 497 173
13 498 369
143 498 300
155 498 194
229 498 154
77 499 128
84 499 959
184 499 326
10 500 467
76 500 498
264 500 346
383 500 415
59 501 170
186 501 100
276 501 153
316 501 244
410 501 144
488 501 486
10 502 524
90 502 484
353 502 485
371 502 631
165 503 296
190 503 312
239 503 388
380 503 284
332 504 276
393 504 346
458 504 832
460 504 349
27 505 159
323 505 931
489 505 125
7 506 378
122 506 339
146 506 449
362 506 394
417 506 422
62 507 147
232 507 918
472 507 140
116 508 299
292 508 336
450 508 227
493 508 121
113 509 507
130 509 567
322 509 156
268 510 297
288 510 267
393 510 362
39 511 746
105 511 604
355 511 237
364 511 105
145 512 418
313 512 566
127 513 204
149 513 321
219 513 819
481 513 308
177 514 264
185 514 169
206 514 146
223 514 101
175 515 111
204 515 127
298 515 209
384 515 264
492 515 220
77 516 295
83 516 219
497 516 368
514 516 160
255 517 126
509 517 108
69 518 128
494 518 514
47 519 260
90 519 314
189 519 383
234 519 227
66 520 368
101 520 324
300 520 390
137 521 517
255 521 198
492 521 364
12 522 251
35 522 393
200 522 158
248 522 188
123 523 436
212 523 283
464 523 339
481 523 325
95 524 272
274 524 336
346 524 340
520 524 259
1 525 253
51 525 292
144 525 282
11 526 113
67 526 115
343 526 428
490 526 151
89 527 151
168 527 203
465 527 744
470 527 353
28 528 519
292 528 302
374 528 665
122 529 239
294 529 134
417 529 322
480 529 169
482 529 168
66 530 259
129 530 260
414 530 290
479 530 171
62 531 162
96 531 186
143 531 354
247 532 338
283 532 315
136 533 401
140 533 332
400 533 399
434 533 453
456 533 289
36 534 126
50 534 562
276 534 150
407 534 235
488 534 515
41 535 258
147 535 569
292 535 201
359 535 544
450 535 931
487 535 848
30 536 256
53 536 242
173 536 420
410 536 357
488 536 164
521 536 190
145 537 124
287 537 105
369 537 245
449 537 374
21 538 185
197 538 295
225 538 144
409 538 259
416 538 758
201 539 216
284 539 170
28 540 103
98 540 165
106 540 137
308 540 186
360 540 428
398 540 578
79 541 387
85 541 465
157 541 345
346 541 467
117 542 109
219 542 243
245 542 905
182 543 392
240 543 138
221 544 268
394 544 263
535 544 288
21 545 471
120 545 180
126 545 172
197 545 167
252 545 916
436 545 404
44 546 972
362 546 183
366 546 113
415 546 527
531 546 142
117 547 105
245 547 257
263 547 156
375 547 890
104 548 206
209 548 161
361 548 734
375 548 341
509 548 169
52 549 131
172 549 151
409 549 243
486 549 140
269 550 854
306 550 192
467 550 109
495 550 253
511 550 234
341 551 157
394 551 163
415 551 348
542 551 201
164 552 162
345 552 174
401 552 255
497 552 103
36 553 151
302 553 266
369 553 381
513 553 145
523 553 162
86 554 133
117 554 102
403 554 451
420 554 683
162 555 136
203 555 212
374 555 213
432 555 193
476 555 127
15 556 249
115 556 335
124 556 269
202 556 446
227 556 273
252 556 318
483 556 341
10 557 603
87 557 639
239 557 440
371 557 710
404 557 650
447 557 619
276 558 308
302 558 399
316 558 180
400 558 413
433 558 266
456 558 302
33 559 142
44 559 365
117 560 620
396 560 426
420 560 276
450 560 157
487 560 148
551 560 252
113 561 101
516 561 223
517 561 577
12 562 261
144 562 193
248 562 197
253 562 169
324 562 117
484 562 341
59 563 573
186 563 126
206 563 900
364 563 202
392 563 488
442 563 559
31 564 351
427 564 190
435 564 171
551 564 210
110 565 271
555 565 190
89 566 321
134 566 398
396 566 171
487 566 208
529 566 127
341 567 284
37 568 158
220 568 162
308 568 200
350 568 148
398 568 443
545 568 230
556 568 229
215 569 604
237 569 458
403 569 857
414 569 256
468 569 127
479 569 137
103 570 456
138 570 302
221 570 333
235 570 506
319 570 479
519 570 425
61 571 809
310 571 153
379 571 662
418 571 251
554 571 115
569 571 155
42 572 393
49 572 442
176 572 163
515 572 267
29 573 159
246 573 304
543 573 373
91 574 304
154 574 437
165 574 366
257 574 218
380 574 354
543 574 353
128 575 100
285 575 338
328 575 399
539 575 135
23 576 197
238 576 245
277 576 825
282 576 117
289 576 166
544 576 255
567 576 282
62 577 621
219 577 111
300 577 251
46 578 152
284 578 485
511 578 149
325 579 113
342 579 380
387 579 253
573 579 276
574 579 255
53 580 868
98 580 171
458 580 270
246 581 366
510 581 310
522 581 176
5 582 217
20 582 301
73 582 377
474 582 282
14 583 167
17 583 109
80 583 106
171 583 118
43 584 852
432 584 262
454 584 307
467 584 541
493 584 304
495 584 197
192 585 369
226 585 128
258 585 928
339 585 189
423 585 434
537 585 118
21 586 181
70 586 174
115 586 173
132 586 215
138 586 573
252 586 156
293 586 595
2 587 206
449 587 130
542 587 478
7 588 235
417 588 279
34 589 403
275 589 345
494 589 461
581 589 334
138 590 700
215 590 205
221 590 100
293 590 722
414 590 966
528 590 222
535 590 121
299 591 664
396 591 204
402 591 172
546 591 204
46 592 244
56 592 306
110 592 221
400 592 146
424 592 128
434 592 200
275 593 112
280 593 884
399 593 301
504 593 107
580 593 294
64 594 322
315 594 169
390 594 251
80 595 131
131 595 303
167 595 297
549 595 187
39 596 623
206 596 231
364 596 928
439 596 120
591 596 261
42 597 593
93 597 142
176 597 363
431 597 484
533 597 369
13 598 328
63 598 273
152 598 172
212 598 302
229 598 114
443 598 324
259 599 330
275 599 167
399 599 249
475 599 843
18 600 287
319 600 364
384 600 261
436 600 236
22 601 104
70 601 166
174 601 946
187 601 171
530 601 279
137 602 301
267 602 413
370 602 289
543 602 238
130 603 286
146 603 419
210 603 350
249 603 403
366 603 293
92 604 183
114 604 143
322 604 178
459 604 135
274 605 305
288 605 319
301 605 272
332 605 344
393 605 414
444 605 444
520 605 228
113 606 122
171 606 491
322 606 843
338 606 159
459 606 413
5 607 150
74 607 993
82 607 475
100 607 110
284 607 205
575 607 169
161 608 570
174 608 265
187 608 500
194 608 103
172 609 174
218 609 901
406 609 122
409 609 265
527 609 959
189 610 488
238 610 456
404 610 506
512 610 361
567 610 493
18 611 722
457 611 817
604 611 201
608 611 436
79 612 408
266 612 416
334 612 269
528 612 220
83 613 281
270 613 112
365 613 181
370 613 454
561 613 284
144 614 295
365 614 191
380 614 414
537 614 288
8 615 791
117 615 716
375 615 171
403 615 568
450 615 958
20 616 357
64 616 450
74 616 388
88 616 512
159 616 392
179 616 486
315 616 297
84 617 115
318 617 248
411 617 938
514 617 983
563 617 423
81 618 550
90 618 534
189 618 603
247 618 424
283 618 402
371 618 680
404 618 620
100 619 782
158 619 774
468 619 213
479 619 224
148 620 938
197 620 128
252 620 526
326 620 241
331 620 247
498 620 199
122 621 374
357 621 249
362 621 429
415 621 298
566 621 263
36 622 651
163 622 228
260 622 481
276 622 409
302 622 495
578 622 886
180 623 174
327 623 909
444 623 339
518 623 210
5 624 495
82 624 170
133 624 679
175 624 109
236 624 335
345 624 899
401 624 170
496 624 174
120 625 298
195 625 162
197 625 429
326 625 697
446 625 164
526 625 951
103 626 434
140 626 518
349 626 573
381 626 434
452 626 458
456 626 475
237 627 998
372 627 156
419 627 118
454 627 448
467 627 279
171 628 106
322 628 141
443 628 311
177 629 232
180 629 138
332 629 203
378 629 123
444 629 303
460 629 276
25 630 599
65 630 167
218 630 139
271 630 368
354 630 249
505 630 140
314 631 101
339 631 339
423 631 198
465 631 112
119 632 139
142 632 903
199 632 330
534 632 142
536 632 229
69 633 980
79 633 133
259 633 130
275 633 329
280 633 705
334 633 542
87 634 659
99 634 621
267 634 529
281 634 548
370 634 406
491 634 344
115 635 108
132 635 150
202 635 220
288 635 422
494 635 177
520 635 331
168 636 107
405 636 931
511 636 338
622 636 124
190 637 262
201 637 734
258 637 191
411 637 479
96 638 341
134 638 176
220 638 269
242 638 160
427 638 235
621 638 205
92 639 168
194 639 395
426 639 288
507 639 709
611 639 186
265 640 428
445 640 126
561 640 213
52 641 551
132 641 105
293 641 503
390 641 132
311 642 565
329 642 856
378 642 127
418 642 453
460 642 280
554 642 913
217 643 238
240 643 687
325 643 141
329 643 225
413 643 181
442 643 111
573 643 303
216 644 430
351 644 405
373 644 327
397 644 390
421 644 434
598 644 315
628 644 302
177 645 258
182 645 205
602 645 513
613 645 216
449 646 450
503 646 766
525 646 460
614 646 206
637 646 274
20 647 445
159 647 481
230 647 443
231 647 335
358 647 458
408 647 426
502 647 576
44 648 120
72 648 279
114 648 482
366 648 136
513 648 362
52 649 680
307 649 223
390 649 193
486 649 195
552 649 123
631 649 273
47 650 158
427 650 138
487 650 542
544 650 258
551 650 158
567 650 285
621 650 108
60 651 235
109 651 121
507 651 122
331 652 110
485 652 162
498 652 622
97 653 186
311 653 625
388 653 191
418 653 737
429 653 255
569 653 169
627 653 241
368 654 400
376 654 430
491 654 459
522 654 211
147 655 189
403 655 732
420 655 964
450 655 225
479 655 125
493 655 120
601 655 233
45 656 172
175 656 594
291 656 334
401 656 121
117 657 150
219 657 115
263 657 993
396 657 457
402 657 141
218 658 117
279 658 101
354 658 467
423 658 377
484 658 141
24 659 526
36 659 103
135 659 256
412 659 391
578 659 299
159 660 405
170 660 343
179 660 498
278 660 471
319 660 383
433 660 365
362 661 787
364 661 324
392 661 610
417 661 106
550 661 161
566 661 879
591 661 992
27 662 165
243 662 357
297 662 358
367 662 145
395 662 231
489 662 131
29 663 337
83 663 429
365 663 329
510 663 426
112 664 328
328 664 372
407 664 162
431 664 444
539 664 107
600 664 424
150 665 296
271 665 137
348 665 206
639 665 114
651 665 307
91 666 273
257 666 187
432 666 253
467 666 454
524 666 280
565 666 250
351 667 437
394 667 168
452 667 320
508 667 328
351 668 300
352 668 293
628 668 197
51 669 228
201 669 831
372 669 236
128 670 808
260 670 207
276 670 118
407 670 809
462 670 900
477 670 241
539 670 462
16 671 456
154 671 431
257 671 212
290 671 279
476 671 212
565 671 275
592 671 225
363 672 416
368 672 319
376 672 349
466 672 340
512 672 559
525 672 228
562 672 140
102 673 723
104 673 112
421 673 192
509 673 756
559 673 160
108 674 160
118 674 564
416 674 199
526 674 443
595 674 327
110 675 253
302 675 164
400 675 178
636 675 239
43 676 117
160 676 544
372 676 972
454 676 633
651 676 733
652 676 217
195 677 969
268 677 175
335 677 205
342 677 230
614 677 166
663 677 304
6 678 242
9 678 626
273 678 484
333 678 410
377 678 857
424 678 700
434 678 142
177 679 362
422 679 175
442 679 985
471 679 314
573 679 290
602 679 155
617 679 196
230 680 330
231 680 222
305 680 111
361 680 279
583 680 136
628 680 361
44 681 963
60 681 178
92 681 305
425 681 857
507 681 658
673 681 220
173 682 405
349 682 443
351 682 446
352 682 438
410 682 343
452 682 328
634 682 543
19 683 197
205 683 268
272 683 231
327 683 923
518 683 607
48 684 109
168 684 820
188 684 173
314 684 574
465 684 469
501 684 129
622 684 646
50 685 937
72 685 261
124 685 149
193 685 971
483 685 222
513 685 269
577 685 299
177 686 367
185 686 272
202 686 111
288 686 314
332 686 338
422 686 180
64 687 531
88 687 592
136 687 582
313 687 708
500 687 510
503 687 595
557 687 647
610 687 503
45 688 335
87 688 409
137 688 169
267 688 280
438 688 497
447 688 390
536 688 308
243 689 273
261 689 110
353 689 455
356 689 363
426 689 337
665 689 163
39 690 717
162 690 234
323 690 149
355 690 266
386 690 918
633 690 191
79 691 215
110 691 256
346 691 296
662 691 223
40 692 370
62 692 146
66 692 314
129 692 315
300 692 335
472 692 139
82 693 177
91 693 137
100 693 197
133 693 262
165 693 200
594 693 290
144 694 127
160 694 625
372 694 145
389 694 811
423 694 135
128 695 214
462 695 223
500 695 287
503 695 371
34 696 124
120 696 133
202 696 172
422 696 241
494 696 129
568 696 447
638 696 623
40 697 193
41 697 315
76 697 370
142 697 133
199 697 373
264 697 219
312 697 183
233 698 141
270 698 108
461 698 253
606 698 204
41 699 298
55 699 638
234 699 195
264 699 201
487 699 124
529 699 441
135 700 274
186 700 149
364 700 312
578 700 478
684 700 121
39 701 102
58 701 156
93 701 295
206 701 634
223 701 107
490 701 130
669 701 166
16 702 299
76 702 489
125 702 223
312 702 303
383 702 406
558 702 335
660 702 434
670 702 145
25 703 164
89 703 826
354 703 101
437 703 859
465 703 578
700 703 174
106 704 257
112 704 208
224 704 370
521 704 905
632 704 516
47 705 898
234 705 562
379 705 154
470 705 138
487 705 138
590 705 224
43 706 150
201 706 883
257 706 261
269 706 949
372 706 647
467 706 119
193 707 768
428 707 157
458 707 340
542 707 143
564 707 151
577 707 279
67 708 867
139 708 300
190 708 275
318 708 215
411 708 607
533 708 378
54 709 169
121 709 315
131 709 208
167 709 203
301 709 346
307 709 177
658 709 142
16 710 359
19 710 187
125 710 283
272 710 222
565 710 178
594 710 354
675 710 160
17 711 182
32 711 655
133 711 780
401 711 181
447 711 286
594 711 106
649 711 490
55 712 735
234 712 138
286 712 952
470 712 564
538 712 111
586 712 920
620 712 122
148 713 204
294 713 244
331 713 357
502 713 356
689 713 327
135 714 676
309 714 177
631 714 694
658 714 154
703 714 994
74 715 348
159 715 352
230 715 315
373 715 372
604 715 384
628 715 346
45 716 354
156 716 231
291 716 215
399 716 935
580 716 170
588 716 723
79 717 518
115 717 295
157 717 476
227 717 233
275 717 352
191 718 156
294 718 168
331 718 962
482 718 174
527 718 142
712 718 163
31 719 204
37 719 742
220 719 784
427 719 441
463 719 139
547 719 213
567 719 190
101 720 351
156 720 435
243 720 375
254 720 961
395 720 248
588 720 276
713 720 429
37 721 216
57 721 232
350 721 903
547 721 120
593 721 217
183 722 282
296 722 163
551 722 284
587 722 780
695 722 197
49 723 546
344 723 501
612 723 248
717 723 359
62 724 229
232 724 962
377 724 641
402 724 227
239 725 540
365 725 213
370 725 486
380 725 436
543 725 435
27 726 116
168 726 400
395 726 182
441 726 238
455 726 796
661 726 363
109 727 624
121 727 201
153 727 139
562 727 630
658 727 170
694 727 307
176 728 331
213 728 227
318 728 174
330 728 271
337 728 204
533 728 337
678 728 255
32 729 287
154 729 308
267 729 398
447 729 508
543 729 224
582 729 400
345 730 849
361 730 858
496 730 225
583 730 573
606 730 110
186 731 497
224 731 547
410 731 938
521 731 728
602 731 177
617 731 218
384 732 131
534 732 109
597 732 334
659 732 339
664 732 295
704 732 175
12 733 238
253 733 145
399 733 546
651 733 981
5 734 246
345 734 114
583 734 872
595 734 112
2 735 250
22 735 131
112 735 134
289 735 190
615 735 120
8 736 821
63 736 282
209 736 163
229 736 123
454 736 122
652 736 312
38 737 155
208 737 143
305 737 166
473 737 250
583 737 191
125 738 245
152 738 216
212 738 347
233 738 523
312 738 325
553 738 225
648 738 116
121 739 130
131 739 246
223 739 100
320 739 829
490 739 775
674 739 483
191 740 319
355 740 663
364 740 625
417 740 113
482 740 142
38 741 158
193 741 225
231 741 280
305 741 169
408 741 370
428 741 305
656 741 207
80 742 599
171 742 478
184 742 111
327 742 172
668 742 138
209 743 265
230 743 227
348 743 373
361 743 177
475 743 156
496 743 113
604 743 296
103 744 290
104 744 379
221 744 166
528 744 288
45 745 198
137 745 322
175 745 862
236 745 104
251 745 583
303 745 210
492 745 231
68 746 229
149 746 119
219 746 696
245 746 452
256 746 210
263 746 855
469 746 167
152 747 155
209 747 101
229 747 968
509 747 182
604 747 409
648 747 545
681 747 162
23 748 330
139 748 166
183 748 286
190 748 142
226 748 105
238 748 378
258 748 701
105 749 176
260 749 126
274 749 252
477 749 160
636 749 203
666 749 196
693 749 610
710 749 124
3 750 104
10 750 468
236 750 240
239 750 304
251 750 171
296 750 253
532 750 194
695 750 287
46 751 435
179 751 323
336 751 205
400 751 337
433 751 190
597 751 307
659 751 312
186 752 608
240 752 882
442 752 131
602 752 188
703 752 367
61 753 164
167 753 282
309 753 856
385 753 163
619 753 325
734 753 974
104 754 260
215 754 152
221 754 475
375 754 537
403 754 127
70 755 274
115 755 273
157 755 455
381 755 311
483 755 280
520 755 496
6 756 950
9 756 479
25 756 915
196 756 501
207 756 128
244 756 345
645 756 775
752 756 144
201 757 737
269 757 808
411 757 114
511 757 628
563 757 625
701 757 908
247 758 490
281 758 564
376 758 331
404 758 686
464 758 561
512 758 541
2 759 115
112 759 274
178 759 163
224 759 283
462 759 954
539 759 533
637 759 896
370 760 291
561 760 121
682 760 427
731 760 178
225 761 684
271 761 168
294 761 111
662 761 278
689 761 193
121 762 243
185 762 280
301 762 275
332 762 346
453 762 197
692 762 176
724 762 259
22 763 698
187 763 136
480 763 231
560 763 130
699 763 106
722 763 161
145 764 426
210 764 467
341 764 160
449 764 339
503 764 460
610 764 368
722 764 287
748 764 290
160 765 425
253 765 152
271 765 661
295 765 883
354 765 780
472 765 159
651 765 104
727 765 457
282 766 278
292 766 329
347 766 335
544 766 416
626 766 459
667 766 321
744 766 314
274 767 407
301 767 374
338 767 285
390 767 175
619 767 274
693 767 215
182 768 904
429 768 991
574 768 508
614 768 110
706 768 937
169 769 422
243 769 399
489 769 173
589 769 251
599 769 383
665 769 289
733 769 796
47 770 180
242 770 580
427 770 161
547 770 955
554 770 112
754 770 603
163 771 272
260 771 920
274 771 218
338 771 965
444 771 356
698 771 141
81 772 545
87 772 604
99 772 566
344 772 658
371 772 676
438 772 692
50 773 989
53 773 182
193 773 102
448 773 108
488 773 103
515 773 867
656 773 842
67 774 375
80 774 862
139 774 175
184 774 847
226 774 114
320 774 220
674 774 109
106 775 182
112 775 133
174 775 350
360 775 875
570 775 344
600 775 229
54 776 227
167 776 261
187 776 143
194 776 196
379 776 128
530 776 251
630 776 222
214 777 103
382 777 181
518 777 241
549 777 134
641 777 575
12 778 383
150 778 231
268 778 294
324 778 238
342 778 350
387 778 222
581 778 307
769 778 224
26 779 285
448 779 534
478 779 184
552 779 163
631 779 671
656 779 288
80 780 588
131 780 165
277 780 144
282 780 179
320 780 583
640 780 550
730 780 549
59 781 102
406 781 851
430 781 826
442 781 104
527 781 590
13 782 334
63 782 279
156 782 281
356 782 311
647 782 494
652 782 278
713 782 275
340 783 102
517 783 144
613 783 198
167 784 286
301 784 430
382 784 223
453 784 351
530 784 276
619 784 329
29 785 243
43 785 212
94 785 370
579 785 360
677 785 211
768 785 155
86 786 489
221 786 573
403 786 137
414 786 334
601 786 228
735 786 685
775 786 682
23 787 262
80 787 891
139 787 983
164 787 130
282 787 182
667 787 225
668 787 878
680 787 252
282 788 383
322 788 233
330 788 312
340 788 142
347 788 440
517 788 185
668 788 288
8 789 235
94 789 243
156 789 438
254 789 990
399 789 113
504 789 189
652 789 184
3 790 115
236 790 205
440 790 236
457 790 929
496 790 305
178 791 312
189 791 590
247 791 412
285 791 405
512 791 463
525 791 132
81 792 596
90 792 580
297 792 399
395 792 272
441 792 328
506 792 441
541 792 436
97 793 124
246 793 198
418 793 123
522 793 827
39 794 112
58 794 254
386 794 132
425 794 172
550 794 144
591 794 762
627 794 962
145 795 352
210 795 393
211 795 517
249 795 447
369 795 472
523 795 253
725 795 538
758 795 474
181 796 347
211 796 494
222 796 187
278 796 307
302 796 334
433 796 201
523 796 230
218 797 539
222 797 288
324 797 288
336 797 582
484 797 205
505 797 226
82 798 138
125 798 180
152 798 151
383 798 364
401 798 326
443 798 304
497 798 174
594 798 251
266 799 599
303 799 469
440 799 505
473 799 278
723 799 432
772 799 590
127 800 138
461 800 257
509 800 815
559 800 303
603 800 311
648 800 154
783 800 455
195 801 876
585 801 119
614 801 157
637 801 218
694 801 592
706 801 140
147 802 263
292 802 408
432 802 151
493 802 193
524 802 178
541 802 305
755 802 415
305 803 142
361 803 311
375 803 237
475 803 291
576 803 218
719 803 126
3 804 369
251 804 103
259 804 167
266 804 178
299 804 126
334 804 319
588 804 792
81 805 622
99 805 643
247 805 496
281 805 570
340 805 274
347 805 571
19 806 342
367 806 239
405 806 168
510 806 279
675 806 314
691 806 317
213 807 245
267 807 398
318 807 192
491 807 212
679 807 140
781 807 146
58 808 136
185 808 111
206 808 883
392 808 471
531 808 232
591 808 852
724 808 908
99 809 628
247 809 481
285 809 474
371 809 737
582 809 538
166 810 167
228 810 931
358 810 178
716 810 165
782 810 215
790 810 202
181 811 301
278 811 261
397 811 278
461 811 311
628 811 189
86 812 274
117 812 583
587 812 740
735 812 469
763 812 970
68 813 284
245 813 102
265 813 128
587 813 105
791 813 367
65 814 732
259 814 605
299 814 199
505 814 659
596 814 112
690 814 121
740 814 821
99 815 597
213 815 352
330 815 397
340 815 227
491 815 320
109 816 189
368 816 369
476 816 305
490 816 178
669 816 214
251 817 190
266 817 301
303 817 171
532 817 210
559 817 245
783 817 197
805 817 369
24 818 117
272 818 280
323 818 968
675 818 218
751 818 377
796 818 388
797 818 229
1 819 148
127 819 153
239 819 371
365 819 444
532 819 474
646 819 595
783 819 607
11 820 252
43 820 169
198 820 350
257 820 280
432 820 346
476 820 280
579 820 317
102 821 170
116 821 488
306 821 142
493 821 310
495 821 203
506 821 426
541 821 421
214 822 147
272 822 181
290 822 141
323 822 236
518 822 999
565 822 137
104 823 343
317 823 391
348 823 406
361 823 210
421 823 424
766 823 278
32 824 819
61 824 655
203 824 306
470 824 350
643 824 510
781 824 587
205 825 364
281 825 548
327 825 869
340 825 252
376 825 316
491 825 344
668 825 398
811 825 390
133 826 255
137 826 243
165 826 193
236 826 221
239 826 285
447 826 464
543 826 180
118 827 242
150 827 208
195 827 192
342 827 326
526 827 124
816 827 288
820 827 263
328 828 328
353 828 384
426 828 266
600 828 380
611 828 164
715 828 346
103 829 392
255 829 463
303 829 455
349 829 531
492 829 267
572 829 314
723 829 418
220 830 319
262 830 267
404 830 444
464 830 319
481 830 305
567 830 431
621 830 255
103 831 285
140 831 369
235 831 335
255 831 355
445 831 391
597 831 406
704 831 247
180 832 214
242 832 730
343 832 963
350 832 155
378 832 200
696 832 119
282 833 261
289 833 310
517 833 631
548 833 124
640 833 266
744 833 297
831 833 292
24 834 545
171 834 196
272 834 217
327 834 237
698 834 569
811 834 279
15 835 293
103 835 417
115 835 379
138 835 263
381 835 417
528 835 415
540 835 259
723 835 443
204 836 118
275 836 248
334 836 276
492 836 104
540 836 719
580 836 662
723 836 255
175 837 289
279 837 128
298 837 694
345 837 951
714 837 758
779 837 167
130 838 226
173 838 217
321 838 881
517 838 606
521 838 116
760 838 239
315 839 410
390 839 855
486 839 110
499 839 112
683 839 197
742 839 345
777 839 104
5 840 115
236 840 328
303 840 253
440 840 290
532 840 292
575 840 300
809 840 436
86 841 138
225 841 117
519 841 239
608 841 188
775 841 158
828 841 309
178 842 223
226 842 196
238 842 469
277 842 306
320 842 104
512 842 374
532 843 172
575 843 180
587 843 148
646 843 160
695 843 134
759 843 982
791 843 247
182 844 177
385 844 131
819 844 513
826 844 347
840 844 289
75 845 110
309 845 126
734 845 138
737 845 140
837 845 332
332 846 310
350 846 147
378 846 231
577 846 560
657 846 594
724 846 223
158 847 149
284 847 559
623 847 139
771 847 157
822 847 108
834 847 727
164 848 268
205 848 191
443 848 338
497 848 208
668 848 225
839 848 120
48 849 801
314 849 437
339 849 918
391 849 282
537 849 856
553 849 509
41 850 326
76 850 381
183 850 254
238 850 346
544 850 356
570 850 421
626 850 399
130 851 184
304 851 104
508 851 106
548 851 417
615 851 249
736 851 136
137 852 114
207 852 149
255 852 135
303 852 128
645 852 135
783 852 153
815 852 279
844 852 163
28 853 856
95 853 336
98 853 147
520 853 324
530 853 215
71 854 267
599 854 101
716 854 540
745 854 101
790 854 912
799 854 360
804 854 609
836 854 183
287 855 446
363 855 212
448 855 218
449 855 235
451 855 503
478 855 871
525 855 245
813 855 259
63 856 219
356 856 251
644 856 261
667 856 294
680 856 321
823 856 251
120 857 135
132 857 105
185 857 335
202 857 175
252 857 468
326 857 235
531 857 247
692 857 231
7 858 409
53 858 162
157 858 382
173 858 339
321 858 210
821 858 458
19 859 147
518 859 111
524 859 168
565 859 138
635 859 240
641 859 194
691 859 123
85 860 194
110 860 157
346 860 196
550 860 200
636 860 143
666 860 136
726 860 757
7 861 580
157 861 553
408 861 398
502 861 548
720 861 621
772 861 593
792 861 644
123 862 337
199 862 352
312 862 163
391 862 294
534 862 369
553 862 625
558 862 195
685 862 186
6 863 129
35 863 359
200 863 832
270 863 431
333 863 112
629 863 120
645 863 147
815 863 315
118 864 373
279 864 975
672 864 251
727 864 174
739 864 453
816 864 301
842 864 665
87 865 571
137 865 330
239 865 372
251 865 239
370 865 318
603 865 327
783 865 619
838 865 267
101 866 319
280 866 568
306 866 102
334 866 132
580 866 342
588 866 244
853 866 318
858 866 418
25 867 110
65 867 488
89 867 442
244 867 223
396 867 936
420 867 163
596 867 136
21 868 222
108 868 749
120 868 479
132 868 257
494 868 102
499 868 282
777 868 188
98 869 932
180 869 319
332 869 385
350 869 893
398 869 149
453 869 235
593 869 216
180 870 215
460 870 160
522 870 712
589 870 229
593 870 821
733 870 577
311 871 133
335 871 524
460 871 908
676 871 360
733 871 126
785 871 583
789 871 684
24 872 172
163 872 697
323 872 151
355 872 241
578 872 149
847 872 448
122 873 563
500 873 512
519 873 399
610 873 505
650 873 297
699 873 367
722 873 423
850 873 395
26 874 445
113 874 233
228 874 655
548 874 130
552 874 906
640 874 110
730 874 662
78 875 360
81 875 565
116 875 472
292 875 508
344 875 678
347 875 514
541 875 405
612 875 426
69 876 944
79 876 325
115 876 102
293 876 115
528 876 138
555 876 285
802 876 243
859 876 233
73 877 172
573 877 344
654 877 441
729 877 195
793 877 238
807 877 194
824 877 100
9 878 327
255 878 227
333 878 112
445 878 132
514 878 285
561 878 915
645 878 229
731 878 148
270 879 453
333 879 244
561 879 127
606 879 148
742 879 149
780 879 203
788 879 409
243 880 294
297 880 295
353 880 477
599 880 279
717 880 464
799 880 537
861 880 540
242 881 888
250 881 980
310 881 435
378 881 184
439 881 771
554 881 344
657 881 133
867 881 611
208 882 111
222 882 337
298 882 211
316 882 265
336 882 366
433 882 351
572 882 268
845 882 108
141 883 173
216 883 285
317 883 255
485 883 310
508 883 149
584 883 332
736 883 178
856 883 115
161 884 114
353 884 435
599 884 236
611 884 214
665 884 142
743 884 309
790 884 226
323 885 126
489 885 158
518 885 138
589 885 236
633 885 168
691 885 251
163 886 829
335 886 102
393 886 138
444 886 167
460 886 140
663 886 202
107 887 167
150 887 187
197 887 334
232 887 168
416 887 138
526 887 104
639 887 553
34 888 111
642 888 569
721 888 121
770 888 146
793 888 114
832 888 158
870 888 177
27 889 960
250 889 566
310 889 108
379 889 204
609 889 653
630 889 114
761 889 168
59 890 418
276 890 248
400 890 129
477 890 147
636 890 190
708 890 108
757 890 161
33 891 652
250 891 122
283 891 273
480 891 271
657 891 106
812 891 219
90 892 426
161 892 106
250 892 142
283 892 294
297 892 245
353 892 427
761 892 165
841 892 351
22 893 171
173 893 371
381 893 270
452 893 293
508 893 301
632 893 181
27 894 185
33 894 218
162 894 204
250 894 275
297 894 378
439 894 100
441 894 307
814 894 921
26 895 770
71 895 625
277 895 327
463 895 115
730 895 122
737 895 126
803 895 103
837 895 467
32 896 605
75 896 129
267 896 171
465 896 955
501 896 130
752 896 529
781 896 801
211 897 351
342 897 415
471 897 335
573 897 310
581 897 372
654 897 407
663 897 489
725 897 372
2 898 163
224 898 103
452 898 127
640 898 843
760 898 226
169 899 102
359 899 724
427 899 186
544 899 306
754 899 861
803 899 269
823 899 169
8 900 113
117 900 193
504 900 680
642 900 506
707 900 325
721 900 178
846 900 102
48 901 285
188 901 220
192 901 142
367 901 150
466 901 266
537 901 191
677 901 688
192 902 143
286 902 626
538 902 785
549 902 621
625 902 151
674 902 201
868 902 116
101 903 342
243 903 366
435 903 455
510 903 194
589 903 217
635 903 349
691 903 232
717 903 535
113 904 127
249 904 251
369 904 277
613 904 311
698 904 209
738 904 120
800 904 158
135 905 581
176 905 170
186 905 660
488 905 833
515 905 273
521 905 565
732 905 141
93 906 263
178 906 378
285 906 470
290 906 292
431 906 604
539 906 267
669 906 134
30 907 350
316 907 330
349 907 551
410 907 451
456 907 453
474 907 402
572 907 334
728 907 501
153 908 570
192 908 571
261 908 730
367 908 491
538 908 740
609 908 150
718 908 446
761 908 836
28 909 260
106 909 215
304 909 108
321 909 514
744 909 210
786 909 101
188 910 475
253 910 152
354 910 774
484 910 174
505 910 384
700 910 478
740 910 546
872 910 968
5 911 291
175 911 132
207 911 316
303 911 429
473 911 239
474 911 356
572 911 288
845 911 128
108 912 235
595 912 402
623 912 129
742 912 211
777 912 349
784 912 391
63 913 186
164 913 167
667 913 262
851 913 405
874 913 953
898 913 689
17 914 947
32 914 217
61 914 169
75 914 476
214 914 145
549 914 176
582 914 911
734 914 102
57 915 238
60 915 134
97 915 126
169 915 339
311 915 316
733 915 327
754 915 323
888 915 116
66 916 241
91 916 125
147 916 217
437 916 173
479 916 153
524 916 132
641 916 159
767 916 203
119 917 242
493 917 103
601 917 217
755 917 324
853 917 152
858 917 252
893 917 283
909 917 931
23 918 182
164 918 508
258 918 778
339 918 185
741 918 230
779 918 518
277 919 142
363 919 671
463 919 290
464 919 230
512 919 210
567 919 341
813 919 114
134 920 179
244 920 859
396 920 157
686 920 198
808 920 381
846 920 170
88 921 635
148 921 458
159 921 515
319 921 494
500 921 553
502 921 610
519 921 440
828 921 510
35 922 165
288 922 259
422 922 126
471 922 264
494 922 145
499 922 418
581 922 302
683 922 126
33 923 252
78 923 404
162 923 238
374 923 315
386 923 957
425 923 136
612 923 470
673 923 270
141 924 138
217 924 601
329 924 261
560 924 442
564 924 200
900 924 175
920 924 244
25 925 713
196 925 299
420 925 124
437 925 173
479 925 153
571 925 171
753 925 255
776 925 233
29 926 166
94 926 292
246 926 311
435 926 517
504 926 239
510 926 255
686 926 301
924 926 347
253 927 101
254 927 847
259 927 178
280 927 774
295 927 138
399 927 987
588 927 264
740 927 368
40 928 264
55 928 151
264 928 289
295 928 368
472 928 340
608 928 107
620 928 131
133 929 173
345 929 195
437 929 964
649 929 144
709 929 984
714 929 109
753 929 177
767 929 126
163 930 291
211 930 272
302 930 112
369 930 228
663 930 410
806 930 263
901 930 174
139 931 211
164 931 244
258 931 115
411 931 276
898 931 145
33 932 206
78 932 358
81 932 563
241 932 252
262 932 455
441 932 295
154 933 312
214 933 166
285 933 339
290 933 160
388 933 903
582 933 403
607 933 171
616 933 459
38 934 686
488 934 137
631 934 155
656 934 117
688 934 281
711 934 177
896 934 172
24 935 117
36 935 168
163 935 124
287 935 779
369 935 615
451 935 172
698 935 579
294 936 720
357 936 517
430 936 141
527 936 532
566 936 658
705 936 156
726 936 190
889 936 225
32 937 162
91 937 503
154 937 184
203 937 499
214 937 383
565 937 279
594 937 203
641 937 841
136 938 295
313 938 421
434 938 347
671 938 372
816 938 464
842 938 230
906 938 384
131 939 156
301 939 294
338 939 205
444 939 466
516 939 290
879 939 194
912 939 255
3 940 511
142 940 106
264 940 191
457 940 287
608 940 933
695 940 131
763 940 957
50 941 358
98 941 164
308 941 187
350 941 160
577 941 202
746 941 207
12 942 144
51 942 865
144 942 764
200 942 513
372 942 945
653 942 373
768 942 639
871 942 333
47 943 211
189 943 333
289 943 222
547 943 125
567 943 338
812 943 789
813 943 110
113 944 287
130 944 294
249 944 411
351 944 325
598 944 236
760 944 307
848 944 250
913 944 149
248 945 328
253 945 434
280 945 174
623 945 236
870 945 838
872 945 515
885 945 766
886 945 647
124 946 845
202 946 261
415 946 244
531 946 334
564 946 106
577 946 234
638 946 151
920 946 348
112 947 264
189 947 431
283 947 231
328 947 307
812 947 177
841 947 288
843 947 882
940 947 911
9 948 923
25 948 471
46 948 215
336 948 142
424 948 997
505 948 153
596 948 200
700 948 110
1 949 120
144 949 161
200 949 897
248 949 205
270 949 135
365 949 204
886 949 770
935 949 118
58 950 135
326 950 106
446 950 105
498 950 314
507 950 778
531 950 225
676 950 123
211 951 257
248 951 291
324 951 210
581 951 279
683 951 103
806 951 248
818 951 151
885 951 181
215 952 356
217 952 307
430 952 229
571 952 595
705 952 147
770 952 570
793 952 204
824 952 441
11 953 191
67 953 194
257 953 219
269 953 534
455 953 172
592 953 232
860 953 168
890 953 215
118 954 157
172 954 780
218 954 609
222 954 889
279 954 223
595 954 113
845 954 139
39 955 100
105 955 863
290 955 321
388 955 251
476 955 254
627 955 843
669 955 164
94 956 105
156 956 300
169 956 264
243 956 240
356 956 331
435 956 330
15 957 278
138 957 247
148 957 388
170 957 384
252 957 347
319 957 424
436 957 296
697 957 356
704 958 716
735 958 320
833 958 116
838 958 726
851 958 338
893 958 161
898 958 548
909 958 294
227 959 345
230 959 451
305 959 232
408 959 433
473 959 317
475 959 381
880 959 575
956 959 521
102 960 133
251 960 272
296 960 353
299 960 413
506 960 389
546 960 179
559 960 455
603 960 359
67 961 171
190 961 360
226 961 323
257 961 196
380 961 332
801 961 757
827 961 180
938 961 357
3 962 116
10 962 480
264 962 359
295 962 332
529 962 201
588 962 159
713 962 312
810 962 252
23 963 137
80 963 116
226 963 881
277 963 221
339 963 268
737 963 181
954 963 982
102 964 151
229 964 263
454 964 177
495 964 184
546 964 197
681 964 413
794 964 830
950 964 777
145 965 437
208 965 704
222 965 296
341 965 171
523 965 338
849 965 227
919 965 229
963 965 108
74 966 158
179 966 256
233 966 162
284 966 264
659 966 245
664 966 201
834 966 247
204 967 660
245 967 292
291 967 563
580 967 116
707 967 816
721 967 657
773 967 107
941 967 467
72 968 210
166 968 228
498 968 105
507 968 144
611 968 113
747 968 477
928 968 377
241 969 446
343 969 123
350 969 112
453 969 157
545 969 139
724 969 220
887 969 613
68 970 238
256 970 218
397 970 271
421 970 314
461 970 304
559 970 281
805 970 405
932 970 345
69 971 150
158 971 530
237 971 161
468 971 189
555 971 410
690 971 139
822 971 121
955 971 168
193 972 641
341 972 865
448 972 706
449 972 265
513 972 236
542 972 130
849 972 142
918 972 691
97 973 212
154 973 440
203 973 306
368 973 285
388 973 217
476 973 221
579 973 258
877 973 326
18 974 201
62 974 380
129 974 130
256 974 128
436 974 514
639 974 114
941 974 101
969 974 477
131 975 136
223 975 212
307 975 105
478 975 267
516 975 270
552 975 580
640 975 258
931 975 871
51 976 222
100 976 631
165 976 243
201 976 772
575 976 383
646 976 236
768 976 719
844 976 154
178 977 333
223 977 314
478 977 216
525 977 154
637 977 807
669 977 905
694 977 322
864 977 176
313 978 605
557 978 544
634 978 564
654 978 679
725 978 644
729 978 433
758 978 580
809 978 572
141 979 363
305 979 960
394 979 180
428 979 232
564 979 227
856 979 305
899 979 223
956 979 385
67 980 124
84 980 119
269 980 163
389 980 505
411 980 984
625 980 103
801 980 286
321 981 150
347 981 433
517 981 178
612 981 345
673 981 145
744 981 412
817 981 230
829 981 515
93 982 153
186 982 137
224 982 132
276 982 853
539 982 157
578 982 355
732 982 344
757 982 514
171 983 373
214 983 500
338 983 245
607 983 458
619 983 234
734 983 612
847 983 306
912 983 296
27 984 380
48 984 152
168 984 386
337 984 181
367 984 181
609 984 687
675 984 932
797 984 104
6 985 239
35 985 117
273 985 481
422 985 782
430 985 948
793 985 868
807 985 429
832 985 436
19 986 322
83 986 262
125 986 417
205 986 393
497 986 410
771 986 223
904 986 292
930 986 243
141 987 549
311 987 100
325 987 451
329 987 129
429 987 137
584 987 164
655 987 197
785 987 291
68 988 344
263 988 200
357 988 257
618 988 439
830 988 263
891 988 310
932 988 452
943 988 170
209 989 621
295 989 106
399 989 505
651 989 203
652 989 211
810 989 208
884 989 377
968 989 640
2 990 123
26 990 364
394 990 832
428 990 135
542 990 120
615 990 110
913 990 176
918 990 597
1 991 315
51 991 353
73 991 102
200 991 318
654 991 371
809 991 263
815 991 232
844 991 115
114 992 128
151 992 341
412 992 324
600 992 401
660 992 421
715 992 368
811 992 211
966 992 178
133 993 315
137 993 189
175 993 729
207 993 110
714 993 317
752 993 945
905 993 892
934 993 131
224 994 194
276 994 241
410 994 233
452 994 218
456 994 236
462 994 213
632 994 106
708 994 325
352 995 206
471 995 354
499 995 131
516 995 298
617 995 236
760 995 196
848 995 138
931 995 115
69 996 298
158 996 201
280 996 130
605 996 296
623 996 191
784 996 453
853 996 392
869 996 337
160 997 149
188 997 153
192 997 134
286 997 670
354 997 288
423 997 199
465 997 667
718 997 973
307 998 452
486 998 179
499 998 434
585 998 485
774 998 862
902 998 101
931 998 273
980 998 153
108 999 332
333 999 182
377 999 137
514 999 221
629 999 189
739 999 220
762 999 333
939 999 352
68 1000 730
127 1000 252
219 1000 868
296 1000 191
532 1000 810
559 1000 116
587 1000 106
891 1000 390
