1
0
1
1
1000000
0
0
0
0
1
20 21 152
20 23 826
9 42 911
14 42 917
39 44 175
4 53 556
40 59 345
58 72 405
21 74 312
62 80 292
53 83 147
52 92 421
21 96 123
58 106 253
5 113 347
69 113 412
12 114 122
99 116 133
16 117 925
36 124 111
77 125 146
54 129 240
111 130 124
119 131 143
18 132 615
105 137 196
70 141 228
21 143 778
7 148 650
1 150 734
133 152 250
114 153 330
107 154 549
86 157 676
147 161 374
51 163 308
2 170 288
167 172 104
96 174 307
135 174 365
32 180 151
96 187 604
84 191 198
174 195 869
164 196 200
154 200 112
126 201 806
149 201 459
134 205 525
42 208 339
135 209 265
99 211 319
174 212 159
58 215 214
133 217 268
43 221 267
69 222 211
111 230 129
215 232 168
158 234 421
132 235 744
72 236 240
106 236 177
151 236 106
46 237 214
6 244 112
106 245 394
29 250 200
249 253 379
95 254 287
119 255 174
112 256 270
184 256 302
66 257 143
133 259 438
155 259 287
127 260 794
203 261 185
101 262 239
30 265 613
105 266 186
151 266 293
79 267 218
267 268 217
33 270 207
4 271 141
32 272 111
231 272 766
198 273 233
242 274 175
104 275 192
44 277 312
131 279 729
241 279 343
187 281 832
209 281 564
78 282 413
102 282 340
259 282 111
189 283 989
251 285 188
159 289 603
178 290 120
43 291 143
274 291 190
279 291 175
239 294 221
22 295 375
82 295 204
215 299 387
120 300 795
26 301 200
168 301 128
74 302 505
248 302 362
179 303 152
73 304 188
248 305 500
7 307 391
77 309 121
16 312 241
206 312 114
139 313 255
71 314 912
142 314 151
248 314 876
261 317 210
137 318 207
166 319 608
228 319 289
261 319 663
107 321 258
80 324 236
119 325 467
123 325 152
57 333 179
225 333 478
35 337 692
263 337 476
20 338 146
195 338 181
262 338 552
8 340 394
17 341 375
176 343 439
82 344 110
23 349 157
321 351 111
204 352 245
60 353 963
177 353 308
99 354 752
73 355 525
108 357 315
289 357 719
320 359 302
65 361 526
320 362 673
355 362 893
136 363 291
179 363 109
116 364 110
305 365 501
162 367 341
214 368 102
307 368 180
257 369 600
16 370 332
54 370 210
100 370 104
10 371 133
57 374 192
360 375 951
292 377 142
320 379 164
105 380 304
186 381 418
313 383 145
29 384 341
75 384 241
250 384 126
316 390 992
45 391 121
80 391 172
187 395 417
192 397 101
389 398 799
10 401 108
72 401 213
151 401 363
182 401 321
171 402 166
318 405 143
267 406 102
33 408 194
156 411 976
21 412 194
302 412 255
136 413 344
179 413 116
341 413 240
37 414 847
343 417 354
215 418 222
266 418 356
401 418 465
200 419 247
54 420 270
100 420 223
52 422 114
391 423 267
251 424 468
352 425 218
384 425 143
247 427 113
288 428 692
322 428 225
369 430 587
129 431 670
185 432 201
217 432 192
390 432 487
394 432 529
220 433 280
40 435 313
381 436 229
138 437 844
207 437 184
101 438 140
364 438 560
296 439 281
242 441 737
425 441 895
98 444 143
270 445 263
308 446 105
235 449 278
327 449 207
90 450 773
325 452 825
240 453 257
268 454 324
313 454 146
352 455 336
383 455 319
253 456 514
271 456 161
202 457 282
358 458 855
424 458 122
7 459 769
166 459 199
249 460 201
163 463 156
429 463 117
163 464 658
429 464 167
160 465 433
309 465 424
339 465 472
204 466 152
221 466 897
240 466 992
393 467 338
106 469 430
65 470 519
380 471 350
180 472 166
377 473 137
41 474 300
231 474 360
19 475 418
260 476 117
282 476 961
43 477 168
274 477 884
39 478 104
194 478 174
196 479 409
95 480 616
55 481 325
280 482 250
82 483 353
393 483 151
158 484 344
377 485 104
221 486 325
104 488 802
196 489 267
165 490 493
332 490 263
234 492 820
155 497 465
333 497 657
239 498 134
339 500 307
474 500 851
161 502 265
300 503 619
270 504 363
298 505 259
198 506 652
154 507 432
385 507 113
464 508 512
62 509 286
258 510 659
224 511 781
125 512 252
160 512 144
309 512 186
214 514 828
302 514 674
314 514 185
199 516 556
127 517 153
302 517 125
208 518 966
246 518 200
118 519 665
422 519 124
303 520 232
413 520 442
3 522 330
366 522 362
515 522 279
53 523 709
19 524 184
518 524 871
181 525 196
69 526 269
143 527 104
412 527 208
2 530 148
171 530 181
203 531 606
319 531 278
127 533 257
523 533 468
231 534 117
260 534 273
282 534 757
349 534 130
20 535 192
71 535 195
74 535 538
514 535 734
31 536 436
269 536 182
278 536 127
407 536 594
228 537 501
297 537 458
399 537 705
178 538 156
406 538 106
477 538 830
18 539 107
362 540 171
379 540 143
194 542 496
107 543 237
257 543 221
439 544 303
418 546 149
10 547 808
174 547 166
241 549 433
391 549 314
412 551 147
517 551 270
101 552 153
13 553 172
188 553 316
89 554 172
294 554 289
445 554 200
39 555 181
194 555 584
241 556 137
87 558 246
360 558 233
179 559 994
303 559 132
419 559 971
131 560 291
325 560 169
416 562 617
67 565 404
202 565 523
437 566 230
268 567 271
316 567 226
339 567 397
176 569 210
329 569 120
409 570 118
184 571 485
186 571 259
430 572 411
59 573 163
280 573 924
319 573 320
459 573 402
117 574 679
58 575 255
232 575 192
378 575 574
539 576 125
23 577 147
11 578 221
363 579 213
78 580 175
102 580 160
122 584 647
334 584 765
563 584 912
32 585 189
451 585 337
192 586 964
583 586 242
526 587 274
147 588 549
205 588 435
489 588 361
456 589 132
185 590 565
217 590 496
288 590 177
15 591 183
156 591 118
279 592 250
486 592 487
541 592 844
560 592 165
103 593 258
145 593 565
26 594 119
402 595 113
87 596 616
225 597 395
377 597 972
197 600 374
392 601 140
515 601 862
529 601 128
316 602 423
345 602 912
557 602 759
425 603 220
462 603 770
528 603 160
251 604 221
342 604 319
513 605 245
292 606 202
493 606 145
237 608 157
159 609 897
478 609 654
542 609 226
487 610 843
587 610 261
280 612 127
459 612 202
609 612 368
327 613 399
173 614 152
258 617 203
398 617 152
304 619 606
340 619 205
411 621 213
568 622 328
42 623 427
105 623 609
471 623 824
9 624 174
242 625 127
528 625 384
283 626 144
34 627 191
135 627 758
212 627 130
110 628 623
328 628 378
339 628 886
36 629 613
435 629 294
387 630 306
599 630 323
191 631 150
436 631 287
210 632 116
150 633 537
344 633 220
548 633 315
605 634 205
570 635 250
550 636 335
57 637 223
225 637 545
182 638 313
408 638 191
199 639 287
368 640 110
467 640 274
426 641 286
279 642 370
423 642 148
541 642 126
549 642 302
498 643 357
67 644 678
202 644 241
371 644 473
565 644 253
128 645 974
195 646 169
262 646 706
392 647 636
460 647 330
194 648 185
318 648 185
22 649 142
75 649 207
295 649 509
483 649 105
415 650 254
244 651 202
12 652 151
52 653 225
513 653 168
64 655 600
218 655 185
207 656 371
324 657 744
87 658 256
169 658 132
513 659 271
542 660 424
555 660 225
168 661 119
359 661 241
376 662 565
502 662 114
542 663 159
356 664 130
383 666 184
576 667 184
155 668 311
282 668 435
489 669 485
163 670 260
476 670 137
668 670 123
293 671 356
602 671 379
255 673 297
148 674 422
560 674 195
198 675 317
379 676 219
429 676 346
50 677 220
189 677 104
214 679 179
459 679 442
657 679 255
240 680 413
399 680 202
587 681 244
216 682 605
607 682 136
59 683 879
199 683 833
267 684 239
461 684 205
26 687 882
141 688 217
480 688 891
461 691 261
470 692 378
15 693 123
84 693 304
678 694 394
193 695 207
600 695 597
296 696 370
4 698 129
350 698 198
187 699 386
175 700 310
687 700 732
393 701 277
640 701 251
420 702 159
427 702 165
26 703 134
168 703 976
700 703 102
14 704 233
403 705 529
107 706 579
257 706 491
194 707 324
507 707 897
341 708 839
105 709 125
469 709 272
434 710 235
368 711 776
592 711 857
701 711 127
405 712 150
212 713 152
439 713 143
505 714 133
111 715 156
313 716 129
666 716 159
83 717 192
314 717 246
60 718 261
440 718 633
694 718 310
358 719 879
600 719 221
280 720 376
317 720 460
319 720 647
414 721 120
673 721 139
721 723 152
495 724 460
154 725 324
304 725 119
340 725 541
53 727 233
271 727 147
31 728 600
44 728 502
269 728 297
555 728 458
51 729 226
66 729 208
346 729 118
223 730 386
421 731 172
496 731 234
608 731 240
142 732 421
698 732 715
717 732 173
107 733 213
158 733 333
200 733 266
484 733 101
361 734 499
692 734 436
388 735 231
495 736 275
496 737 240
558 737 226
17 738 571
138 738 209
358 739 183
550 740 410
641 740 223
529 741 208
699 741 451
359 742 193
379 742 126
508 742 269
605 743 696
659 743 954
16 744 274
230 744 103
662 744 141
536 745 575
499 746 207
681 747 222
690 748 429
346 749 501
369 749 324
460 749 201
403 751 248
564 751 125
41 752 914
561 754 604
704 754 995
650 755 259
735 755 169
643 756 541
352 757 215
150 758 113
228 758 244
639 759 872
214 760 214
541 760 178
711 760 137
236 762 542
469 762 681
191 763 118
402 763 598
599 764 142
730 764 232
382 765 276
512 765 578
71 766 216
142 766 349
88 767 156
312 767 273
342 767 639
541 768 668
397 769 143
683 769 483
59 770 172
164 771 283
591 771 302
454 772 651
154 773 106
688 773 210
65 774 789
252 774 203
470 774 313
24 777 361
559 778 186
387 779 193
13 780 116
764 780 123
216 783 449
376 783 373
488 783 148
654 784 302
297 785 363
391 785 420
77 788 153
465 788 162
55 790 355
544 790 109
617 790 142
664 792 154
758 792 282
785 792 286
97 793 703
464 793 752
670 793 149
71 794 116
102 794 554
372 794 253
131 795 256
291 795 314
779 796 305
491 797 107
378 798 183
11 799 674
556 799 181
413 800 252
484 800 232
238 801 204
759 801 151
323 802 114
446 802 494
494 802 756
494 803 734
226 804 372
408 804 164
434 804 576
773 804 104
164 805 644
262 805 524
577 805 705
321 806 592
230 807 168
551 807 341
378 808 224
407 808 268
46 809 346
411 809 157
139 810 242
557 810 190
203 811 372
345 811 128
246 812 116
524 812 209
677 812 158
754 812 102
582 813 113
43 814 406
94 814 119
306 814 116
213 815 388
704 816 243
297 817 599
391 817 489
232 818 388
299 818 901
362 818 751
479 819 449
494 819 525
385 821 175
543 821 150
637 821 296
250 823 176
295 823 173
548 823 305
212 824 139
289 824 187
446 825 503
451 825 221
449 826 508
613 826 186
661 827 486
703 827 253
82 828 121
442 828 443
468 829 867
488 829 117
119 830 835
88 831 380
304 831 248
400 831 214
658 831 195
248 833 191
517 833 605
717 833 434
238 834 373
263 834 259
583 834 216
345 835 320
671 835 214
473 836 246
597 836 947
442 837 424
633 837 143
319 838 106
633 838 324
758 838 997
382 839 113
427 839 175
453 839 282
672 839 147
434 840 201
808 840 455
512 841 158
673 841 840
33 842 366
504 842 207
546 842 141
710 842 232
798 843 154
137 844 527
266 844 610
598 844 118
125 845 550
181 845 210
765 845 244
15 846 951
56 847 128
14 848 425
48 848 299
208 848 203
524 848 374
754 848 130
80 849 248
323 849 167
454 849 770
169 850 287
737 850 133
349 851 745
403 851 311
807 851 115
185 852 296
293 852 179
642 852 134
51 853 295
463 853 153
676 853 109
26 854 453
57 854 210
209 855 476
475 855 100
147 856 649
500 856 419
189 857 101
626 857 111
478 858 139
816 858 468
92 859 253
656 859 522
504 860 201
745 860 145
187 861 391
484 861 398
123 863 868
451 863 111
712 864 335
113 865 151
663 865 219
270 866 115
523 866 248
860 866 103
121 867 332
46 868 204
131 869 158
130 870 347
224 870 334
715 870 781
337 871 213
836 872 389
833 873 232
860 873 111
203 874 324
383 874 672
361 875 928
692 875 126
774 875 235
185 876 120
288 876 212
394 876 166
584 876 409
48 877 132
208 877 277
284 877 271
334 877 157
623 877 595
805 878 432
386 879 702
509 879 978
89 880 639
445 880 419
504 880 748
710 880 542
840 880 897
873 880 185
51 881 293
66 881 264
543 881 699
637 881 540
370 883 620
606 883 178
85 884 276
122 884 298
388 885 356
48 886 371
545 886 284
243 887 111
414 887 118
723 887 149
726 887 147
109 888 131
501 888 559
42 889 315
624 889 677
692 890 116
168 891 433
700 891 539
162 892 165
618 893 250
829 893 420
753 894 203
776 894 200
142 895 212
514 895 100
552 895 401
442 896 222
884 896 247
100 897 592
295 897 527
344 897 479
485 897 518
548 897 512
257 899 230
696 899 352
209 900 194
98 901 125
173 902 102
423 903 220
537 903 299
758 903 183
785 903 626
321 904 363
419 904 442
733 904 506
800 904 413
285 905 167
108 907 313
471 907 759
704 907 104
616 908 176
886 908 105
759 909 192
67 910 533
457 910 231
644 910 298
360 911 158
652 911 434
689 912 907
213 913 137
773 913 843
846 913 150
619 914 174
728 914 129
806 914 444
533 915 118
632 915 127
859 915 997
665 916 173
723 917 229
726 917 224
876 917 365
894 918 411
153 919 417
490 919 135
92 920 158
596 920 450
722 921 203
420 922 706
897 922 726
250 923 117
309 923 174
49 924 291
438 924 425
98 925 517
89 926 182
284 926 173
294 926 320
546 926 125
710 926 192
830 927 117
134 928 767
218 928 249
243 929 189
414 929 209
265 930 511
373 930 171
461 931 483
179 932 164
611 932 193
643 932 383
778 932 584
629 933 181
678 933 392
264 934 982
480 934 485
137 935 596
594 935 209
598 935 205
627 935 178
709 935 218
79 936 377
443 936 240
557 936 424
671 936 627
535 937 214
766 937 241
895 937 166
574 938 341
916 938 158
168 939 110
723 940 905
906 940 112
844 942 199
229 943 155
687 943 161
854 943 341
257 944 256
430 944 188
668 944 177
337 945 118
351 945 223
559 945 938
724 945 700
166 946 406
589 946 316
9 947 346
266 947 315
284 947 208
546 947 142
623 947 180
464 948 418
678 948 138
197 949 493
207 949 152
927 949 968
158 950 523
551 950 178
315 951 165
317 951 221
299 952 129
359 952 785
508 952 580
827 952 270
722 953 745
117 954 169
210 954 571
227 954 263
119 955 109
123 955 187
255 955 207
721 955 175
832 955 459
422 956 154
211 958 378
698 958 321
134 959 279
545 960 116
816 960 399
857 960 591
908 960 195
239 961 304
595 961 741
611 961 143
643 961 226
686 961 571
771 962 365
868 963 339
465 964 833
626 965 172
249 966 159
350 966 557
581 966 301
647 966 229
202 968 213
457 968 231
565 968 222
941 969 348
604 970 165
46 973 526
72 973 360
808 973 111
226 974 310
277 974 286
619 974 254
129 975 156
420 975 542
101 976 876
338 976 184
659 977 654
255 978 157
645 978 410
832 978 154
268 979 407
339 979 774
684 979 158
691 979 423
772 979 110
788 979 693
89 980 147
504 980 142
546 980 107
189 981 830
94 982 279
185 982 524
293 982 416
390 982 138
917 982 583
659 983 332
780 983 167
227 984 273
959 984 317
260 985 149
269 985 518
745 985 176
942 985 200
33 986 738
294 986 536
445 986 308
498 986 209
710 986 462
415 987 137
382 988 218
453 988 152
680 988 176
82 989 674
442 989 133
633 989 352
823 989 172
389 990 360
497 990 450
382 991 237
423 991 338
680 991 189
521 992 508
753 992 964
186 994 191
962 994 125
269 995 297
401 995 332
407 995 228
973 995 312
575 996 360
756 996 686
798 996 227
615 997 138
94 998 360
390 998 156
567 998 135
628 998 343
831 998 216
133 999 656
432 999 333
998 999 743
493 1000 366
691 1000 400
772 1000 957
393 1001 414
560 1001 514
711 1001 132
157 1002 194
750 1002 837
371 1003 162
660 1003 274
932 1003 302
260 1004 157
278 1004 158
587 1004 352
745 1004 187
347 1005 877
736 1005 173
150 1006 358
792 1006 404
837 1006 165
135 1007 164
143 1007 173
864 1007 506
118 1008 205
830 1008 133
502 1009 310
747 1009 256
953 1009 174
140 1010 255
183 1010 676
330 1010 388
129 1011 153
139 1011 365
716 1011 944
452 1012 135
673 1012 201
823 1012 435
923 1012 183
165 1013 704
404 1014 205
208 1015 209
246 1015 803
754 1015 422
190 1016 221
729 1016 151
853 1016 180
137 1017 436
380 1017 243
405 1017 113
907 1017 177
190 1018 213
257 1018 376
668 1018 107
729 1018 147
749 1018 135
815 1019 824
987 1019 234
85 1020 118
123 1020 431
394 1020 775
940 1020 135
221 1021 374
242 1021 117
455 1021 691
477 1021 598
224 1022 647
598 1022 229
97 1023 759
598 1023 624
627 1023 113
942 1023 546
89 1024 258
840 1024 231
973 1024 490
974 1024 182
431 1025 101
144 1026 123
394 1026 765
115 1027 134
131 1027 632
241 1027 269
674 1027 913
164 1028 124
487 1028 222
682 1028 273
127 1029 178
274 1030 301
382 1030 410
443 1030 429
671 1030 291
1 1031 125
465 1031 429
628 1031 109
3 1032 821
122 1032 163
529 1032 642
699 1032 969
861 1032 943
178 1033 168
410 1034 108
701 1034 389
882 1034 275
322 1035 154
645 1035 502
832 1035 197
30 1036 170
166 1037 169
542 1037 391
612 1037 117
720 1037 366
972 1037 188
61 1038 724
275 1038 466
782 1039 592
606 1041 257
1000 1041 396
382 1042 344
443 1042 358
672 1042 192
845 1042 889
340 1043 284
545 1043 366
974 1043 388
646 1044 410
741 1044 191
6 1045 677
365 1045 439
651 1045 230
1 1047 164
335 1047 362
689 1047 187
241 1048 294
368 1048 913
592 1048 432
674 1048 307
270 1049 489
277 1049 129
408 1049 426
162 1050 215
287 1050 476
423 1051 563
541 1051 158
758 1051 115
641 1052 132
300 1053 200
436 1053 501
1039 1054 494
132 1055 298
198 1055 336
7 1056 164
204 1056 826
573 1056 225
1001 1056 576
264 1057 106
739 1057 241
58 1058 416
773 1058 930
325 1059 196
674 1059 175
216 1060 566
308 1060 248
763 1060 147
521 1061 124
803 1061 904
290 1062 343
538 1062 207
625 1062 380
1021 1062 511
177 1063 140
340 1063 980
545 1063 412
648 1063 303
707 1063 101
857 1063 169
716 1064 208
56 1065 950
61 1065 494
40 1066 332
526 1066 262
610 1066 273
220 1067 103
740 1067 185
970 1067 943
94 1068 637
335 1068 245
628 1068 243
531 1069 136
975 1069 165
521 1070 380
921 1070 227
377 1071 142
116 1072 127
547 1072 456
878 1072 539
369 1073 205
460 1073 147
706 1073 221
613 1074 133
242 1077 164
247 1077 315
602 1077 466
768 1077 190
839 1077 293
1030 1077 340
27 1078 138
37 1078 173
929 1078 457
1033 1078 195
884 1079 141
1026 1079 341
400 1080 108
225 1081 352
497 1081 293
724 1081 250
821 1081 421
459 1082 784
705 1082 926
727 1082 310
946 1082 782
577 1083 338
589 1083 240
937 1083 133
247 1084 529
410 1084 137
702 1084 113
957 1084 337
475 1085 176
484 1085 938
522 1085 701
85 1086 462
123 1086 169
832 1086 363
896 1086 334
1059 1086 225
390 1087 240
138 1088 127
987 1088 257
247 1089 308
410 1089 463
735 1089 621
760 1089 379
768 1089 188
29 1090 469
414 1090 190
923 1090 726
582 1091 705
681 1091 132
38 1092 305
37 1093 804
414 1093 157
512 1093 158
673 1093 831
923 1093 149
420 1094 172
427 1094 179
1069 1094 298
332 1095 306
748 1095 291
3 1096 239
195 1096 107
699 1096 250
1044 1096 102
386 1097 436
566 1097 310
1036 1097 510
313 1098 153
455 1098 287
528 1098 912
1062 1098 250
1064 1098 277
177 1099 688
310 1099 272
283 1100 499
939 1100 677
304 1101 162
355 1101 365
540 1101 305
778 1101 378
945 1101 376
875 1102 357
890 1102 872
64 1103 371
739 1103 681
344 1105 214
485 1105 207
597 1105 241
990 1105 163
1081 1105 105
110 1106 460
328 1106 311
473 1106 238
872 1106 924
1071 1106 254
491 1107 273
112 1108 411
296 1108 269
71 1109 169
74 1109 938
248 1109 272
278 1109 188
372 1109 439
35 1110 256
206 1110 366
390 1111 149
394 1111 153
917 1111 449
940 1111 970
219 1112 267
621 1112 311
63 1113 160
167 1113 844
172 1113 933
520 1114 174
523 1114 293
833 1114 402
74 1115 114
260 1115 136
269 1115 391
278 1115 137
252 1116 268
714 1116 205
239 1117 333
518 1117 610
686 1117 489
26 1118 494
508 1118 591
827 1118 669
144 1119 326
530 1120 248
761 1120 767
102 1121 388
372 1121 268
476 1121 123
1004 1121 109
864 1122 194
908 1122 984
547 1123 380
1045 1123 185
348 1125 178
463 1125 102
1016 1125 113
796 1126 184
1013 1126 117
1080 1126 257
715 1127 157
1057 1127 186
347 1128 403
553 1128 179
576 1129 219
1087 1130 173
1119 1130 291
493 1131 155
691 1131 170
788 1131 484
931 1131 573
91 1132 930
794 1134 461
574 1135 290
820 1137 213
921 1137 382
104 1138 436
499 1138 112
599 1138 101
350 1139 257
392 1139 412
966 1139 176
228 1140 944
240 1140 240
399 1140 611
531 1140 108
811 1140 510
287 1141 565
846 1141 211
862 1142 227
159 1143 187
403 1143 229
533 1143 257
950 1143 204
54 1144 667
431 1144 240
702 1144 194
957 1144 139
492 1145 164
958 1145 356
781 1146 409
900 1146 320
350 1147 275
392 1147 198
492 1147 581
647 1147 936
958 1147 590
336 1148 112
44 1149 194
533 1149 227
866 1149 399
950 1150 353
173 1151 138
609 1151 127
518 1152 391
1100 1152 162
252 1153 224
875 1153 213
890 1153 328
1102 1153 526
884 1154 354
906 1154 880
1020 1154 130
1026 1154 253
933 1155 563
107 1156 834
660 1156 112
806 1156 222
915 1157 139
1076 1157 382
58 1158 136
245 1158 169
843 1158 251
996 1158 118
76 1159 198
126 1159 378
669 1159 128
144 1161 153
951 1161 330
1130 1161 145
47 1162 226
60 1162 106
796 1162 166
105 1163 577
151 1163 271
318 1163 136
762 1163 217
1 1164 235
24 1164 418
689 1164 284
836 1164 326
1080 1165 123
370 1166 194
388 1166 130
925 1166 148
47 1167 506
197 1167 131
332 1167 247
261 1168 185
874 1168 351
695 1169 296
713 1169 444
851 1169 261
114 1170 712
404 1170 510
620 1170 162
569 1171 850
746 1171 227
797 1171 197
156 1172 890
750 1172 599
863 1172 938
122 1173 714
392 1173 241
529 1173 459
542 1174 391
824 1174 190
110 1176 670
339 1176 508
691 1176 329
166 1177 298
228 1177 571
297 1177 516
792 1177 836
121 1178 256
363 1178 339
247 1179 542
602 1179 122
810 1179 320
2 1180 279
400 1180 601
260 1181 897
349 1181 344
824 1181 141
942 1181 172
27 1182 250
37 1182 393
384 1182 427
441 1182 152
452 1182 102
923 1182 343
1090 1182 649
554 1183 879
1149 1183 284
1150 1183 369
685 1185 129
1130 1185 351
292 1186 909
1041 1186 464
1071 1186 910
14 1187 118
478 1187 164
545 1187 374
648 1187 174
816 1187 975
889 1187 195
39 1188 192
277 1188 370
624 1188 206
1043 1188 559
1187 1188 579
786 1189 101
344 1190 981
828 1190 350
837 1190 362
972 1190 415
1081 1190 186
311 1191 536
316 1191 739
726 1191 235
1111 1191 492
376 1192 731
568 1192 314
146 1193 238
272 1193 470
830 1193 135
174 1194 178
315 1194 226
1028 1194 272
1161 1194 713
110 1195 979
777 1195 896
872 1195 103
1164 1195 247
49 1197 142
542 1197 254
91 1198 667
353 1198 276
479 1198 379
562 1199 850
663 1199 288
1132 1199 865
327 1200 188
506 1200 204
1074 1200 116
615 1201 235
290 1202 863
352 1202 579
441 1202 205
453 1202 401
466 1202 115
1021 1202 501
448 1203 354
229 1204 189
301 1204 173
385 1204 179
637 1204 307
854 1204 334
190 1205 115
249 1205 279
749 1205 278
345 1206 610
453 1206 137
525 1206 623
1069 1206 154
1140 1206 217
63 1207 184
396 1207 278
20 1208 149
96 1208 102
195 1208 185
699 1208 224
200 1209 755
725 1209 377
190 1210 130
351 1210 117
853 1210 150
450 1211 100
521 1211 660
578 1211 104
215 1212 166
598 1212 181
144 1213 214
1079 1213 269
1194 1213 223
898 1214 213
616 1216 344
626 1216 116
960 1216 290
48 1217 921
754 1217 238
907 1217 450
908 1217 149
561 1218 308
848 1218 364
1150 1218 120
157 1219 142
238 1219 341
426 1219 428
506 1220 458
675 1220 893
76 1221 271
511 1221 308
821 1221 210
1132 1221 106
348 1222 968
580 1222 571
1205 1222 168
415 1223 390
210 1224 107
618 1224 136
245 1225 582
281 1225 415
614 1225 877
843 1225 275
900 1225 102
51 1226 439
464 1226 142
676 1226 210
742 1226 731
361 1227 323
774 1227 133
1102 1227 728
724 1228 216
71 1229 245
278 1229 287
570 1230 924
1076 1230 177
25 1231 779
70 1231 142
1079 1231 163
465 1232 444
1131 1232 202
1176 1232 476
85 1233 315
265 1233 286
288 1233 323
322 1233 831
832 1233 478
347 1234 125
813 1234 146
993 1234 207
1139 1235 938
1173 1235 883
135 1236 152
469 1236 182
781 1236 311
900 1236 424
935 1236 284
150 1237 127
202 1237 142
255 1237 110
841 1237 145
903 1237 222
1047 1237 318
992 1238 129
1053 1238 267
70 1239 191
595 1239 410
304 1240 957
419 1240 499
611 1240 147
778 1240 144
1209 1240 211
655 1241 875
1058 1241 262
1047 1242 579
299 1243 793
508 1243 211
793 1243 124
1212 1243 249
1200 1244 115
1220 1244 638
307 1245 126
486 1245 439
711 1245 136
1056 1245 512
1168 1245 187
234 1246 213
484 1246 100
522 1246 736
601 1246 150
1032 1246 220
356 1247 181
205 1248 163
440 1248 342
27 1249 136
929 1249 232
1090 1249 208
709 1250 149
761 1250 405
31 1251 935
44 1251 132
365 1251 107
866 1251 526
1049 1251 211
468 1252 143
842 1252 408
1224 1252 246
364 1253 230
805 1253 279
924 1253 432
1197 1253 198
281 1254 141
579 1254 750
614 1254 352
855 1254 218
861 1254 154
457 1255 263
547 1255 361
127 1256 447
289 1256 535
551 1256 169
851 1256 228
1143 1256 180
1181 1256 732
513 1257 100
563 1257 323
584 1257 127
977 1257 236
158 1258 185
200 1258 770
1150 1258 683
513 1259 262
252 1260 746
470 1260 148
890 1260 162
1037 1260 189
665 1261 419
920 1261 186
65 1262 279
252 1262 153
470 1262 638
734 1262 217
1260 1262 192
133 1263 849
155 1263 117
777 1263 183
204 1264 406
757 1264 562
882 1264 304
456 1265 346
766 1265 774
1083 1265 493
1229 1265 545
140 1266 450
183 1266 302
501 1266 538
539 1266 680
19 1267 478
611 1267 218
614 1267 514
686 1267 156
1209 1267 139
844 1268 363
947 1268 132
980 1268 102
142 1269 382
253 1269 303
271 1269 206
822 1270 308
1178 1270 289
1124 1271 420
1192 1271 143
11 1272 667
45 1273 327
549 1273 524
547 1274 259
328 1275 274
473 1275 215
485 1275 143
548 1275 143
964 1275 183
1031 1275 520
622 1276 368
850 1276 446
956 1277 149
75 1278 756
425 1278 662
462 1278 579
757 1278 631
29 1279 251
444 1279 359
901 1279 566
906 1279 296
463 1280 685
670 1280 924
1121 1280 391
1210 1280 854
331 1281 704
813 1281 157
399 1282 344
765 1282 317
841 1282 705
903 1282 101
991 1282 391
50 1284 359
561 1284 281
812 1284 220
427 1285 509
672 1285 328
1025 1285 218
1144 1285 944
898 1286 160
855 1287 222
5 1288 227
52 1288 603
899 1288 161
1247 1289 136
102 1290 153
190 1290 569
668 1290 254
1125 1290 243
1222 1290 222
1280 1290 238
143 1291 300
236 1291 210
973 1291 293
511 1292 273
562 1292 375
1215 1293 169
666 1294 171
975 1294 196
1011 1294 154
432 1295 326
541 1295 175
593 1295 462
852 1295 190
54 1296 106
1094 1296 314
1285 1296 147
1008 1298 179
1040 1298 394
315 1299 350
317 1299 130
1037 1299 358
1174 1299 358
253 1300 163
177 1301 115
730 1301 392
1289 1301 287
328 1302 231
485 1302 985
990 1302 431
1071 1302 277
79 1303 117
243 1303 666
311 1303 165
726 1303 272
57 1305 127
212 1305 150
497 1305 173
821 1305 710
85 1306 376
217 1306 392
288 1306 277
394 1306 140
1079 1306 163
139 1307 137
203 1307 168
345 1307 248
383 1307 231
620 1307 418
1069 1307 199
1179 1307 267
1294 1307 256
23 1308 127
534 1308 108
535 1308 103
946 1308 117
1083 1308 540
1115 1308 567
1229 1308 497
1022 1309 393
130 1310 329
697 1311 159
19 1312 173
524 1312 893
677 1312 378
1152 1312 387
1209 1312 385
256 1313 181
775 1313 206
871 1313 231
292 1314 104
473 1314 146
493 1314 103
964 1314 760
1232 1314 301
962 1315 205
701 1316 465
882 1316 930
1245 1316 378
19 1317 144
677 1317 205
812 1317 897
19 1318 470
614 1318 524
786 1318 353
855 1318 181
900 1318 574
304 1319 218
540 1319 588
742 1319 378
1243 1319 272
885 1320 143
1196 1320 252
930 1321 416
1315 1321 228
782 1322 812
1320 1322 918
789 1323 256
501 1324 105
791 1324 446
388 1325 430
631 1325 955
125 1326 591
160 1326 636
684 1326 160
788 1326 739
931 1326 291
217 1327 167
1295 1327 260
22 1328 340
82 1328 193
483 1328 428
158 1329 357
1085 1329 472
448 1330 842
751 1330 525
1203 1330 249
620 1331 563
1075 1331 374
1298 1331 279
54 1332 593
170 1332 658
336 1332 352
784 1332 177
167 1333 667
1175 1333 114
1207 1333 904
657 1334 229
865 1334 531
1253 1334 183
148 1335 310
556 1335 211
817 1335 205
869 1335 305
1027 1335 182
8 1336 411
73 1336 905
182 1336 102
226 1336 246
619 1336 209
401 1337 549
407 1337 189
638 1337 573
711 1338 136
1034 1338 481
1089 1338 584
365 1339 258
804 1339 517
840 1339 768
974 1339 404
1049 1339 559
218 1340 271
219 1340 346
993 1340 224
94 1341 741
185 1341 211
306 1341 476
335 1341 143
999 1341 360
430 1342 569
106 1343 125
598 1343 137
1225 1343 289
1236 1343 482
1291 1343 229
895 1344 335
1269 1344 113
247 1345 596
528 1345 542
810 1345 194
957 1345 805
1285 1345 331
355 1346 999
638 1346 491
804 1346 158
1336 1346 498
103 1347 279
667 1347 197
1129 1347 264
1201 1347 674
335 1348 215
689 1348 289
1195 1348 244
856 1349 351
911 1349 227
963 1349 634
418 1350 496
844 1350 154
980 1350 172
985 1350 155
995 1350 865
1180 1350 583
1212 1350 283
13 1351 296
151 1351 599
318 1351 509
844 1351 296
995 1351 519
1291 1351 469
34 1352 568
108 1352 344
712 1352 309
1017 1352 186
128 1353 162
785 1353 142
978 1353 275
1006 1353 166
1237 1353 107
1242 1353 172
579 1354 120
611 1354 130
614 1354 199
843 1354 442
619 1355 133
1101 1355 333
1339 1355 165
1346 1355 211
517 1356 275
533 1356 994
950 1356 1117
1114 1356 357
1145 1356 932
1183 1356 772
371 1357 100
45 1358 109
817 1358 510
97 1359 337
543 1359 319
670 1359 433
944 1359 398
1305 1359 284
5 1360 223
925 1360 123
22 1361 517
29 1361 197
75 1361 583
444 1361 145
925 1361 230
48 1362 442
89 1362 412
284 1362 370
1268 1362 183
455 1363 274
666 1363 204
757 1363 252
882 1363 917
1064 1363 290
18 1364 328
273 1364 187
1055 1364 519
139 1365 178
345 1365 262
525 1365 264
557 1365 160
1 1366 125
633 1366 209
836 1366 146
1105 1366 101
1275 1366 529
969 1367 231
1005 1367 172
1297 1367 630
122 1368 463
395 1368 100
699 1368 843
1079 1368 170
1134 1368 635
49 1369 154
438 1369 103
976 1369 716
1151 1369 169
149 1370 128
487 1370 109
1238 1370 790
120 1371 125
184 1371 156
879 1371 216
513 1372 898
1003 1372 266
1257 1372 837
654 1373 897
971 1373 108
206 1374 214
953 1374 683
50 1375 337
200 1375 162
475 1375 327
507 1375 107
1312 1375 205
155 1376 303
333 1376 265
777 1376 157
872 1376 225
63 1377 322
1175 1377 187
242 1378 824
247 1378 957
425 1378 276
455 1378 896
528 1378 114
1338 1378 142
41 1379 170
124 1379 196
503 1380 129
819 1380 259
1022 1380 383
188 1381 254
636 1381 594
657 1381 146
61 1382 179
62 1382 136
1297 1382 107
155 1383 477
328 1383 507
872 1383 177
990 1383 295
1366 1383 267
305 1384 194
523 1384 181
727 1384 430
1251 1384 634
310 1385 222
440 1385 256
79 1386 155
316 1386 139
671 1386 461
726 1386 642
982 1386 233
344 1387 497
482 1387 220
720 1387 312
838 1387 215
922 1387 688
972 1387 173
1293 1388 224
928 1389 302
1180 1389 205
233 1390 280
281 1390 284
395 1390 119
579 1390 102
819 1390 351
843 1390 633
240 1391 375
768 1391 693
839 1391 991
991 1391 180
1051 1391 125
154 1392 473
340 1392 113
555 1392 436
707 1392 108
914 1392 302
1156 1392 365
148 1393 638
152 1393 606
307 1393 181
486 1393 354
556 1393 326
1048 1393 139
29 1394 548
901 1394 247
925 1394 499
1249 1394 117
1134 1395 448
1235 1395 118
286 1396 237
298 1396 186
650 1396 678
160 1397 100
912 1397 207
931 1397 249
1232 1397 106
258 1398 131
47 1399 282
406 1400 684
477 1400 156
803 1400 127
814 1400 220
835 1400 101
405 1401 173
648 1401 239
816 1401 189
857 1401 350
965 1401 843
216 1402 648
345 1402 487
383 1402 574
567 1402 918
1021 1402 291
1400 1402 215
1130 1403 772
1302 1403 186
387 1404 162
1373 1404 126
169 1405 152
389 1405 480
433 1405 551
1078 1405 396
22 1406 186
216 1406 143
444 1406 125
906 1406 134
1119 1406 136
234 1407 402
354 1407 882
366 1407 163
522 1407 296
1329 1407 596
646 1408 277
878 1408 361
1342 1408 740
407 1409 508
504 1409 267
745 1409 523
1350 1409 372
291 1410 962
293 1410 180
642 1410 135
768 1410 203
991 1410 278
1030 1410 550
93 1411 221
789 1411 132
1257 1411 248
112 1412 134
665 1412 667
527 1413 681
551 1413 188
1150 1413 424
1362 1413 526
806 1414 247
946 1414 145
1300 1414 140
153 1415 205
1046 1415 955
1065 1415 282
280 1416 518
393 1416 509
1056 1416 289
1264 1416 469
1316 1416 241
1148 1417 132
282 1418 120
326 1418 112
150 1419 140
309 1419 381
548 1419 443
841 1419 597
1012 1419 127
1031 1419 136
181 1420 358
399 1420 554
765 1420 644
835 1420 116
988 1420 397
1206 1420 256
354 1421 180
807 1421 698
976 1421 189
554 1422 506
848 1422 220
1150 1422 536
1362 1422 709
1141 1423 118
221 1424 650
397 1424 220
1128 1424 160
994 1425 104
39 1426 758
609 1426 149
660 1426 215
705 1426 267
1143 1426 792
166 1427 107
679 1427 494
792 1427 210
837 1427 119
838 1427 579
972 1427 115
1414 1427 379
328 1428 243
339 1428 177
772 1428 190
964 1428 433
94 1429 137
267 1429 254
567 1429 763
1386 1429 696
1400 1429 225
369 1430 564
967 1430 207
1342 1430 582
1309 1431 265
661 1432 648
939 1432 449
1084 1433 234
1179 1433 184
1185 1433 259
1294 1433 256
66 1434 228
346 1434 175
369 1434 415
572 1434 596
967 1434 661
179 1435 209
419 1435 221
579 1435 282
611 1435 154
800 1435 641
510 1436 147
1040 1436 269
96 1437 479
212 1437 195
476 1437 143
569 1437 252
1023 1437 159
1181 1437 199
1359 1437 503
24 1438 329
225 1438 860
729 1438 784
836 1438 413
1376 1438 181
83 1439 140
127 1439 128
523 1439 575
833 1439 245
860 1439 208
1004 1439 694
74 1440 137
143 1440 187
233 1440 714
269 1440 179
973 1440 184
44 1441 172
533 1441 746
1082 1441 870
1384 1441 410
1426 1441 262
454 1442 347
685 1442 285
810 1442 455
9 1443 409
208 1443 233
284 1443 229
294 1443 578
1117 1443 308
1422 1443 395
22 1444 221
29 1444 168
823 1444 151
906 1444 152
97 1445 458
594 1445 155
598 1445 135
1118 1445 174
1243 1445 113
1186 1446 178
1302 1446 326
1428 1446 350
289 1447 261
551 1447 195
640 1447 132
1421 1447 277
229 1448 158
301 1448 757
687 1448 160
891 1448 178
981 1448 290
666 1449 282
874 1449 298
882 1449 408
1403 1449 133
1196 1450 546
254 1451 101
1431 1451 909
1074 1452 137
1244 1452 136
505 1453 164
1323 1453 125
318 1454 147
762 1454 105
886 1454 178
1007 1454 123
1236 1454 116
1291 1454 918
1271 1455 199
822 1456 202
1196 1456 981
1388 1457 173
45 1458 198
128 1458 173
785 1458 151
1050 1459 170
1088 1459 288
1360 1459 134
42 1460 273
471 1460 920
704 1460 214
1015 1460 547
373 1461 174
787 1461 424
927 1461 460
23 1462 108
660 1462 266
705 1462 351
946 1462 203
1197 1462 187
824 1463 240
1299 1463 258
280 1464 122
1264 1464 337
442 1465 203
978 1465 280
1006 1465 825
1059 1465 169
1086 1465 681
510 1466 241
690 1466 101
1412 1466 368
305 1467 450
314 1467 186
727 1467 248
1269 1467 479
1300 1467 136
616 1468 237
762 1468 234
877 1468 262
886 1468 272
44 1469 168
365 1469 236
914 1469 259
974 1469 177
1034 1470 139
1084 1470 123
1278 1470 114
1363 1470 306
1378 1470 235
110 1471 971
473 1471 100
912 1471 181
1031 1471 581
1164 1471 502
1232 1471 610
1103 1472 203
1148 1472 258
1333 1472 139
1283 1473 232
1388 1473 205
374 1474 144
944 1474 283
1305 1474 104
1342 1474 172
924 1475 599
1053 1475 207
1073 1475 143
1381 1475 136
685 1476 151
810 1476 188
957 1476 707
1011 1476 335
1433 1476 367
443 1477 638
557 1477 418
625 1477 513
672 1477 155
1077 1477 270
1345 1477 274
918 1478 751
1455 1478 941
429 1479 269
793 1479 224
1280 1479 301
326 1480 178
735 1480 554
444 1481 341
1119 1481 105
1185 1481 360
236 1482 107
284 1482 197
1468 1482 192
171 1483 108
635 1483 275
1075 1483 209
290 1484 180
453 1484 145
525 1484 166
672 1484 102
1025 1484 886
175 1485 334
451 1485 383
594 1485 221
703 1485 279
709 1485 207
939 1485 421
103 1486 100
115 1487 505
645 1487 489
1035 1487 247
532 1488 387
851 1488 104
1072 1488 353
977 1489 371
1259 1489 157
1054 1490 219
461 1491 605
1176 1491 115
1397 1491 340
752 1492 339
204 1493 175
240 1493 108
531 1493 166
573 1493 154
1464 1493 161
158 1494 433
492 1494 778
520 1494 395
800 1494 270
904 1494 779
1356 1494 251
148 1495 197
459 1495 207
817 1495 292
1177 1495 316
456 1496 593
727 1496 911
946 1496 178
1229 1496 364
1300 1496 170
426 1497 193
1104 1497 405
202 1498 368
457 1498 423
565 1498 396
968 1498 509
1 1499 136
24 1499 151
1006 1499 317
1242 1499 338
1263 1499 132
646 1500 110
741 1500 346
1208 1500 160
188 1501 100
1095 1501 231
1310 1501 443
302 1502 304
305 1502 397
806 1502 417
1441 1502 358
1469 1502 269
257 1503 341
821 1503 197
1430 1503 329
1474 1503 222
67 1504 167
457 1504 120
547 1504 137
644 1504 221
910 1504 127
1498 1504 168
1304 1505 719
1450 1505 304
182 1506 256
226 1506 885
277 1506 716
408 1506 221
624 1506 162
421 1507 582
893 1507 299
1108 1507 460
146 1508 459
331 1508 424
566 1508 542
585 1509 514
947 1509 758
1157 1509 128
1297 1509 134
656 1510 250
1104 1510 132
448 1511 690
564 1511 445
1203 1511 234
438 1512 313
552 1512 345
1344 1512 128
1475 1512 449
417 1513 139
1250 1513 148
1418 1513 154
261 1514 315
760 1514 588
951 1514 115
1295 1514 552
176 1515 166
193 1515 453
329 1516 212
1092 1516 208
55 1517 273
222 1517 166
540 1518 240
818 1518 270
1243 1518 458
1479 1518 173
245 1519 304
469 1519 286
786 1519 199
900 1519 169
8 1520 147
151 1520 421
182 1520 365
624 1520 200
50 1521 282
189 1521 217
507 1521 353
129 1522 123
139 1522 877
525 1522 480
1025 1522 312
1069 1522 888
1296 1522 184
442 1523 118
492 1523 354
581 1523 150
647 1523 178
904 1523 185
58 1524 167
233 1524 128
378 1524 122
843 1524 379
973 1524 265
1212 1524 217
1343 1524 356
10 1525 790
1003 1525 173
1255 1525 327
1357 1525 209
146 1526 370
468 1526 409
233 1527 213
372 1527 417
378 1527 198
746 1528 384
409 1529 101
747 1529 256
941 1529 215
244 1530 288
371 1530 144
178 1531 214
181 1531 120
988 1531 335
1042 1531 214
1484 1531 108
17 1532 103
787 1532 212
941 1532 292
95 1533 796
582 1533 194
110 1534 260
803 1534 319
1160 1534 530
1214 1534 414
166 1535 640
261 1535 146
1299 1535 139
1308 1535 571
68 1536 546
265 1536 168
969 1536 323
793 1537 651
1226 1537 101
1319 1537 169
289 1538 214
307 1538 226
640 1538 108
1316 1538 141
1463 1538 171
5 1539 123
361 1539 104
448 1539 108
470 1539 104
734 1539 131
1227 1539 153
531 1540 224
548 1540 702
838 1540 747
922 1540 210
1094 1540 275
302 1541 295
527 1541 233
1024 1541 189
1440 1541 115
1469 1541 964
349 1542 124
824 1542 819
878 1542 106
325 1543 212
483 1543 265
989 1543 123
1001 1543 298
37 1544 199
274 1544 141
441 1544 116
795 1544 729
1033 1544 604
167 1545 490
396 1545 482
1071 1545 494
20 1546 110
412 1546 131
514 1546 191
552 1546 368
807 1546 265
976 1546 131
775 1547 403
1310 1547 385
1497 1547 157
201 1548 149
776 1548 156
847 1548 207
221 1549 103
242 1549 682
291 1549 966
592 1549 115
768 1549 101
1338 1549 229
221 1550 294
811 1550 749
814 1550 356
874 1550 188
998 1550 114
1402 1550 370
622 1551 140
1058 1551 249
1261 1551 132
38 1552 132
867 1552 231
1228 1552 312
122 1553 720
392 1553 421
492 1553 278
800 1553 717
896 1553 641
1246 1553 525
1523 1553 155
237 1554 312
447 1554 197
1223 1554 116
195 1555 248
212 1555 294
1408 1555 539
1474 1555 158
1542 1555 118
1160 1556 336
1423 1556 171
431 1557 164
462 1557 907
757 1557 312
1064 1557 374
110 1558 598
912 1558 162
1068 1558 119
1348 1558 711
1491 1558 955
123 1559 115
452 1559 704
721 1559 111
940 1559 280
1012 1559 147
1090 1559 167
1444 1559 474
340 1560 309
555 1560 215
648 1560 104
1188 1560 201
1351 1560 228
1520 1560 196
223 1561 143
254 1561 200
769 1561 133
375 1562 139
435 1562 233
472 1563 946
1169 1563 154
1304 1563 252
127 1564 290
860 1564 156
980 1564 229
985 1564 878
1149 1564 340
51 1565 372
321 1565 476
543 1565 465
670 1565 304
1018 1565 199
1210 1565 136
1537 1565 202
632 1566 138
1231 1566 212
1277 1566 197
293 1567 657
390 1567 158
602 1567 718
768 1567 222
811 1567 927
1295 1567 835
109 1568 168
120 1568 482
1002 1568 497
1110 1569 195
4 1570 148
83 1570 552
532 1570 397
732 1570 421
78 1571 117
430 1571 723
1408 1571 559
1500 1571 601
243 1572 169
296 1572 192
311 1572 194
901 1572 155
1249 1572 644
374 1573 579
572 1573 766
967 1573 353
1342 1573 158
540 1574 229
713 1574 163
571 1575 237
971 1575 195
651 1576 173
725 1576 448
1319 1576 639
1432 1576 559
1445 1576 282
756 1577 630
961 1577 240
1158 1577 116
1354 1577 207
357 1578 170
942 1578 177
1256 1578 157
1268 1578 468
1413 1578 191
1564 1578 832
78 1579 105
937 1579 967
1500 1579 127
223 1580 1989
472 1580 190
105 1581 206
324 1581 131
871 1581 161
1014 1581 143
75 1582 500
100 1582 318
250 1582 172
295 1582 223
1166 1582 475
1361 1582 350
375 1583 192
1425 1583 363
333 1584 239
597 1584 217
872 1584 121
990 1584 380
1071 1584 746
367 1585 212
761 1585 253
107 1586 236
507 1586 119
821 1586 563
1190 1586 825
310 1587 547
329 1587 453
1304 1587 212
49 1588 331
706 1588 264
1156 1588 675
1414 1588 230
1462 1588 332
1475 1588 480
524 1589 112
1117 1589 995
1209 1589 134
1258 1589 134
1267 1589 135
1422 1589 141
20 1590 119
262 1590 318
552 1590 497
577 1590 332
937 1590 664
1500 1590 990
36 1591 249
1450 1591 132
303 1592 110
445 1592 284
498 1592 105
778 1592 323
932 1592 724
11 1593 253
152 1593 215
306 1593 295
556 1593 130
66 1594 120
374 1594 261
637 1594 906
967 1594 138
1503 1594 358
410 1595 339
482 1595 289
701 1595 212
760 1595 952
951 1595 465
2 1596 481
513 1596 648
977 1596 272
481 1597 938
862 1597 874
1052 1598 296
1107 1598 388
1451 1598 770
906 1599 303
1026 1599 119
1087 1599 175
1111 1599 317
1119 1599 297
233 1600 263
476 1600 191
793 1600 217
985 1600 432
1023 1600 222
1212 1600 164
121 1601 434
607 1601 137
1295 1601 154
1505 1601 926
1418 1602 106
86 1603 400
1597 1603 261
828 1604 175
896 1604 119
1085 1604 848
1328 1604 114
109 1605 781
863 1605 286
1140 1605 367
1533 1605 319
427 1606 123
1089 1606 649
1391 1606 191
1493 1606 149
1540 1606 194
652 1607 100
1292 1607 340
501 1608 148
539 1608 291
791 1608 124
1129 1608 145
423 1609 548
537 1609 727
680 1609 465
817 1609 530
869 1609 287
447 1610 484
770 1610 232
1478 1610 242
363 1611 245
756 1611 157
798 1611 107
932 1611 140
1354 1611 104
1528 1612 723
1 1613 502
335 1613 146
628 1613 145
999 1613 380
1195 1613 158
1263 1613 776
1383 1613 440
527 1614 957
886 1614 333
1024 1614 110
1043 1614 451
1291 1614 439
1362 1614 185
1482 1614 548
28 1615 448
148 1616 144
466 1616 133
486 1616 179
560 1616 290
869 1616 154
1056 1616 421
495 1617 266
1603 1617 579
27 1618 391
290 1618 512
441 1618 125
603 1618 741
625 1618 447
930 1618 850
1033 1618 230
707 1619 265
857 1619 456
1521 1619 489
282 1620 302
349 1620 448
944 1620 216
1208 1620 314
1437 1620 835
1555 1620 548
1571 1620 182
152 1621 163
259 1621 168
307 1621 256
534 1621 985
629 1621 149
1168 1621 708
1463 1621 404
1535 1621 124
391 1622 376
679 1622 964
792 1622 265
1051 1622 122
1495 1622 123
1146 1623 220
1189 1623 986
1287 1623 240
1317 1623 610
1318 1623 316
175 1624 440
380 1624 164
709 1624 243
97 1625 301
154 1625 915
385 1625 396
543 1625 287
1537 1625 159
1576 1625 513
815 1626 102
918 1626 150
1569 1626 936
175 1627 133
283 1627 178
891 1627 112
939 1627 470
981 1627 149
203 1628 347
1087 1628 291
1089 1628 477
1179 1628 143
1514 1628 151
1567 1628 785
822 1629 205
1155 1629 177
1360 1629 131
21 1630 111
174 1630 767
315 1630 330
338 1630 115
1007 1630 103
1174 1630 115
448 1631 705
1203 1631 711
1330 1631 383
1511 1631 348
160 1632 916
339 1632 111
684 1632 149
1068 1632 480
1429 1632 341
1491 1632 503
23 1633 159
338 1633 985
805 1633 108
1174 1633 995
1197 1633 419
1542 1633 125
182 1634 148
277 1634 709
619 1634 103
728 1634 151
995 1634 151
1560 1634 110
888 1635 261
1160 1635 102
1457 1635 123
306 1636 175
537 1636 633
852 1636 323
239 1637 134
554 1637 190
611 1637 353
1240 1637 345
1589 1637 178
1592 1637 104
100 1638 512
250 1638 142
309 1638 486
548 1638 592
964 1638 311
1094 1638 159
209 1639 195
1146 1639 325
1287 1639 370
366 1640 218
515 1640 915
8 1641 179
73 1641 236
725 1641 848
1100 1641 352
1432 1641 278
293 1642 278
399 1642 761
811 1642 100
814 1642 254
835 1642 741
1636 1642 593
724 1643 653
1480 1643 292
1526 1643 717
137 1644 224
357 1644 906
627 1644 119
824 1644 127
942 1644 746
1352 1644 728
299 1645 123
827 1645 227
1432 1645 192
1445 1645 235
1485 1645 267
250 1646 514
1166 1646 168
1394 1646 813
289 1647 277
639 1647 130
851 1647 163
1072 1647 235
1421 1647 261
1542 1647 306
68 1648 231
596 1648 124
326 1649 935
780 1649 110
847 1649 323
2 1650 839
163 1650 579
668 1650 342
729 1650 344
1125 1650 195
1376 1650 279
1415 1650 666
214 1651 240
541 1651 189
549 1651 247
1048 1651 603
1327 1651 110
1622 1651 142
108 1652 464
561 1652 304
704 1652 254
858 1652 432
412 1653 201
1151 1653 322
1156 1653 159
1426 1653 228
1502 1653 450
126 1654 936
867 1654 830
1248 1654 102
34 1655 551
943 1655 211
580 1656 307
1265 1656 670
1570 1656 177
753 1657 769
1142 1657 237
1293 1657 741
317 1658 342
1168 1658 335
1316 1658 333
1449 1658 310
1463 1658 110
246 1659 183
283 1659 483
677 1659 320
1152 1659 475
28 1660 124
140 1660 150
501 1660 159
1003 1661 422
1357 1661 774
1530 1661 436
122 1662 192
136 1662 287
1134 1662 683
1235 1662 211
211 1663 195
552 1663 420
807 1663 753
1488 1663 204
298 1664 150
636 1664 202
89 1665 120
517 1665 140
873 1665 224
1183 1665 277
1413 1665 253
1541 1665 103
1564 1665 351
1116 1666 358
750 1667 449
1398 1667 173
745 1668 813
1121 1668 133
1479 1668 225
1527 1668 182
1600 1668 217
31 1669 913
278 1669 384
1384 1669 644
1496 1669 535
273 1670 207
675 1670 271
1133 1670 111
144 1671 217
1154 1671 208
1328 1671 397
1406 1671 172
67 1672 683
349 1672 663
577 1672 244
878 1672 768
1488 1672 438
1571 1672 307
270 1673 117
277 1673 175
554 1673 379
980 1673 821
1149 1673 378
192 1674 111
1178 1674 618
115 1675 865
799 1675 198
1335 1675 235
1358 1675 742
9 1676 447
14 1676 445
1188 1676 320
1268 1676 410
1422 1676 226
1673 1676 162
165 1677 145
719 1677 157
909 1677 267
457 1678 512
563 1678 468
653 1678 116
983 1678 469
1257 1678 409
8 1679 216
626 1679 217
1063 1679 321
1100 1679 527
368 1680 390
514 1680 266
517 1680 324
717 1680 104
807 1680 934
1145 1680 199
7 1681 110
368 1681 257
467 1681 669
674 1681 577
1001 1681 694
1145 1681 271
1666 1681 838
141 1682 291
1250 1682 171
1374 1682 142
98 1683 811
685 1683 949
1481 1683 166
25 1684 260
948 1684 246
1127 1684 146
59 1685 242
106 1685 143
215 1685 620
266 1685 175
598 1685 910
709 1685 119
1645 1685 257
297 1686 289
1272 1686 910
1593 1686 204
1636 1686 138
204 1687 959
221 1687 281
455 1687 428
874 1687 145
882 1687 458
1126 1687 247
1245 1687 560
1338 1687 562
90 1688 411
128 1688 403
1211 1688 367
1242 1688 813
379 1689 203
429 1689 307
508 1689 142
1518 1689 160
513 1690 155
733 1690 136
1372 1690 569
532 1691 426
732 1691 138
895 1691 684
958 1691 367
1663 1691 391
1680 1691 195
412 1692 170
976 1692 170
1151 1692 455
1447 1692 239
1630 1692 121
693 1693 184
776 1693 536
1607 1693 138
212 1694 107
708 1694 508
748 1694 197
957 1694 337
1214 1694 103
268 1695 235
313 1695 177
406 1695 105
1062 1695 205
1365 1695 437
1402 1695 192
214 1696 940
315 1696 113
640 1696 143
1595 1696 393
1692 1696 278
133 1697 392
578 1697 135
590 1697 234
1341 1697 769
1593 1697 147
35 1698 589
481 1698 439
1309 1698 531
621 1699 294
1184 1699 311
1228 1699 939
245 1700 961
614 1700 550
686 1700 130
786 1700 364
1577 1700 610
173 1701 221
1666 1701 166
752 1702 260
1239 1702 205
1286 1702 355
441 1703 106
452 1703 789
466 1703 242
560 1703 242
795 1703 193
1549 1703 375
7 1704 203
53 1704 167
403 1704 517
533 1704 414
1082 1704 204
1145 1704 299
347 1705 964
462 1705 777
528 1705 157
957 1705 807
1064 1705 245
1470 1705 257
252 1706 101
734 1706 263
890 1706 423
1227 1706 204
220 1707 183
230 1707 766
825 1707 193
77 1708 629
525 1708 264
672 1708 133
845 1708 290
1296 1708 887
9 1709 297
33 1709 280
294 1709 245
546 1709 127
1506 1709 339
1673 1709 137
213 1710 174
1029 1710 476
1490 1710 334
660 1711 166
728 1711 880
806 1711 963
946 1711 259
1115 1711 209
1441 1711 698
1669 1711 798
219 1712 356
1230 1712 164
67 1713 195
202 1713 128
565 1713 131
644 1713 274
910 1713 142
968 1713 322
1272 1714 326
1273 1714 221
1635 1714 640
108 1715 158
561 1715 349
1122 1715 319
1217 1715 300
34 1716 151
135 1716 138
781 1716 259
864 1716 117
1639 1716 603
1091 1717 101
1510 1717 311
741 1718 240
1173 1718 236
1368 1718 319
1395 1718 403
1579 1718 109
595 1719 552
736 1719 217
1046 1719 399
1223 1720 123
1270 1720 152
1516 1720 852
467 1721 131
483 1721 252
828 1721 172
1329 1721 548
1604 1721 870
64 1722 329
919 1722 289
1580 1722 265
39 1723 255
527 1723 618
1043 1723 202
1392 1723 256
1469 1723 129
1653 1723 560
276 1724 121
663 1724 726
797 1724 832
14 1725 207
159 1725 802
357 1725 661
478 1725 253
1218 1725 225
1652 1725 223
1247 1726 231
1423 1726 321
1712 1726 354
694 1727 142
1029 1727 347
1424 1727 118
263 1728 105
1602 1728 127
367 1729 219
404 1729 133
217 1730 337
259 1730 100
1079 1730 321
1194 1730 652
346 1731 132
348 1731 287
1016 1731 149
1205 1731 329
1146 1732 143
1189 1732 158
1519 1732 331
72 1733 753
434 1733 611
575 1733 197
808 1733 877
1337 1733 373
1283 1734 353
1456 1734 188
1717 1734 169
346 1735 630
348 1735 378
572 1735 412
1650 1735 462
62 1736 273
309 1736 183
765 1736 551
839 1736 143
1094 1736 145
1206 1736 240
1708 1736 820
143 1737 459
269 1737 221
555 1737 138
942 1737 383
1351 1737 101
214 1738 159
315 1738 280
535 1738 268
1327 1738 431
1514 1738 299
1535 1738 155
1730 1738 144
123 1739 165
896 1739 319
989 1739 257
1154 1739 139
1328 1739 362
1444 1739 212
1543 1739 238
380 1740 243
405 1740 174
965 1740 157
1163 1740 109
1113 1741 230
1333 1741 214
1545 1741 895
364 1742 140
705 1742 186
1512 1742 176
79 1743 128
268 1743 128
311 1743 188
316 1743 117
557 1743 133
1442 1743 226
849 1744 121
178 1745 134
477 1745 631
988 1745 514
1202 1745 492
1544 1745 596
290 1746 294
352 1746 353
603 1746 358
1025 1746 427
1098 1746 430
1557 1746 722
276 1747 120
416 1747 587
4 1748 170
532 1748 613
958 1748 797
1704 1748 530
116 1749 326
211 1749 132
403 1749 163
1488 1749 510
1742 1749 890
1748 1749 162
1283 1750 690
229 1751 144
385 1751 151
981 1751 102
1521 1751 116
1655 1751 158
496 1752 200
723 1752 309
1029 1752 143
1099 1752 334
301 1753 105
385 1753 134
594 1753 229
939 1753 451
981 1753 422
1576 1753 603
308 1754 169
984 1754 233
1315 1754 218
841 1755 945
948 1755 415
1218 1755 303
1574 1755 260
1750 1755 314
24 1756 336
90 1756 337
689 1756 112
1242 1756 189
364 1757 268
609 1757 393
705 1757 181
1197 1757 330
1369 1757 241
471 1758 104
616 1758 648
877 1758 516
1015 1758 130
1217 1758 387
905 1759 110
1107 1759 224
1389 1759 153
475 1760 222
524 1760 638
1218 1760 669
1258 1760 867
1284 1760 553
1329 1760 106
1375 1760 132
413 1761 323
581 1761 348
1139 1761 377
1553 1761 194
1662 1761 303
335 1762 299
1211 1762 688
1242 1762 870
1263 1762 106
1697 1762 202
30 1763 752
88 1763 263
1612 1763 265
93 1764 131
144 1764 378
145 1764 723
1144 1764 215
116 1765 109
159 1765 978
354 1765 335
403 1765 154
1647 1765 336
1757 1765 271
303 1766 319
419 1766 263
1183 1766 531
1258 1766 320
1435 1766 204
1494 1766 737
1637 1766 787
605 1767 181
1259 1767 419
545 1768 314
889 1768 178
1216 1768 166
1468 1768 142
1679 1768 165
91 1769 729
885 1769 347
1036 1769 653
123 1770 183
150 1770 284
255 1770 212
325 1770 897
989 1770 222
1012 1770 277
1465 1770 518
74 1771 189
96 1771 346
233 1771 172
372 1771 154
395 1771 465
476 1771 497
1215 1772 628
274 1773 881
443 1773 221
538 1773 828
625 1773 100
1033 1773 597
49 1774 126
366 1774 173
706 1774 189
1503 1774 161
1586 1774 152
204 1775 854
425 1775 334
1001 1775 154
1338 1775 228
1703 1775 795
902 1776 111
1486 1776 142
454 1777 968
685 1777 363
716 1777 517
53 1778 490
698 1778 256
717 1778 210
1114 1778 344
1145 1778 279
19 1779 344
518 1779 435
686 1779 229
786 1779 127
1152 1779 389
384 1780 290
452 1780 250
649 1780 140
823 1780 175
1444 1780 811
1543 1780 292
1775 1780 134
909 1781 264
1136 1781 108
1013 1782 385
1517 1782 195
1729 1782 668
1076 1783 232
1583 1783 245
228 1784 396
261 1784 923
811 1784 617
1295 1784 256
1636 1784 948
355 1785 575
498 1785 418
643 1785 374
778 1785 607
1728 1786 975
331 1787 252
782 1787 765
993 1787 135
448 1788 241
564 1788 202
751 1788 205
1511 1788 371
1631 1788 179
428 1789 188
578 1789 238
590 1789 905
1714 1789 208
696 1790 484
892 1790 264
1104 1790 105
417 1791 120
664 1791 906
816 1792 590
889 1792 173
965 1792 967
1216 1792 132
1460 1792 159
421 1793 159
916 1793 175
1252 1793 195
154 1794 423
304 1794 198
321 1794 616
419 1794 294
847 1794 935
914 1794 431
945 1794 266
1537 1794 184
448 1795 236
564 1795 291
751 1795 284
1203 1795 712
1330 1795 184
305 1796 159
351 1796 144
806 1796 163
1300 1796 108
1669 1796 191
482 1797 877
612 1797 121
679 1797 167
972 1797 790
1151 1797 212
1696 1797 953
568 1798 163
1075 1798 439
175 1799 150
594 1799 146
687 1799 102
981 1799 890
1655 1799 284
194 1800 564
712 1800 474
858 1800 295
1401 1800 333
1619 1800 910
580 1801 118
766 1801 761
794 1801 189
1395 1801 113
1579 1801 133
286 1802 643
738 1802 624
868 1802 386
989 1802 144
887 1803 208
940 1803 123
1090 1803 626
1191 1803 444
1279 1803 290
1572 1803 210
152 1804 861
1177 1804 159
1327 1804 146
1535 1804 123
1686 1804 111
1784 1804 141
234 1805 304
366 1805 708
706 1805 105
733 1805 255
1246 1805 355
1523 1805 136
72 1806 163
226 1806 214
434 1806 110
926 1806 995
933 1806 175
1024 1806 118
1482 1806 106
78 1807 814
430 1807 194
668 1807 978
749 1807 266
1222 1807 148
1735 1807 194
323 1808 928
414 1808 144
630 1808 376
1385 1808 803
253 1809 247
460 1809 177
589 1809 321
1344 1809 354
1414 1809 167
1475 1809 171
862 1810 127
971 1810 124
1783 1810 863
1191 1811 148
1279 1811 125
1481 1811 183
1599 1811 126
84 1812 151
447 1812 742
779 1812 764
161 1813 197
1165 1813 830
1322 1813 193
366 1814 153
733 1814 317
828 1814 242
1085 1814 503
1329 1814 762
1375 1814 148
1586 1814 173
616 1815 143
762 1815 157
1740 1815 328
31 1816 285
407 1816 383
638 1816 306
1049 1816 162
1355 1816 595
1634 1816 147
301 1817 580
661 1817 242
742 1817 193
1118 1817 318
1576 1817 105
469 1818 330
781 1818 337
1624 1818 755
1732 1818 568
1815 1818 556
122 1819 470
136 1819 247
395 1819 103
579 1819 117
800 1819 152
861 1819 888
81 1820 129
1615 1820 146
78 1821 148
532 1821 862
534 1821 160
1083 1821 207
1656 1821 233
1672 1821 684
758 1822 135
1140 1822 453
1282 1822 107
1391 1822 110
1419 1822 463
1540 1822 752
1736 1822 169
6 1823 500
651 1823 261
751 1823 513
1123 1823 173
1274 1823 152
321 1824 215
460 1824 349
706 1824 449
837 1824 460
1018 1824 406
1414 1824 161
1523 1824 116
232 1825 186
418 1825 255
842 1825 285
1337 1825 126
1409 1825 218
81 1826 738
1324 1826 109
1787 1826 258
232 1827 408
378 1827 169
1212 1827 421
1409 1827 310
1518 1827 261
1668 1827 157
801 1828 869
1591 1828 348
734 1829 388
1260 1829 136
1539 1829 984
1706 1829 820
50 1830 151
475 1830 154
1284 1830 263
1287 1830 335
1317 1830 355
200 1831 289
475 1831 291
484 1831 301
1254 1831 644
1258 1831 104
1267 1831 952
1435 1831 121
96 1832 364
135 1832 159
143 1832 133
233 1832 313
281 1832 137
1023 1832 256
1343 1832 561
43 1833 259
466 1833 128
680 1833 212
795 1833 238
869 1833 109
1745 1833 878
431 1834 130
702 1834 598
757 1834 606
975 1834 363
1464 1834 323
881 1835 661
1204 1835 278
1226 1835 239
1625 1835 184
1817 1835 424
21 1836 771
23 1836 145
660 1836 717
1115 1836 360
1174 1836 628
1181 1836 292
1737 1836 437
410 1837 170
951 1837 319
1130 1837 139
1433 1837 351
1628 1837 623
100 1838 120
292 1838 658
485 1838 932
883 1838 114
964 1838 231
1446 1838 102
527 1839 232
886 1839 300
1007 1839 123
1122 1839 250
1692 1839 155
189 1840 378
507 1840 184
725 1840 161
1063 1840 300
1100 1840 220
1312 1840 104
1412 1840 229
1753 1840 262
686 1841 468
1117 1841 239
1152 1841 148
1209 1841 637
1641 1841 442
549 1842 430
590 1842 299
852 1842 555
1327 1842 137
1686 1842 174
1714 1842 202
43 1843 713
279 1843 756
306 1843 873
486 1843 481
556 1843 431
869 1843 114
934 1844 210
1276 1844 572
1515 1844 405
124 1845 186
286 1845 605
970 1845 218
48 1846 189
357 1846 337
1218 1846 170
1413 1846 277
1447 1846 122
1715 1846 181
1839 1846 215
519 1847 177
1135 1847 561
1473 1847 380
654 1848 231
722 1848 358
1038 1848 573
248 1849 313
365 1849 314
840 1849 502
873 1849 437
1541 1849 338
49 1850 248
542 1850 164
707 1850 373
972 1850 297
1151 1850 217
1156 1850 115
1586 1850 219
190 1851 652
249 1851 849
351 1851 419
581 1851 560
1300 1851 213
1824 1851 266
564 1852 184
751 1852 187
1511 1852 316
1631 1852 165
1788 1852 212
65 1853 389
252 1853 114
774 1853 260
1102 1853 418
1116 1853 199
1260 1853 135
259 1854 319
999 1854 694
1168 1854 142
1383 1854 928
66 1855 290
374 1855 642
572 1855 505
944 1855 202
1650 1855 446
361 1856 227
1153 1856 129
1227 1856 769
1706 1856 161
1829 1856 201
1853 1856 197
1092 1857 364
1241 1857 657
1828 1857 928
34 1858 128
781 1858 217
935 1858 122
1017 1858 238
1624 1858 129
1799 1858 164
73 1859 351
239 1859 124
961 1859 210
1240 1859 438
1785 1859 331
1841 1859 114
303 1860 296
445 1860 130
866 1860 177
873 1860 265
1114 1860 513
1183 1860 216
664 1861 209
904 1861 860
1321 1861 151
1744 1861 815
244 1862 896
1045 1862 587
1661 1862 145
482 1863 318
573 1863 436
679 1863 438
760 1863 733
838 1863 165
1051 1863 205
1606 1863 227
351 1864 280
413 1864 143
520 1864 108
559 1864 380
581 1864 240
904 1864 184
536 1865 128
808 1865 426
1109 1865 604
1440 1865 127
1527 1865 563
1849 1865 467
550 1866 355
775 1866 101
1417 1866 694
705 1867 369
1369 1867 809
1512 1867 331
1546 1867 166
1588 1867 348
1653 1867 298
531 1868 486
720 1868 543
922 1868 107
975 1868 299
1464 1868 485
383 1869 811
454 1869 848
567 1869 172
1428 1869 396
222 1870 239
1124 1870 619
1135 1870 288
697 1871 788
898 1871 731
1334 1871 196
1539 1871 206
607 1872 282
820 1872 688
1046 1872 228
39 1873 556
593 1873 364
1143 1873 127
1149 1873 110
1150 1873 352
1578 1873 442
1676 1873 354
1725 1873 136
450 1874 189
777 1874 148
1348 1874 656
1756 1874 144
1762 1874 354
282 1875 138
424 1875 215
535 1875 445
794 1875 175
1208 1875 136
1368 1875 509
1579 1875 126
1730 1875 127
1771 1875 850
690 1876 976
1019 1876 109
1781 1876 388
297 1877 260
1272 1877 670
1358 1877 281
1458 1877 130
336 1878 198
356 1878 911
1165 1878 170
56 1879 847
285 1879 119
1120 1879 424
1263 1879 124
772 1880 674
883 1880 993
1041 1880 144
1446 1880 110
1777 1880 920
888 1881 310
938 1881 118
1747 1881 419
83 1882 527
102 1882 117
534 1882 201
1004 1882 197
1229 1882 447
1656 1882 179
899 1883 171
963 1883 418
1492 1883 511
669 1884 343
1664 1884 552
136 1885 126
372 1885 218
395 1885 432
1134 1885 357
433 1886 111
1492 1886 464
1617 1886 420
1070 1887 307
1398 1887 159
1528 1887 194
27 1888 193
384 1888 859
603 1888 786
1394 1888 278
1646 1888 207
152 1889 926
306 1889 104
486 1889 158
999 1889 112
1168 1889 305
1550 1889 150
1784 1889 204
149 1890 160
491 1890 134
1574 1890 142
503 1891 296
1232 1891 824
1417 1891 303
77 1892 153
370 1892 575
1296 1892 157
1638 1892 264
1646 1892 393
160 1893 339
841 1893 375
912 1893 147
1031 1893 336
1047 1893 924
1068 1893 440
405 1894 654
781 1894 117
864 1894 261
908 1894 844
1454 1894 718
1815 1894 265
540 1895 229
676 1895 521
945 1895 634
1210 1895 177
1479 1895 364
1537 1895 309
65 1896 767
692 1896 431
875 1896 321
1102 1896 321
1539 1896 132
516 1897 558
959 1897 141
1472 1897 184
493 1898 480
772 1898 591
788 1898 151
883 1898 125
964 1898 805
1892 1898 148
1257 1899 250
1372 1899 258
99 1900 219
515 1900 386
688 1900 213
1407 1900 228
1640 1900 119
1014 1901 747
1311 1901 156
1798 1901 481
73 1902 405
299 1902 174
359 1902 145
362 1902 182
1319 1902 312
1432 1902 550
328 1903 830
874 1903 144
998 1903 680
1087 1903 269
1403 1903 918
1854 1903 235
1869 1903 358
298 1904 154
516 1904 793
211 1905 413
234 1905 507
601 1905 194
1147 1905 680
1900 1905 259
1431 1906 477
1455 1906 105
1786 1906 324
708 1907 213
770 1907 207
1674 1907 398
1000 1908 677
1106 1908 305
1176 1908 255
1186 1908 569
1314 1908 621
1428 1908 247
271 1909 104
589 1909 222
1082 1909 384
1344 1909 209
1742 1909 598
1748 1909 177
170 1910 632
398 1910 117
784 1910 393
275 1911 227
1040 1911 909
1289 1912 137
1479 1912 448
1556 1912 372
1602 1912 163
97 1913 253
385 1913 317
594 1913 147
627 1913 278
854 1913 176
1305 1913 395
1655 1913 289
57 1914 493
163 1914 130
881 1914 166
1359 1914 434
1855 1914 211
820 1915 415
1184 1915 180
1667 1915 253
145 1916 385
264 1916 227
639 1916 659
1404 1916 272
350 1917 346
492 1917 406
520 1917 269
581 1917 737
1761 1917 608
1778 1917 578
81 1918 446
1324 1918 373
1615 1918 315
1660 1918 379
577 1919 246
589 1919 350
1253 1919 160
1462 1919 153
1475 1919 179
1742 1919 111
583 1920 189
1904 1920 474
393 1921 244
649 1921 102
1034 1921 340
1264 1921 387
1278 1921 360
1775 1921 771
28 1922 603
140 1922 326
330 1922 165
1377 1922 383
203 1923 213
317 1923 850
1294 1923 375
1449 1923 201
1837 1923 485
1868 1923 352
442 1924 341
492 1924 374
896 1924 403
1059 1924 254
1543 1924 282
1681 1924 613
1721 1924 160
159 1925 335
354 1925 601
467 1925 700
950 1925 392
1218 1925 503
1329 1925 277
1447 1925 400
181 1926 227
406 1926 137
835 1926 404
936 1926 169
1365 1926 224
76 1927 318
373 1927 412
461 1927 392
1612 1927 181
3 1928 258
515 1928 953
529 1928 150
1044 1928 141
8 1929 257
226 1929 181
624 1929 561
1043 1929 205
1482 1929 121
1768 1929 188
129 1930 181
564 1930 580
751 1930 554
1203 1930 327
1330 1930 269
1795 1930 584
1852 1930 140
1112 1931 535
1772 1931 244
1884 1931 154
14 1932 133
48 1932 153
137 1932 132
357 1932 239
623 1932 246
907 1932 239
1268 1932 821
791 1933 189
997 1933 192
1826 1933 253
75 1934 738
462 1934 568
925 1934 790
1166 1934 183
1888 1934 231
37 1935 184
119 1935 324
452 1935 145
673 1935 183
721 1935 586
795 1935 159
83 1936 203
127 1936 179
307 1936 575
532 1936 167
534 1936 125
851 1936 970
1680 1936 808
1704 1936 243
791 1937 784
997 1937 493
1129 1937 770
1201 1937 316
1364 1937 130
316 1938 195
1087 1938 125
1179 1938 515
1185 1938 190
1442 1938 988
1811 1938 334
1869 1938 827
212 1939 532
259 1939 707
497 1939 364
1194 1939 390
1463 1939 205
478 1940 146
545 1940 290
707 1940 239
1151 1940 164
1723 1940 829
1839 1940 307
6 1941 298
1123 1941 519
1255 1941 559
1274 1941 143
1930 1941 668
7 1942 735
159 1942 386
467 1942 966
612 1942 877
1416 1942 370
1538 1942 178
246 1943 409
1189 1943 147
1317 1943 201
1659 1943 333
1779 1943 206
62 1944 157
125 1944 375
929 1944 194
1078 1944 136
1093 1944 324
235 1945 216
327 1945 295
506 1945 262
1055 1945 150
381 1946 124
697 1946 169
787 1946 604
666 1947 797
1185 1947 124
1403 1947 193
1446 1947 307
1777 1947 325
1869 1947 341
287 1948 107
1155 1948 130
1436 1948 979
13 1949 232
635 1949 997
1136 1949 375
410 1950 797
482 1950 153
702 1950 708
922 1950 290
1464 1950 298
1606 1950 261
620 1951 573
1039 1951 237
1041 1951 200
1311 1951 253
648 1952 168
889 1952 187
965 1952 167
1163 1952 126
1520 1952 548
1679 1952 173
3 1953 344
855 1953 125
861 1953 364
1085 1953 771
228 1954 225
240 1954 132
573 1954 209
1051 1954 106
1495 1954 106
1609 1954 128
1616 1954 200
68 1955 142
227 1955 154
1575 1955 524
386 1956 116
509 1956 316
1911 1956 376
905 1957 123
1399 1957 154
1562 1957 116
409 1958 155
1286 1958 449
1891 1958 132
155 1959 627
837 1959 183
1018 1959 174
1081 1959 351
1366 1959 309
1438 1959 867
1499 1959 393
320 1960 357
421 1960 280
818 1960 240
952 1960 131
1689 1960 611
115 1961 130
241 1961 124
799 1961 184
1273 1961 248
924 1962 254
1073 1962 729
1430 1962 189
1640 1962 137
1774 1962 118
38 1963 395
586 1963 148
625 1963 130
1061 1963 172
12 1964 188
118 1964 368
341 1964 233
31 1965 188
365 1965 149
914 1965 349
945 1965 868
1355 1965 667
1796 1965 278
343 1966 442
499 1966 187
809 1966 740
180 1967 467
193 1967 246
1399 1967 202
67 1968 124
457 1968 448
910 1968 556
968 1968 477
1498 1968 764
1504 1968 164
1511 1968 475
500 1969 132
618 1969 106
1190 1969 802
1585 1969 753
352 1970 263
427 1970 192
453 1970 329
1025 1970 731
1069 1970 338
1493 1970 434
1701 1970 327
1834 1970 123
27 1971 223
77 1971 202
923 1971 409
1249 1971 267
1646 1971 242
1944 1971 218
692 1972 340
890 1972 481
1153 1972 103
1262 1972 903
1829 1972 310
1896 1972 161
723 1973 855
876 1973 219
955 1973 317
1020 1973 136
1233 1973 483
608 1974 495
1052 1974 626
1136 1974 131
1124 1975 960
1277 1975 537
1744 1975 214
601 1976 341
647 1976 380
1073 1976 157
1640 1976 442
1805 1976 109
1905 1976 449
99 1977 104
101 1977 168
1072 1977 167
1421 1977 558
1663 1977 340
174 1978 227
187 1978 356
209 1978 296
1096 1978 265
1213 1978 135
1953 1978 401
884 1979 135
1213 1979 246
1604 1979 649
1671 1979 243
1953 1979 433
10 1980 662
1003 1980 121
1255 1980 181
1274 1980 151
97 1981 192
464 1981 189
854 1981 547
1118 1981 606
1835 1981 411
1914 1981 220
858 1982 134
960 1982 358
1122 1982 127
1619 1982 149
1940 1982 141
990 1983 614
1161 1983 563
1403 1983 127
1658 1983 351
1854 1983 829
1939 1983 341
194 1984 144
318 1984 146
712 1984 280
1007 1984 152
1174 1984 602
1644 1984 235
1737 1984 336
416 1985 293
1750 1985 184
1920 1985 333
211 1986 997
234 1986 104
354 1986 121
403 1986 116
807 1986 160
950 1986 109
1145 1986 981
119 1987 427
832 1987 667
978 1987 117
1027 1987 398
1059 1987 313
1487 1987 218
25 1988 459
231 1988 723
1569 1988 292
432 1989 108
1026 1989 102
1087 1989 140
1161 1989 121
1514 1989 230
1730 1989 143
1854 1989 130
63 1990 421
396 1990 188
363 1991 323
798 1991 469
1390 1991 162
1527 1991 580
1885 1991 219
389 1992 723
544 1992 160
1325 1992 139
458 1993 172
1142 1993 148
1425 1993 185
86 1994 381
892 1994 144
1648 1994 228
276 1995 188
956 1995 559
1137 1995 329
514 1996 277
679 1996 132
1082 1996 359
1344 1996 161
1414 1996 356
1467 1996 279
1502 1996 866
1867 1996 226
651 1997 925
755 1997 963
1786 1997 747
1791 1997 611
311 1998 148
901 1998 124
1442 1998 171
1683 1998 774
1811 1998 542
13 1999 311
651 1999 193
1357 1999 144
1530 1999 270
1862 1999 113
342 2000 409
1281 2000 513
1379 2000 962
