1
0
1
1
1000000
0
0
0
0
1
13 15 316
47 48 373
21 51 395
12 52 969
32 54 285
3 59 634
76 86 278
23 87 123
33 92 605
55 98 143
81 98 337
94 101 207
101 106 285
4 107 239
38 112 758
27 116 315
115 118 194
102 119 639
96 123 440
29 125 256
18 130 231
88 131 282
108 131 269
81 134 250
37 135 861
126 136 738
83 141 883
28 142 191
121 142 123
140 144 395
127 148 111
84 150 275
4 154 633
132 154 424
34 155 123
70 156 791
58 158 159
87 159 906
101 159 924
43 161 512
67 161 369
115 164 333
118 164 466
66 168 308
5 170 211
12 173 112
83 173 150
118 173 567
124 174 129
13 177 659
73 177 823
10 178 139
36 180 520
93 181 835
78 182 126
109 182 114
177 182 749
126 183 591
80 184 233
2 186 290
1 187 351
60 190 125
188 190 540
115 195 284
69 196 467
140 196 374
26 197 204
46 201 594
99 201 402
63 202 146
150 202 872
145 206 259
175 206 819
35 208 172
161 210 268
179 210 208
26 211 220
72 211 104
149 211 403
30 213 449
210 213 338
120 216 843
133 218 425
169 218 392
33 220 520
147 220 109
105 223 890
32 226 317
178 229 123
77 230 453
171 230 185
208 232 159
66 233 222
151 233 240
152 233 204
39 234 603
56 236 171
5 237 626
14 237 634
235 237 755
174 238 482
198 240 219
140 241 422
147 243 231
240 250 327
89 251 389
215 251 141
18 253 495
61 253 380
30 254 129
85 257 576
31 258 225
53 259 226
61 260 282
31 261 210
92 261 217
167 261 453
223 261 455
156 262 275
204 262 966
115 263 150
221 263 582
227 265 146
32 266 143
176 269 354
124 271 392
89 272 340
256 272 299
97 274 263
211 275 142
29 276 444
40 278 664
185 278 490
104 280 790
4 283 661
174 283 827
256 283 405
74 285 325
136 285 247
171 285 393
225 286 332
109 287 656
142 288 215
146 289 397
265 289 549
122 290 110
210 291 774
1 292 222
187 292 303
210 293 409
291 293 869
4 294 120
60 301 919
221 302 244
232 302 323
14 303 173
175 303 245
199 307 454
153 308 422
289 308 204
213 309 313
84 310 215
295 310 117
76 311 133
20 313 180
47 315 346
106 315 244
111 316 341
240 317 106
49 319 736
228 319 308
237 320 189
130 321 239
204 321 436
279 321 305
31 322 152
147 322 157
213 323 241
140 326 304
136 327 526
246 327 325
315 329 227
186 330 232
6 331 306
274 331 179
59 332 605
125 332 468
63 333 949
213 334 944
145 335 643
212 336 174
43 337 439
200 338 735
72 339 440
197 339 597
211 339 761
25 340 102
116 343 117
146 343 175
328 344 628
41 345 343
224 345 535
107 346 907
154 346 174
272 346 256
19 347 205
212 348 434
273 349 894
22 350 219
210 350 206
162 351 542
306 352 324
115 353 313
101 354 880
66 356 541
209 358 485
176 359 608
230 359 355
99 360 375
60 361 123
120 362 616
23 364 514
134 364 287
219 365 439
86 366 201
225 366 403
181 367 129
6 368 420
318 368 403
336 369 185
348 369 840
357 377 877
107 379 964
256 379 636
284 379 741
306 380 195
199 381 828
307 381 431
361 381 173
265 383 577
164 385 151
17 386 688
230 387 398
386 388 591
312 389 447
376 389 344
336 390 912
375 390 134
166 394 102
206 394 337
228 396 521
319 396 754
338 396 806
358 396 877
330 397 219
23 398 427
351 398 443
354 398 376
163 399 415
197 399 331
339 399 744
88 400 528
161 400 455
337 400 397
100 401 319
109 401 705
200 401 200
319 401 291
338 401 116
114 402 110
376 402 345
38 403 214
18 405 240
204 405 577
253 405 624
321 405 178
207 407 578
228 408 395
358 408 302
198 409 322
18 414 194
204 414 613
73 415 523
293 417 261
323 417 387
334 417 380
62 418 513
238 418 354
402 418 432
52 419 105
141 419 346
348 420 608
404 420 768
91 421 383
46 422 147
131 423 296
355 423 244
22 424 380
323 424 243
313 426 572
41 428 687
169 428 145
13 429 882
15 429 232
121 430 338
211 430 662
339 430 354
248 431 692
119 433 203
335 433 555
382 435 186
361 437 773
13 438 526
73 438 625
177 438 259
436 438 248
47 439 118
48 439 283
101 439 159
162 439 410
329 439 148
148 440 409
342 441 226
215 443 232
185 444 299
252 445 632
270 446 441
185 447 881
186 447 262
386 448 527
298 449 385
231 450 321
360 450 553
77 451 215
239 452 236
247 452 197
29 453 356
24 455 466
284 455 247
346 455 324
104 456 207
366 456 349
429 456 784
319 457 496
358 457 220
401 457 707
117 459 225
170 459 456
117 460 108
78 461 705
345 461 298
413 461 257
168 462 508
97 463 486
274 463 170
295 463 440
406 463 490
61 465 105
405 465 119
426 465 179
37 467 449
390 468 440
229 469 701
248 469 509
374 469 785
352 471 156
292 473 391
304 473 485
205 474 116
395 474 327
181 475 340
366 475 602
31 476 328
147 476 241
220 476 200
376 477 136
418 477 468
17 478 175
383 478 429
386 478 235
61 479 427
279 479 318
321 479 356
421 479 466
214 480 366
336 480 658
75 481 184
356 481 111
204 482 953
136 483 245
454 483 190
123 484 550
357 484 537
395 486 583
136 487 659
171 487 224
424 488 563
130 489 283
396 489 322
401 489 996
202 490 301
222 490 140
42 491 805
257 491 108
466 491 105
236 492 517
394 492 267
1 494 588
226 494 450
492 494 482
248 495 661
342 495 213
370 495 119
431 495 151
107 496 443
438 496 646
44 497 175
274 498 446
177 499 124
367 499 129
456 499 181
462 503 164
135 504 384
172 504 472
193 504 313
497 505 314
54 506 420
96 506 230
469 507 106
49 508 218
228 508 700
109 510 435
61 511 362
75 512 159
95 512 366
395 513 503
348 514 879
33 515 477
220 515 249
480 515 102
233 516 451
510 517 702
151 518 188
223 519 309
122 520 313
391 520 501
403 520 367
166 521 264
226 521 408
150 522 333
295 522 316
463 522 112
393 523 970
207 524 102
306 524 845
242 525 936
5 526 345
237 526 771
245 526 187
303 526 216
320 526 251
9 530 227
313 530 286
126 531 240
143 531 590
387 531 590
487 531 304
79 532 992
429 532 548
438 532 946
199 533 279
301 533 176
325 533 650
377 536 508
328 537 335
467 537 689
227 538 117
383 538 883
388 538 110
478 538 289
310 539 158
522 539 437
57 540 189
312 540 335
415 540 215
445 540 185
244 541 256
459 541 257
7 542 418
229 542 355
374 542 413
432 542 238
495 542 376
48 543 518
162 543 118
351 543 372
416 543 605
74 545 263
501 545 157
69 546 202
44 547 435
241 547 164
326 547 193
470 547 209
165 548 491
88 549 166
161 549 336
151 550 466
152 550 347
516 550 237
518 550 317
274 551 227
180 552 603
442 552 406
73 553 445
275 553 510
288 553 187
484 553 291
172 555 349
247 555 872
467 555 262
504 556 395
555 556 130
16 557 739
314 557 147
141 558 247
298 558 203
544 558 820
22 559 163
39 559 109
424 559 287
51 560 182
409 560 422
523 561 188
78 562 465
450 562 532
340 563 567
365 563 561
378 563 147
445 563 455
199 564 664
404 565 353
248 566 791
178 567 116
362 568 110
473 568 162
79 569 459
256 569 165
283 569 325
260 570 190
279 570 396
421 570 654
82 571 894
46 572 228
50 572 236
360 572 396
422 572 197
485 573 141
83 574 406
164 574 128
250 575 306
493 575 309
560 575 539
268 576 448
288 577 288
538 578 292
128 581 333
448 581 644
149 582 256
349 582 707
27 583 182
111 584 397
97 585 146
150 585 135
311 586 271
173 587 543
195 587 649
208 587 217
221 587 373
263 587 227
226 588 581
69 589 345
470 589 248
552 590 160
132 591 389
217 591 254
249 592 192
302 592 363
533 593 297
100 594 472
200 594 517
228 594 382
392 594 291
115 597 188
263 597 215
242 599 518
432 599 125
567 599 687
190 600 604
593 600 401
303 601 255
526 601 143
8 603 164
395 603 194
474 603 122
513 603 317
11 604 490
276 604 421
411 604 398
571 604 692
155 605 192
205 605 209
340 606 162
445 606 174
413 607 172
461 607 518
510 607 256
367 608 353
438 608 307
532 608 232
3 609 450
511 609 249
209 610 108
508 610 560
273 611 204
341 611 100
222 613 140
368 613 507
143 614 200
434 614 180
574 615 574
178 617 146
427 617 245
258 619 342
1 620 480
494 620 261
521 620 383
588 620 532
36 621 301
180 621 717
369 621 116
500 621 721
200 622 357
534 622 246
594 622 211
485 623 641
179 624 139
55 625 231
139 626 410
324 626 161
177 627 722
436 627 199
499 627 456
532 627 172
282 628 923
336 628 161
565 628 643
567 628 305
579 629 201
607 629 324
382 630 263
127 631 720
148 631 202
241 631 426
391 632 504
41 633 256
131 633 218
149 633 260
564 634 647
151 635 208
168 635 528
233 635 156
106 636 514
392 637 317
9 639 290
159 639 311
410 640 241
596 640 188
596 641 795
182 643 375
239 643 138
555 643 233
556 643 293
14 644 340
526 644 856
79 645 246
272 645 104
294 645 320
117 646 302
235 646 970
37 647 472
193 647 258
297 647 291
467 647 942
504 647 148
84 648 271
406 648 777
191 649 216
488 650 315
339 651 872
207 652 417
264 652 244
297 652 939
352 652 301
467 652 274
26 653 208
211 653 371
553 653 655
428 654 353
32 655 178
492 655 407
521 655 204
620 655 439
425 656 758
491 656 881
229 657 198
370 657 786
469 657 276
139 658 190
184 658 347
330 659 360
231 660 300
231 661 151
338 661 500
457 661 392
508 661 363
163 662 106
377 662 379
399 662 681
651 662 977
653 662 685
45 663 107
265 663 738
538 663 132
578 663 374
93 664 302
259 664 397
160 665 207
631 665 449
269 666 164
48 667 141
94 667 378
354 667 950
416 667 347
543 667 818
74 668 188
183 668 674
58 669 186
299 669 197
429 669 547
96 671 335
653 671 159
7 672 123
14 673 291
237 673 278
566 673 274
646 673 303
36 674 301
348 674 490
420 674 252
500 674 717
514 674 110
455 675 920
502 675 377
443 676 515
567 676 288
544 677 995
58 678 724
252 678 516
97 679 561
150 679 422
337 681 558
549 681 550
654 681 191
527 682 513
565 682 198
52 683 700
208 683 247
58 684 279
64 684 385
445 684 242
322 685 153
369 686 797
2 687 398
35 688 150
416 688 738
110 689 398
510 689 364
629 689 519
26 690 222
339 690 778
554 691 967
7 692 106
342 692 600
431 692 884
231 693 209
610 693 316
502 694 432
301 695 389
325 695 643
381 695 163
642 695 166
16 696 822
205 696 265
31 697 106
322 697 178
272 698 640
258 699 584
697 699 560
234 700 668
586 701 616
327 702 320
483 702 350
501 702 208
99 703 394
239 703 234
700 703 306
144 707 274
665 707 271
314 708 820
391 708 188
6 709 286
222 709 532
331 709 439
498 709 281
585 709 764
432 710 209
174 712 672
376 712 336
444 713 309
617 713 356
162 714 914
354 714 238
667 714 679
75 715 210
573 716 128
249 717 708
372 717 688
37 718 101
352 718 346
504 718 412
556 718 416
466 719 164
509 719 299
688 719 287
114 721 323
318 721 223
389 721 250
418 721 592
480 722 168
138 723 617
393 723 344
710 723 189
271 724 165
20 725 213
64 725 677
219 725 364
340 725 205
563 725 444
685 726 666
282 727 648
420 727 130
686 727 114
115 728 407
118 728 372
18 729 176
204 729 368
262 729 355
479 729 419
165 730 205
11 731 303
194 731 464
97 732 118
274 732 338
713 733 136
333 734 589
406 734 732
476 734 403
585 734 143
667 734 145
246 735 231
670 735 172
12 736 170
615 736 186
137 737 614
444 737 309
12 738 528
118 738 983
378 739 165
17 740 376
130 740 221
260 740 367
42 741 174
466 741 362
481 741 992
425 742 159
157 743 359
425 743 638
274 744 401
331 744 325
522 744 235
147 745 163
352 746 391
524 746 609
188 747 387
328 747 285
471 747 583
82 748 246
411 748 531
635 748 672
103 749 197
201 749 187
270 750 198
385 750 223
736 750 150
437 751 297
533 751 589
126 752 623
451 752 103
34 753 807
474 753 325
425 754 867
741 754 149
546 755 170
71 756 248
107 756 397
283 756 170
346 756 276
698 756 794
214 757 112
528 757 209
378 758 194
254 759 999
293 759 715
590 760 125
287 761 446
333 762 144
616 762 471
171 763 405
451 763 661
454 763 242
448 764 254
89 765 460
132 765 362
286 766 405
517 766 255
144 767 356
347 767 265
383 768 547
618 768 137
678 769 103
684 769 315
145 770 349
217 770 259
78 771 611
517 771 167
572 771 337
629 771 134
689 771 181
92 772 468
685 772 443
400 773 218
422 773 374
461 773 114
689 773 342
219 774 182
252 774 354
403 775 165
174 776 304
464 776 132
20 777 524
25 777 235
64 777 764
340 777 305
739 777 306
113 778 154
491 778 967
656 778 987
741 778 587
371 779 269
412 780 438
638 780 266
105 781 213
138 781 367
760 781 188
78 782 225
629 782 485
80 783 176
706 783 400
694 784 112
15 785 166
104 785 915
669 785 785
16 786 207
503 786 588
156 787 100
253 787 417
262 787 380
482 787 413
5 788 229
170 788 258
303 788 316
541 788 455
646 788 406
161 789 730
349 789 238
344 790 455
711 790 177
219 791 470
340 791 789
392 791 847
684 791 213
769 791 661
777 791 294
152 792 328
512 792 130
715 792 132
85 793 377
375 794 110
595 794 261
686 794 184
398 795 373
543 795 596
613 795 347
250 796 659
317 796 113
548 797 657
28 798 315
121 798 243
197 798 436
430 798 873
553 798 255
34 799 262
90 799 279
641 800 222
290 801 228
580 801 250
509 802 805
688 802 202
793 802 329
82 803 310
609 803 211
649 803 305
57 804 277
365 804 326
630 804 173
268 805 875
363 805 181
654 805 192
675 806 474
724 806 130
103 807 366
277 807 325
261 808 288
699 808 695
726 808 421
240 809 909
554 809 133
560 809 231
705 809 151
32 810 441
335 810 174
425 811 648
466 811 128
741 811 947
742 811 461
215 812 579
612 812 222
582 813 159
611 813 214
187 814 380
226 814 466
394 814 399
521 814 330
810 814 792
392 815 525
534 815 214
17 816 168
112 816 333
764 816 209
453 817 167
62 818 154
376 818 256
418 818 768
712 818 107
721 818 334
97 819 486
406 819 483
551 819 376
585 819 365
744 819 134
616 820 707
768 821 441
284 822 162
455 822 475
548 822 127
348 823 225
369 823 133
727 823 890
424 824 138
11 825 150
743 825 502
221 826 161
241 826 282
347 826 105
76 827 176
499 827 765
128 828 354
343 828 162
378 829 193
415 829 644
458 829 530
28 830 371
601 831 264
716 831 458
535 832 258
602 832 605
92 833 308
147 833 263
167 833 118
222 833 188
322 833 316
745 833 431
155 834 963
314 834 736
486 834 145
474 835 231
753 835 796
799 835 275
834 835 404
278 836 354
2 837 515
505 838 312
519 838 341
772 838 435
187 839 297
620 839 636
33 841 304
105 841 244
722 841 634
296 842 295
381 842 249
642 842 656
695 842 470
787 843 908
19 844 676
598 844 503
114 845 239
712 845 200
724 845 124
70 846 346
638 846 179
64 848 414
378 848 503
758 848 318
777 848 268
183 849 252
487 849 634
720 849 632
247 850 401
264 850 546
88 851 472
355 851 466
549 851 660
68 852 190
508 852 193
637 852 712
88 853 145
355 853 280
373 853 185
24 854 811
71 854 416
283 854 450
284 854 374
379 854 755
496 854 393
756 854 356
30 855 549
179 855 445
291 855 260
603 856 142
835 856 315
118 857 381
173 857 228
353 857 147
574 857 793
597 857 357
114 858 307
721 858 634
732 858 252
847 858 460
309 859 251
305 860 371
79 861 314
256 861 117
384 861 131
92 862 515
243 862 128
476 862 105
685 862 484
833 862 769
716 864 142
70 865 322
843 865 883
481 866 240
635 866 567
649 866 465
792 866 235
182 867 483
345 867 598
413 867 169
584 868 122
639 868 587
323 869 358
641 869 545
759 869 377
203 870 399
595 870 672
48 871 405
636 871 878
714 871 345
174 872 674
378 872 184
402 872 119
418 872 449
776 872 552
229 873 116
723 873 149
623 874 330
646 874 327
618 875 641
50 876 444
110 876 483
422 876 323
579 876 339
607 876 180
629 876 407
773 876 298
264 877 409
328 877 284
171 878 197
796 878 410
818 879 124
845 879 306
122 880 119
632 880 408
245 881 730
485 881 705
601 881 652
673 881 319
831 881 445
251 882 575
455 882 353
797 882 409
194 883 208
257 883 456
656 883 757
840 884 393
67 885 536
108 885 268
161 885 118
337 885 856
549 885 876
151 886 225
866 886 472
312 887 220
845 887 227
847 887 769
870 887 490
192 888 121
352 889 201
417 889 107
504 889 104
647 889 357
746 889 133
389 890 463
675 890 128
712 890 478
26 891 332
430 891 329
577 891 312
671 891 855
21 892 410
77 892 165
246 892 448
454 892 840
668 892 191
543 893 262
714 893 471
242 894 106
839 894 156
319 895 387
401 895 166
761 896 293
603 897 663
632 897 297
856 897 180
880 897 320
300 898 245
323 898 388
350 898 172
417 898 430
759 898 892
367 899 824
438 899 126
9 900 267
354 900 248
482 900 161
680 900 124
871 900 301
704 901 667
888 901 171
134 902 298
351 902 214
398 902 560
423 903 836
681 903 946
3 904 306
20 904 139
457 904 220
661 904 505
693 904 163
267 905 110
863 905 907
119 906 704
126 906 197
198 906 414
285 906 224
501 906 193
545 906 856
705 906 519
40 907 315
318 907 173
449 907 333
612 908 203
511 909 288
843 909 930
603 910 115
632 910 265
5 911 334
14 911 487
460 911 628
566 911 195
657 912 554
387 913 269
493 913 819
575 913 496
395 914 388
632 914 351
696 914 241
834 914 277
674 915 456
823 915 168
13 916 903
280 916 158
627 916 557
827 916 586
178 917 604
370 917 342
45 918 896
128 918 103
153 918 714
768 918 446
124 919 440
464 919 242
565 919 565
213 920 291
650 920 641
800 920 171
442 921 445
468 921 283
621 921 207
194 922 839
175 923 259
187 923 216
304 923 235
3 924 617
130 924 326
253 924 305
257 925 586
509 925 100
719 925 427
741 925 688
778 925 401
658 926 878
301 927 309
626 927 143
821 927 562
926 927 451
204 928 318
405 928 711
164 929 120
196 929 851
289 930 487
538 930 273
580 930 766
663 930 892
747 930 190
768 930 760
821 930 279
10 931 616
248 931 318
370 931 182
469 931 318
507 931 245
912 931 201
917 931 390
539 932 240
152 933 150
411 933 659
550 933 265
748 933 275
24 934 592
248 934 113
657 934 365
672 934 227
873 934 692
177 935 109
456 935 288
168 936 105
191 936 469
535 936 165
562 937 246
766 937 797
307 938 233
564 938 170
751 938 251
357 939 444
367 939 570
608 939 218
664 939 883
163 940 580
536 940 501
576 940 702
336 941 262
404 941 626
420 941 338
682 941 732
21 942 790
143 942 266
842 943 337
926 943 232
927 943 478
189 944 294
884 944 877
329 945 200
131 946 345
337 946 555
349 946 315
654 946 289
885 946 843
236 947 616
178 948 850
443 948 823
917 948 209
66 949 214
151 949 231
550 949 458
715 949 796
792 949 496
157 950 492
189 950 851
742 950 253
470 951 164
826 951 352
929 951 129
199 952 355
209 952 265
842 952 394
943 952 232
192 953 214
559 953 152
12 954 188
164 954 435
270 954 948
385 954 611
597 954 216
932 954 228
89 955 418
266 955 100
394 955 552
947 955 887
521 956 647
620 956 407
458 957 340
758 957 209
868 957 330
309 958 347
341 958 396
65 959 111
114 959 221
847 959 651
53 960 787
896 960 125
246 961 491
670 961 177
281 962 418
324 962 860
296 963 206
301 963 452
361 963 319
695 963 280
952 963 373
741 964 474
778 964 262
528 965 746
115 966 207
680 966 354
922 966 120
547 967 259
631 968 716
842 969 126
927 969 121
387 970 570
454 970 159
668 970 704
767 970 268
146 971 619
265 971 108
386 971 137
663 971 439
740 971 516
918 971 436
566 972 281
894 972 353
33 973 616
147 973 113
255 974 142
464 974 454
488 975 308
953 975 219
225 976 524
54 977 693
140 978 144
214 978 731
440 978 598
470 978 310
546 978 142
589 978 125
737 979 479
36 980 229
674 980 964
823 980 178
941 980 289
8 981 505
205 981 308
395 981 958
856 981 339
914 981 276
153 982 554
618 982 521
821 982 203
860 983 115
864 983 857
534 984 135
863 984 387
37 985 141
407 985 292
537 985 676
889 985 322
451 986 555
580 986 309
241 987 621
440 987 330
529 987 485
547 987 160
951 987 115
161 988 299
273 988 611
349 988 192
400 988 871
593 989 715
626 989 431
22 990 856
293 990 256
300 990 506
350 990 294
417 990 162
824 990 135
492 991 622
655 991 246
798 991 290
947 991 771
874 992 227
972 992 137
417 993 386
990 993 507
11 994 244
113 994 628
656 994 426
719 994 289
793 994 832
129 995 555
730 995 583
148 996 597
440 996 589
470 996 687
529 996 295
547 996 203
967 996 937
968 996 460
255 997 413
472 997 380
127 998 233
160 998 181
359 998 541
68 999 528
281 999 168
408 999 246
550 1000 216
632 1000 308
748 1000 204
