1
0
1
1
1000000
0
0
0
0
1
40 72 262
39 110 142
5 138 332
16 158 153
3 173 208
121 175 329
90 178 106
100 180 151
168 181 346
64 188 410
187 188 152
15 194 244
125 201 677
132 214 296
32 216 155
197 231 338
92 232 133
1 233 896
81 238 245
84 242 303
112 250 197
10 258 229
209 270 182
215 278 189
22 280 190
176 282 664
156 286 261
125 292 235
299 301 265
103 304 132
46 305 144
309 316 163
219 318 816
293 319 198
78 321 265
75 333 617
164 336 331
237 340 231
29 341 273
55 341 325
90 341 271
149 348 301
325 353 920
306 361 995
44 362 116
205 364 530
252 370 173
301 374 120
54 376 217
241 377 260
178 378 254
159 382 189
208 383 248
112 388 278
176 391 190
60 394 147
215 395 232
307 396 232
389 398 225
134 402 181
216 403 136
74 407 143
152 408 296
288 411 284
34 413 368
28 418 430
107 421 139
69 423 414
193 424 225
412 426 941
27 431 233
421 434 212
389 437 286
301 438 252
162 443 162
133 449 172
374 452 110
382 460 911
368 462 927
408 462 112
245 465 267
455 467 315
222 470 573
411 472 154
308 473 154
261 475 275
6 477 273
203 479 284
222 481 299
267 485 337
337 487 351
6 493 197
18 493 169
211 503 186
33 507 214
490 508 574
479 509 296
128 510 267
501 515 152
66 523 204
45 525 198
236 532 201
359 534 375
488 536 197
500 536 239
416 537 286
342 538 196
60 539 548
64 541 206
102 542 315
117 542 230
296 544 260
439 548 615
540 548 573
123 551 119
532 555 150
554 557 232
106 561 184
51 566 181
524 570 309
74 573 610
203 573 318
558 578 245
63 579 661
474 581 300
134 585 276
480 588 149
273 590 202
543 593 369
111 596 271
483 597 300
49 599 234
283 599 295
85 601 119
22 603 249
474 603 295
599 604 193
314 605 149
373 605 335
186 606 230
391 610 207
252 611 746
433 616 323
437 617 252
586 620 309
533 628 667
58 631 361
595 631 104
298 632 136
539 634 169
215 635 235
533 635 177
436 639 158
319 648 250
415 648 258
174 649 240
273 653 116
130 657 143
326 657 993
195 659 276
314 659 179
16 660 124
648 661 230
280 662 222
467 663 224
235 665 371
477 666 171
484 668 342
435 671 219
240 672 280
646 673 172
665 673 106
484 675 277
598 675 339
338 678 145
370 680 381
558 682 248
214 683 243
295 684 332
121 685 177
101 686 259
239 688 226
9 693 155
143 695 180
412 695 962
510 696 261
681 698 117
415 700 181
442 703 160
222 706 326
131 708 349
31 710 263
420 716 323
563 719 193
185 720 249
56 721 163
395 722 139
211 723 158
535 727 323
443 730 277
294 731 289
332 731 254
122 732 210
352 732 134
468 733 268
553 733 561
139 735 754
731 735 153
498 737 119
600 738 174
246 739 221
81 743 548
468 745 177
264 748 210
630 752 199
192 754 136
220 759 126
600 762 234
740 763 762
258 765 125
145 767 268
469 771 185
163 772 224
168 772 365
88 775 819
199 776 172
517 776 204
609 776 221
253 778 133
513 779 568
201 780 139
339 782 155
7 785 212
481 787 274
704 788 238
420 793 162
350 796 165
592 797 966
260 799 219
294 799 254
373 802 805
770 804 109
265 805 116
402 809 181
621 815 206
618 818 791
609 819 127
613 822 185
597 827 190
95 828 201
279 829 234
195 830 237
414 831 399
275 834 147
217 835 123
120 836 163
153 837 154
401 837 897
204 838 367
689 838 271
358 841 235
651 847 124
19 849 190
575 849 587
535 851 215
51 852 174
254 853 166
140 857 111
655 859 112
404 860 524
480 860 310
35 862 629
845 862 191
3 863 153
345 863 154
723 864 173
452 865 310
580 865 289
816 873 184
227 877 295
470 877 112
869 878 244
32 883 101
98 884 266
55 885 224
602 885 280
376 886 355
769 886 223
86 888 242
75 889 177
457 890 536
880 892 203
581 896 842
653 899 268
851 900 357
816 901 188
430 903 102
241 908 176
751 908 160
566 910 216
487 912 297
895 916 535
572 917 253
851 918 372
388 919 258
572 922 166
72 925 371
440 925 277
924 925 209
623 926 227
136 927 117
376 928 938
549 928 118
760 930 178
918 930 168
674 932 101
403 933 543
450 935 169
649 936 347
869 937 335
680 939 264
213 941 200
931 942 276
576 946 191
943 947 210
817 950 261
706 953 253
144 955 137
684 956 207
742 959 245
253 965 208
783 965 100
644 966 252
621 967 252
126 968 133
774 968 140
349 970 284
704 973 261
795 973 209
54 975 780
951 975 119
156 976 171
274 977 109
445 977 219
555 977 131
53 978 106
821 980 105
923 982 209
747 983 194
848 984 178
346 985 221
175 990 278
186 992 284
441 992 290
99 994 241
153 999 227
458 1004 179
825 1005 271
409 1006 275
716 1006 262
155 1007 288
402 1008 162
592 1010 305
385 1011 239
33 1013 315
417 1013 141
748 1013 262
226 1014 237
549 1015 113
581 1016 255
146 1017 159
261 1020 129
905 1021 145
1018 1023 216
789 1024 240
993 1024 199
261 1028 616
938 1029 147
780 1030 248
783 1032 234
379 1035 206
933 1036 134
353 1037 405
109 1039 369
13 1040 180
407 1040 199
654 1041 130
784 1041 140
904 1043 108
914 1046 195
1027 1046 348
1000 1047 294
96 1049 305
502 1050 182
597 1051 288
102 1052 170
481 1053 235
97 1057 254
890 1057 263
21 1058 113
357 1059 980
362 1062 707
322 1063 152
518 1064 119
671 1066 297
714 1066 179
68 1067 256
494 1067 132
880 1072 344
916 1073 944
513 1075 322
70 1076 232
108 1079 126
163 1081 118
356 1081 228
796 1085 134
703 1087 166
944 1087 244
808 1089 300
94 1090 253
783 1090 349
96 1092 216
613 1094 348
646 1096 700
709 1097 144
983 1097 131
878 1098 905
998 1098 233
15 1100 119
543 1102 187
7 1103 181
854 1106 202
113 1108 212
734 1109 351
846 1109 317
1034 1111 218
1098 1111 959
525 1112 163
622 1112 214
218 1113 175
250 1115 466
596 1115 351
717 1118 223
364 1119 218
1090 1122 305
307 1123 160
300 1124 260
529 1124 244
174 1126 269
635 1127 303
806 1127 198
249 1129 205
53 1133 208
274 1133 133
450 1134 327
1103 1134 102
710 1135 219
520 1139 295
897 1139 261
707 1142 271
492 1144 936
644 1144 215
404 1145 296
825 1146 248
912 1149 121
829 1151 145
446 1152 201
520 1153 168
77 1154 178
128 1156 852
561 1156 133
64 1157 260
864 1157 150
905 1157 593
160 1159 846
174 1159 161
189 1160 124
383 1160 348
920 1160 254
584 1162 300
508 1163 279
151 1164 318
193 1165 284
664 1165 797
50 1167 350
141 1168 156
159 1168 160
855 1172 159
1028 1172 172
206 1175 208
330 1175 243
1069 1176 223
277 1179 289
1051 1181 736
317 1184 265
385 1185 217
559 1186 125
728 1186 128
947 1190 172
1081 1190 201
582 1191 220
996 1191 194
580 1192 111
321 1193 901
702 1195 168
574 1196 185
20 1197 357
941 1197 307
559 1198 327
463 1200 215
836 1200 243
450 1201 259
200 1202 189
734 1205 134
898 1205 278
328 1207 102
54 1208 159
703 1208 114
298 1209 188
199 1210 871
568 1210 280
109 1211 183
681 1212 237
71 1213 198
693 1214 296
171 1215 193
181 1216 171
1214 1216 309
582 1218 200
968 1218 107
258 1219 305
1179 1219 190
292 1220 180
399 1222 246
991 1223 205
392 1226 318
661 1228 126
622 1229 128
903 1229 233
917 1230 280
467 1233 276
1070 1233 293
998 1234 225
1077 1235 186
1150 1235 249
347 1236 198
1113 1238 234
28 1239 280
110 1239 212
118 1239 453
448 1242 242
409 1243 146
677 1245 148
961 1245 898
1105 1245 268
444 1246 199
660 1247 691
1158 1247 213
517 1248 245
929 1248 238
132 1250 228
322 1250 189
180 1251 250
593 1252 296
1187 1253 152
286 1254 936
187 1255 164
1182 1256 987
151 1257 180
870 1258 286
854 1259 211
98 1262 193
354 1262 199
1031 1262 339
67 1264 101
346 1264 123
18 1265 175
494 1265 150
1219 1265 235
146 1266 104
1032 1267 125
1266 1267 104
726 1268 466
482 1269 367
556 1270 267
1217 1271 255
736 1272 806
1021 1273 883
142 1274 263
182 1274 281
924 1275 171
464 1276 246
704 1277 262
1067 1277 345
1195 1278 279
1184 1280 246
287 1281 129
729 1281 188
895 1282 331
8 1284 264
266 1285 246
397 1285 309
119 1287 220
614 1287 353
311 1288 380
493 1288 108
307 1289 194
1158 1289 230
173 1290 140
601 1291 119
687 1291 260
594 1292 260
931 1292 112
866 1293 258
1088 1293 137
476 1294 187
768 1295 311
855 1295 308
753 1298 182
82 1300 145
209 1301 342
545 1301 256
416 1302 276
1236 1302 276
239 1304 286
1266 1304 308
752 1305 168
881 1307 838
113 1309 162
1010 1310 113
828 1311 174
1270 1313 249
461 1316 118
717 1317 856
735 1318 240
1244 1320 490
1256 1321 305
161 1322 253
650 1324 148
1231 1325 561
444 1326 127
882 1326 256
1161 1326 193
1313 1327 288
871 1329 204
575 1330 158
384 1331 217
11 1332 194
57 1332 197
1143 1332 708
127 1333 147
260 1333 191
290 1334 842
1055 1334 298
676 1335 252
1167 1335 129
405 1336 246
1251 1337 100
491 1339 198
645 1339 205
677 1341 248
939 1341 250
329 1344 184
492 1345 122
523 1346 301
918 1347 869
1343 1347 287
59 1349 350
1019 1349 176
2 1350 357
147 1350 213
1225 1351 234
559 1352 195
682 1352 242
76 1354 206
1003 1354 198
1351 1354 169
794 1355 332
1017 1355 161
251 1356 207
1339 1357 148
1191 1358 211
1146 1360 148
611 1361 247
661 1361 973
874 1362 228
109 1364 185
978 1365 238
421 1366 244
571 1366 134
196 1367 106
689 1368 214
678 1369 147
1275 1369 482
595 1370 203
1173 1370 153
223 1373 147
1121 1373 132
19 1378 142
826 1381 216
483 1382 181
190 1383 211
319 1383 211
387 1383 194
15 1384 245
62 1384 206
807 1384 525
291 1386 254
1063 1387 182
1120 1387 990
802 1388 338
560 1390 245
781 1393 975
57 1395 168
60 1395 199
367 1396 241
1229 1396 197
570 1397 137
1164 1397 210
365 1399 115
21 1400 120
1110 1400 226
1195 1400 279
533 1401 192
1126 1401 230
1312 1401 180
522 1402 287
852 1402 155
447 1403 985
1057 1404 326
1305 1405 280
1307 1405 141
11 1406 199
1130 1406 224
1227 1406 467
321 1407 165
265 1409 169
42 1410 320
1095 1410 141
1171 1411 321
489 1412 116
790 1412 154
1073 1413 249
743 1414 292
778 1414 357
69 1415 178
291 1415 346
212 1417 226
1223 1418 232
562 1419 213
1089 1419 307
866 1420 301
591 1424 136
922 1424 221
931 1425 522
742 1426 354
831 1427 206
141 1428 721
1318 1428 785
1128 1429 187
188 1430 235
773 1430 143
142 1431 281
155 1432 117
352 1432 361
712 1432 201
954 1434 179
579 1435 238
13 1436 147
370 1437 180
1043 1438 191
938 1439 137
282 1441 190
502 1442 141
1377 1442 199
694 1443 223
225 1444 162
880 1447 898
577 1448 228
48 1449 197
796 1449 325
637 1451 216
1158 1455 242
1143 1458 103
653 1459 139
453 1460 166
897 1460 192
907 1461 993
1375 1461 165
451 1462 247
662 1462 216
998 1463 195
27 1464 261
717 1465 223
602 1466 238
942 1466 214
1205 1466 217
295 1468 285
276 1469 209
179 1471 128
259 1471 209
129 1472 245
996 1472 151
208 1473 176
730 1474 102
400 1475 283
115 1476 364
1027 1477 155
519 1478 273
713 1479 163
71 1481 134
162 1482 266
531 1482 188
383 1486 272
764 1489 325
1062 1489 273
1431 1489 110
638 1490 109
101 1491 969
919 1492 182
1192 1492 320
833 1493 357
642 1494 299
337 1495 227
1255 1495 135
147 1496 227
1422 1496 312
504 1499 153
338 1500 171
728 1500 696
927 1501 231
299 1502 251
528 1502 289
969 1503 246
705 1504 276
1457 1504 841
875 1505 108
330 1507 195
549 1508 995
658 1508 113
39 1509 165
311 1509 252
111 1511 147
633 1512 232
945 1513 297
312 1515 246
993 1515 315
1260 1516 277
403 1517 104
56 1520 230
563 1521 186
239 1523 198
1286 1524 240
1334 1524 218
988 1525 181
1065 1526 194
145 1527 216
451 1528 201
237 1530 176
1209 1530 216
1261 1532 126
1479 1532 272
721 1533 276
170 1534 110
292 1536 157
567 1536 168
380 1537 171
813 1538 894
106 1539 153
91 1541 147
647 1541 181
793 1542 203
948 1542 137
20 1544 197
254 1544 205
709 1545 119
760 1546 239
652 1547 204
850 1547 143
725 1548 188
224 1550 103
662 1550 850
741 1552 187
805 1552 497
325 1553 285
1007 1554 294
573 1555 198
1523 1555 241
211 1556 238
708 1556 252
1413 1556 142
1143 1557 259
749 1560 273
868 1560 361
1151 1561 509
674 1562 913
53 1563 268
577 1564 118
419 1565 202
473 1565 139
1033 1567 258
829 1569 281
1331 1571 192
1423 1572 125
385 1573 197
876 1574 136
432 1575 305
1014 1575 208
1022 1576 198
972 1577 576
1368 1577 168
14 1578 194
732 1578 330
832 1578 259
825 1579 179
191 1580 212
1371 1580 259
410 1581 189
1484 1581 471
948 1582 213
371 1584 187
1274 1584 273
628 1585 254
187 1586 168
846 1586 206
912 1587 144
644 1589 234
685 1590 293
1513 1590 295
1583 1590 104
283 1592 186
1455 1594 260
786 1595 183
1467 1595 262
323 1596 100
774 1596 270
1580 1596 227
1137 1597 185
1232 1597 230
995 1599 279
1363 1599 169
1340 1600 367
1026 1601 185
1071 1601 718
1444 1602 187
1308 1603 121
552 1604 151
262 1605 835
355 1605 172
1049 1605 330
521 1606 298
547 1606 947
1210 1606 203
248 1607 303
571 1608 112
250 1609 157
486 1610 178
1566 1610 114
1306 1611 104
379 1613 287
1393 1613 205
202 1614 181
984 1616 824
501 1617 340
23 1618 203
844 1618 235
780 1620 287
1201 1621 253
1325 1622 251
1587 1623 275
957 1624 180
638 1625 398
1148 1625 243
304 1626 190
23 1627 251
31 1628 112
564 1628 177
185 1629 241
883 1629 208
1627 1631 155
63 1632 253
1311 1633 141
1470 1633 192
10 1634 193
17 1635 121
707 1637 214
667 1638 120
1392 1638 111
1319 1639 162
182 1640 211
860 1641 221
866 1641 171
1071 1641 153
228 1642 298
1142 1642 170
439 1643 231
30 1644 211
464 1644 152
1636 1644 201
313 1645 185
964 1646 248
1388 1646 160
89 1647 197
48 1651 347
538 1652 130
1147 1652 987
138 1653 317
1001 1653 117
396 1654 349
202 1655 306
150 1656 128
636 1656 199
730 1657 113
527 1658 248
116 1659 140
979 1660 341
1315 1662 202
185 1663 180
248 1663 623
840 1663 388
219 1664 217
891 1664 166
982 1664 273
877 1665 285
1273 1665 203
506 1666 186
1446 1667 709
1505 1668 355
822 1669 116
994 1669 251
1056 1669 221
524 1670 230
667 1670 164
1185 1670 153
904 1671 254
788 1672 160
1454 1672 238
384 1673 274
875 1673 221
1141 1673 184
716 1674 120
843 1675 202
436 1676 150
546 1676 237
953 1677 261
1294 1677 216
1077 1678 212
1417 1678 348
823 1679 120
1482 1679 179
645 1680 960
1562 1680 323
881 1681 380
745 1683 330
1433 1684 184
344 1685 313
345 1685 178
1588 1686 177
1439 1687 260
692 1688 238
1216 1689 269
755 1690 187
1621 1690 130
230 1691 306
1525 1691 255
453 1692 272
1351 1693 237
699 1695 375
1054 1695 135
275 1696 155
331 1696 282
1537 1697 268
1688 1697 191
964 1699 360
1570 1699 282
221 1700 158
668 1700 345
894 1700 208
1366 1701 175
333 1702 234
137 1703 186
832 1703 196
94 1704 163
862 1704 199
238 1705 189
771 1705 209
117 1706 961
168 1707 237
367 1707 141
1165 1707 558
427 1710 200
475 1710 250
226 1712 213
183 1713 334
224 1713 267
1026 1713 319
1372 1714 120
1227 1715 264
744 1716 340
162 1717 202
393 1717 108
429 1719 117
569 1719 315
1403 1720 167
1497 1720 356
591 1721 258
1611 1721 141
787 1723 168
1420 1723 166
5 1724 178
976 1724 385
79 1725 231
1530 1725 640
1047 1726 198
1496 1726 264
136 1729 229
1561 1729 189
512 1730 111
1667 1731 195
627 1732 847
329 1733 146
1718 1733 213
236 1734 216
1445 1735 253
1645 1735 280
317 1736 170
1497 1736 194
1106 1737 628
624 1739 335
483 1740 133
304 1742 228
847 1743 183
1529 1743 214
823 1744 113
830 1746 238
1001 1746 108
666 1747 363
893 1748 153
1474 1748 200
1511 1750 523
957 1751 156
1566 1752 251
565 1754 252
1042 1754 126
811 1755 249
1648 1755 178
978 1756 253
1012 1757 308
1189 1757 237
770 1759 243
815 1760 213
752 1761 190
589 1762 108
1662 1762 269
453 1763 209
1101 1763 288
849 1764 185
694 1767 350
381 1768 120
562 1769 246
300 1770 131
1140 1770 175
323 1771 295
1649 1771 293
1760 1771 295
1683 1773 239
1389 1774 254
465 1775 153
753 1775 262
1319 1776 297
1327 1776 138
554 1779 305
607 1781 279
8 1782 275
1459 1783 255
1483 1783 302
221 1784 785
1758 1784 195
88 1785 164
332 1785 153
1498 1787 152
56 1789 180
1345 1792 168
5 1795 267
1397 1795 153
1147 1796 330
1726 1797 160
794 1798 174
103 1799 291
538 1799 245
930 1799 340
632 1800 218
337 1802 299
356 1803 374
1724 1803 348
665 1806 181
971 1806 250
1023 1808 186
1614 1808 153
1650 1808 342
1477 1809 139
87 1810 339
873 1811 177
1206 1811 998
800 1812 805
1464 1812 195
1392 1813 111
425 1815 946
697 1815 233
669 1816 263
798 1817 139
1773 1818 148
1498 1819 350
1119 1820 240
1600 1820 306
1657 1820 220
154 1821 143
1308 1822 185
1456 1822 232
672 1823 182
587 1824 281
607 1824 227
210 1825 185
836 1825 167
904 1825 337
519 1826 205
696 1827 229
945 1827 230
641 1828 248
1493 1828 179
768 1829 244
1522 1829 352
501 1830 237
901 1830 109
306 1831 215
671 1831 178
1648 1831 257
320 1832 284
24 1833 107
701 1834 136
1827 1834 225
1314 1835 857
1470 1835 164
1762 1835 126
463 1836 161
820 1836 110
1490 1836 222
309 1837 133
372 1837 166
1114 1837 129
317 1838 199
550 1838 152
154 1839 124
476 1839 204
1360 1840 142
294 1841 165
77 1842 250
1367 1842 192
1797 1842 368
906 1843 224
399 1844 187
1185 1845 107
234 1846 267
104 1847 453
255 1847 246
1016 1848 227
1063 1848 599
413 1849 225
798 1849 149
369 1850 233
1272 1851 336
1398 1851 166
1781 1852 288
1675 1853 166
1163 1854 165
1546 1854 262
1310 1855 170
1060 1856 148
844 1857 160
216 1859 317
1096 1859 321
1481 1860 214
87 1861 308
642 1861 299
1286 1862 138
70 1863 278
552 1865 270
1518 1867 247
1791 1868 202
255 1869 252
1674 1869 260
148 1870 113
1089 1870 288
138 1871 151
1852 1872 204
1483 1873 275
1756 1874 326
845 1875 308
1008 1876 242
410 1877 199
1551 1877 180
861 1878 274
945 1878 159
1074 1879 240
561 1880 738
565 1880 112
1876 1880 801
270 1882 189
1083 1882 206
1083 1883 172
1424 1883 194
1785 1883 218
393 1884 146
306 1885 262
698 1887 276
1485 1889 122
116 1890 261
1122 1890 211
1129 1890 141
1306 1891 264
1718 1891 160
381 1892 271
655 1892 126
1053 1893 209
1849 1893 217
74 1894 244
625 1894 353
761 1895 275
1519 1895 139
275 1896 919
1775 1896 132
114 1897 209
811 1897 613
974 1898 143
579 1899 217
246 1900 103
78 1901 260
1716 1901 150
172 1902 146
1841 1903 261
205 1904 190
1608 1906 289
414 1908 277
1774 1908 252
1128 1909 698
1425 1910 149
1788 1910 654
1822 1911 372
1088 1912 306
556 1914 715
767 1915 208
1237 1915 240
1269 1916 202
1453 1916 313
756 1917 858
1317 1917 207
600 1918 190
782 1918 344
1632 1919 295
432 1920 232
490 1920 192
756 1921 126
1106 1922 252
1665 1922 158
331 1923 118
1291 1923 330
514 1924 102
1350 1924 121
1144 1926 270
1093 1927 216
1768 1929 220
80 1930 130
757 1930 178
1543 1930 121
218 1931 238
1263 1931 366
1588 1931 165
1727 1933 194
220 1935 224
770 1935 264
202 1936 161
1119 1936 107
1575 1937 228
1318 1938 287
190 1939 931
1386 1940 131
163 1941 237
923 1941 203
1532 1942 285
1740 1943 304
274 1944 171
777 1944 195
1364 1944 152
611 1945 201
1227 1946 245
1437 1946 180
1132 1947 273
517 1948 240
803 1949 364
1857 1949 248
512 1950 205
1448 1951 192
1512 1952 122
744 1953 116
768 1953 194
1440 1953 251
169 1954 246
1614 1955 106
1701 1955 131
1751 1955 149
1954 1956 369
1187 1957 225
1423 1958 342
1514 1958 104
1092 1960 294
86 1961 132
1749 1961 345
875 1962 296
1102 1962 597
908 1963 146
1050 1963 138
1640 1963 230
551 1964 275
45 1965 273
1548 1965 282
712 1966 248
495 1967 142
842 1967 204
26 1968 216
406 1970 155
1181 1970 198
1752 1970 158
639 1972 161
1914 1972 303
300 1973 205
984 1973 251
899 1974 944
1037 1974 367
1038 1975 823
1708 1975 182
519 1976 240
789 1977 958
1841 1977 149
204 1978 180
1298 1978 187
1650 1978 858
40 1979 245
1084 1981 218
1804 1981 162
1761 1982 287
106 1983 102
1490 1983 115
478 1984 242
785 1984 308
1337 1985 932
1712 1985 239
1844 1985 125
86 1986 328
1042 1986 146
532 1987 135
1297 1987 236
1766 1987 146
408 1989 288
1948 1989 236
1969 1989 884
690 1990 232
872 1990 232
1082 1990 328
452 1991 209
505 1991 130
833 1992 263
13 1994 263
204 1995 208
326 1995 149
1281 1995 201
65 1996 372
522 1996 203
108 1997 245
1321 1998 317
571 1999 223
882 1999 229
475 2000 210
1149 2000 109
397 2001 205
1589 2001 165
1967 2001 169
1410 2002 170
664 2003 188
1103 2004 119
492 2005 137
101 2006 165
1786 2006 332
1809 2006 217
990 2007 230
1572 2007 366
395 2008 327
1006 2008 168
118 2009 212
102 2010 172
970 2010 768
1904 2011 132
1994 2011 198
1456 2012 192
1488 2012 125
932 2015 289
972 2015 193
1917 2015 110
1472 2016 134
1375 2017 113
377 2018 277
819 2018 189
1950 2018 136
729 2019 245
1382 2019 286
615 2020 214
966 2021 110
1020 2022 174
320 2023 344
1717 2023 186
506 2024 148
57 2025 254
963 2025 119
1567 2026 240
425 2027 138
431 2027 824
1680 2027 227
1347 2028 237
574 2029 202
1855 2029 186
1340 2030 300
1524 2030 174
756 2032 351
1480 2032 113
323 2033 165
793 2034 140
840 2034 346
363 2035 167
1553 2035 219
603 2036 146
1778 2036 737
937 2037 297
1469 2037 181
445 2038 500
198 2039 109
1740 2039 139
1911 2039 219
583 2040 285
476 2041 184
498 2041 230
1901 2041 157
610 2042 161
556 2043 227
620 2043 250
692 2043 307
1183 2043 210
834 2044 229
1539 2044 178
626 2045 213
1287 2045 289
1639 2047 215
439 2048 228
802 2048 297
507 2049 192
760 2050 905
1927 2050 134
287 2051 250
1790 2051 639
1999 2051 195
179 2052 184
272 2052 282
826 2054 574
1727 2054 177
165 2055 191
2049 2055 227
1118 2057 166
1494 2057 192
915 2058 289
1414 2058 327
176 2061 322
1303 2062 243
1926 2063 151
1387 2064 241
1687 2064 226
591 2065 140
861 2065 282
1249 2065 907
80 2066 325
1446 2066 139
143 2067 144
1045 2068 232
1643 2068 167
728 2069 357
1661 2069 234
509 2070 220
1129 2070 123
1979 2070 317
272 2071 172
350 2072 167
934 2072 248
1739 2072 223
59 2073 248
378 2073 179
1328 2073 958
775 2074 252
1028 2074 326
1344 2074 965
1380 2075 198
1515 2075 292
1060 2076 223
1843 2076 306
62 2077 168
135 2077 252
488 2077 203
441 2078 319
157 2079 170
462 2080 192
1391 2080 361
63 2081 914
1338 2081 235
1912 2081 347
807 2082 312
1007 2083 270
1278 2083 113
1087 2084 195
1608 2084 144
932 2085 264
262 2086 306
670 2086 620
894 2086 806
297 2087 142
1206 2087 124
302 2090 326
411 2090 295
1172 2091 178
1192 2091 191
1204 2091 148
677 2092 162
1004 2092 181
737 2093 392
1912 2093 102
142 2094 153
1336 2094 213
1840 2095 147
1900 2096 206
1084 2097 824
1927 2097 214
1960 2097 847
437 2098 109
213 2099 290
691 2099 184
636 2100 161
1913 2100 260
587 2101 246
1079 2101 131
2075 2101 876
391 2103 227
568 2103 234
2017 2103 245
936 2104 191
1668 2104 215
2016 2105 212
2042 2106 206
808 2107 326
1254 2107 254
1646 2107 278
1135 2108 282
1766 2109 242
334 2110 199
267 2111 134
164 2112 110
1864 2112 276
390 2113 259
921 2113 234
313 2114 229
725 2114 273
65 2115 116
1798 2116 333
1904 2117 245
126 2118 213
539 2118 191
1066 2119 112
1932 2119 224
1810 2120 331
30 2121 263
558 2122 123
1215 2122 201
1722 2122 118
1010 2123 102
1928 2123 220
2120 2124 285
1308 2126 257
1457 2126 246
76 2127 132
626 2127 197
85 2128 154
277 2128 205
1 2129 130
1268 2131 851
399 2132 326
466 2133 325
1154 2133 938
285 2136 131
1180 2136 653
1794 2137 180
682 2138 249
1342 2138 252
416 2139 229
512 2140 224
1923 2140 185
1933 2140 179
88 2141 233
1939 2141 194
95 2142 303
1421 2143 372
1666 2144 222
1830 2144 217
917 2145 115
1921 2145 132
293 2146 168
253 2148 167
1346 2149 791
2016 2149 316
2044 2150 192
105 2151 213
856 2151 834
684 2152 268
470 2153 109
746 2153 110
1722 2154 235
1220 2155 299
1784 2156 189
7 2158 212
2115 2158 281
16 2159 173
334 2161 121
812 2161 148
449 2162 289
1909 2162 250
225 2163 304
557 2164 272
1019 2164 169
1080 2165 152
625 2167 350
705 2167 213
1224 2167 947
623 2168 106
22 2169 338
108 2169 306
1072 2171 141
272 2172 245
273 2172 269
1343 2172 205
986 2173 363
1672 2174 188
1972 2174 153
357 2175 214
1848 2175 262
1527 2176 266
1792 2176 266
1984 2176 275
515 2178 155
629 2178 273
848 2178 114
1554 2179 120
160 2180 110
781 2180 226
184 2181 175
721 2181 332
971 2181 128
394 2182 199
1485 2182 223
1123 2183 166
2056 2186 258
2058 2186 311
1447 2187 189
1809 2187 347
1818 2188 288
2078 2188 212
486 2189 114
1259 2189 292
2152 2190 297
924 2191 205
1153 2191 306
1500 2193 871
2180 2193 936
1905 2194 267
814 2195 152
1379 2195 240
39 2196 955
741 2198 177
1221 2200 308
606 2201 228
518 2202 262
804 2203 235
1377 2203 749
900 2204 148
1679 2205 232
749 2207 288
387 2208 122
1312 2208 373
592 2209 120
779 2209 251
2132 2209 308
605 2210 173
663 2210 264
1882 2211 175
765 2212 184
1044 2213 218
1079 2215 301
1283 2215 180
1813 2215 782
232 2216 165
867 2216 375
1212 2217 228
61 2218 314
1649 2219 267
580 2220 644
568 2221 161
563 2222 180
1925 2222 250
1749 2224 283
218 2225 252
1807 2225 178
943 2226 280
1241 2226 357
1589 2226 317
343 2227 210
649 2227 141
245 2228 216
1816 2228 206
2223 2228 247
1365 2229 707
1829 2229 249
17 2230 165
1659 2231 153
1611 2232 181
1052 2233 235
907 2234 214
1952 2234 304
97 2235 202
691 2236 179
803 2238 201
1404 2238 315
1058 2239 188
1671 2239 628
165 2240 173
1486 2240 219
1891 2240 182
872 2242 218
1146 2242 300
629 2243 190
1275 2244 270
2163 2244 312
670 2245 300
2031 2245 219
125 2246 283
557 2247 377
1812 2249 203
1309 2250 162
940 2251 252
2026 2251 199
297 2252 206
541 2252 318
650 2253 148
482 2254 305
1076 2254 193
2003 2254 869
431 2255 921
1152 2255 237
1711 2255 128
98 2256 292
1703 2256 609
971 2257 333
1938 2257 245
754 2258 657
937 2258 316
1946 2259 983
956 2260 257
43 2261 707
197 2261 998
749 2262 200
1442 2263 203
1747 2263 214
1514 2264 212
1488 2265 233
454 2266 121
1495 2266 172
178 2267 332
400 2267 356
2125 2268 189
1108 2269 239
988 2270 280
166 2271 253
2174 2271 277
821 2272 388
1846 2272 247
212 2273 259
2208 2273 186
94 2274 312
876 2274 136
1737 2276 369
1874 2277 640
348 2278 182
550 2278 227
1528 2278 289
852 2279 212
1781 2279 135
1056 2280 269
2121 2280 115
1719 2281 221
2021 2282 714
2055 2282 915
2014 2283 343
2130 2283 215
90 2284 199
2008 2284 154
58 2285 308
718 2285 136
1889 2285 106
161 2286 201
744 2286 179
1171 2287 177
2131 2287 155
1025 2288 993
1109 2288 226
223 2289 252
1525 2289 113
2260 2289 113
715 2290 278
1765 2290 293
2198 2291 137
2059 2292 153
246 2293 177
630 2293 187
1834 2294 100
1879 2294 261
43 2295 153
1626 2296 141
1694 2296 216
1237 2297 247
2233 2297 168
1365 2298 160
93 2299 161
2059 2299 989
1333 2300 140
1776 2300 318
177 2301 343
263 2301 300
2224 2301 110
503 2302 244
1692 2302 193
2035 2303 277
750 2304 254
2177 2304 151
1043 2305 282
1642 2306 302
365 2307 259
1190 2308 150
2024 2308 248
2217 2308 172
1159 2309 246
1832 2309 171
2045 2309 262
279 2310 232
435 2310 110
405 2311 133
1061 2311 190
404 2312 212
1586 2313 122
1768 2313 105
1549 2315 259
1730 2315 159
727 2316 125
2148 2317 183
1613 2318 194
1747 2318 253
1256 2319 977
1372 2320 526
1648 2320 126
2230 2320 231
2 2321 287
1790 2321 108
2267 2321 181
207 2322 209
355 2323 138
726 2323 259
447 2324 247
701 2324 222
714 2324 249
351 2325 181
1949 2325 146
654 2326 343
1166 2326 152
1362 2326 293
1 2327 233
365 2328 172
1379 2328 205
1148 2330 199
1438 2330 633
809 2331 137
474 2332 219
1676 2332 264
949 2333 277
574 2334 138
1244 2334 132
51 2335 303
140 2335 192
1088 2335 935
2036 2336 156
952 2337 320
552 2338 207
812 2338 217
2010 2338 204
116 2339 138
2062 2339 128
169 2340 188
1257 2340 169
1035 2341 672
1594 2341 311
700 2342 187
1977 2342 234
1626 2343 279
2007 2343 268
3 2344 103
846 2345 155
2311 2345 286
283 2347 200
1241 2347 136
859 2348 193
2060 2348 258
806 2349 239
1772 2349 299
1840 2351 188
1855 2351 287
1749 2352 245
1865 2352 400
774 2353 329
1529 2353 397
1736 2353 196
766 2354 314
1222 2354 283
1588 2355 336
1693 2356 225
830 2357 258
1997 2357 146
1991 2358 662
2337 2358 130
1750 2359 213
61 2360 303
1671 2361 124
935 2362 372
1602 2362 175
435 2363 226
1054 2363 246
1161 2364 213
1640 2364 104
2004 2365 171
81 2366 275
1252 2366 272
434 2367 285
762 2368 294
186 2369 258
1601 2369 186
1177 2370 212
1844 2370 168
430 2371 349
2013 2372 229
379 2373 275
2210 2373 176
2368 2373 141
1574 2374 194
1223 2375 206
1925 2375 218
268 2376 217
834 2376 182
12 2377 112
2026 2377 262
688 2378 186
52 2379 388
2360 2379 158
1374 2380 187
2312 2380 145
433 2381 112
792 2382 295
1816 2382 587
289 2383 146
1907 2383 151
445 2384 183
1935 2384 144
535 2385 372
1117 2385 678
1868 2385 355
100 2386 157
1074 2386 124
911 2387 143
962 2387 326
2132 2387 639
8 2388 250
485 2388 284
1455 2388 178
412 2389 181
33 2390 189
252 2391 681
914 2391 180
954 2391 281
1277 2392 152
2038 2392 869
772 2393 255
820 2393 307
1689 2394 360
1755 2395 573
1800 2395 267
148 2396 278
460 2396 333
1039 2396 279
946 2397 280
1131 2397 235
1194 2397 752
422 2398 171
1474 2399 168
2250 2400 191
1876 2402 200
2053 2403 112
2394 2403 375
1361 2404 162
1759 2404 251
119 2405 186
249 2405 797
364 2406 831
995 2406 188
1175 2406 143
667 2407 271
1251 2407 268
1619 2407 131
1718 2408 254
1969 2408 355
209 2409 359
621 2409 145
31 2410 191
1945 2411 129
2295 2411 196
336 2412 313
633 2412 243
2356 2412 226
114 2413 116
1919 2414 210
763 2415 190
1069 2416 250
1738 2416 226
1807 2416 218
184 2417 171
1861 2417 703
1576 2418 157
2344 2419 919
598 2420 942
1399 2420 354
210 2421 453
2316 2421 173
831 2422 224
2346 2422 299
1838 2423 161
1346 2424 165
1921 2424 140
152 2425 240
1716 2425 221
674 2426 173
1729 2426 255
906 2427 207
891 2428 206
1629 2428 218
956 2429 259
1329 2429 107
2398 2429 284
2110 2430 279
686 2431 279
942 2431 167
714 2432 197
1125 2432 207
812 2433 286
1091 2433 301
1980 2433 184
515 2434 827
1753 2434 179
1763 2434 184
499 2435 164
901 2435 634
206 2437 159
1958 2437 171
2206 2437 252
130 2438 237
545 2438 623
919 2439 178
164 2440 280
624 2441 265
1429 2441 239
2332 2441 352
390 2442 209
858 2443 358
2328 2443 122
343 2445 169
389 2445 774
1301 2446 198
2439 2446 316
827 2447 222
1540 2447 306
2158 2447 818
516 2449 115
2258 2449 272
141 2450 326
327 2450 157
754 2451 153
1741 2451 202
775 2452 258
1369 2453 103
1607 2453 308
1268 2454 971
393 2455 333
1225 2455 154
1550 2457 227
856 2458 961
1297 2458 176
207 2459 240
997 2459 223
584 2460 171
2371 2460 145
1554 2461 207
534 2462 247
2196 2462 360
2292 2462 122
92 2463 824
1968 2463 264
396 2464 323
614 2465 193
982 2465 387
1734 2465 139
1373 2467 337
839 2468 224
958 2468 174
1441 2468 201
79 2469 237
607 2469 349
2182 2469 272
1295 2470 270
157 2471 288
1533 2471 175
122 2472 261
2084 2472 175
960 2473 245
2375 2473 100
1024 2474 223
1579 2474 268
303 2475 340
657 2475 277
2020 2475 296
100 2476 887
759 2476 113
1225 2478 917
508 2479 207
1445 2479 223
2093 2479 171
32 2480 109
91 2480 107
2219 2480 353
497 2481 167
544 2481 278
2454 2481 113
247 2483 208
1101 2485 363
2164 2485 150
1508 2486 145
1783 2487 243
1328 2489 165
2177 2489 354
229 2490 156
1993 2490 121
1412 2491 155
2183 2491 314
985 2492 134
1228 2492 152
2090 2492 173
242 2493 251
1957 2493 212
213 2494 156
417 2494 401
2394 2494 314
1598 2495 158
980 2496 262
1962 2496 143
25 2499 136
2168 2499 327
2196 2499 658
751 2500 206
1282 2500 324
2031 2500 746
344 2501 226
713 2502 202
2402 2502 202
2440 2502 189
1385 2503 291
2322 2503 169
1728 2505 361
961 2507 795
203 2508 254
305 2509 139
1122 2509 281
751 2510 143
1426 2510 112
1801 2510 254
727 2511 326
821 2511 157
1394 2511 120
167 2512 141
900 2512 328
694 2513 128
1966 2513 356
2317 2513 290
309 2514 208
2203 2514 295
1476 2516 204
2418 2516 309
514 2517 335
619 2517 349
1733 2517 179
673 2518 233
1845 2518 747
1178 2519 304
1364 2519 198
2227 2519 200
1493 2520 168
1909 2520 297
626 2521 438
1208 2521 211
1186 2522 383
458 2523 748
1892 2524 120
2272 2524 760
2457 2524 216
1454 2525 309
360 2526 976
1687 2526 305
1240 2527 770
1487 2527 306
34 2528 210
352 2528 195
2374 2528 159
377 2529 345
1029 2529 932
981 2530 252
666 2532 173
1012 2532 202
2292 2532 127
1299 2533 141
2530 2533 147
1241 2534 337
2482 2534 117
244 2535 197
1124 2535 250
2206 2535 141
1149 2536 278
1385 2536 144
2516 2536 254
1353 2537 170
2312 2537 131
303 2538 109
1180 2538 118
1398 2538 219
324 2539 316
923 2539 195
1593 2540 261
2283 2541 949
238 2542 279
2498 2542 335
212 2543 142
2114 2543 343
1722 2544 279
2533 2544 241
818 2545 103
897 2545 335
1290 2545 156
1236 2546 232
1136 2547 212
2436 2547 178
1046 2548 224
1228 2548 204
2064 2548 227
987 2549 237
1598 2549 150
303 2550 178
1787 2550 237
1760 2551 279
1824 2551 162
686 2552 164
1242 2553 176
1992 2553 368
284 2554 239
804 2554 167
2401 2554 311
2150 2555 114
137 2556 146
1189 2557 236
1276 2557 278
1600 2557 160
1467 2558 111
594 2559 233
1603 2559 163
2087 2559 218
680 2560 187
1443 2560 242
2117 2560 232
2206 2561 190
2459 2562 182
1899 2563 262
2060 2563 133
2160 2563 204
194 2564 272
1134 2564 116
1316 2564 721
14 2565 160
941 2565 110
1535 2565 342
2189 2566 234
362 2567 227
2415 2567 189
2265 2569 151
2506 2570 157
736 2571 149
1888 2571 199
1564 2572 184
1389 2573 119
1570 2573 277
454 2575 246
1178 2575 304
14 2576 277
1893 2576 203
2186 2576 215
139 2577 276
344 2577 232
505 2578 257
1571 2578 117
2403 2578 154
438 2579 297
584 2580 211
1937 2580 162
1434 2581 405
1685 2581 167
233 2582 253
1173 2582 286
2483 2582 214
764 2583 315
1273 2583 319
1374 2583 110
1171 2584 281
2529 2584 130
2566 2584 132
123 2585 421
843 2585 204
2247 2585 966
1022 2587 234
2095 2587 193
2382 2587 196
1558 2588 197
2488 2588 293
1585 2589 240
1868 2589 388
2249 2589 237
1514 2590 150
241 2591 242
1126 2592 200
463 2593 295
2298 2593 188
791 2594 234
2251 2594 385
2431 2594 156
1075 2595 164
1154 2595 100
1517 2595 177
310 2596 241
289 2597 272
898 2597 284
1659 2597 142
604 2598 153
1996 2598 283
2113 2598 544
814 2599 105
139 2600 103
1591 2601 276
1630 2601 218
2405 2601 972
797 2602 779
2476 2602 346
612 2603 697
1355 2603 268
440 2604 631
1382 2604 690
281 2605 259
1925 2605 888
369 2606 146
42 2607 707
955 2607 209
560 2608 247
35 2611 299
189 2611 339
1142 2611 264
691 2612 245
1871 2612 201
1928 2613 148
2134 2613 259
1017 2614 310
1359 2614 271
734 2615 912
1390 2615 284
1540 2615 182
1019 2616 254
1155 2616 190
1166 2618 163
2602 2619 113
1873 2622 165
2148 2622 289
867 2623 861
612 2624 220
676 2624 170
1393 2624 101
193 2625 249
366 2625 348
2609 2625 171
325 2626 289
2361 2627 129
1655 2628 850
1970 2628 237
285 2630 745
2354 2630 309
2372 2630 211
510 2631 271
606 2631 259
886 2632 223
2185 2632 356
809 2633 222
879 2633 313
1583 2633 713
327 2634 254
643 2635 291
1135 2636 150
2378 2636 216
2527 2636 116
1772 2637 113
647 2638 267
1140 2638 294
1805 2638 118
67 2639 204
1702 2639 134
2484 2639 359
543 2640 112
596 2640 318
316 2641 348
490 2641 133
2138 2641 336
2022 2642 243
2023 2642 162
620 2643 337
1238 2643 951
67 2644 366
1342 2644 293
540 2645 107
1714 2645 169
921 2646 161
2123 2646 179
2522 2646 943
2169 2647 379
997 2649 155
2241 2649 250
2287 2650 145
398 2651 152
642 2652 354
790 2652 295
1280 2652 219
1584 2653 271
2124 2653 284
2579 2653 147
1009 2655 200
2059 2655 591
1296 2656 226
1487 2656 126
843 2657 172
879 2657 264
1761 2657 319
692 2658 145
2160 2658 226
1751 2659 188
2438 2659 312
360 2660 679
2452 2660 278
2046 2662 111
2329 2662 313
2635 2662 246
271 2663 246
654 2664 145
869 2664 126
1293 2665 173
1913 2665 184
2098 2665 889
473 2666 692
1092 2666 236
1592 2666 211
427 2667 122
466 2667 316
970 2668 323
1068 2668 200
2247 2669 225
1260 2670 158
839 2671 135
1623 2671 203
2303 2671 288
2613 2672 178
386 2673 113
2291 2673 360
879 2674 264
2243 2674 213
2346 2674 319
634 2675 278
958 2675 145
1585 2675 260
455 2676 640
1867 2676 217
1895 2677 114
739 2679 224
747 2679 164
1801 2680 166
1905 2680 200
2381 2680 210
1206 2681 389
1357 2681 110
2352 2681 171
564 2682 295
1263 2682 227
1459 2682 158
729 2683 307
1564 2683 201
2142 2683 236
2173 2684 247
910 2686 265
940 2686 227
612 2688 317
850 2688 314
1176 2688 465
247 2689 241
269 2689 128
349 2690 992
1576 2690 436
1686 2690 135
2402 2691 132
2477 2691 287
43 2692 976
757 2692 298
2244 2692 105
1624 2693 153
124 2694 311
995 2694 242
651 2695 188
1668 2695 233
1852 2695 190
1647 2696 342
1437 2697 258
2231 2697 253
2647 2698 174
551 2699 100
1826 2699 224
2498 2699 181
1094 2700 137
1858 2700 290
651 2701 135
2596 2701 289
1638 2702 202
1875 2702 272
2029 2702 168
1045 2703 250
2291 2703 240
2129 2704 125
2200 2704 290
2604 2704 297
289 2705 214
1804 2705 234
277 2706 195
888 2706 264
544 2707 148
1966 2707 251
2153 2707 202
480 2708 194
810 2708 119
1728 2708 186
498 2709 247
1021 2709 334
1220 2710 242
183 2711 255
839 2711 258
1709 2711 124
1395 2712 295
1859 2712 196
2020 2712 139
324 2713 920
1769 2713 261
134 2714 217
1033 2714 550
2378 2714 187
685 2715 587
1194 2716 149
1897 2717 173
2307 2718 159
1002 2719 276
1375 2719 287
2248 2719 132
1331 2720 227
2485 2720 155
233 2721 195
525 2722 203
2200 2722 333
266 2723 155
951 2723 812
1806 2723 882
1884 2724 353
91 2725 128
127 2725 315
1456 2725 355
446 2726 305
622 2726 301
156 2727 236
712 2727 135
2623 2727 243
46 2728 260
2643 2729 787
2667 2729 236
1752 2730 199
192 2731 183
958 2731 275
1916 2731 279
2506 2731 302
104 2732 261
313 2732 223
1039 2732 261
44 2733 222
1918 2733 917
1348 2734 120
1860 2734 169
2670 2734 148
1218 2735 110
1887 2736 337
2314 2736 340
1473 2737 302
1604 2737 161
460 2738 223
1928 2738 263
997 2739 355
2617 2740 274
2735 2740 331
149 2741 351
1805 2741 242
1945 2742 199
339 2743 136
2095 2743 153
1391 2744 130
2136 2744 283
278 2745 826
1132 2745 148
1246 2746 768
1002 2747 154
158 2748 120
2134 2748 840
1150 2749 447
58 2750 102
270 2750 374
1872 2750 256
687 2751 109
145 2753 189
375 2753 374
807 2753 231
769 2754 179
1196 2754 116
2472 2754 117
1167 2755 292
2679 2755 281
1569 2756 156
2192 2756 206
863 2757 252
903 2757 182
1738 2757 317
2005 2758 139
2404 2758 183
868 2759 260
2503 2759 135
1441 2760 194
618 2761 208
920 2761 269
1314 2762 297
1793 2762 200
324 2763 368
609 2763 183
314 2764 106
815 2764 174
1054 2764 119
590 2765 314
1528 2765 125
2640 2767 274
1900 2769 115
2013 2769 170
1866 2770 181
89 2771 276
264 2771 156
2507 2771 275
1137 2772 318
808 2773 238
2523 2773 157
763 2775 190
2185 2775 269
1104 2776 193
2408 2776 152
1138 2777 178
2505 2777 164
1422 2778 265
1059 2779 178
189 2780 191
1862 2780 129
1512 2781 273
1742 2781 226
25 2782 155
146 2782 198
2470 2782 299
320 2783 293
2457 2783 184
670 2784 609
461 2785 519
913 2786 251
640 2787 296
1617 2787 215
2369 2788 137
499 2789 154
964 2789 226
679 2790 251
1874 2790 274
190 2791 915
656 2791 164
641 2792 158
1044 2792 323
2066 2792 332
1543 2793 434
1929 2793 217
2534 2793 224
1501 2794 300
1630 2794 145
34 2795 212
824 2795 764
1055 2795 149
382 2796 337
11 2797 301
407 2797 199
2617 2797 122
1480 2798 278
2239 2798 126
935 2799 293
1392 2799 212
547 2800 198
2274 2800 121
152 2801 260
1992 2801 237
466 2802 130
616 2802 176
315 2803 893
1737 2803 271
2157 2803 361
236 2804 331
345 2804 296
2264 2805 103
2471 2805 194
646 2806 712
1075 2807 286
2111 2807 190
2651 2807 192
1202 2808 181
1591 2808 180
784 2809 292
366 2810 143
1058 2810 830
120 2811 255
1182 2811 152
1260 2811 211
360 2812 355
916 2812 176
2550 2812 212
1877 2813 273
710 2814 119
1621 2814 163
2778 2814 156
259 2815 116
1941 2815 253
1658 2816 151
547 2817 123
1107 2817 331
2033 2817 271
151 2818 295
1487 2818 136
2614 2818 250
1110 2819 212
905 2820 209
1115 2820 880
448 2821 257
1372 2821 293
2419 2821 261
226 2822 202
413 2822 230
1215 2824 278
2094 2824 171
2542 2824 957
933 2825 270
1065 2825 122
1222 2826 126
2685 2826 147
76 2827 201
975 2828 265
1981 2828 228
1316 2829 222
1329 2830 203
885 2831 250
1199 2831 644
1292 2831 237
2159 2832 179
1237 2833 163
2685 2833 136
569 2836 104
1217 2836 359
1998 2836 228
1248 2837 226
1523 2837 146
1953 2837 185
2456 2838 140
318 2839 137
348 2839 140
1507 2839 297
2777 2840 122
749 2841 179
2199 2841 176
2207 2841 124
2262 2841 109
2444 2841 356
2556 2841 135
68 2842 234
509 2842 295
2525 2842 155
2217 2843 207
386 2844 155
2314 2844 290
668 2845 174
1015 2845 504
1491 2846 226
1791 2846 127
1872 2846 193
1639 2847 179
2133 2847 144
842 2848 299
1885 2848 771
2358 2848 112
41 2849 161
883 2849 883
2608 2849 233
198 2850 281
526 2850 183
166 2851 103
2621 2851 120
1169 2852 262
1373 2852 214
2629 2852 316
1162 2853 143
2751 2853 191
2735 2854 304
2736 2854 119
335 2855 256
2466 2855 341
2648 2855 187
491 2856 591
1105 2856 184
82 2857 196
771 2857 260
2726 2857 142
169 2858 315
2165 2858 180
2440 2859 154
2442 2859 337
861 2860 234
2042 2860 282
792 2861 136
1371 2861 149
2835 2861 257
331 2862 248
2219 2862 100
1257 2863 330
1310 2863 674
2194 2863 284
936 2864 236
2187 2864 267
9 2865 116
1284 2865 224
1980 2866 185
2569 2866 248
1645 2867 336
2300 2867 604
1757 2868 147
2363 2868 256
2856 2868 278
286 2869 813
1226 2869 136
1345 2869 213
1286 2870 241
1376 2870 273
2102 2870 191
2398 2871 250
70 2872 283
368 2872 239
21 2873 246
785 2873 249
1249 2873 341
817 2874 189
2495 2874 187
2858 2874 239
1348 2875 181
1538 2875 197
117 2876 985
465 2876 100
2106 2876 158
2473 2877 189
1198 2878 291
1420 2878 237
2337 2879 198
1093 2880 280
170 2881 185
1100 2881 212
2609 2882 222
2738 2882 241
602 2883 215
953 2883 323
2221 2883 156
2860 2884 250
1833 2885 127
2220 2885 211
2687 2886 317
2730 2886 134
328 2887 237
2823 2887 789
1652 2888 216
1693 2888 135
1937 2888 276
1044 2889 310
1214 2890 120
1794 2890 359
1798 2890 211
177 2891 272
1609 2891 235
62 2892 982
1402 2892 325
2368 2893 176
2543 2893 241
1535 2894 185
1911 2894 181
147 2895 104
410 2895 251
2069 2895 137
2347 2896 182
2718 2896 234
150 2897 159
2591 2897 244
1296 2898 110
1337 2898 303
2340 2898 297
231 2899 120
542 2899 780
2610 2899 247
1283 2900 264
2654 2900 230
2384 2901 287
2571 2901 202
207 2902 238
2561 2902 241
2568 2902 202
1323 2903 127
1465 2903 122
2603 2903 263
972 2904 249
1128 2904 273
1592 2904 171
791 2905 261
1750 2905 293
2232 2905 139
1860 2906 193
1651 2907 144
1666 2907 198
157 2908 283
1934 2908 321
2763 2908 296
429 2909 134
1623 2909 346
2523 2909 287
2236 2910 213
2555 2910 108
1587 2911 172
1746 2912 101
2752 2912 260
1457 2913 282
375 2914 221
2590 2914 312
720 2915 217
2884 2915 221
19 2916 120
361 2918 333
1221 2918 195
26 2919 193
1551 2919 166
1815 2919 247
2154 2920 156
2784 2920 310
927 2921 172
2098 2921 919
2120 2921 221
459 2922 244
1727 2923 227
2756 2923 625
80 2924 349
1884 2924 122
1348 2925 115
1711 2925 184
259 2926 376
471 2927 247
1440 2927 223
1682 2927 294
2658 2928 466
2889 2928 146
840 2929 199
1617 2929 190
1843 2929 102
1085 2930 256
1579 2930 241
2609 2930 762
423 2931 203
2568 2931 215
1458 2932 215
1795 2932 137
2280 2932 846
2305 2933 155
892 2934 290
1138 2934 249
2626 2934 265
2678 2935 249
29 2936 757
950 2936 202
1545 2936 266
689 2937 130
2521 2937 106
587 2938 255
1073 2938 163
1745 2938 276
1299 2939 293
2634 2939 350
2827 2939 246
2062 2940 214
122 2941 188
746 2941 359
967 2941 200
37 2942 165
562 2942 285
1008 2942 292
1462 2943 219
1907 2943 329
2755 2943 933
418 2944 273
1618 2944 256
2901 2944 147
381 2945 265
961 2945 299
1905 2945 324
171 2946 306
2088 2946 197
1084 2947 164
1811 2947 115
384 2948 363
1445 2948 150
1706 2949 233
1994 2949 277
2875 2949 204
1376 2950 978
2629 2950 154
1423 2951 208
2601 2952 195
1602 2954 981
2928 2954 340
857 2955 174
2298 2955 197
2317 2955 123
818 2956 197
1120 2956 221
1224 2957 348
2810 2957 230
726 2958 158
2168 2958 112
2926 2958 181
318 2959 204
2266 2959 393
220 2960 182
1561 2960 287
371 2961 595
1650 2961 272
1739 2961 291
380 2962 874
2009 2962 146
1036 2963 565
1320 2963 263
251 2964 225
2229 2964 140
2279 2964 314
167 2965 521
2673 2966 245
264 2967 177
1078 2967 206
1814 2968 763
1961 2968 191
1011 2969 160
1689 2969 137
2498 2969 125
619 2970 206
1151 2970 112
1484 2970 309
183 2971 207
1821 2971 185
2146 2971 361
144 2972 234
955 2972 233
1238 2972 337
1410 2972 283
2607 2972 332
1965 2973 256
2213 2973 126
952 2974 106
1198 2974 289
2627 2974 286
706 2975 273
1112 2975 231
84 2976 229
225 2976 105
329 2976 255
2829 2977 207
1571 2978 129
2937 2978 307
447 2979 193
2621 2979 253
613 2980 200
2600 2980 383
911 2981 122
1091 2981 246
747 2982 294
2106 2982 243
1505 2983 224
1543 2983 373
1881 2984 204
1516 2985 190
2709 2985 285
2100 2986 104
2261 2987 131
2331 2987 889
49 2988 284
777 2988 239
2205 2988 904
1080 2989 265
2483 2989 326
623 2990 216
1475 2990 232
77 2992 100
2409 2992 185
2032 2993 218
2551 2993 867
2686 2993 182
1470 2994 351
1684 2994 226
1814 2994 261
529 2995 254
2501 2995 192
129 2996 154
442 2996 163
2117 2996 282
887 2997 297
1116 2997 324
1557 2997 183
2379 2998 209
446 2999 255
838 2999 172
1853 2999 329
1261 3000 150
1130 3001 166
655 3002 147
1053 3002 243
2102 3002 203
2201 3003 106
2216 3003 108
658 3004 212
2383 3004 258
2913 3004 185
750 3005 220
1074 3005 158
73 3006 190
1211 3006 775
2592 3006 148
545 3007 235
663 3007 147
702 3008 204
1052 3008 260
36 3009 249
406 3009 242
2364 3010 179
2553 3010 300
1566 3011 268
1938 3011 248
2177 3011 236
1896 3012 393
2647 3012 634
822 3013 209
999 3013 125
1371 3013 247
496 3014 190
1041 3014 179
1510 3014 362
350 3015 305
870 3015 301
2390 3015 105
530 3016 954
786 3016 289
590 3017 483
906 3017 241
1130 3017 602
107 3018 293
263 3019 246
1036 3019 304
2766 3019 169
1148 3020 933
2772 3020 317
2 3021 179
359 3021 174
367 3021 329
41 3022 130
1878 3022 227
2645 3022 222
167 3023 228
356 3023 152
2214 3023 277
1304 3024 750
1851 3024 334
601 3025 172
1461 3026 296
2454 3026 369
2768 3027 141
2972 3027 221
842 3028 268
1758 3028 254
2525 3028 101
722 3029 103
1559 3029 116
1678 3029 101
683 3030 310
1199 3030 175
701 3031 127
1610 3031 312
1711 3031 119
1807 3032 610
2796 3032 231
1082 3033 261
1187 3033 362
1903 3034 149
2497 3034 161
2649 3034 239
617 3035 489
2212 3035 269
2751 3035 173
884 3036 106
1940 3036 279
1433 3037 151
2192 3037 272
3025 3037 354
227 3038 220
1759 3038 235
466 3039 185
1153 3039 340
2089 3040 179
1677 3041 220
2717 3041 194
876 3042 221
1802 3042 305
604 3043 122
1170 3043 236
1341 3043 284
354 3044 211
2478 3044 337
1391 3045 210
2231 3045 132
2104 3046 174
2555 3047 156
2951 3047 388
374 3048 176
1447 3048 259
2992 3048 170
2313 3049 203
2506 3049 690
859 3050 204
37 3051 920
1481 3051 156
1604 3051 232
1789 3052 239
2126 3052 277
44 3053 203
2349 3053 212
955 3054 528
1095 3054 302
2607 3054 201
2661 3054 257
104 3055 182
1926 3055 258
2729 3056 163
417 3057 138
856 3057 112
1404 3058 144
2772 3058 228
2297 3059 248
2834 3059 217
803 3061 224
1032 3061 148
2154 3062 233
2924 3062 195
38 3063 124
2202 3063 176
2991 3063 293
854 3064 294
1027 3064 149
1885 3064 118
266 3065 230
2484 3065 154
996 3066 159
2518 3066 503
75 3067 177
1438 3067 438
1289 3068 453
1303 3068 215
2241 3069 170
2747 3069 231
322 3070 189
140 3071 235
564 3071 897
1203 3071 231
887 3072 139
2365 3072 160
2370 3072 661
1494 3073 213
1919 3073 225
3007 3073 251
423 3074 120
1003 3074 335
595 3075 235
2621 3076 292
1421 3077 165
1657 3077 209
2819 3077 327
1125 3078 869
2329 3078 176
1948 3079 221
2118 3079 235
133 3080 222
1619 3080 900
83 3081 823
1381 3081 202
1409 3081 992
268 3082 172
2765 3082 298
1328 3083 321
2430 3083 274
2762 3083 585
1478 3084 128
2263 3084 174
2442 3084 208
112 3085 191
983 3085 285
2540 3085 243
1009 3086 130
1594 3086 156
2399 3086 220
251 3087 247
1563 3087 345
1864 3087 330
398 3088 128
550 3088 210
2933 3088 153
457 3089 177
2461 3089 321
2742 3089 243
1315 3090 265
1819 3090 151
1952 3090 179
2116 3091 197
2957 3091 136
3000 3091 260
524 3092 169
1166 3093 708
1654 3094 158
1788 3094 203
1533 3095 481
2426 3095 135
96 3096 292
1800 3096 117
2205 3097 127
2249 3097 114
124 3098 251
1111 3099 114
487 3100 195
1120 3100 216
2693 3100 296
130 3101 299
873 3101 257
1426 3101 863
1595 3102 125
1764 3102 373
1858 3103 235
159 3104 297
1453 3104 256
1688 3105 170
2852 3105 251
45 3106 292
837 3107 231
1169 3107 368
1381 3107 201
738 3108 106
1213 3108 271
2825 3108 278
1031 3109 378
2470 3109 114
1469 3110 220
179 3111 319
1814 3111 106
2642 3111 298
656 3112 194
892 3112 859
1522 3112 155
1779 3113 196
2575 3113 118
1871 3114 215
3106 3114 153
335 3115 229
1780 3115 209
1396 3116 390
1513 3116 116
2325 3116 107
293 3117 120
1497 3117 323
3067 3117 240
242 3118 227
1492 3118 204
3098 3118 290
636 3119 707
1060 3119 352
72 3120 138
2418 3120 252
2522 3120 184
2607 3121 137
2768 3121 193
3027 3121 186
3054 3121 246
938 3122 232
2647 3122 111
3092 3122 291
786 3123 122
2246 3123 250
2605 3123 187
2911 3124 142
3061 3124 121
618 3125 334
1655 3125 114
2813 3125 308
2504 3126 281
290 3127 734
2165 3127 276
2948 3127 169
295 3128 183
1797 3129 308
2458 3129 148
2000 3130 200
844 3131 298
1619 3132 269
1818 3133 122
2962 3133 511
2980 3133 330
1385 3134 135
2145 3134 354
2390 3134 310
2173 3135 221
2558 3135 249
24 3136 230
1033 3136 251
1813 3136 205
698 3137 337
1116 3137 130
2380 3137 288
210 3138 301
2632 3138 258
1005 3139 126
1451 3139 148
1767 3139 153
1950 3139 146
1894 3140 218
46 3141 122
2049 3141 109
2456 3141 281
2128 3142 189
2749 3142 171
1683 3143 977
2143 3143 189
2742 3143 222
449 3144 136
1307 3144 108
2367 3144 201
1483 3145 251
3066 3145 379
520 3146 334
993 3146 133
1703 3146 115
342 3147 251
1435 3147 294
2305 3147 296
2552 3148 593
2975 3148 296
853 3149 306
1094 3150 250
1411 3150 314
1748 3150 128
718 3151 987
1791 3151 155
2783 3151 250
425 3152 130
514 3152 177
619 3152 160
357 3153 158
2835 3153 196
1377 3154 236
1857 3154 202
699 3155 207
1011 3155 185
3131 3155 203
2166 3156 170
2953 3156 191
1015 3157 193
1086 3157 233
1458 3158 254
782 3159 104
1193 3159 170
531 3160 177
1932 3160 155
2204 3161 553
2413 3161 197
3132 3161 984
171 3162 265
1407 3162 116
1968 3163 153
507 3164 181
589 3164 293
1959 3164 910
872 3165 124
1660 3165 152
1915 3165 684
2245 3166 208
3053 3166 308
954 3167 183
1145 3167 187
2913 3167 238
433 3168 224
1574 3168 152
2452 3168 365
1178 3169 135
1182 3169 197
1863 3169 297
2089 3170 206
3126 3170 275
1504 3171 276
2355 3171 189
2799 3171 972
1076 3172 209
1735 3172 109
2986 3172 127
409 3173 252
1243 3173 180
2923 3173 260
2088 3174 360
2135 3174 196
3159 3174 309
73 3175 126
1062 3175 339
172 3176 674
1886 3176 952
3060 3176 163
1253 3177 240
1352 3177 187
652 3178 951
1097 3178 244
2234 3178 183
135 3179 239
1732 3179 351
2896 3179 160
1709 3180 111
271 3181 129
1976 3181 946
3062 3181 305
1357 3182 217
2350 3183 198
2432 3183 205
155 3184 209
1792 3184 898
2655 3184 921
939 3185 238
2715 3185 243
1055 3186 150
1427 3186 368
758 3187 210
1767 3187 217
2724 3188 163
824 3189 200
1000 3189 221
2495 3189 255
687 3190 256
2276 3190 253
2862 3190 105
828 3191 222
2835 3191 256
296 3192 257
475 3192 306
1734 3193 416
503 3194 132
2629 3194 248
1150 3195 392
3040 3195 377
675 3196 195
2248 3196 296
3142 3196 147
1238 3197 770
1243 3197 110
1777 3197 339
2129 3197 385
669 3198 318
2439 3198 803
913 3199 167
1131 3199 313
2922 3199 125
2331 3200 180
2767 3200 343
505 3201 114
594 3201 357
1692 3201 675
208 3202 208
249 3202 116
1616 3202 244
1101 3203 217
2477 3203 657
3170 3203 977
1537 3204 105
1560 3204 209
1835 3204 220
2199 3204 233
2556 3204 104
371 3205 196
2562 3205 226
801 3206 214
1628 3206 706
1947 3206 259
1022 3207 144
1914 3207 279
2237 3208 278
2677 3208 178
3009 3209 284
3056 3209 195
769 3210 486
1297 3210 251
1541 3210 273
244 3211 241
773 3211 361
1471 3211 198
801 3212 216
2788 3212 312
66 3213 753
1658 3213 340
499 3215 356
893 3215 216
1199 3215 180
1102 3217 193
1624 3217 253
95 3218 341
794 3218 119
359 3219 182
715 3219 177
1787 3219 116
1419 3220 327
1661 3220 241
1988 3220 116
373 3221 324
1517 3221 156
2024 3221 247
181 3222 166
1559 3222 126
3185 3222 260
640 3223 210
1518 3223 124
451 3224 133
2195 3224 204
569 3225 312
3075 3225 113
489 3226 145
1026 3226 112
2884 3226 184
327 3227 285
1001 3227 147
2933 3227 261
328 3228 137
889 3228 154
2175 3228 796
217 3229 164
947 3229 265
1826 3229 255
388 3230 222
438 3230 142
3020 3230 223
9 3231 138
401 3231 213
1200 3231 774
2514 3232 377
2981 3232 210
26 3233 210
1845 3233 221
3070 3233 115
1107 3234 237
2345 3234 105
1116 3235 142
2760 3235 282
2907 3235 175
335 3236 139
1302 3236 261
2246 3236 677
3105 3237 121
288 3238 974
1725 3238 187
1436 3239 376
1772 3239 199
1123 3240 272
1132 3240 258
444 3241 157
2034 3241 166
255 3242 211
1327 3242 292
2752 3242 241
693 3243 175
2350 3243 218
3098 3243 183
987 3244 240
1140 3244 199
2733 3244 174
798 3245 174
1230 3245 182
279 3246 949
690 3246 200
477 3247 328
2573 3247 333
1093 3248 246
2271 3248 670
2448 3248 268
813 3249 203
1681 3249 195
1929 3250 180
2236 3250 243
78 3251 209
2211 3251 209
949 3252 306
679 3253 271
2071 3253 324
2774 3253 212
1599 3254 181
3148 3254 226
172 3255 130
243 3255 187
2184 3255 257
2112 3256 122
2967 3256 244
1536 3257 139
2157 3258 764
755 3259 220
1127 3259 209
1025 3260 206
2012 3260 147
2894 3260 221
1696 3261 110
2504 3261 265
3225 3261 236
24 3262 154
1960 3262 263
2978 3262 262
608 3263 163
3025 3263 206
3039 3263 357
1635 3264 165
2893 3264 165
1954 3265 817
2581 3265 192
194 3266 216
631 3266 122
2204 3267 313
2983 3267 235
231 3268 304
2599 3268 170
608 3269 154
2233 3269 337
720 3270 262
1188 3270 134
1723 3270 324
2453 3271 278
3000 3271 231
482 3272 222
3131 3272 149
1522 3273 243
1817 3273 164
2264 3273 333
2259 3274 274
3008 3274 539
232 3275 649
1023 3275 206
2157 3275 252
1959 3276 619
2717 3276 172
979 3277 155
1635 3277 301
2691 3277 170
308 3278 262
546 3278 176
1593 3278 172
3208 3279 187
773 3280 173
2068 3281 231
2420 3281 145
469 3282 331
656 3282 228
296 3283 223
2096 3283 190
2977 3283 217
131 3284 293
1070 3284 267
3182 3284 183
290 3285 145
2788 3285 192
2800 3285 253
115 3286 155
1435 3286 318
2853 3286 905
1573 3287 264
2696 3287 367
2926 3287 250
2620 3288 325
2773 3288 201
3194 3288 127
311 3289 120
2056 3289 195
2806 3290 115
2918 3290 189
268 3291 177
1059 3291 238
2361 3291 110
1577 3292 124
148 3293 175
2914 3293 285
3254 3293 132
405 3294 285
588 3294 211
748 3294 203
1964 3295 180
2009 3295 159
69 3296 187
2359 3296 182
3052 3296 372
949 3297 131
2558 3297 105
1555 3298 232
2834 3298 862
351 3299 300
1323 3299 297
2350 3299 231
962 3300 192
1971 3300 374
2823 3300 280
1069 3301 214
1778 3301 226
2600 3301 187
1389 3302 165
2746 3302 251
3149 3302 505
120 3303 228
2050 3303 181
1353 3304 362
2537 3304 265
1413 3305 184
2804 3305 129
2879 3305 636
994 3306 325
1405 3306 175
2977 3306 169
85 3307 155
1731 3307 294
3055 3307 375
128 3308 274
2461 3308 119
715 3309 903
1473 3309 198
2489 3309 310
750 3310 682
1615 3310 105
2491 3310 137
1306 3311 339
2071 3311 202
795 3312 201
3258 3312 147
628 3313 127
1681 3313 228
3140 3313 948
2141 3314 280
2336 3314 255
1253 3315 807
1695 3315 273
2826 3316 239
3193 3316 689
724 3317 101
2197 3317 282
1162 3318 273
1856 3318 157
2417 3318 125
1240 3319 283
1415 3319 502
2872 3320 229
3186 3320 256
765 3321 961
1409 3321 241
3198 3321 230
1272 3322 308
1356 3322 549
3160 3322 267
340 3323 249
1449 3323 189
2372 3323 198
137 3324 221
749 3324 335
1203 3325 137
1507 3325 220
2760 3325 257
486 3326 270
847 3326 154
1232 3326 308
2421 3328 287
723 3329 202
2134 3329 305
805 3330 153
2693 3330 208
2780 3330 174
565 3331 272
1598 3331 193
2956 3331 161
526 3332 340
690 3332 137
2952 3332 253
816 3333 258
1553 3333 263
2327 3333 140
1448 3334 267
1899 3334 723
2509 3334 197
2307 3335 251
2515 3335 923
3103 3335 195
1506 3336 780
1786 3336 240
3163 3336 353
247 3337 282
1408 3337 250
1501 3337 131
478 3338 232
1869 3338 108
645 3339 276
2088 3339 157
2019 3340 272
2572 3340 133
683 3341 280
1933 3341 282
2304 3341 299
173 3342 282
378 3342 979
434 3342 274
1114 3343 179
2449 3344 230
160 3345 155
351 3345 261
2330 3345 158
909 3346 291
3213 3346 387
1005 3347 148
1654 3347 455
1956 3347 189
224 3348 516
2579 3348 115
865 3349 176
2430 3349 261
2867 3349 242
284 3350 281
2572 3350 559
191 3351 195
2413 3351 105
2851 3351 109
354 3352 183
979 3352 990
55 3353 131
3162 3353 988
3191 3353 174
2718 3354 508
3166 3354 354
3315 3354 319
678 3355 179
758 3355 104
2880 3355 103
2170 3356 356
386 3357 196
759 3357 197
1701 3357 234
343 3358 293
2028 3358 191
2599 3358 149
2082 3359 254
2663 3359 308
2779 3359 670
269 3360 158
2759 3360 265
3018 3360 186
740 3361 284
891 3361 306
2487 3361 828
1147 3362 252
2672 3362 161
227 3363 266
1940 3363 296
1407 3364 265
1982 3364 284
2105 3364 200
1259 3365 959
2840 3365 279
1753 3366 188
2612 3366 911
2713 3366 173
472 3367 239
1712 3367 809
2950 3367 136
733 3368 169
1433 3368 285
2887 3368 146
2813 3369 148
3264 3369 152
390 3370 205
745 3370 240
1888 3371 119
2314 3371 251
2685 3371 197
529 3372 111
817 3372 194
2011 3372 329
2322 3373 230
2789 3373 213
1290 3374 243
2637 3374 140
709 3375 448
2092 3375 288
2286 3375 227
2096 3376 209
3095 3376 266
3259 3376 287
355 3377 154
868 3377 205
1705 3377 176
25 3378 291
1020 3378 192
1593 3378 151
799 3379 135
1263 3379 429
864 3380 191
2083 3380 873
1702 3381 247
1796 3381 901
1821 3381 158
124 3382 176
1544 3382 160
2346 3382 170
1314 3383 247
2150 3383 236
2774 3383 725
103 3384 199
2593 3384 276
235 3385 508
1168 3385 351
2990 3385 958
2031 3386 172
2281 3386 144
3312 3386 235
784 3387 235
511 3388 213
3365 3388 213
1485 3389 251
2530 3389 113
3218 3389 136
895 3390 182
2526 3390 114
1117 3391 142
1867 3391 147
2348 3391 239
2079 3392 324
2357 3392 174
3237 3392 206
2912 3393 163
3103 3393 213
3114 3393 224
400 3394 905
810 3394 107
1697 3394 263
699 3395 277
940 3395 211
2960 3395 245
1086 3396 191
1460 3396 237
1793 3396 131
616 3397 297
1443 3397 225
1502 3397 175
315 3398 147
1633 3398 190
2131 3398 191
1421 3399 259
1913 3399 278
2295 3399 125
288 3400 257
363 3400 197
577 3401 139
2801 3401 264
1476 3402 882
2099 3402 216
882 3403 124
1506 3403 751
3370 3403 186
334 3404 284
959 3404 785
2017 3404 154
484 3405 601
1271 3405 137
1280 3405 225
312 3406 182
419 3406 336
3282 3406 322
951 3407 215
2127 3407 697
3267 3407 748
436 3408 294
1388 3408 244
2356 3408 183
497 3409 177
624 3409 131
713 3409 101
500 3410 289
585 3410 142
3380 3410 186
1018 3411 157
1196 3412 150
2891 3412 125
3092 3412 144
29 3413 149
705 3413 100
1862 3413 142
969 3414 200
992 3414 267
1072 3414 635
643 3415 158
1518 3415 196
946 3416 281
2137 3417 104
3154 3417 370
929 3418 742
3362 3418 126
800 3419 155
1922 3419 194
2224 3419 210
1709 3420 609
2277 3420 278
1627 3421 157
2220 3421 270
3298 3421 531
934 3422 202
2053 3422 205
40 3423 206
2021 3423 273
2703 3423 247
1138 3424 747
2802 3424 354
113 3425 256
2257 3425 889
2445 3425 318
810 3426 200
1997 3426 159
441 3427 282
914 3427 105
1545 3428 132
2694 3428 227
1233 3429 169
1870 3429 165
2135 3429 857
1980 3430 293
2284 3430 101
2965 3430 130
697 3431 205
909 3431 422
2663 3431 164
2580 3432 735
2829 3432 261
1531 3433 101
2917 3433 199
2223 3434 861
3411 3434 160
3420 3434 102
553 3435 127
2474 3435 251
2644 3435 214
1096 3436 154
3094 3436 722
3428 3436 282
909 3437 189
1408 3437 311
3426 3437 194
1488 3438 300
1956 3438 225
218 3439 201
790 3439 244
3348 3439 192
271 3440 727
3057 3440 191
3401 3440 114
114 3441 297
738 3441 198
1107 3442 336
2109 3442 250
3209 3443 210
1204 3444 161
1728 3444 270
1071 3445 170
1204 3445 268
461 3446 230
1360 3446 122
1778 3446 641
298 3447 264
1037 3447 202
2344 3447 763
338 3448 182
659 3448 123
2619 3448 314
988 3449 112
221 3450 299
3411 3450 251
180 3451 191
1374 3451 344
1454 3451 266
1051 3452 207
2635 3452 540
2911 3452 165
99 3453 256
1344 3453 853
1539 3453 216
415 3454 111
963 3454 304
1380 3454 224
2242 3455 342
3158 3455 113
629 3456 813
1551 3456 228
41 3457 982
1155 3457 263
981 3458 176
999 3458 225
2947 3458 218
42 3459 209
2665 3459 160
2768 3459 277
974 3460 349
1902 3460 148
3156 3460 247
2393 3461 346
2915 3461 302
3188 3461 170
1183 3462 727
2135 3462 192
2183 3462 192
1480 3463 132
3251 3463 820
1240 3464 154
2728 3464 136
1194 3465 132
1249 3466 271
3079 3466 308
2202 3467 650
2360 3467 139
464 3468 231
630 3468 198
2687 3468 135
2315 3469 245
2570 3469 232
2728 3469 208
1278 3470 171
1439 3470 304
3311 3470 177
2743 3471 243
2774 3471 207
2864 3471 219
281 3472 159
369 3472 687
1325 3472 224
1125 3473 183
3319 3473 153
3339 3473 208
375 3474 246
2775 3474 108
3304 3474 867
795 3475 275
1321 3476 277
1356 3476 238
3276 3476 276
1313 3477 367
1477 3477 152
234 3478 139
1358 3478 153
2076 3478 243
2486 3479 239
2520 3479 185
17 3480 366
2650 3480 309
315 3481 105
1207 3481 282
2569 3481 159
121 3482 199
1839 3482 195
1934 3482 290
1335 3483 109
2214 3483 220
3265 3483 216
777 3484 183
2085 3484 221
2427 3484 364
625 3485 304
3001 3485 276
3126 3485 309
1714 3486 196
2040 3486 221
3246 3486 586
2794 3487 335
2850 3487 145
3217 3487 119
511 3488 527
823 3488 311
907 3488 168
1805 3489 273
3182 3489 255
1516 3490 255
2191 3490 256
902 3491 179
1450 3491 402
2037 3491 708
929 3492 319
1188 3492 313
1708 3493 108
2116 3493 304
3232 3493 926
1794 3494 203
1803 3494 110
2105 3494 269
217 3495 199
1428 3495 196
3214 3495 219
1667 3496 143
2617 3496 184
3212 3497 295
3238 3497 180
3480 3497 736
530 3498 751
2664 3498 468
767 3499 775
2269 3499 153
3214 3499 294
2425 3500 189
2672 3500 206
1078 3501 274
2925 3501 249
3149 3501 203
608 3502 184
3455 3502 157
554 3503 139
2179 3503 280
896 3504 161
2395 3504 319
3343 3504 105
1177 3505 205
2931 3505 215
3388 3505 869
548 3506 209
870 3506 235
2832 3506 986
898 3507 144
1315 3507 267
1777 3507 121
1170 3508 219
1305 3508 262
1534 3508 973
1866 3509 335
2806 3510 373
3241 3510 205
1706 3511 209
2634 3511 105
2670 3511 164
740 3512 203
1300 3512 209
2296 3512 300
853 3513 292
1653 3513 278
3049 3513 267
1035 3514 234
1358 3514 957
3479 3514 846
1509 3515 378
1715 3515 239
1887 3515 216
926 3516 378
2414 3516 454
2669 3516 263
310 3517 295
1299 3517 195
2146 3517 275
766 3518 146
3192 3518 276
2256 3519 126
3340 3519 324
281 3520 281
504 3520 851
1561 3520 592
1881 3520 160
2926 3520 601
1279 3521 172
2115 3522 450
2319 3522 102
2752 3522 310
640 3523 305
2512 3523 278
2966 3523 217
1156 3524 193
1879 3524 652
2951 3524 202
478 3525 180
1235 3525 240
2078 3525 296
650 3526 168
672 3526 262
1764 3526 284
1025 3527 579
2061 3527 359
681 3528 271
1562 3528 277
2477 3528 676
1224 3529 166
2399 3529 130
950 3530 237
2566 3530 339
99 3531 263
965 3532 164
2351 3532 120
2622 3532 174
257 3533 132
1202 3533 307
2574 3533 113
1323 3534 219
2778 3534 193
911 3535 265
2423 3535 160
2427 3535 954
170 3536 157
899 3536 257
1583 3536 225
2265 3537 760
2628 3537 298
3415 3537 141
1065 3538 221
2221 3538 317
3320 3538 231
1048 3539 372
1547 3539 179
3534 3539 263
764 3540 195
1924 3540 185
2885 3540 159
1319 3541 245
2748 3541 124
3097 3541 209
1559 3542 171
1774 3542 340
841 3543 285
1181 3543 163
2185 3543 750
943 3544 135
3292 3544 208
3518 3544 212
358 3545 160
1004 3545 206
2791 3545 249
1661 3546 101
2435 3546 347
2592 3546 179
718 3547 866
2108 3547 831
3390 3547 190
826 3548 125
2552 3548 179
3046 3548 179
787 3549 107
1986 3549 203
1139 3550 182
2057 3550 115
131 3551 297
888 3551 121
2046 3552 132
2428 3552 849
3245 3552 171
934 3553 124
1690 3553 200
2623 3553 189
20 3554 182
1173 3554 302
2620 3554 354
302 3555 121
615 3555 133
1959 3555 354
429 3556 639
3082 3556 226
1444 3557 249
1976 3557 177
2273 3557 204
2415 3558 160
2515 3558 493
3363 3558 307
1267 3559 114
1743 3559 568
2179 3559 304
2047 3560 150
2721 3560 115
2828 3560 200
546 3561 157
1061 3561 176
3542 3561 201
491 3562 128
664 3562 206
1865 3562 365
1607 3563 254
2721 3563 378
494 3564 381
1203 3564 274
1177 3565 357
2651 3565 184
1786 3566 279
2610 3566 208
2720 3566 180
143 3567 155
269 3568 239
2815 3568 186
3503 3568 171
989 3569 199
1452 3569 182
2541 3569 136
1453 3570 128
2336 3570 134
3001 3570 145
2677 3571 300
3102 3571 270
282 3572 102
585 3572 261
2822 3572 137
700 3573 118
2310 3573 168
2400 3573 169
472 3574 176
1540 3574 275
2392 3574 163
200 3575 187
2547 3575 307
392 3576 212
528 3576 177
3059 3576 210
27 3577 389
119 3577 226
3177 3577 208
848 3578 229
884 3578 156
2816 3578 706
778 3579 161
1529 3579 244
1349 3580 807
2171 3580 259
372 3581 246
2365 3581 193
3080 3581 655
2268 3582 225
3346 3582 191
3564 3582 197
1342 3583 162
2995 3583 230
3580 3583 171
1070 3584 192
2619 3584 184
641 3585 277
1040 3585 201
1091 3585 111
1183 3586 299
2355 3586 250
2501 3586 225
2463 3587 349
2820 3587 207
3026 3587 222
762 3588 265
952 3588 294
1386 3588 881
632 3589 206
1068 3589 968
2223 3589 336
2109 3590 126
2456 3590 144
2730 3590 143
302 3591 136
488 3591 172
1546 3591 216
1100 3592 160
1537 3592 158
2293 3592 343
627 3593 865
779 3593 264
3076 3594 573
254 3595 124
523 3595 462
495 3596 328
1179 3596 267
1018 3597 138
1957 3597 251
2487 3597 319
1367 3598 339
2739 3598 957
3314 3598 131
358 3599 906
2288 3599 122
2701 3599 810
2161 3600 309
2758 3600 836
2982 3600 249
196 3601 192
310 3601 350
2450 3601 203
1429 3602 168
2464 3602 129
2610 3602 249
1636 3603 104
1649 3603 183
2906 3603 205
725 3604 202
1380 3604 529
2954 3604 123
353 3605 362
1478 3605 231
1801 3605 167
2193 3606 299
234 3607 119
541 3607 241
1080 3607 133
3121 3607 198
781 3608 148
1920 3608 198
2268 3608 812
372 3609 150
1425 3609 115
2448 3609 210
1133 3610 263
2125 3610 345
2342 3610 131
414 3611 318
820 3611 141
1951 3611 123
1616 3612 225
1756 3612 122
2063 3612 191
284 3613 227
346 3613 203
913 3614 601
235 3615 223
285 3615 126
2316 3615 154
2678 3616 228
161 3617 149
1217 3617 557
2004 3617 242
2248 3618 188
2359 3618 166
2761 3618 189
28 3619 261
2419 3619 217
3328 3619 276
332 3620 255
1873 3620 227
1303 3622 107
2531 3622 117
2570 3622 518
1436 3623 179
1662 3623 140
3594 3623 106
73 3624 261
647 3624 348
2787 3624 145
133 3625 178
2108 3625 387
3384 3625 168
1294 3626 281
2003 3626 138
3329 3626 149
2637 3627 186
2740 3627 731
695 3628 305
2170 3628 380
2541 3628 193
2170 3629 132
3498 3629 554
858 3630 198
1394 3630 164
985 3631 160
1230 3631 287
1864 3631 139
195 3632 208
850 3632 208
2745 3632 405
841 3633 163
2238 3633 963
2906 3633 107
424 3634 819
757 3634 154
2079 3634 185
589 3635 228
1971 3635 611
2940 3635 233
797 3636 170
2784 3636 130
2303 3637 225
2798 3637 212
811 3638 154
3180 3638 287
3216 3638 236
2152 3639 231
394 3640 141
479 3640 233
2769 3640 199
3443 3641 142
593 3642 189
2143 3642 271
2796 3642 250
424 3643 166
2030 3643 142
3379 3643 128
974 3644 271
969 3645 274
2125 3645 124
2626 3645 252
1427 3646 138
3402 3646 242
18 3647 312
1252 3647 157
530 3648 261
2260 3648 221
521 3649 199
1656 3649 836
1773 3649 315
1284 3650 264
2323 3650 251
2508 3650 750
2198 3651 248
2374 3651 273
1828 3652 891
1964 3652 277
2294 3652 196
154 3653 200
1675 3653 203
2235 3653 291
1108 3654 952
1674 3654 253
3050 3654 115
1285 3655 204
1322 3655 356
1802 3655 195
1279 3656 220
827 3657 111
966 3657 224
967 3657 123
485 3658 149
742 3658 165
3266 3658 304
1376 3659 170
3078 3659 343
363 3660 213
1630 3660 195
2446 3660 143
3443 3661 249
1570 3662 290
2137 3662 315
3145 3662 349
1099 3663 155
1612 3663 183
3297 3663 333
458 3664 136
1221 3664 199
349 3665 146
1399 3665 247
1479 3666 137
2689 3666 331
3464 3666 322
50 3667 162
2505 3667 309
3224 3667 366
1684 3668 118
3065 3668 521
3292 3668 340
1270 3669 144
1732 3669 188
2162 3669 112
267 3670 142
753 3670 222
1549 3671 132
1651 3671 276
2531 3671 336
2448 3672 140
3274 3672 307
198 3673 142
679 3673 216
1597 3673 120
741 3674 284
1184 3674 307
1520 3674 257
2188 3675 291
3496 3675 157
3593 3675 238
845 3676 173
962 3676 175
2627 3676 358
1758 3677 310
1353 3678 779
2013 3678 175
2496 3678 371
617 3679 720
1520 3679 229
2631 3679 151
578 3680 248
610 3680 274
1110 3680 147
256 3681 190
522 3681 165
2414 3681 184
598 3682 175
2225 3682 204
3584 3682 195
570 3683 246
1390 3683 277
1906 3683 180
456 3684 189
2586 3684 127
3575 3684 220
627 3685 293
1753 3685 304
3119 3685 251
1359 3686 147
1615 3686 120
2656 3686 325
582 3687 254
2201 3687 221
2715 3687 170
1362 3688 170
3204 3689 150
1283 3690 319
1340 3690 269
1615 3690 156
2082 3691 123
2277 3691 232
2766 3691 185
23 3692 183
468 3692 127
3519 3692 310
223 3693 187
2275 3693 140
2643 3694 138
2741 3694 280
3636 3694 272
291 3695 201
858 3695 129
93 3696 568
813 3696 280
3677 3696 246
107 3697 237
2159 3697 165
3651 3697 246
560 3698 213
1049 3698 194
2060 3698 220
1573 3699 276
2056 3699 330
2343 3699 206
1246 3700 339
1765 3700 154
205 3701 210
1942 3701 162
3427 3701 304
2250 3702 148
2959 3702 298
3268 3702 274
2259 3703 144
2747 3703 135
2946 3703 252
894 3704 385
1634 3704 564
2302 3704 257
2922 3705 277
278 3706 276
1141 3706 451
1770 3706 265
454 3707 281
1465 3707 167
3041 3707 311
688 3708 821
1163 3708 188
1486 3708 246
2767 3709 156
3018 3709 119
3338 3709 167
455 3710 133
2611 3710 347
2785 3710 223
1142 3711 222
1440 3711 188
1467 3711 208
1446 3712 157
1934 3712 278
3373 3712 158
2386 3713 152
2965 3713 179
832 3714 132
1875 3714 184
2478 3714 154
1581 3715 367
1790 3715 268
3713 3715 175
299 3716 146
3463 3716 176
3621 3716 207
1176 3717 240
2339 3717 276
3549 3717 194
959 3718 162
3047 3718 365
3214 3718 128
835 3719 187
3193 3719 218
3269 3719 502
1188 3720 215
1255 3720 324
2119 3720 230
440 3721 965
1118 3721 111
1943 3721 150
1951 3722 942
3444 3722 347
3695 3722 121
2650 3723 165
2843 3723 177
2900 3723 272
105 3724 219
1988 3724 202
3438 3724 162
366 3725 185
2616 3725 308
1211 3726 281
1430 3726 162
1417 3727 247
3234 3727 119
1609 3728 255
1634 3728 267
132 3729 818
922 3729 217
2022 3729 209
361 3730 160
1212 3730 290
1394 3730 161
305 3731 205
3074 3731 328
200 3732 237
1902 3732 741
3629 3732 251
1408 3733 191
2061 3733 243
2781 3733 210
1858 3734 229
2790 3734 262
3647 3734 233
521 3735 651
702 3735 163
2318 3735 261
583 3736 113
1207 3736 108
2443 3736 119
430 3737 205
1765 3737 205
2840 3737 224
1279 3738 203
2588 3738 227
3571 3738 141
518 3739 237
583 3740 780
2882 3740 138
3124 3740 842
620 3741 272
12 3742 265
287 3742 194
1078 3742 555
196 3743 240
2102 3743 221
2562 3743 283
237 3744 128
1370 3744 995
1782 3744 199
427 3745 933
2698 3745 166
3027 3745 248
1568 3746 214
2299 3746 135
3606 3746 216
980 3747 224
1779 3747 225
2620 3747 285
540 3748 177
889 3748 316
1582 3748 296
1009 3749 131
1854 3749 261
2282 3749 225
87 3750 233
244 3750 870
1788 3750 270
1410 3751 690
2002 3751 239
2607 3751 320
2661 3751 585
256 3752 177
3003 3752 102
1632 3753 298
3256 3753 295
3422 3753 243
1104 3754 221
1247 3754 354
2401 3754 112
1082 3755 124
1311 3755 155
2697 3756 208
3752 3756 210
297 3757 174
534 3757 248
2865 3757 273
2561 3758 200
3132 3758 134
3424 3758 198
49 3759 156
333 3759 163
2859 3759 476
1538 3760 343
1974 3760 251
37 3761 234
2381 3761 293
2866 3761 618
1535 3762 768
1569 3762 648
2844 3762 350
35 3763 280
3441 3763 322
3563 3763 178
61 3764 175
2213 3765 125
2749 3765 266
528 3766 203
1197 3766 186
1264 3766 225
1276 3767 198
3045 3767 129
3728 3767 164
1403 3768 358
3070 3768 238
3106 3768 406
1631 3769 125
1708 3769 157
2766 3769 184
638 3770 367
1117 3770 303
1363 3770 173
245 3771 614
397 3771 163
526 3771 235
555 3772 165
1312 3772 171
3316 3772 277
835 3773 249
1777 3773 201
2705 3773 916
1114 3774 132
2493 3774 898
615 3775 301
1534 3775 418
1012 3776 258
2482 3776 219
3030 3776 137
127 3777 552
588 3777 106
697 3778 187
915 3778 244
2054 3778 944
1910 3779 176
2142 3779 336
3551 3779 153
197 3780 471
513 3780 275
3369 3780 296
219 3781 368
639 3781 194
1582 3781 390
316 3782 267
634 3782 329
3530 3782 380
182 3783 163
1258 3783 742
1296 3783 961
1338 3784 167
2341 3784 105
2834 3784 226
506 3785 237
2232 3785 129
3158 3785 297
2667 3786 202
1796 3787 175
3187 3787 212
3295 3787 161
633 3788 163
2040 3788 152
3223 3788 194
1226 3789 156
2539 3789 318
3745 3789 188
3774 3789 260
660 3790 229
976 3790 135
3280 3790 236
1431 3791 329
1998 3791 176
3725 3791 180
1398 3792 651
2063 3792 204
3352 3792 333
3443 3792 309
48 3793 135
1288 3793 140
2410 3793 149
92 3794 121
1506 3794 265
2659 3794 180
1282 3795 567
1572 3795 281
3531 3795 263
2490 3796 254
3317 3796 533
3356 3796 300
308 3797 127
1086 3797 114
2696 3797 255
511 3798 320
1503 3798 220
2880 3798 349
2046 3799 192
2897 3799 366
3188 3799 210
819 3800 172
3076 3800 251
3200 3800 134
175 3801 249
867 3801 309
1045 3801 103
2808 3802 102
123 3803 194
2269 3803 150
3694 3803 817
1782 3804 282
2410 3804 852
3024 3804 310
153 3805 316
2290 3805 157
2329 3805 219
566 3806 969
1047 3806 148
3756 3806 271
527 3807 306
1745 3807 219
2989 3807 229
791 3808 214
2676 3808 253
3621 3808 845
1131 3809 243
3467 3809 156
3648 3809 129
1336 3810 246
1568 3810 305
3731 3810 261
814 3811 221
1846 3811 352
3665 3811 112
893 3812 209
1232 3812 107
1368 3812 270
1856 3813 253
1936 3813 213
1077 3814 194
2739 3814 204
3247 3814 232
707 3815 217
1002 3816 297
2230 3816 807
2724 3816 191
340 3817 340
536 3817 327
2151 3817 249
1174 3818 351
2147 3818 119
3135 3818 164
248 3819 238
868 3819 250
1526 3819 162
2484 3820 193
3813 3820 185
1422 3821 200
1031 3822 358
2281 3822 224
3109 3822 299
1557 3823 113
3664 3823 212
495 3824 110
3058 3824 167
3180 3824 950
6 3825 270
921 3825 289
1730 3825 200
339 3826 193
1363 3826 243
2737 3826 793
3457 3827 131
3823 3827 202
265 3828 229
2163 3828 130
2497 3828 156
755 3829 273
2819 3829 331
3195 3829 160
392 3830 304
1048 3830 133
3207 3830 281
1451 3831 258
3356 3831 242
3433 3831 143
722 3832 262
758 3832 250
1320 3832 254
489 3833 278
2706 3833 914
2979 3833 801
165 3834 148
2776 3834 264
3450 3834 380
990 3835 211
2149 3835 286
3036 3835 156
260 3836 198
1254 3836 366
1636 3836 242
2669 3837 348
2879 3837 229
3239 3837 326
1317 3838 226
3466 3838 143
3556 3838 330
1068 3839 309
2211 3839 156
3646 3839 342
1048 3840 178
1549 3840 136
2171 3840 180
2192 3841 293
3129 3841 200
3374 3841 199
1189 3842 238
2241 3842 326
184 3843 131
1698 3843 151
3328 3843 176
1152 3844 255
2048 3844 245
2464 3844 133
448 3845 355
2833 3845 141
3130 3845 134
2577 3846 234
2910 3846 216
12 3847 274
2038 3847 140
3821 3847 107
3456 3848 300
3489 3848 195
1942 3849 243
2746 3849 160
199 3850 250
3477 3850 244
84 3851 239
788 3851 271
2052 3851 279
2047 3852 856
2401 3852 916
3596 3852 166
1833 3853 182
2144 3853 272
280 3854 260
1889 3854 166
2700 3854 364
881 3855 209
1016 3855 883
1309 3855 233
915 3856 228
1988 3856 210
3445 3856 187
1038 3857 392
3775 3857 376
1271 3858 153
3005 3858 313
401 3859 807
2878 3859 241
3637 3859 156
1322 3860 314
2212 3860 245
3827 3860 231
575 3861 221
79 3862 199
3249 3862 189
3677 3862 901
336 3863 162
1498 3863 205
2252 3863 334
1083 3864 330
1484 3864 221
2508 3864 241
1003 3865 201
1042 3865 159
2080 3865 266
326 3866 126
1105 3866 154
2053 3866 292
1169 3867 328
2549 3867 227
3130 3867 266
857 3868 273
1104 3868 267
1810 3868 198
2005 3869 317
2838 3869 299
3350 3869 198
263 3870 245
1603 3870 168
1863 3871 199
3475 3871 298
527 3872 179
1731 3872 211
3621 3872 331
432 3873 117
806 3873 203
926 3873 171
111 3874 896
531 3874 316
3595 3874 204
1819 3875 190
3113 3875 166
59 3876 296
833 3876 101
1704 3876 114
2400 3877 264
3290 3877 235
3846 3877 373
1359 3878 156
3258 3878 141
3871 3878 220
1170 3879 227
1552 3879 234
3042 3879 241
4 3880 218
47 3880 226
201 3880 255
1698 3881 579
1744 3881 228
2973 3881 238
2422 3882 184
3069 3882 206
3205 3882 197
1526 3883 136
3153 3883 154
3308 3883 105
68 3884 222
1906 3884 245
2881 3884 221
442 3885 192
614 3885 260
1738 3885 122
963 3886 114
2596 3886 277
2823 3886 152
855 3887 188
1715 3887 212
3163 3887 284
10 3888 114
457 3888 126
553 3888 100
150 3889 753
743 3889 189
2985 3889 220
1250 3890 202
1769 3890 164
2121 3890 257
1720 3891 278
3620 3891 229
3848 3891 217
2214 3892 101
2886 3892 333
3096 3892 231
89 3893 663
981 3893 318
3765 3893 198
1209 3894 160
1686 3894 120
1745 3894 130
2124 3895 231
2544 3895 205
3594 3895 236
330 3896 116
1298 3896 156
2377 3896 157
262 3897 221
1766 3897 209
3432 3897 192
82 3898 186
2966 3898 581
3303 3898 274
3115 3899 244
497 3900 116
1503 3900 221
2455 3900 379
30 3901 237
2779 3901 150
3038 3901 856
708 3902 102
1789 3902 159
3068 3902 187
1000 3903 272
1145 3903 206
1244 3903 113
944 3904 103
957 3904 101
2687 3904 206
2460 3905 151
2608 3905 247
3138 3905 959
696 3906 280
1817 3906 145
2968 3906 216
737 3907 186
2847 3907 120
2920 3907 107
1193 3908 943
1379 3908 260
1721 3908 199
256 3909 313
1511 3909 346
2568 3909 204
1979 3910 246
3606 3910 269
3853 3910 105
1269 3911 339
1975 3911 112
2854 3911 119
500 3912 266
2423 3912 261
3500 3912 179
711 3913 190
1440 3913 342
3327 3913 375
1565 3914 142
2744 3914 233
3418 3914 282
1903 3915 319
2843 3915 167
3527 3915 173
2366 3916 170
3032 3916 115
3821 3916 175
2327 3917 181
3630 3917 917
3849 3917 186
1699 3918 804
1932 3918 233
3550 3918 291
166 3919 314
1947 3919 198
2940 3919 170
801 3920 283
1242 3920 311
2371 3920 187
1029 3921 232
2411 3921 127
3529 3921 803
890 3922 179
1085 3922 207
3579 3922 162
878 3923 207
1866 3923 523
2678 3923 143
1793 3924 269
2111 3924 146
3492 3924 272
669 3925 919
2194 3925 299
2507 3925 768
2028 3926 190
2089 3926 275
3850 3926 278
780 3927 275
1742 3927 320
2838 3927 247
3870 3927 228
1141 3928 265
1527 3928 149
1853 3928 271
428 3929 115
1416 3929 141
2222 3929 111
2482 3930 134
3044 3930 207
3442 3930 212
3693 3931 154
1338 3932 201
1694 3932 180
368 3933 168
1258 3933 242
3033 3933 223
118 3934 225
652 3934 911
1982 3934 277
578 3935 220
736 3935 227
2845 3935 218
3250 3936 224
3475 3936 683
3531 3936 136
1660 3937 205
2367 3937 199
2816 3937 240
129 3938 216
136 3938 196
2334 3938 117
792 3939 264
987 3939 856
3760 3939 297
1161 3940 733
1939 3940 123
2376 3940 189
1568 3941 917
1973 3941 212
2952 3941 185
789 3942 136
1754 3942 847
3046 3942 304
65 3943 154
658 3943 241
3237 3943 170
419 3944 318
1907 3944 207
3857 3944 237
746 3945 201
2243 3945 273
3490 3945 308
3216 3946 261
3281 3946 345
3343 3946 244
1038 3947 599
1744 3947 313
97 3948 301
1567 3948 285
1643 3948 249
50 3949 123
2986 3949 198
3700 3949 197
2591 3950 249
2827 3950 237
3240 3950 191
177 3951 199
739 3951 701
3842 3951 124
1061 3952 154
1491 3952 177
3659 3952 332
380 3953 244
1983 3953 738
3502 3953 189
896 3954 220
2805 3954 156
3216 3954 318
973 3955 324
1631 3955 175
2497 3955 197
387 3956 588
3010 3956 350
3672 3956 780
502 3957 216
2276 3957 207
3613 3957 261
83 3958 178
1804 3958 226
1847 3958 149
1411 3959 182
1969 3959 889
2963 3959 191
83 3960 666
443 3960 180
3727 3960 179
1451 3961 185
149 3962 147
3157 3962 841
3755 3962 323
115 3963 174
2590 3963 318
3875 3963 248
643 3964 230
2515 3964 203
2698 3964 177
3271 3964 296
1691 3965 324
420 3966 118
1434 3966 216
2892 3966 209
1238 3967 204
676 3968 303
1164 3968 239
2668 3968 128
2486 3969 260
2987 3969 104
3040 3969 266
2110 3970 257
2785 3970 126
3400 3970 187
1343 3971 236
1548 3971 287
3183 3971 235
158 3972 289
2033 3972 213
3289 3972 133
944 3973 339
1647 3973 204
2504 3973 192
93 3974 206
1155 3974 148
2025 3974 244
824 3975 159
1625 3975 249
3947 3975 261
105 3976 137
1014 3976 343
2654 3976 317
928 3977 165
1542 3977 246
2160 3977 346
766 3978 492
2832 3978 200
3175 3978 112
1881 3979 125
1056 3980 977
2567 3980 142
2660 3980 262
1300 3981 262
3104 3981 990
3627 3981 828
504 3982 169
1464 3983 304
1832 3983 322
2531 3983 216
214 3984 258
920 3984 281
1943 3984 190
66 3985 224
126 3985 224
206 3985 317
418 3986 153
2319 3986 184
3075 3986 225
1137 3987 245
1698 3987 257
2085 3987 209
3280 3988 325
3726 3988 122
3858 3988 295
887 3989 278
1201 3989 752
3565 3989 645
2540 3990 212
3140 3990 271
3777 3990 139
312 3991 102
469 3991 183
948 3991 893
342 3992 286
2156 3992 133
3417 3992 290
1563 3993 336
2424 3993 247
2722 3993 285
910 3994 206
1050 3994 153
3670 3994 251
1971 3995 955
3510 3995 323
3820 3995 185
572 3996 155
1180 3996 128
1888 3996 993
135 3997 289
1261 3997 176
2235 3997 236
1475 3998 112
1908 3998 825
3272 3998 247
800 3999 210
2362 3999 153
3012 3999 111
110 4000 112
2156 4000 863
3050 4000 310
