1
0
1
1
1000000
0
0
0
0
1
8 12 1000
2 17 644
5 17 644
24 27 266
26 30 266
32 33 1000
10 35 1000
16 40 1000
21 40 1000
42 43 1000
22 44 1000
42 48 1000
7 49 644
39 52 323
31 53 323
20 56 1000
43 57 1000
48 57 1000
51 59 1000
56 59 1000
41 77 1000
55 79 1000
18 80 133
15 84 1000
49 84 644
34 85 323
72 85 1000
11 86 644
43 87 323
83 87 646
68 88 1000
36 90 1000
30 91 133
69 91 133
15 92 644
79 96 1000
75 97 1000
7 99 1000
18 101 644
86 105 133
73 106 133
68 109 1000
88 109 1000
42 111 128
38 113 644
70 116 323
95 119 1000
17 120 1000
2 121 644
5 121 644
17 121 128
71 122 133
68 127 1000
56 128 323
11 129 133
20 130 1000
56 130 1000
5 134 1000
7 134 128
1 135 133
66 135 133
7 137 644
49 137 128
84 137 644
92 137 1000
121 137 1000
134 137 644
63 142 133
102 142 133
83 143 1000
89 144 1000
95 145 1000
119 145 1000
45 146 1000
123 146 644
55 147 323
61 149 1000
34 150 323
45 151 1000
3 152 133
103 152 133
49 153 1000
58 154 133
14 155 1000
37 155 323
150 155 1000
10 158 1000
96 159 1000
5 161 1000
135 162 133
55 163 1000
79 163 1000
144 163 1000
141 166 1000
49 167 1000
47 168 1000
61 168 1000
99 170 1000
13 171 133
70 172 1000
38 174 1000
151 174 128
5 175 1000
161 175 1000
170 175 128
154 176 133
32 177 1000
33 177 1000
143 177 1000
9 182 1000
160 183 1000
151 187 128
174 187 644
7 188 1000
43 188 644
167 188 644
170 188 1000
11 190 133
135 193 133
162 193 133
28 194 323
78 194 323
4 195 1000
15 195 644
29 196 323
178 199 644
79 200 323
147 200 1000
112 201 133
132 201 133
14 202 1000
44 203 323
57 203 128
175 203 1000
138 204 1000
148 205 266
185 206 323
11 211 644
86 211 128
169 211 133
109 212 323
93 213 323
154 213 133
208 213 133
35 214 1000
116 215 1000
123 215 644
172 215 323
123 216 1000
179 217 1000
29 218 1000
114 219 133
94 221 323
220 222 1000
49 223 644
84 223 128
134 223 644
100 224 133
58 225 323
78 225 133
132 225 323
101 226 133
9 228 1000
21 228 1000
97 228 323
182 228 1000
8 229 1000
107 230 323
70 231 1000
38 233 644
111 233 1000
2 234 1000
146 234 1000
153 234 128
216 234 644
16 235 1000
40 235 1000
182 235 1000
228 235 1000
30 236 323
67 236 323
171 236 133
186 237 1000
228 237 1000
149 238 1000
127 239 1000
136 239 1000
89 241 1000
128 243 323
207 243 323
123 245 1000
216 245 1000
169 246 644
32 247 323
164 247 1000
205 248 323
105 251 644
15 252 1000
84 252 1000
121 253 1000
161 253 644
9 254 1000
186 254 1000
237 254 1000
128 255 323
196 255 1000
129 256 644
211 256 133
23 257 323
105 257 128
5 258 1000
134 258 1000
46 260 133
14 261 1000
8 262 1000
12 262 1000
68 263 1000
109 263 1000
127 263 1000
72 264 1000
82 265 644
13 266 133
232 266 323
63 267 133
128 268 323
84 271 1000
221 272 1000
42 273 1000
48 273 1000
174 273 644
216 274 128
89 275 1000
24 276 323
93 276 133
108 276 323
208 276 323
164 278 1000
177 278 323
247 278 1000
58 280 323
103 280 133
166 281 1000
246 282 323
128 283 1000
153 284 1000
147 285 1000
133 286 1000
181 287 266
208 287 323
261 288 323
138 289 1000
32 290 1000
98 290 646
143 290 1000
164 290 323
177 290 1000
227 290 1000
98 291 1000
73 292 133
198 292 133
154 293 323
201 293 323
88 294 1000
109 294 1000
93 296 323
201 296 133
217 298 1000
210 299 1000
42 300 644
183 301 1000
99 302 128
300 302 1000
130 303 1000
38 304 1000
57 304 644
52 306 1000
46 307 644
192 307 644
38 308 1000
42 308 644
111 308 644
174 308 1000
271 308 1000
5 309 1000
43 309 128
134 309 1000
161 309 1000
175 309 1000
188 309 128
203 309 1000
258 309 1000
11 310 133
279 311 644
28 312 133
76 313 1000
291 313 323
226 314 133
256 314 644
22 315 1000
44 315 1000
95 316 1000
119 316 1000
145 316 1000
288 316 323
96 318 1000
275 318 1000
185 319 323
39 320 323
118 320 1000
131 320 1000
125 321 1000
160 321 323
262 321 1000
49 323 1000
167 323 1000
265 324 644
30 325 133
317 325 133
34 326 1000
217 326 323
276 326 1000
113 327 1000
138 328 1000
204 328 1000
289 328 1000
22 329 1000
315 329 1000
87 330 1000
98 330 1000
143 330 646
82 331 323
184 331 323
197 332 644
260 332 644
107 333 1000
150 333 1000
155 333 1000
202 333 1000
291 334 1000
1 335 133
193 335 133
116 336 1000
117 336 644
203 336 1000
104 337 128
215 337 1000
336 337 1000
117 338 644
203 339 1000
336 339 1000
337 339 1000
50 340 323
191 341 323
299 341 323
48 342 644
99 342 1000
170 342 1000
77 345 323
85 345 1000
191 345 1000
255 345 1000
186 346 1000
254 346 1000
43 347 128
111 347 1000
188 347 644
309 347 644
305 349 1000
194 350 133
264 351 323
76 352 1000
156 352 323
301 353 323
192 355 128
197 355 133
307 355 128
20 356 1000
112 356 1000
130 356 1000
32 357 1000
33 357 1000
207 357 1000
34 358 1000
60 358 1000
72 358 323
164 358 323
179 358 323
326 358 1000
22 359 1000
329 359 1000
87 360 1000
330 360 1000
150 361 1000
221 361 1000
333 361 1000
358 361 323
136 362 1000
129 364 128
256 364 644
85 365 1000
154 365 133
208 365 133
353 367 323
110 368 1000
269 368 323
328 368 1000
31 369 1000
147 369 1000
200 369 1000
336 370 644
338 370 644
348 370 1000
72 371 1000
85 371 1000
208 371 1000
264 371 1000
326 371 323
353 371 1000
292 372 133
118 373 1000
320 373 1000
212 374 1000
92 377 1000
146 377 644
215 377 644
327 377 1000
28 378 133
350 378 323
112 379 133
276 379 323
287 379 323
296 379 133
166 380 1000
281 380 1000
225 381 323
113 382 1000
253 382 1000
342 382 644
15 383 1000
38 383 1000
45 383 128
174 383 1000
90 384 1000
17 385 1000
258 385 644
300 385 1000
302 385 1000
323 385 644
131 386 1000
200 386 323
362 386 323
374 386 1000
37 387 1000
202 388 323
344 388 1000
387 388 1000
37 389 1000
230 389 1000
388 389 1000
100 390 133
301 392 323
303 392 1000
50 393 133
241 394 323
244 394 1000
285 394 1000
108 395 133
117 396 644
338 396 128
370 396 644
139 397 1000
343 397 1000
254 398 323
313 398 1000
260 399 128
279 399 133
332 399 644
227 400 1000
290 400 1000
33 402 646
334 402 1000
226 403 266
265 403 128
324 403 644
20 404 323
29 404 1000
160 404 1000
218 404 1000
117 405 1000
120 405 1000
53 407 1000
159 407 1000
275 407 1000
318 407 1000
95 409 1000
316 409 1000
408 409 1000
279 411 644
314 411 133
332 411 133
168 412 1000
14 413 1000
202 413 1000
261 413 1000
272 413 1000
283 413 323
351 414 1000
367 414 1000
127 415 323
75 416 1000
76 416 1000
286 416 323
352 416 1000
184 417 266
236 417 323
292 417 323
83 418 1000
143 418 1000
177 418 1000
227 418 1000
290 418 1000
400 418 1000
201 419 133
76 420 1000
138 420 323
346 420 323
352 420 1000
398 420 1000
53 421 133
65 421 133
240 421 133
15 422 644
49 422 1000
92 422 128
284 422 1000
3 423 266
115 423 133
208 423 323
31 424 1000
244 424 1000
407 424 323
38 425 1000
48 425 644
174 425 1000
271 425 1000
304 425 1000
308 425 1000
382 425 644
22 426 1000
44 426 1000
175 426 323
315 426 1000
359 426 1000
373 426 323
61 428 323
94 428 1000
230 428 1000
82 430 644
265 430 128
403 430 644
135 431 133
259 431 323
270 431 323
189 432 1000
238 432 1000
387 432 323
14 433 1000
202 433 1000
272 433 1000
413 433 1000
427 433 323
52 435 1000
156 435 323
306 435 1000
115 436 323
154 436 133
208 436 133
213 436 266
191 437 1000
345 437 1000
353 437 1000
371 437 1000
62 438 1000
173 439 323
1 440 133
66 440 133
431 440 133
104 441 1000
194 442 133
397 443 1000
158 444 1000
413 444 323
427 444 1000
109 445 1000
136 445 1000
220 445 323
294 445 1000
362 445 1000
14 446 323
20 446 323
128 446 1000
283 446 1000
341 446 1000
94 447 1000
230 447 1000
5 448 128
7 448 1000
17 448 128
121 448 644
170 448 1000
188 448 1000
93 449 133
46 450 128
307 450 644
355 450 644
60 451 323
72 451 1000
264 451 1000
353 451 1000
437 451 1000
116 452 644
117 452 1000
120 452 1000
405 452 1000
181 453 133
124 454 1000
139 454 1000
141 454 1000
166 454 1000
281 454 1000
380 454 1000
15 455 1000
252 455 1000
60 456 1000
107 456 323
303 456 323
326 456 1000
341 456 1000
437 456 323
57 457 128
203 457 644
233 457 1000
304 457 644
347 457 1000
104 458 1000
117 458 128
336 458 128
396 458 644
124 459 1000
139 459 1000
343 459 1000
164 460 1000
400 460 323
339 461 644
348 461 1000
370 461 1000
11 462 128
86 462 128
199 462 133
211 462 644
246 462 133
257 462 133
364 462 133
265 463 644
324 463 128
403 463 128
430 463 644
36 464 1000
384 464 1000
113 465 1000
121 465 1000
170 465 644
175 465 644
253 465 1000
363 465 1000
382 465 1000
45 466 1000
146 466 1000
234 466 1000
338 466 1000
452 466 644
45 467 644
123 467 1000
233 467 1000
383 467 644
441 467 644
224 468 133
286 470 1000
179 471 1000
299 471 1000
304 472 128
338 472 1000
457 472 644
22 473 1000
315 473 1000
329 473 1000
229 474 1000
262 474 1000
321 474 1000
34 475 1000
78 475 133
112 475 323
276 475 133
365 475 323
6 476 133
429 476 133
469 476 133
3 477 133
103 477 133
7 478 644
84 478 644
134 478 644
216 478 1000
223 478 128
347 478 1000
229 479 1000
259 480 323
476 480 133
49 481 1000
99 481 644
271 481 644
284 481 1000
302 481 644
323 481 1000
229 482 1000
287 482 323
226 483 644
355 483 133
33 484 1000
207 484 1000
334 484 646
157 485 323
354 485 323
70 486 1000
231 486 1000
243 487 1000
434 487 1000
446 487 323
158 488 1000
427 488 1000
78 489 323
449 490 323
21 491 1000
40 491 1000
98 492 1000
177 492 646
274 492 323
291 492 1000
330 492 1000
402 492 1000
57 493 644
203 493 644
304 493 128
348 493 1000
370 493 1000
457 493 128
461 493 1000
472 493 644
90 494 1000
464 494 1000
244 495 1000
394 495 1000
424 495 1000
464 496 1000
494 496 1000
76 497 323
156 497 1000
343 497 323
86 498 133
310 498 644
311 498 133
458 498 1000
156 500 1000
277 500 1000
497 500 1000
2 501 644
5 501 644
216 501 1000
245 501 1000
347 501 1000
448 501 644
478 501 1000
167 502 1000
187 502 1000
323 502 1000
348 502 644
363 502 128
396 502 1000
146 503 644
215 503 644
377 503 128
452 503 1000
11 504 128
86 504 644
178 504 133
462 504 644
29 505 1000
160 505 1000
44 506 1000
118 506 323
309 506 323
329 506 1000
426 506 1000
59 507 1000
392 507 1000
126 508 1000
166 508 323
59 509 1000
6 510 133
67 510 323
148 510 323
248 510 266
159 511 323
212 511 323
244 511 1000
369 511 1000
424 511 1000
495 511 1000
82 512 128
324 512 644
430 512 644
316 513 1000
408 513 1000
409 513 1000
152 514 323
453 514 323
421 515 133
185 516 323
53 517 133
55 517 1000
406 517 133
6 518 323
66 518 323
67 518 133
171 518 323
36 519 1000
297 519 1000
360 519 323
86 520 644
211 520 644
251 520 133
116 521 128
441 521 1000
452 521 128
458 521 1000
11 522 133
105 522 644
190 522 266
257 522 128
224 523 133
305 523 1000
344 523 323
10 524 1000
14 524 323
158 524 1000
427 524 1000
444 524 1000
305 525 1000
349 525 1000
513 525 1000
220 526 1000
294 526 323
167 527 1000
187 527 1000
300 527 644
308 527 644
323 527 1000
481 527 1000
502 527 1000
99 528 644
137 528 1000
253 528 1000
271 528 644
302 528 128
382 528 1000
465 528 1000
481 528 128
15 529 128
195 529 644
223 529 1000
422 529 644
367 530 1000
204 531 1000
286 531 1000
470 531 1000
148 532 323
165 532 133
401 532 133
229 533 1000
262 533 1000
474 533 1000
479 533 1000
311 534 133
410 534 644
450 534 133
111 535 1000
347 535 1000
348 535 128
457 535 1000
439 536 133
497 536 1000
197 537 644
332 537 128
399 537 644
1 538 1000
328 538 1000
368 538 1000
12 539 1000
262 539 1000
210 540 1000
84 541 1000
153 541 644
216 541 644
234 541 128
252 541 1000
274 541 644
455 541 1000
86 542 133
169 542 128
246 542 128
196 543 1000
353 543 1000
371 543 1000
451 543 1000
530 543 323
210 545 1000
268 545 1000
299 545 1000
15 546 1000
123 546 644
146 546 128
377 546 644
383 546 1000
541 546 1000
110 547 1000
289 547 1000
368 547 1000
195 548 1000
273 548 1000
383 548 644
441 548 644
467 548 128
243 549 1000
247 549 1000
357 549 323
434 549 1000
67 550 133
18 551 644
86 551 133
105 551 266
190 551 644
542 551 133
39 552 1000
127 552 1000
136 552 1000
239 552 1000
178 553 644
411 553 133
196 554 1000
264 554 1000
353 554 1000
451 554 1000
543 554 1000
56 555 1000
356 555 1000
98 556 323
297 556 1000
460 557 1000
16 558 1000
21 558 1000
75 558 323
182 558 1000
228 558 1000
235 558 1000
491 558 1000
303 559 1000
326 559 323
379 559 1000
392 559 1000
507 559 1000
157 560 133
510 560 133
550 560 323
374 561 1000
474 562 1000
482 562 133
539 562 1000
80 563 644
351 564 1000
530 564 1000
16 565 1000
21 565 1000
40 565 1000
346 565 1000
491 565 1000
368 566 1000
470 566 1000
538 566 1000
139 567 1000
141 567 1000
166 567 1000
454 567 1000
459 567 1000
18 568 133
86 568 644
211 568 128
462 568 644
520 568 128
51 569 1000
59 569 1000
559 569 1000
81 570 323
225 570 323
489 570 133
18 571 644
101 571 128
140 571 133
190 571 644
563 571 133
42 572 644
111 572 128
308 572 128
348 572 1000
461 572 1000
527 572 644
297 573 1000
121 574 1000
137 574 1000
258 574 644
323 574 128
363 574 1000
382 574 1000
385 574 128
528 574 1000
140 575 644
169 575 644
520 575 133
542 575 644
144 576 323
285 576 1000
320 576 323
343 577 1000
443 577 1000
492 578 323
556 578 1000
573 578 1000
131 579 323
147 579 1000
163 579 323
200 579 1000
369 579 1000
576 579 1000
170 580 644
175 580 644
233 580 1000
347 580 1000
457 580 1000
501 580 1000
535 580 1000
94 581 1000
288 581 1000
412 581 323
447 581 1000
513 581 323
25 582 323
449 582 323
9 583 1000
182 583 1000
186 583 1000
237 583 1000
346 583 1000
172 584 1000
509 585 1000
121 586 1000
137 586 1000
167 586 128
188 586 644
253 586 1000
309 586 644
363 586 1000
465 586 1000
574 586 1000
184 587 323
292 587 266
126 589 323
141 589 1000
166 589 1000
281 589 1000
443 589 1000
577 589 1000
229 590 1000
268 591 1000
298 591 1000
540 591 1000
13 592 133
69 592 323
295 592 323
48 593 323
75 593 323
360 593 1000
19 594 133
63 594 323
190 594 323
209 594 133
35 596 323
107 596 1000
150 596 1000
155 596 1000
361 596 1000
421 597 133
82 598 128
265 598 644
403 598 644
430 598 128
483 598 266
512 598 644
2 599 1000
49 599 128
84 599 128
137 599 644
223 599 644
234 599 1000
478 599 644
264 600 323
479 600 323
569 600 323
2 601 128
84 601 1000
121 601 644
252 601 1000
501 601 644
541 601 1000
97 602 1000
313 602 1000
398 602 1000
222 603 323
5 604 1000
116 604 1000
120 604 644
134 604 1000
231 604 323
337 604 1000
34 605 1000
128 605 1000
341 605 1000
549 605 323
555 605 323
94 606 323
513 606 1000
525 606 1000
10 607 1000
35 607 1000
524 607 1000
595 607 1000
112 608 323
287 608 133
293 608 133
365 608 323
562 608 323
136 609 323
220 609 1000
435 609 1000
497 609 323
340 610 133
390 610 323
393 610 323
36 611 1000
90 611 1000
494 611 1000
496 611 1000
519 611 1000
230 612 1000
408 612 323
428 612 1000
447 612 1000
581 612 1000
351 613 1000
564 613 1000
7 614 1000
104 614 1000
120 614 128
448 614 1000
521 614 1000
604 614 128
4 615 1000
42 615 1000
48 615 1000
99 615 644
271 615 644
302 615 644
24 616 133
475 616 323
489 616 133
523 617 133
80 618 128
251 618 133
563 618 644
244 619 1000
318 619 323
424 619 1000
561 619 323
34 620 1000
326 620 1000
341 620 1000
358 620 1000
456 620 1000
596 620 323
4 621 128
123 621 1000
245 621 1000
478 621 1000
245 622 128
284 622 644
529 622 1000
47 623 1000
61 623 1000
149 623 1000
412 623 1000
612 623 323
77 624 1000
367 624 1000
414 624 1000
437 624 323
71 625 133
33 626 1000
227 626 1000
290 626 1000
484 626 1000
176 627 133
213 627 133
516 627 266
75 628 1000
97 628 1000
235 628 323
269 628 1000
277 628 323
416 628 1000
264 629 1000
451 629 1000
554 629 1000
613 629 323
75 630 323
126 630 1000
277 630 1000
415 630 323
500 630 1000
508 630 1000
369 631 1000
424 631 1000
511 631 1000
579 631 1000
450 632 133
483 632 644
551 632 133
393 633 266
153 634 1000
167 634 1000
253 634 128
284 634 1000
481 634 1000
95 635 1000
513 635 1000
606 635 1000
108 636 323
214 636 1000
250 636 133
312 636 133
408 637 1000
409 637 1000
428 637 323
525 637 1000
606 637 1000
635 637 1000
44 638 1000
329 638 1000
339 638 323
473 638 1000
486 638 1000
561 638 323
75 639 323
110 639 1000
133 639 1000
286 639 1000
415 639 323
470 639 1000
531 639 1000
566 639 1000
100 640 133
468 640 133
523 640 133
544 640 133
40 641 323
87 641 323
352 641 1000
628 641 1000
355 642 133
534 642 644
104 643 1000
405 643 128
458 643 1000
521 643 1000
614 643 1000
97 644 323
110 644 1000
470 644 1000
538 644 1000
547 644 1000
566 644 1000
639 644 1000
238 645 1000
388 645 323
432 645 1000
35 646 1000
214 646 1000
361 646 323
595 646 1000
148 647 133
375 647 266
401 647 323
485 647 133
560 647 323
221 648 1000
261 648 1000
272 648 1000
433 648 1000
145 649 1000
305 649 1000
349 649 1000
387 649 323
29 650 323
125 650 1000
590 650 1000
310 651 644
546 651 1000
563 651 133
226 652 128
265 652 266
483 652 644
571 652 133
105 653 644
257 653 644
504 653 133
522 653 128
136 654 1000
375 654 323
469 654 133
560 654 266
1 655 323
220 655 1000
68 656 1000
109 656 1000
263 656 1000
294 656 1000
362 656 1000
374 656 323
445 656 1000
192 657 133
410 657 644
642 657 128
185 658 323
242 658 323
181 659 323
366 659 133
482 659 266
243 660 1000
247 660 1000
487 660 1000
549 660 1000
113 661 1000
151 661 644
174 661 644
187 661 128
327 661 1000
363 661 1000
382 661 1000
516 662 323
8 663 1000
12 663 1000
125 663 1000
321 663 1000
474 663 1000
539 663 1000
93 664 133
154 664 323
201 664 323
225 664 133
449 664 133
475 664 133
113 665 644
175 665 1000
203 665 1000
233 665 644
315 665 323
336 665 1000
10 666 1000
35 666 1000
150 666 323
214 666 1000
312 666 1000
595 666 1000
646 666 1000
232 667 323
42 668 644
99 668 1000
111 668 644
188 668 1000
300 668 128
342 668 1000
527 668 644
221 669 1000
261 669 1000
272 669 1000
413 669 1000
433 669 1000
39 670 1000
136 670 1000
294 670 1000
362 670 1000
50 671 133
41 672 1000
77 672 1000
52 673 1000
220 673 1000
526 673 1000
609 673 1000
173 674 323
209 674 133
391 674 646
522 674 323
594 674 266
114 675 323
489 675 133
194 676 133
225 676 323
378 677 133
636 677 266
93 678 266
276 678 133
395 678 323
436 678 323
499 678 323
664 678 133
87 679 1000
360 679 1000
611 679 323
90 680 1000
464 680 1000
494 680 1000
611 680 1000
249 681 133
354 681 133
647 681 323
4 682 1000
123 682 128
195 682 1000
215 682 128
274 682 1000
291 682 323
310 682 1000
503 682 644
546 682 644
548 682 1000
241 683 1000
275 683 1000
318 683 1000
165 684 266
406 684 323
158 685 1000
261 685 323
444 685 1000
488 685 1000
524 685 1000
103 686 133
365 686 323
423 686 133
672 686 1000
438 687 1000
103 688 133
176 688 323
11 689 323
19 689 133
142 689 323
594 689 133
674 689 133
603 690 1000
243 691 1000
460 691 1000
487 691 1000
557 691 1000
57 692 323
87 692 1000
494 692 323
593 692 1000
679 692 1000
129 693 644
314 693 128
652 693 133
167 694 1000
304 694 644
396 694 1000
472 694 128
493 694 644
502 694 1000
189 695 1000
238 695 1000
432 695 1000
645 695 1000
217 696 1000
298 696 1000
471 696 1000
68 697 323
415 697 1000
644 697 323
249 698 323
534 698 128
642 698 644
657 698 644
144 699 1000
163 699 1000
186 700 323
269 700 1000
328 700 323
398 700 1000
402 700 323
420 700 1000
602 700 1000
76 701 323
133 701 1000
138 701 1000
286 701 1000
289 701 1000
335 701 1000
531 701 1000
609 701 323
89 703 323
244 703 1000
373 703 323
394 703 1000
495 703 1000
576 703 1000
453 704 323
111 705 1000
339 705 644
457 705 1000
461 705 128
467 705 1000
535 705 1000
4 706 1000
7 706 644
43 706 1000
84 706 644
134 706 128
195 706 1000
223 706 644
274 706 1000
478 706 128
615 706 1000
194 707 133
195 708 1000
274 708 1000
402 708 323
405 708 644
455 708 644
643 708 644
55 709 1000
144 709 1000
241 709 1000
275 709 1000
285 709 323
683 709 1000
306 710 1000
178 711 133
197 711 133
311 711 644
411 711 644
642 711 133
497 712 1000
673 712 323
23 713 133
282 713 133
462 713 323
584 713 133
34 714 1000
247 714 323
333 714 323
341 714 1000
358 714 1000
456 714 1000
605 714 1000
175 715 644
348 715 1000
493 715 1000
580 715 128
119 716 1000
349 716 1000
649 716 1000
41 717 1000
530 717 1000
613 717 1000
672 717 1000
196 718 1000
255 718 1000
505 718 323
629 718 1000
80 719 644
101 719 133
563 719 128
618 719 128
11 720 644
140 720 133
504 720 644
520 720 644
568 720 644
571 720 133
651 720 133
693 720 133
94 721 1000
288 721 1000
581 721 1000
648 721 323
117 722 1000
300 722 1000
339 722 644
405 722 1000
189 723 1000
238 723 1000
412 723 1000
695 723 1000
721 723 323
243 724 1000
434 724 1000
549 724 1000
660 724 1000
691 724 1000
86 725 133
178 725 644
199 725 128
311 725 133
118 726 1000
373 726 1000
561 726 1000
17 727 1000
170 727 128
175 727 644
302 727 1000
465 727 128
25 728 133
610 728 133
8 729 323
183 729 1000
301 729 1000
303 729 323
437 729 323
44 730 1000
70 730 1000
315 730 1000
336 730 323
486 730 1000
584 730 1000
638 730 1000
58 731 133
78 731 323
103 731 323
176 731 133
365 731 133
514 731 133
33 732 323
247 732 1000
278 732 1000
341 732 323
487 732 1000
549 732 1000
453 733 133
608 733 133
731 733 323
95 734 323
288 734 1000
388 734 1000
413 734 323
13 735 323
259 735 133
440 735 323
518 735 133
655 735 133
13 736 133
259 736 323
270 736 323
298 737 1000
540 737 1000
696 737 1000
131 738 1000
239 738 323
359 738 323
373 738 1000
83 739 1000
143 739 1000
227 739 1000
360 739 646
400 739 1000
557 739 323
72 740 1000
85 740 1000
191 740 1000
264 740 1000
353 740 1000
414 740 323
437 740 1000
451 740 1000
65 741 323
282 742 323
429 742 323
60 743 1000
326 743 1000
353 743 323
392 743 323
456 743 1000
620 743 1000
696 743 323
156 744 1000
712 744 1000
90 745 1000
402 745 323
573 745 1000
578 745 1000
680 745 1000
243 746 1000
283 746 323
434 746 1000
487 746 1000
557 746 1000
691 746 1000
51 747 1000
392 747 1000
507 747 1000
569 747 1000
667 748 133
47 749 1000
432 749 1000
645 749 1000
249 750 323
647 750 133
116 751 644
370 751 1000
466 751 644
622 751 1000
220 752 1000
222 752 1000
526 752 1000
547 752 323
656 752 323
690 752 323
697 752 1000
88 753 323
212 753 1000
424 753 323
561 753 1000
726 753 1000
730 753 323
140 754 644
246 754 644
504 754 133
542 754 644
18 755 266
80 755 133
105 755 644
251 755 128
257 755 644
568 755 133
256 756 644
314 756 128
520 756 133
693 756 644
13 757 323
232 757 133
270 757 133
295 757 133
440 757 323
748 757 323
268 758 1000
545 758 1000
550 759 133
592 759 323
735 759 133
449 760 323
108 761 323
340 761 266
344 761 133
447 761 1000
617 761 323
728 761 133
95 762 1000
316 762 1000
408 762 1000
409 762 1000
606 762 1000
635 762 1000
637 762 1000
70 763 1000
172 763 1000
315 763 1000
374 763 323
473 763 1000
638 763 1000
38 764 1000
174 764 1000
304 764 1000
327 764 644
383 764 1000
455 764 1000
546 764 1000
15 765 1000
174 765 1000
252 765 1000
383 765 1000
455 765 1000
546 765 1000
165 766 133
180 766 323
742 766 323
204 767 1000
286 767 1000
289 767 1000
531 767 1000
673 767 323
701 767 1000
281 768 1000
343 768 1000
443 768 1000
500 768 323
101 769 644
190 769 644
571 769 128
210 770 1000
475 770 323
129 771 128
314 771 644
364 771 644
483 771 133
504 771 133
693 771 644
711 771 133
178 772 644
553 772 128
720 772 133
210 773 1000
268 773 1000
299 773 1000
446 773 323
540 773 1000
545 773 1000
758 773 1000
147 774 1000
285 774 1000
394 774 1000
579 774 1000
703 774 1000
738 774 323
376 775 133
116 776 1000
215 776 1000
337 776 1000
339 776 1000
441 776 128
467 776 644
548 776 128
665 776 1000
763 776 323
21 777 1000
40 777 1000
228 777 1000
237 777 1000
558 777 1000
291 778 323
297 778 1000
384 778 1000
556 778 1000
578 778 1000
199 779 133
279 779 644
311 779 128
364 779 133
698 779 133
711 779 644
165 780 323
180 780 133
406 780 266
517 780 133
38 781 128
233 781 128
370 781 1000
493 781 1000
572 781 1000
665 781 644
715 781 1000
44 782 1000
70 782 1000
172 782 1000
212 782 323
315 782 1000
473 782 1000
486 782 1000
730 782 1000
763 782 1000
140 783 128
246 783 644
575 783 644
754 783 128
769 783 133
52 784 323
126 784 1000
156 784 1000
443 784 323
500 784 1000
712 784 1000
744 784 1000
20 785 1000
29 785 323
56 785 1000
59 785 1000
507 785 1000
747 785 1000
45 786 1000
146 786 1000
151 786 1000
338 786 1000
765 786 128
4 787 1000
98 787 323
195 787 1000
245 787 128
274 787 1000
615 787 1000
622 787 644
682 787 1000
2 788 128
17 788 644
49 788 1000
121 788 128
153 788 1000
167 788 1000
284 788 1000
323 788 1000
448 788 644
601 788 644
634 788 1000
252 789 1000
383 789 1000
455 789 1000
466 789 128
541 789 1000
546 789 1000
751 789 128
764 789 1000
76 790 1000
173 790 133
209 790 323
335 790 323
536 790 323
154 791 133
213 791 133
449 791 323
48 792 644
300 792 1000
302 792 1000
342 792 128
382 792 128
385 792 1000
727 792 1000
4 793 323
76 793 323
98 793 1000
209 793 1000
227 793 646
291 793 1000
297 793 323
360 793 1000
87 794 1000
98 794 1000
330 794 1000
418 794 646
492 794 1000
593 794 1000
793 794 1000
35 795 1000
214 795 1000
595 795 1000
24 796 133
391 796 323
678 796 323
104 797 644
195 797 1000
273 797 1000
334 797 323
337 797 128
548 797 1000
682 797 1000
708 797 1000
765 797 644
111 798 1000
258 798 644
347 798 1000
478 798 1000
501 798 1000
535 798 1000
621 798 1000
84 799 1000
271 799 1000
308 799 1000
323 799 644
425 799 1000
574 799 644
601 799 1000
798 799 644
96 800 1000
159 800 1000
241 800 1000
275 800 1000
318 800 1000
683 800 1000
25 801 323
224 801 133
250 802 133
312 802 133
251 803 644
257 803 644
522 803 644
653 803 128
769 803 266
125 804 1000
218 804 323
539 804 1000
590 804 1000
650 804 1000
429 805 133
469 805 266
476 805 133
510 805 133
654 805 133
156 806 323
343 806 1000
397 806 1000
443 806 1000
768 806 1000
13 807 133
124 807 323
536 807 133
655 807 323
410 808 644
642 808 644
657 808 128
107 809 1000
596 809 1000
612 809 323
669 809 1000
743 809 323
795 809 323
46 810 133
226 810 644
256 810 133
632 810 128
109 811 323
220 811 1000
526 811 1000
697 811 1000
752 811 1000
243 812 1000
484 812 323
487 812 1000
660 812 1000
732 812 1000
343 813 1000
577 813 1000
589 813 1000
768 813 1000
806 813 1000
162 814 323
429 814 323
207 815 1000
400 815 1000
418 815 1000
593 815 646
739 815 1000
485 816 133
750 816 133
616 817 323
92 818 644
134 818 1000
195 818 128
215 818 1000
337 818 1000
529 818 644
604 818 1000
776 818 1000
479 819 1000
804 819 1000
196 820 1000
255 820 1000
264 820 1000
543 820 1000
564 820 323
629 820 1000
718 820 1000
390 821 266
16 822 1000
21 822 1000
235 822 1000
416 822 323
491 822 1000
558 822 1000
23 823 133
375 823 323
584 823 133
681 823 266
123 824 1000
233 824 1000
457 824 1000
467 824 1000
764 824 644
197 825 644
260 825 644
354 825 323
399 825 644
779 825 133
83 826 323
434 826 1000
557 826 1000
691 826 1000
746 826 1000
66 827 133
67 827 323
193 827 133
417 827 323
96 828 1000
159 828 1000
163 828 1000
407 828 1000
631 828 323
699 828 1000
303 829 1000
392 829 1000
569 829 1000
414 830 1000
624 830 1000
672 830 1000
18 831 133
140 831 644
169 831 128
246 831 644
542 831 644
568 831 133
575 831 128
10 832 1000
35 832 1000
155 832 323
158 832 1000
488 832 1000
524 832 1000
666 832 1000
61 833 1000
168 833 1000
623 833 1000
749 833 1000
187 834 1000
327 834 128
396 834 1000
694 834 1000
764 834 644
330 835 323
496 835 1000
519 835 1000
556 835 1000
573 835 1000
578 835 1000
364 836 323
713 836 133
66 837 323
171 837 323
198 837 323
417 837 133
757 837 133
164 838 1000
620 838 323
626 838 323
660 838 1000
732 838 1000
812 838 1000
135 839 323
259 839 133
476 839 323
518 839 133
655 839 133
814 839 133
192 840 133
197 840 128
332 840 644
537 840 128
825 840 644
480 841 323
741 841 323
816 841 133
218 842 1000
404 842 1000
505 842 1000
31 843 133
421 843 323
741 843 133
816 843 323
209 844 266
307 844 323
667 844 133
179 845 1000
210 845 1000
299 845 1000
471 845 1000
714 845 323
758 845 1000
18 846 128
101 846 128
251 846 266
520 846 133
551 846 644
571 846 644
575 846 133
618 846 133
769 846 644
490 847 133
570 847 133
616 847 133
664 847 323
675 847 133
796 847 133
337 848 644
370 848 1000
461 848 1000
529 848 1000
765 848 128
786 848 644
797 848 644
14 849 323
37 849 1000
119 849 323
288 849 1000
388 849 1000
389 849 1000
734 849 1000
640 850 133
83 851 1000
207 851 1000
400 851 1000
691 851 323
739 851 1000
815 851 1000
4 852 644
223 852 1000
529 852 1000
621 852 128
622 852 1000
80 853 644
257 853 133
823 853 323
278 855 1000
460 855 1000
557 855 1000
743 855 323
826 855 1000
838 855 1000
198 856 133
757 856 323
250 857 133
582 857 323
802 857 133
87 858 1000
330 858 1000
496 858 323
593 858 1000
679 858 1000
692 858 1000
794 858 1000
27 859 323
219 859 133
844 859 646
197 860 644
260 860 128
311 860 133
399 860 644
450 860 133
825 860 128
36 861 1000
297 861 1000
496 861 1000
519 861 1000
556 861 1000
16 862 323
75 862 1000
76 862 1000
133 862 323
352 862 1000
360 862 323
416 862 1000
500 862 323
628 862 1000
641 862 1000
223 863 1000
271 863 128
481 863 644
572 863 1000
615 863 644
622 863 1000
715 863 1000
852 863 1000
3 864 133
627 864 323
662 864 266
688 864 133
151 865 644
174 865 128
187 865 644
273 865 644
348 865 1000
461 865 1000
572 865 1000
781 865 1000
848 865 1000
19 866 323
106 866 323
162 866 323
74 867 133
381 867 133
499 867 133
664 867 323
760 867 133
770 867 133
42 868 128
111 868 644
258 868 1000
300 868 644
309 868 1000
329 868 323
339 868 1000
572 868 644
665 868 1000
668 868 128
2 869 1000
167 869 128
347 869 644
472 869 1000
586 869 644
599 869 1000
477 870 323
731 870 133
335 871 323
536 871 323
550 871 266
609 871 1000
654 871 323
655 871 133
232 872 323
372 872 133
856 872 133
67 873 266
248 873 323
81 874 646
102 874 323
270 874 323
689 874 133
748 874 133
226 875 128
463 875 266
632 875 644
652 875 644
756 875 133
810 875 644
846 875 133
46 876 128
80 876 266
399 876 133
450 876 644
269 877 323
277 877 1000
380 877 323
508 877 1000
603 877 1000
690 877 1000
791 878 323
149 879 1000
189 879 1000
288 879 323
412 879 1000
695 879 1000
723 879 1000
2 880 1000
120 880 644
234 880 1000
252 880 128
466 880 1000
599 880 1000
786 880 1000
301 881 1000
600 881 1000
729 881 1000
740 881 323
829 881 323
74 882 133
78 882 323
381 882 133
770 882 133
775 882 133
160 883 1000
505 883 1000
555 883 323
842 883 1000
29 884 1000
301 884 1000
600 884 1000
251 885 644
522 885 644
563 885 133
571 885 266
653 885 644
720 885 133
755 885 644
803 885 128
82 886 644
324 886 644
463 886 644
512 886 128
598 886 644
632 886 266
247 887 1000
434 887 1000
487 887 1000
549 887 1000
616 887 1000
724 887 1000
732 887 1000
746 887 1000
812 887 1000
218 888 1000
356 888 323
404 888 1000
505 888 1000
539 888 323
608 888 1000
842 888 1000
883 888 1000
139 889 1000
141 889 1000
380 889 1000
459 889 1000
567 889 1000
690 889 323
17 890 1000
43 890 644
167 890 644
188 890 128
300 890 1000
309 890 644
385 890 1000
586 890 128
727 890 1000
869 890 644
91 891 323
236 891 133
266 891 133
536 891 266
550 891 323
592 891 133
2 892 1000
323 892 128
385 892 644
574 892 644
599 892 1000
798 892 644
799 892 128
869 892 1000
88 893 1000
109 893 1000
294 893 1000
362 893 1000
670 893 1000
113 894 1000
117 894 128
327 894 1000
336 894 644
338 894 644
363 894 1000
396 894 128
458 894 644
411 895 644
657 895 133
711 895 128
779 895 644
840 895 133
249 896 133
354 896 133
584 896 133
779 896 323
816 896 323
836 896 133
672 897 1000
830 897 1000
61 898 1000
149 898 1000
238 898 1000
412 898 1000
695 898 1000
723 898 1000
370 899 1000
493 899 1000
751 899 1000
764 899 128
781 899 1000
824 899 128
834 899 644
865 899 1000
330 900 1000
334 900 1000
402 900 1000
420 900 323
492 900 1000
573 900 323
793 900 1000
41 901 1000
564 901 1000
613 901 1000
672 901 1000
717 901 1000
897 901 1000
410 902 128
411 902 133
642 902 644
657 902 644
808 902 128
52 903 1000
138 903 323
222 903 1000
435 903 1000
526 903 1000
609 903 1000
670 903 323
50 904 266
122 904 133
761 904 323
520 905 133
553 905 128
725 905 644
772 905 644
79 906 1000
96 906 1000
318 906 1000
407 906 1000
800 906 1000
59 907 323
128 907 1000
591 907 323
648 907 323
820 907 323
625 908 133
671 908 133
45 909 1000
151 909 1000
338 909 1000
461 909 644
472 909 1000
705 909 644
722 909 644
786 909 1000
157 910 323
266 910 323
550 910 133
735 910 133
9 911 323
97 911 1000
269 911 1000
313 911 1000
398 911 1000
547 911 323
602 911 1000
690 911 323
184 912 323
827 912 266
873 912 323
86 913 133
129 913 644
256 913 128
311 913 133
364 913 128
632 913 133
756 913 644
771 913 644
454 914 323
508 914 1000
603 914 1000
807 914 1000
877 914 1000
161 915 644
622 915 1000
634 915 644
715 915 1000
852 915 1000
863 915 1000
131 916 1000
172 916 323
212 916 1000
369 916 323
374 916 1000
386 916 1000
445 916 323
4 917 1000
42 917 1000
43 917 1000
48 917 1000
258 917 128
360 917 323
385 917 644
615 917 1000
706 917 1000
798 917 128
799 917 644
200 918 1000
424 918 1000
511 918 1000
619 918 1000
631 918 1000
60 919 323
179 919 1000
298 919 1000
471 919 1000
696 919 1000
737 919 1000
167 920 1000
170 920 644
465 920 128
481 920 1000
502 920 1000
634 920 1000
694 920 1000
715 920 644
727 920 644
788 920 1000
147 921 1000
394 921 1000
576 921 1000
579 921 1000
703 921 1000
774 921 1000
28 922 133
677 922 133
707 922 323
659 923 133
114 924 646
129 924 323
689 924 133
748 924 133
837 924 323
448 925 1000
351 926 1000
367 926 1000
371 926 323
423 926 1000
530 926 1000
624 926 1000
32 927 1000
33 927 1000
143 927 1000
177 927 1000
227 927 1000
484 927 1000
626 927 1000
900 927 646
296 928 133
319 928 266
419 928 133
11 929 644
462 929 644
504 929 128
520 929 644
720 929 128
769 929 133
783 929 133
803 929 133
150 930 1000
155 930 1000
202 930 1000
333 930 1000
387 930 323
433 930 1000
605 930 323
70 931 1000
172 931 1000
231 931 1000
486 931 1000
366 932 266
277 933 1000
603 933 1000
630 933 1000
690 933 1000
877 933 1000
83 934 1000
143 934 1000
400 934 1000
418 934 1000
815 934 1000
858 934 646
4 935 644
15 935 1000
84 935 1000
252 935 1000
271 935 1000
546 935 1000
563 935 1000
621 935 644
799 935 1000
852 935 128
24 936 133
93 936 323
490 936 133
796 936 266
847 936 133
104 937 1000
339 937 128
441 937 1000
458 937 1000
643 937 1000
668 937 1000
705 937 644
722 937 128
78 938 133
350 938 323
854 938 323
870 938 323
94 939 1000
230 939 1000
428 939 1000
612 939 1000
833 939 323
39 940 1000
127 940 1000
136 940 1000
239 940 1000
334 941 1000
402 941 1000
679 941 1000
680 941 323
692 941 1000
168 942 1000
432 942 1000
645 942 1000
749 942 1000
833 942 1000
126 943 1000
497 943 1000
577 943 323
630 943 1000
712 943 1000
744 943 1000
784 943 1000
101 944 133
211 944 644
314 944 133
504 944 644
520 944 128
553 944 133
568 944 644
720 944 128
929 944 644
67 945 133
193 945 323
805 945 323
814 945 133
839 945 133
871 945 133
45 946 644
383 946 128
461 946 1000
467 946 128
529 946 1000
548 946 644
751 946 1000
776 946 644
781 946 1000
848 946 1000
865 946 1000
899 946 1000
73 947 266
173 947 323
131 948 1000
320 948 1000
916 948 1000
931 948 323
133 949 1000
306 949 323
470 949 1000
531 949 1000
566 949 1000
641 949 323
32 950 646
98 950 1000
291 950 1000
398 950 323
402 950 1000
492 950 1000
900 950 1000
941 950 1000
20 951 1000
130 951 1000
303 951 1000
341 951 323
356 951 1000
555 951 1000
829 951 1000
75 952 1000
76 952 1000
416 952 1000
491 952 323
531 952 323
641 952 1000
794 952 323
943 952 323
15 953 644
123 953 1000
195 953 128
245 953 1000
467 953 1000
478 953 1000
529 953 128
621 953 1000
818 953 644
52 954 1000
306 954 1000
415 954 1000
531 954 323
552 954 323
609 954 1000
673 954 1000
943 954 323
62 955 1000
925 955 1000
174 956 1000
304 956 1000
308 956 1000
383 956 1000
455 956 1000
461 956 128
705 956 644
765 956 1000
909 956 128
220 957 1000
222 957 1000
289 957 323
362 957 323
435 957 1000
609 957 1000
673 957 1000
752 957 1000
903 957 1000
2 958 1000
146 958 1000
234 958 1000
245 958 644
284 958 128
466 958 1000
622 958 644
9 959 1000
182 959 1000
186 959 1000
235 959 1000
237 959 1000
269 959 323
583 959 1000
777 959 1000
39 960 1000
68 960 1000
127 960 1000
239 960 1000
373 960 323
552 960 1000
238 961 323
387 961 1000
388 961 1000
433 961 323
721 961 1000
734 961 1000
849 961 1000
92 962 1000
121 962 1000
253 962 1000
284 962 128
377 962 1000
528 962 1000
958 962 644
119 963 1000
145 963 1000
305 963 1000
389 963 323
716 963 1000
9 964 1000
182 964 1000
186 964 1000
228 964 1000
237 964 1000
254 964 1000
602 964 323
777 964 1000
351 965 1000
367 965 1000
414 965 1000
451 965 323
530 965 1000
613 965 1000
624 965 1000
155 966 1000
202 966 1000
261 966 1000
272 966 1000
433 966 1000
488 966 323
648 966 1000
930 966 1000
34 967 1000
128 967 1000
130 967 323
341 967 1000
345 967 323
446 967 1000
456 967 1000
545 967 323
620 967 1000
812 967 323
118 968 1000
320 968 1000
386 968 1000
738 968 1000
948 968 1000
29 969 1000
218 969 1000
301 969 1000
507 969 323
543 969 323
590 969 323
884 969 1000
340 970 133
671 970 323
707 970 323
850 970 323
291 971 1000
357 971 646
402 971 1000
602 971 323
692 971 1000
941 971 1000
950 971 1000
153 972 644
216 972 128
223 972 1000
234 972 644
274 972 644
541 972 128
622 972 1000
751 972 1000
915 972 1000
12 973 1000
125 973 1000
321 973 1000
404 973 323
539 973 1000
650 973 1000
663 973 1000
804 973 1000
34 974 1000
128 974 1000
155 974 323
446 974 1000
605 974 1000
620 974 1000
660 974 323
714 974 1000
758 974 323
967 974 1000
310 975 644
370 975 1000
651 975 128
895 975 133
929 975 133
27 976 133
489 976 133
938 976 323
77 977 1000
367 977 1000
624 977 1000
926 977 1000
46 978 644
192 978 644
410 978 133
450 978 644
618 978 266
875 978 133
876 978 128
51 979 323
60 979 1000
272 979 323
283 979 1000
629 979 323
907 979 1000
207 980 1000
357 980 1000
724 980 323
815 980 1000
851 980 1000
934 980 1000
317 981 323
814 981 323
866 981 323
339 982 644
363 982 1000
661 982 1000
722 982 128
894 982 1000
909 982 644
937 982 644
956 982 644
42 983 1000
43 983 1000
57 983 1000
273 983 1000
348 983 644
535 983 128
679 983 323
917 983 1000
83 984 1000
357 984 1000
434 984 323
692 984 646
815 984 1000
934 984 1000
980 984 1000
148 985 323
681 985 133
836 985 133
297 986 1000
384 986 1000
556 986 1000
573 986 1000
745 986 1000
778 986 1000
221 987 1000
261 987 1000
272 987 1000
361 987 1000
581 987 323
648 987 1000
809 987 1000
358 988 323
559 988 1000
569 988 1000
829 988 1000
38 989 1000
271 989 1000
304 989 1000
425 989 1000
465 989 644
580 989 644
601 989 1000
715 989 128
920 989 644
96 990 323
200 990 1000
369 990 1000
374 990 323
495 990 1000
511 990 1000
619 990 1000
631 990 1000
94 991 1000
168 991 323
361 991 323
428 991 1000
447 991 1000
525 991 323
581 991 1000
939 991 1000
8 992 1000
12 992 1000
262 992 1000
474 992 1000
479 992 1000
533 992 1000
881 992 323
170 993 1000
188 993 1000
363 993 644
458 993 1000
502 993 644
535 993 644
668 993 1000
937 993 1000
983 993 644
71 994 133
344 994 323
645 994 1000
904 994 133
908 994 133
25 995 323
71 995 133
156 997 1000
497 997 1000
603 997 1000
690 997 1000
712 997 1000
957 997 323
85 998 1000
160 998 323
255 998 1000
345 998 1000
718 998 1000
974 998 323
216 999 1000
252 999 644
478 999 1000
501 999 1000
604 999 644
614 999 644
621 999 1000
880 999 644
953 999 1000
90 1000 323
269 1000 323
334 1000 1000
402 1000 1000
679 1000 1000
692 1000 1000
941 1000 1000
10 1001 323
14 1001 1000
107 1001 1000
150 1001 1000
155 1001 1000
202 1001 1000
389 1001 323
596 1001 1000
967 1001 323
5 1002 128
17 1002 644
43 1002 1000
274 1002 1000
330 1002 323
448 1002 644
501 1002 128
601 1002 644
706 1002 1000
787 1002 1000
917 1002 1000
125 1003 1000
479 1003 1000
590 1003 1000
650 1003 1000
819 1003 1000
250 1004 266
395 1004 323
636 1004 133
802 1004 133
244 1005 1000
275 1005 323
285 1005 1000
424 1005 1000
619 1005 1000
703 1005 1000
726 1005 323
71 1006 133
122 1006 266
393 1006 133
728 1006 323
904 1006 133
995 1006 133
33 1007 1000
207 1007 1000
484 1007 1000
487 1007 323
851 1007 1000
984 1007 1000
1000 1007 646
322 1008 1000
588 1008 1000
43 1009 644
167 1009 644
223 1009 1000
309 1009 644
347 1009 128
348 1009 1000
493 1009 1000
572 1009 1000
715 1009 1000
869 1009 644
915 1009 1000
179 1010 1000
217 1010 1000
471 1010 1000
591 1010 1000
737 1010 1000
919 1010 1000
129 1011 644
314 1011 644
364 1011 644
693 1011 128
756 1011 644
771 1011 128
895 1011 133
929 1011 133
135 1012 133
173 1012 323
193 1012 266
335 1012 133
54 1013 1000
117 1014 1000
211 1014 133
310 1014 644
498 1014 128
503 1014 1000
74 1015 323
78 1015 133
176 1015 323
419 1015 323
442 1015 323
664 1015 133
675 1015 323
8 1016 1000
12 1016 1000
183 1016 323
229 1016 1000
321 1016 1000
474 1016 1000
533 1016 1000
663 1016 1000
72 1017 1000
196 1017 1000
264 1017 1000
353 1017 1000
371 1017 1000
543 1017 1000
629 1017 1000
820 1017 1000
884 1017 323
129 1018 133
310 1018 133
311 1018 644
711 1018 128
748 1018 323
779 1018 128
895 1018 644
117 1019 1000
300 1019 1000
363 1019 128
385 1019 1000
502 1019 644
722 1019 1000
727 1019 1000
890 1019 1000
983 1019 644
993 1019 128
113 1020 644
170 1020 1000
233 1020 644
342 1020 1000
441 1020 1000
458 1020 1000
665 1020 128
668 1020 1000
32 1021 1000
177 1021 1000
227 1021 1000
290 1021 1000
291 1021 646
357 1021 1000
484 1021 1000
626 1021 1000
817 1021 1000
29 1022 1000
59 1022 323
505 1022 1000
600 1022 1000
820 1022 323
842 1022 1000
884 1022 1000
969 1022 1000
1003 1022 323
181 1023 323
379 1023 266
704 1023 133
854 1023 133
928 1023 133
92 1024 1000
120 1024 128
121 1024 1000
137 1024 1000
252 1024 644
604 1024 644
614 1024 644
880 1024 644
18 1025 128
101 1025 644
169 1025 133
190 1025 644
211 1025 133
551 1025 128
810 1025 133
846 1025 644
139 1026 1000
343 1026 1000
443 1026 1000
459 1026 1000
577 1026 1000
712 1026 323
813 1026 1000
83 1027 1000
207 1027 1000
679 1027 646
739 1027 1000
746 1027 323
851 1027 1000
934 1027 1000
984 1027 1000
1007 1027 1000
439 1028 323
469 1028 323
839 1028 133
871 1028 133
945 1028 266
1012 1028 323
508 1029 1000
567 1029 323
602 1029 323
690 1029 1000
811 1029 323
914 1029 1000
933 1029 1000
75 1030 1000
97 1030 1000
110 1030 323
182 1030 323
269 1030 1000
602 1030 1000
628 1030 1000
911 1030 1000
933 1030 323
11 1031 133
19 1031 323
140 1031 644
169 1031 644
190 1031 133
246 1031 128
542 1031 644
754 1031 128
783 1031 644
93 1032 133
185 1032 266
627 1032 323
928 1032 323
1015 1032 133
85 1033 1000
191 1033 1000
255 1033 1000
605 1033 323
718 1033 1000
883 1033 323
897 1033 323
998 1033 1000
55 1034 1000
79 1034 1000
144 1034 1000
699 1034 1000
828 1034 1000
906 1034 1000
12 1035 323
183 1035 1000
191 1035 323
404 1035 1000
729 1035 1000
881 1035 1000
883 1035 1000
888 1035 1000
951 1035 323
4 1036 644
7 1036 1000
99 1036 1000
614 1036 1000
621 1036 644
585 1037 1000
588 1037 1000
192 1038 133
226 1038 644
430 1038 266
483 1038 128
652 1038 128
769 1038 133
875 1038 644
1011 1038 133
187 1039 1000
396 1039 1000
461 1039 644
502 1039 1000
527 1039 1000
694 1039 1000
722 1039 644
909 1039 128
937 1039 644
956 1039 644
982 1039 128
214 1040 1000
646 1040 1000
685 1040 1000
795 1040 1000
987 1040 323
1 1041 1000
204 1041 1000
220 1041 323
289 1041 1000
313 1041 323
547 1041 1000
701 1041 1000
767 1041 1000
27 1042 133
206 1042 266
219 1042 323
675 1042 133
936 1042 133
1032 1042 323
515 1043 323
532 1043 133
843 1043 133
1 1044 323
313 1044 1000
757 1044 133
790 1044 133
807 1044 323
277 1045 323
306 1045 1000
415 1045 1000
697 1045 1000
710 1045 1000
4 1046 644
120 1046 1000
302 1046 1000
385 1046 1000
503 1046 1000
1036 1046 128
70 1047 1000
131 1047 323
172 1047 1000
359 1047 1000
931 1047 1000
243 1048 1000
434 1048 1000
460 1048 1000
557 1048 1000
691 1048 1000
724 1048 1000
815 1048 323
907 1048 323
207 1049 646
273 1049 323
334 1049 1000
593 1049 1000
679 1049 1000
971 1049 1000
1000 1049 1000
1030 1049 323
305 1050 1000
349 1050 1000
408 1050 1000
525 1050 1000
606 1050 1000
637 1050 1000
716 1050 1000
939 1050 323
240 1051 323
401 1051 133
750 1051 323
843 1051 133
468 1052 323
625 1052 323
676 1052 323
72 1053 323
183 1053 1000
533 1053 323
600 1053 1000
881 1053 1000
884 1053 1000
988 1053 323
325 1054 266
439 1054 323
233 1055 1000
336 1055 644
338 1055 644
370 1055 128
457 1055 1000
458 1055 644
535 1055 1000
705 1055 1000
824 1055 1000
222 1056 1000
328 1056 323
526 1056 1000
811 1056 1000
893 1056 323
903 1056 1000
957 1056 1000
231 1057 323
320 1057 1000
386 1057 1000
670 1057 323
948 1057 1000
968 1057 1000
22 1058 323
127 1058 323
373 1058 1000
394 1058 323
738 1058 1000
2 1059 1000
234 1059 1000
253 1059 644
634 1059 128
869 1059 1000
915 1059 644
958 1059 1000
610 1060 266
633 1060 323
658 1060 323
821 1060 323
178 1061 128
199 1061 644
553 1061 644
772 1061 128
895 1061 133
905 1061 644
929 1061 133
123 1062 128
146 1062 644
215 1062 644
529 1062 1000
546 1062 128
622 1062 1000
682 1062 644
751 1062 1000
848 1062 1000
852 1062 1000
899 1062 1000
946 1062 1000
972 1062 1000
975 1062 1000
236 1063 133
325 1063 323
439 1063 266
536 1063 133
945 1063 323
981 1063 133
319 1064 323
516 1064 323
932 1064 323
11 1065 133
178 1065 128
199 1065 128
725 1065 644
772 1065 644
874 1065 323
1018 1065 133
1061 1065 644
5 1066 1000
116 1066 1000
134 1066 1000
161 1066 1000
215 1066 1000
216 1066 644
274 1066 128
604 1066 1000
931 1066 323
972 1066 644
26 1067 323
184 1067 323
236 1067 266
873 1067 323
126 1068 1000
156 1068 1000
277 1068 1000
306 1068 323
500 1068 1000
508 1068 1000
641 1068 323
784 1068 1000
943 1068 1000
156 1069 1000
397 1069 323
420 1069 323
497 1069 1000
603 1069 1000
744 1069 1000
784 1069 1000
903 1069 323
997 1069 1000
219 1070 646
267 1070 323
331 1070 266
417 1070 323
594 1070 133
844 1070 133
924 1070 133
343 1071 1000
397 1071 1000
459 1071 1000
806 1071 1000
889 1071 1000
997 1071 323
1026 1071 1000
82 1072 644
324 1072 128
403 1072 644
463 1072 644
512 1072 644
810 1072 266
886 1072 128
41 1073 1000
196 1073 323
530 1073 1000
564 1073 1000
717 1073 1000
115 1074 133
154 1074 323
280 1074 133
686 1074 133
688 1074 133
878 1074 133
128 1075 1000
196 1075 323
261 1075 323
283 1075 1000
446 1075 1000
691 1075 323
785 1075 323
907 1075 1000
442 1076 133
610 1076 323
658 1076 266
1032 1076 323
55 1077 1000
89 1077 1000
144 1077 1000
163 1077 1000
241 1077 1000
699 1077 1000
921 1077 323
98 1078 1000
195 1078 323
291 1078 1000
334 1078 1000
402 1078 1000
626 1078 646
793 1078 1000
900 1078 1000
986 1078 323
47 1079 1000
61 1079 1000
230 1079 323
623 1079 1000
749 1079 1000
833 1079 1000
942 1079 1000
205 1080 323
532 1080 266
220 1081 323
313 1081 323
459 1081 323
497 1081 1000
603 1081 1000
690 1081 1000
712 1081 1000
744 1081 1000
807 1081 1000
997 1081 1000
1029 1081 1000
303 1082 1000
356 1082 1000
555 1082 1000
714 1082 323
829 1082 1000
951 1082 1000
988 1082 1000
142 1083 133
267 1083 133
924 1083 323
199 1084 323
713 1084 133
841 1084 323
896 1084 133
52 1085 1000
133 1085 323
306 1085 1000
415 1085 1000
435 1085 1000
500 1085 323
609 1085 1000
710 1085 1000
940 1085 323
1045 1085 1000
326 1086 1000
358 1086 1000
460 1086 323
743 1086 1000
907 1086 1000
979 1086 1000
987 1086 323
1017 1086 323
1075 1086 1000
110 1087 1000
138 1087 1000
222 1087 323
289 1087 1000
328 1087 1000
368 1087 1000
538 1087 1000
547 1087 1000
1041 1087 1000
153 1088 1000
396 1088 1000
405 1088 644
422 1088 1000
455 1088 644
643 1088 644
834 1088 1000
1039 1088 1000
217 1089 1000
276 1089 323
376 1089 266
499 1089 133
770 1089 133
134 1090 323
231 1090 1000
359 1090 1000
506 1090 1000
931 1090 1000
968 1090 323
57 1091 644
117 1091 1000
203 1091 644
472 1091 644
694 1091 644
722 1091 1000
727 1091 1000
792 1091 1000
890 1091 1000
1019 1091 1000
12 1092 1000
125 1092 1000
262 1092 1000
321 1092 1000
474 1092 1000
539 1092 1000
883 1092 323
118 1093 1000
285 1093 323
320 1093 1000
726 1093 1000
738 1093 1000
940 1093 323
968 1093 1000
1058 1093 1000
351 1094 1000
367 1094 1000
530 1094 1000
564 1094 1000
613 1094 1000
926 1094 1000
1017 1094 323
1073 1094 1000
133 1095 1000
138 1095 1000
204 1095 1000
286 1095 1000
289 1095 1000
352 1095 323
435 1095 323
701 1095 1000
949 1095 1000
78 1096 323
112 1096 133
132 1096 133
419 1096 133
704 1096 133
733 1096 323
854 1096 133
1008 1097 1000
305 1098 1000
408 1098 1000
525 1098 1000
716 1098 1000
963 1098 1000
90 1099 1000
334 1099 323
384 1099 1000
573 1099 1000
680 1099 1000
745 1099 1000
778 1099 1000
986 1099 1000
139 1100 323
398 1100 323
526 1100 323
690 1100 1000
712 1100 1000
744 1100 1000
914 1100 1000
1029 1100 1000
1069 1100 1000
1081 1100 1000
17 1101 1000
120 1101 1000
153 1101 644
234 1101 644
274 1101 644
405 1101 1000
452 1101 1000
503 1101 1000
1066 1101 644
279 1102 133
410 1102 128
534 1102 644
698 1102 644
808 1102 644
876 1102 133
902 1102 644
105 1103 128
211 1103 133
251 1103 644
257 1103 644
522 1103 644
755 1103 128
1025 1103 266
204 1104 323
313 1104 1000
352 1104 1000
398 1104 1000
420 1104 1000
492 1104 323
700 1104 1000
744 1104 323
952 1104 1000
327 1105 644
441 1105 1000
458 1105 1000
521 1105 1000
643 1105 1000
824 1105 644
834 1105 644
1020 1105 1000
272 1106 323
427 1106 1000
444 1106 1000
488 1106 1000
1040 1106 1000
209 1107 133
291 1107 1000
310 1107 323
689 1107 133
748 1107 133
817 1107 646
941 1107 1000
1044 1107 323
214 1108 1000
221 1108 323
595 1108 1000
646 1108 1000
1040 1108 1000
1106 1108 1000
81 1109 133
114 1109 133
391 1109 133
689 1109 646
817 1109 133
847 1109 323
118 1110 1000
131 1110 1000
320 1110 1000
373 1110 1000
552 1110 323
738 1110 1000
921 1110 323
948 1110 1000
1058 1110 1000
37 1111 1000
230 1111 1000
333 1111 323
349 1111 323
387 1111 1000
388 1111 1000
939 1111 1000
942 1111 323
991 1111 1000
20 1112 1000
56 1112 1000
130 1112 1000
160 1112 323
555 1112 1000
974 1112 323
1082 1112 1000
45 1113 644
92 1113 1000
113 1113 1000
327 1113 1000
377 1113 1000
383 1113 644
441 1113 644
661 1113 1000
776 1113 644
982 1113 1000
14 1114 1000
128 1114 323
155 1114 1000
158 1114 323
261 1114 1000
413 1114 1000
648 1114 1000
930 1114 1000
966 1114 1000
1001 1114 1000
191 1115 1000
345 1115 1000
365 1115 1000
672 1115 323
718 1115 1000
888 1115 323
1033 1115 1000
256 1116 133
260 1116 133
279 1116 128
311 1116 128
411 1116 644
779 1116 644
1014 1116 133
1018 1116 644
8 1117 1000
229 1117 1000
301 1117 323
590 1117 1000
992 1117 1000
1016 1117 1000
4 1118 1000
43 1118 1000
48 1118 1000
161 1118 128
274 1118 1000
615 1118 1000
787 1118 1000
794 1118 323
915 1118 644
1002 1118 1000
955 1119 1000
476 1120 323
713 1120 323
742 1120 133
841 1120 133
63 1121 266
142 1121 133
674 1121 323
51 1122 1000
59 1122 1000
392 1122 1000
507 1122 1000
559 1122 1000
569 1122 1000
785 1122 1000
884 1122 323
988 1122 1000
1086 1122 323
97 1123 1000
237 1123 323
269 1123 1000
398 1123 1000
538 1123 323
602 1123 1000
700 1123 1000
914 1123 323
941 1123 323
1044 1123 1000
142 1124 133
680 1124 1000
778 1124 1000
1107 1124 323
55 1125 1000
89 1125 1000
163 1125 1000
241 1125 1000
683 1125 1000
709 1125 1000
774 1125 323
1077 1125 1000
130 1126 1000
183 1126 323
303 1126 1000
392 1126 1000
559 1126 1000
620 1126 323
951 1126 1000
988 1126 1000
1112 1126 1000
268 1127 1000
298 1127 1000
591 1127 1000
737 1127 1000
773 1127 1000
1075 1127 323
87 1128 1000
330 1128 1000
352 1128 323
360 1128 1000
492 1128 1000
706 1128 323
793 1128 1000
900 1128 1000
1078 1128 1000
230 1129 1000
387 1129 1000
388 1129 1000
389 1129 1000
716 1129 323
749 1129 323
849 1129 1000
939 1129 1000
1111 1129 1000
560 1130 133
750 1130 323
759 1130 323
175 1131 1000
203 1131 1000
258 1131 1000
309 1131 1000
336 1131 1000
339 1131 1000
348 1131 644
363 1131 644
535 1131 644
868 1131 1000
983 1131 128
993 1131 128
1019 1131 644
215 1132 1000
310 1132 128
336 1132 1000
462 1132 133
498 1132 128
584 1132 323
779 1132 133
853 1132 133
975 1132 644
1014 1132 644
562 1133 133
733 1133 323
923 1133 133
996 1133 133
47 1134 1000
168 1134 1000
432 1134 1000
833 1134 1000
942 1134 1000
994 1134 1000
51 1135 323
218 1135 1000
505 1135 1000
600 1135 1000
629 1135 323
819 1135 323
842 1135 1000
884 1135 1000
1022 1135 1000
139 1136 1000
380 1136 1000
397 1136 1000
454 1136 1000
567 1136 1000
1071 1136 1000
374 1137 1000
386 1137 1000
561 1137 1000
753 1137 1000
916 1137 1000
1057 1137 1000
28 1138 133
442 1138 323
802 1138 133
210 1139 1000
268 1139 1000
283 1139 323
298 1139 1000
540 1139 1000
737 1139 1000
773 1139 1000
1127 1139 1000
9 1140 1000
254 1140 1000
313 1140 323
583 1140 1000
964 1140 1000
28 1141 133
676 1141 323
802 1141 133
30 1142 133
171 1142 323
214 1143 1000
444 1143 1000
685 1143 1000
795 1143 1000
1040 1143 1000
39 1144 1000
294 1144 1000
445 1144 1000
552 1144 1000
670 1144 1000
893 1144 1000
948 1144 323
164 1145 1000
278 1145 1000
418 1145 323
460 1145 1000
826 1145 1000
1048 1145 1000
39 1146 1000
136 1146 1000
239 1146 1000
362 1146 1000
435 1146 323
670 1146 1000
940 1146 1000
968 1146 323
1144 1146 1000
99 1147 128
134 1147 1000
161 1147 1000
175 1147 1000
258 1147 1000
302 1147 644
359 1147 323
528 1147 644
615 1147 128
863 1147 644
868 1147 1000
212 1148 1000
263 1148 323
374 1148 1000
473 1148 323
561 1148 1000
726 1148 1000
1058 1148 1000
1137 1148 1000
288 1149 1000
409 1149 323
428 1149 1000
447 1149 1000
581 1149 1000
612 1149 1000
721 1149 1000
734 1149 1000
130 1150 323
160 1150 1000
183 1150 1000
345 1150 323
404 1150 1000
663 1150 323
729 1150 1000
888 1150 1000
1035 1150 1000
34 1151 323
164 1151 1000
247 1151 1000
278 1151 1000
549 1151 1000
616 1151 1000
660 1151 1000
812 1151 1000
838 1151 1000
1021 1151 323
108 1152 133
150 1152 1000
194 1152 133
202 1152 1000
312 1152 323
344 1152 323
475 1152 323
179 1153 1000
217 1153 1000
299 1153 1000
545 1153 1000
620 1153 323
696 1153 1000
758 1153 1000
427 1154 1000
444 1154 1000
669 1154 323
685 1154 1000
795 1154 1000
1106 1154 1000
1108 1154 1000
1143 1154 1000
186 1155 1000
254 1155 1000
346 1155 1000
491 1155 1000
565 1155 1000
1104 1155 323
1140 1155 1000
10 1156 1000
35 1156 1000
107 1156 323
214 1156 1000
595 1156 1000
607 1156 1000
795 1156 1000
92 1157 1000
327 1157 1000
405 1157 128
455 1157 644
643 1157 644
894 1157 1000
982 1157 1000
1024 1157 1000
1088 1157 128
37 1158 1000
145 1158 323
189 1158 323
288 1158 1000
387 1158 1000
389 1158 1000
721 1158 1000
734 1158 1000
849 1158 1000
1114 1158 323
306 1159 1000
415 1159 1000
508 1159 323
566 1159 323
697 1159 1000
710 1159 1000
811 1159 1000
72 1160 323
351 1160 1000
414 1160 1000
830 1160 1000
926 1160 1000
965 1160 1000
977 1160 1000
1094 1160 1000
196 1161 1000
218 1161 323
255 1161 1000
283 1161 323
543 1161 1000
554 1161 1000
629 1161 1000
717 1161 323
1115 1161 1000
213 1162 323
287 1162 133
293 1162 133
296 1162 323
138 1163 1000
204 1163 1000
328 1163 1000
398 1163 323
526 1163 323
538 1163 1000
547 1163 1000
767 1163 1000
1041 1163 1000
1080 1164 323
47 1165 1000
168 1165 1000
412 1165 1000
447 1165 323
623 1165 1000
904 1165 1000
1079 1165 1000
1134 1165 1000
149 1166 1000
189 1166 1000
238 1166 1000
645 1166 1000
734 1166 323
879 1166 1000
898 1166 1000
7 1167 1000
92 1167 644
104 1167 1000
195 1167 644
422 1167 644
441 1167 1000
614 1167 1000
643 1167 1000
818 1167 128
953 1167 644
1036 1167 1000
147 1168 1000
200 1168 1000
285 1168 1000
576 1168 1000
774 1168 1000
968 1168 323
283 1169 1000
433 1169 323
434 1169 323
446 1169 1000
540 1169 323
605 1169 1000
907 1169 1000
979 1169 1000
295 1170 323
372 1170 133
856 1170 133
151 1171 1000
338 1171 1000
348 1171 644
363 1171 644
472 1171 1000
502 1171 128
535 1171 644
869 1171 1000
892 1171 1000
909 1171 1000
1019 1171 644
31 1172 133
147 1172 1000
165 1172 133
375 1172 323
401 1172 266
517 1172 323
684 1172 133
667 1173 646
859 1173 133
976 1173 323
20 1174 1000
51 1174 1000
59 1174 1000
356 1174 1000
555 1174 1000
747 1174 1000
842 1174 323
1169 1174 323
94 1175 1000
272 1175 323
428 1175 1000
581 1175 1000
635 1175 323
721 1175 1000
734 1175 1000
898 1175 323
961 1175 1000
49 1176 1000
284 1176 1000
323 1176 1000
422 1176 1000
481 1176 1000
618 1176 1000
634 1176 1000
852 1176 644
935 1176 644
1036 1176 644
1046 1176 644
23 1177 323
375 1177 133
469 1177 323
684 1177 323
1120 1177 133
76 1178 1000
289 1178 323
313 1178 1000
352 1178 1000
420 1178 1000
700 1178 1000
911 1178 1000
997 1178 323
1078 1178 323
192 1179 128
307 1179 644
355 1179 644
537 1179 133
563 1179 266
652 1179 133
808 1179 133
876 1179 644
978 1179 644
273 1180 128
337 1180 1000
339 1180 1000
473 1180 323
661 1180 644
665 1180 1000
776 1180 1000
865 1180 644
868 1180 1000
1131 1180 1000
116 1181 1000
203 1181 1000
215 1181 1000
327 1181 644
336 1181 1000
665 1181 1000
776 1181 1000
782 1181 323
824 1181 644
899 1181 644
1105 1181 128
1180 1181 1000
80 1182 1000
92 1182 1000
137 1182 1000
253 1182 1000
377 1182 1000
528 1182 1000
574 1182 1000
935 1182 644
962 1182 1000
1024 1182 1000
1036 1182 644
1046 1182 128
1176 1182 128
85 1183 323
160 1183 1000
183 1183 1000
474 1183 323
608 1183 1000
881 1183 1000
883 1183 1000
1053 1183 1000
1150 1183 1000
185 1184 323
43 1185 1000
48 1185 1000
57 1185 1000
170 1185 644
175 1185 128
580 1185 128
615 1185 1000
715 1185 644
727 1185 644
858 1185 323
983 1185 1000
989 1185 644
1002 1185 1000
1118 1185 1000
118 1186 1000
329 1186 323
561 1186 1000
726 1186 1000
738 1186 1000
1058 1186 1000
1093 1186 1000
1148 1186 1000
45 1187 1000
146 1187 1000
151 1187 1000
327 1187 644
338 1187 1000
466 1187 1000
472 1187 1000
764 1187 128
824 1187 644
834 1187 128
899 1187 644
201 1188 133
296 1188 133
449 1188 323
540 1189 1000
591 1189 1000
737 1189 1000
919 1189 1000
979 1189 323
1010 1189 1000
1139 1189 1000
89 1190 1000
96 1190 1000
159 1190 1000
241 1190 1000
407 1190 1000
495 1190 323
683 1190 1000
800 1190 1000
74 1191 133
376 1191 133
1032 1191 323
1184 1191 266
141 1192 1000
277 1192 323
281 1192 1000
380 1192 1000
768 1192 1000
813 1192 1000
181 1193 133
366 1193 323
627 1193 323
928 1193 323
1064 1193 266
1162 1193 133
75 1194 1000
97 1194 1000
269 1194 1000
508 1194 323
566 1194 323
602 1194 1000
641 1194 1000
692 1194 323
777 1194 323
1123 1194 1000
181 1195 133
733 1195 133
854 1195 323
870 1195 323
923 1195 323
434 1196 1000
460 1196 1000
724 1196 1000
746 1196 1000
826 1196 1000
934 1196 323
979 1196 323
1048 1196 1000
1145 1196 1000
210 1197 1000
268 1197 1000
540 1197 1000
591 1197 1000
758 1197 1000
1127 1197 1000
1189 1197 1000
60 1198 1000
283 1198 1000
298 1198 323
326 1198 1000
507 1198 323
543 1198 323
557 1198 323
743 1198 1000
907 1198 1000
1075 1198 1000
1086 1198 1000
145 1199 1000
316 1199 1000
409 1199 1000
513 1199 1000
606 1199 1000
635 1199 1000
721 1199 323
256 1200 128
279 1200 133
314 1200 644
364 1200 644
568 1200 133
693 1200 644
756 1200 128
913 1200 644
859 1201 133
285 1202 1000
394 1202 1000
495 1202 1000
619 1202 1000
683 1202 323
774 1202 1000
1005 1202 1000
1186 1202 323
53 1203 133
65 1203 133
180 1203 133
406 1203 133
515 1203 133
780 1203 133
81 1204 133
114 1204 133
489 1204 323
748 1204 646
817 1204 133
1173 1204 133
1201 1204 133
267 1205 133
702 1205 133
844 1205 323
333 1206 323
595 1206 1000
607 1206 1000
646 1206 1000
666 1206 1000
832 1206 1000
1156 1206 1000
60 1207 1000
283 1207 1000
554 1207 323
669 1207 323
737 1207 323
743 1207 1000
747 1207 323
826 1207 323
979 1207 1000
1075 1207 1000
1169 1207 1000
1198 1207 1000
366 1208 133
1133 1208 133
83 1209 1000
143 1209 1000
177 1209 1000
227 1209 1000
400 1209 1000
626 1209 1000
739 1209 1000
855 1209 323
927 1209 1000
1128 1209 646
99 1210 1000
161 1210 128
170 1210 1000
188 1210 1000
253 1210 644
342 1210 1000
448 1210 1000
634 1210 644
1036 1210 1000
1118 1210 644
41 1211 323
191 1211 1000
196 1211 1000
255 1211 1000
345 1211 1000
404 1211 323
446 1211 323
998 1211 1000
1115 1211 1000
1161 1211 1000
153 1212 1000
284 1212 1000
396 1212 1000
452 1212 644
466 1212 128
521 1212 644
751 1212 644
789 1212 644
834 1212 1000
1088 1212 1000
158 1213 1000
427 1213 1000
488 1213 1000
648 1213 323
685 1213 1000
1040 1213 1000
1106 1213 1000
1108 1213 1000
1143 1213 1000
305 1214 1000
408 1214 1000
409 1214 1000
447 1214 323
513 1214 1000
525 1214 1000
606 1214 1000
617 1214 1000
1098 1214 1000
4 1215 1000
190 1215 133
209 1215 323
307 1215 266
310 1215 133
522 1215 133
563 1215 644
853 1215 128
158 1216 1000
427 1216 1000
488 1216 1000
607 1216 1000
666 1216 1000
832 1216 1000
930 1216 323
1206 1216 1000
31 1217 133
165 1217 133
684 1217 133
741 1217 133
766 1217 133
1043 1217 133
1120 1217 323
1203 1217 323
254 1218 1000
491 1218 1000
565 1218 1000
822 1218 1000
1140 1218 1000
1155 1218 1000
93 1219 323
499 1219 266
760 1219 133
867 1219 133
1089 1219 133
1191 1219 133
222 1220 1000
368 1220 323
710 1220 1000
752 1220 1000
877 1220 323
1045 1220 1000
1056 1220 1000
1159 1220 1000
116 1221 644
123 1221 1000
216 1221 1000
245 1221 1000
466 1221 644
467 1221 1000
521 1221 644
751 1221 128
789 1221 644
824 1221 1000
999 1221 1000
1055 1221 1000
9 1222 1000
186 1222 1000
346 1222 1000
583 1222 1000
1140 1222 1000
1178 1222 323
1218 1222 1000
15 1223 128
45 1223 1000
92 1223 644
146 1223 1000
422 1223 128
529 1223 644
599 1223 1000
786 1223 1000
880 1223 1000
953 1223 644
958 1223 1000
240 1224 133
401 1224 323
517 1224 266
597 1224 133
237 1225 1000
856 1225 133
1044 1225 323
1140 1225 1000
217 1226 1000
299 1226 1000
456 1226 323
471 1226 1000
545 1226 1000
696 1226 1000
845 1226 1000
919 1226 1000
1153 1226 1000
80 1227 644
105 1227 133
450 1227 266
498 1227 133
551 1227 133
618 1227 644
853 1227 128
1036 1227 1000
1215 1227 644
92 1228 1000
104 1228 644
337 1228 644
377 1228 1000
661 1228 1000
765 1228 644
786 1228 644
894 1228 1000
982 1228 1000
1024 1228 1000
1113 1228 1000
1157 1228 1000
88 1229 1000
263 1229 1000
561 1229 323
656 1229 1000
893 1229 1000
1220 1229 323
107 1230 1000
150 1230 1000
221 1230 1000
333 1230 1000
361 1230 1000
595 1230 323
809 1230 1000
939 1230 323
369 1231 1000
576 1231 1000
579 1231 1000
631 1231 1000
699 1231 323
918 1231 1000
921 1231 1000
948 1231 323
1168 1231 1000
187 1232 1000
323 1232 1000
342 1232 644
382 1232 128
425 1232 644
481 1232 1000
527 1232 1000
634 1232 1000
694 1232 1000
792 1232 644
920 1232 1000
199 1233 644
211 1233 133
553 1233 644
725 1233 128
905 1233 644
1065 1233 644
1116 1233 133
230 1234 323
349 1234 1000
408 1234 1000
637 1234 1000
716 1234 1000
963 1234 1000
1050 1234 1000
1098 1234 1000
1214 1234 1000
197 1235 128
260 1235 644
307 1235 133
537 1235 644
667 1235 323
825 1235 128
840 1235 644
860 1235 644
1018 1235 133
34 1236 1000
60 1236 1000
278 1236 323
341 1236 1000
358 1236 1000
456 1236 1000
471 1236 323
714 1236 1000
740 1236 323
743 1236 1000
829 1236 323
1230 1236 323
141 1237 1000
166 1237 1000
577 1237 1000
589 1237 1000
630 1237 323
768 1237 1000
813 1237 1000
1192 1237 1000
98 1238 1000
360 1238 1000
400 1238 646
416 1238 323
593 1238 1000
615 1238 323
793 1238 1000
794 1238 1000
858 1238 1000
861 1238 323
1128 1238 1000
16 1239 1000
21 1239 1000
40 1239 1000
182 1239 1000
235 1239 1000
237 1239 1000
777 1239 1000
959 1239 1000
206 1240 323
219 1240 266
331 1240 646
50 1241 133
908 1241 133
396 1242 1000
498 1242 644
520 1242 133
618 1242 133
651 1242 644
975 1242 644
1014 1242 644
71 1243 133
393 1243 133
908 1243 133
38 1244 644
42 1244 1000
48 1244 1000
57 1244 1000
233 1244 128
273 1244 1000
548 1244 1000
665 1244 128
781 1244 644
1020 1244 644
1185 1244 1000
44 1245 1000
329 1245 1000
426 1245 1000
473 1245 1000
506 1245 1000
638 1245 1000
726 1245 323
730 1245 1000
1131 1245 323
38 1246 1000
304 1246 1000
338 1246 128
370 1246 128
396 1246 644
455 1246 1000
651 1246 1000
764 1246 1000
765 1246 1000
789 1246 1000
894 1246 644
956 1246 1000
1055 1246 644
101 1247 266
251 1247 128
653 1247 644
719 1247 133
755 1247 644
803 1247 644
885 1247 128
944 1247 133
1103 1247 644
146 1248 1000
599 1248 1000
621 1248 644
719 1248 1000
852 1248 644
880 1248 1000
892 1248 1000
935 1248 128
958 1248 1000
1046 1248 644
1059 1248 1000
1176 1248 128
1182 1248 644
1223 1248 1000
21 1249 323
75 1249 1000
97 1249 1000
126 1249 323
416 1249 1000
470 1249 323
641 1249 1000
858 1249 323
952 1249 1000
1194 1249 1000
370 1250 1000
455 1250 128
461 1250 1000
529 1250 1000
708 1250 644
751 1250 1000
848 1250 1000
899 1250 1000
972 1250 1000
1088 1250 644
147 1251 1000
200 1251 1000
576 1251 1000
631 1251 1000
918 1251 1000
1034 1251 323
1057 1251 323
1168 1251 1000
1231 1251 1000
99 1252 1000
245 1252 644
284 1252 644
448 1252 1000
521 1252 1000
787 1252 644
962 1252 644
1036 1252 1000
1167 1252 1000
1210 1252 1000
78 1253 133
514 1253 323
704 1253 323
707 1253 323
775 1253 323
64 1254 323
293 1254 133
791 1254 323
1162 1254 133
1188 1254 323
52 1255 323
133 1255 1000
138 1255 1000
204 1255 1000
470 1255 1000
531 1255 1000
767 1255 1000
949 1255 1000
1095 1255 1000
44 1256 323
118 1256 1000
212 1256 1000
244 1256 323
373 1256 1000
561 1256 1000
726 1256 1000
753 1256 1000
1058 1256 1000
79 1257 1000
159 1257 1000
318 1257 1000
407 1257 1000
699 1257 1000
828 1257 1000
906 1257 1000
918 1257 323
1034 1257 1000
330 1258 323
352 1258 1000
420 1258 1000
565 1258 323
641 1258 1000
784 1258 323
862 1258 1000
952 1258 1000
1104 1258 1000
1249 1258 1000
1255 1258 323
301 1259 1000
451 1259 323
600 1259 1000
729 1259 1000
881 1259 1000
969 1259 1000
1053 1259 1000
1135 1259 1000
232 1260 323
440 1260 133
910 1260 323
68 1261 1000
88 1261 1000
109 1261 1000
127 1261 1000
960 1261 1000
1159 1261 323
1229 1261 1000
1256 1261 323
16 1262 1000
40 1262 1000
346 1262 1000
352 1262 323
565 1262 1000
822 1262 1000
1155 1262 1000
1222 1262 1000
46 1263 644
192 1263 644
226 1263 133
332 1263 133
355 1263 644
719 1263 266
876 1263 644
902 1263 133
978 1263 128
1179 1263 128
19 1264 323
63 1264 133
142 1264 133
110 1265 1000
133 1265 1000
286 1265 1000
368 1265 1000
628 1265 323
639 1265 1000
644 1265 1000
949 1265 1000
1045 1265 323
151 1266 644
187 1266 644
273 1266 644
300 1266 1000
661 1266 128
722 1266 1000
792 1266 1000
1019 1266 1000
1180 1266 644
45 1267 644
441 1267 128
452 1267 1000
503 1267 1000
548 1267 644
722 1267 1000
776 1267 644
1113 1267 128
1266 1267 1000
6 1268 133
157 1268 133
480 1268 133
735 1268 323
816 1268 323
1130 1268 133
104 1269 128
117 1269 1000
120 1269 1000
337 1269 644
405 1269 1000
503 1269 1000
722 1269 1000
786 1269 644
797 1269 644
1228 1269 128
1266 1269 1000
1267 1269 1000
234 1270 1000
338 1270 1000
405 1270 644
455 1270 128
466 1270 1000
786 1270 1000
880 1270 1000
909 1270 1000
1088 1270 128
1157 1270 644
1187 1270 1000
1223 1270 1000
1250 1270 644
76 1271 1000
98 1271 323
313 1271 1000
398 1271 1000
416 1271 1000
712 1271 323
767 1271 323
952 1271 1000
1104 1271 1000
1178 1271 1000
1218 1271 323
1258 1271 1000
20 1272 1000
51 1272 1000
56 1272 1000
218 1272 323
283 1272 323
356 1272 1000
507 1272 1000
747 1272 1000
785 1272 1000
1174 1272 1000
4 1273 128
134 1273 1000
161 1273 1000
215 1273 1000
258 1273 1000
604 1273 1000
621 1273 644
818 1273 1000
852 1273 644
853 1273 1000
1036 1273 128
1046 1273 644
1147 1273 1000
1182 1273 644
17 1274 1000
284 1274 644
302 1274 1000
452 1274 1000
503 1274 1000
787 1274 644
958 1274 644
962 1274 128
1046 1274 1000
1101 1274 1000
1252 1274 128
37 1275 1000
47 1275 323
230 1275 1000
389 1275 1000
447 1275 1000
596 1275 323
612 1275 1000
991 1275 1000
1098 1275 323
1129 1275 1000
116 1276 128
274 1276 1000
452 1276 644
521 1276 644
548 1276 1000
682 1276 1000
708 1276 1000
751 1276 644
787 1276 1000
789 1276 644
950 1276 323
1221 1276 128
5 1277 1000
116 1277 1000
161 1277 1000
215 1277 1000
245 1277 644
622 1277 644
787 1277 128
818 1277 1000
962 1277 644
1047 1277 323
1066 1277 1000
1147 1277 1000
1252 1277 128
1273 1277 1000
1274 1277 644
554 1278 1000
629 1278 1000
718 1278 1000
820 1278 1000
842 1278 323
901 1278 323
1033 1278 1000
1115 1278 1000
1161 1278 1000
1169 1278 323
1211 1278 1000
438 1279 1000
25 1280 133
71 1280 323
224 1280 323
344 1280 133
728 1280 133
1052 1280 133
29 1281 1000
56 1281 323
125 1281 323
160 1281 1000
218 1281 1000
255 1281 323
404 1281 1000
505 1281 1000
883 1281 1000
1022 1281 1000
1150 1281 1000
13 1282 323
69 1282 133
124 1282 133
1142 1282 133
110 1283 1000
328 1283 1000
538 1283 1000
547 1283 1000
566 1283 1000
602 1283 323
644 1283 1000
811 1283 323
1041 1283 1000
1163 1283 1000
77 1284 1000
85 1284 323
414 1284 1000
686 1284 1000
830 1284 1000
897 1284 1000
926 1284 1000
977 1284 1000
1160 1284 1000
7 1285 128
17 1285 1000
49 1285 644
120 1285 1000
134 1285 644
137 1285 128
302 1285 1000
385 1285 1000
599 1285 644
706 1285 644
890 1285 1000
1046 1285 1000
1101 1285 1000
223 1286 1000
258 1286 644
323 1286 644
348 1286 1000
572 1286 1000
798 1286 128
799 1286 128
852 1286 1000
863 1286 1000
892 1286 644
917 1286 644
1009 1286 1000
102 1287 133
702 1287 133
748 1287 323
1083 1287 133
1124 1287 133
335 1288 266
550 1288 323
827 1288 133
1260 1288 133
267 1289 266
331 1289 323
139 1290 1000
397 1290 1000
443 1290 1000
459 1290 1000
577 1290 1000
744 1290 323
806 1290 1000
1026 1290 1000
1136 1290 1000
39 1291 1000
118 1291 323
306 1291 323
552 1291 1000
940 1291 1000
960 1291 1000
1146 1291 1000
1261 1291 1000
340 1292 133
350 1292 323
544 1292 323
1241 1292 323
14 1293 1000
107 1293 1000
202 1293 1000
333 1293 1000
341 1293 323
596 1293 1000
607 1293 323
930 1293 1000
1001 1293 1000
1129 1293 323
1230 1293 1000
247 1294 1000
278 1294 1000
456 1294 323
732 1294 1000
812 1294 1000
838 1294 1000
855 1294 1000
927 1294 323
384 1295 1000
464 1295 1000
494 1295 1000
680 1295 1000
745 1295 1000
778 1295 1000
971 1295 323
48 1296 644
425 1296 128
493 1296 1000
572 1296 1000
715 1296 1000
781 1296 1000
863 1296 1000
865 1296 1000
915 1296 1000
1232 1296 644
1286 1296 1000
172 1297 1000
231 1297 1000
337 1297 323
473 1297 1000
486 1297 1000
638 1297 1000
730 1297 1000
763 1297 1000
1137 1297 323
19 1298 646
490 1298 323
1109 1298 133
453 1299 323
659 1299 133
1133 1299 133
145 1300 1000
316 1300 1000
635 1300 1000
649 1300 1000
1199 1300 1000
68 1301 323
212 1301 1000
315 1301 323
373 1301 1000
374 1301 1000
495 1301 323
753 1301 1000
1058 1301 1000
1148 1301 1000
1186 1301 1000
1256 1301 1000
89 1302 1000
159 1302 1000
241 1302 1000
244 1302 323
275 1302 1000
318 1302 1000
407 1302 1000
1190 1302 1000
29 1303 1000
218 1303 1000
301 1303 1000
554 1303 323
600 1303 1000
747 1303 323
842 1303 1000
969 1303 1000
1135 1303 1000
1259 1303 1000
2 1304 1000
465 1304 644
472 1304 1000
580 1304 644
715 1304 644
727 1304 644
869 1304 1000
920 1304 128
989 1304 128
1059 1304 1000
1171 1304 1000
18 1305 644
190 1305 128
246 1305 133
257 1305 266
462 1305 133
551 1305 128
769 1305 644
853 1305 133
1025 1305 644
23 1306 266
282 1306 133
713 1306 133
823 1306 133
985 1306 133
1305 1306 323
232 1307 133
295 1307 133
372 1307 323
417 1307 133
790 1307 266
844 1307 323
891 1307 323
1288 1307 323
36 1308 1000
464 1308 1000
494 1308 1000
496 1308 1000
519 1308 1000
593 1308 323
861 1308 1000
202 1309 323
210 1309 323
283 1309 1000
341 1309 1000
356 1309 323
446 1309 1000
475 1309 1000
605 1309 1000
714 1309 1000
887 1309 323
967 1309 1000
1115 1309 323
1169 1309 1000
46 1310 266
80 1310 128
618 1310 644
719 1310 644
853 1310 644
1014 1310 133
1025 1310 133
1046 1310 1000
1103 1310 133
1215 1310 644
1227 1310 128
24 1311 1000
164 1311 1000
227 1311 323
326 1311 323
460 1311 1000
557 1311 1000
838 1311 1000
855 1311 1000
1145 1311 1000
1151 1311 1000
1294 1311 1000
122 1312 323
395 1312 323
728 1312 266
761 1312 133
1280 1312 133
210 1313 1000
268 1313 1000
299 1313 1000
540 1313 1000
605 1313 323
758 1313 1000
845 1313 1000
1197 1313 1000
36 1314 1000
87 1314 323
494 1314 1000
496 1314 1000
519 1314 1000
611 1314 1000
835 1314 1000
64 1315 133
293 1315 323
562 1315 133
996 1315 133
1208 1315 133
515 1316 133
532 1316 323
780 1316 133
1164 1316 266
1224 1316 133
104 1317 644
187 1317 1000
396 1317 1000
422 1317 1000
765 1317 644
786 1317 128
848 1317 644
1039 1317 1000
1088 1317 1000
1228 1317 128
1269 1317 644
34 1318 323
112 1318 1000
130 1318 1000
555 1318 1000
559 1318 1000
829 1318 1000
988 1318 1000
1082 1318 1000
1112 1318 1000
1126 1318 1000
1183 1318 323
118 1319 323
244 1319 1000
285 1319 1000
576 1319 1000
703 1319 1000
921 1319 1000
1005 1319 1000
1168 1319 1000
1202 1319 1000
91 1320 133
266 1320 323
1282 1320 133
94 1321 1000
149 1321 323
288 1321 1000
428 1321 1000
612 1321 1000
669 1321 323
734 1321 1000
762 1321 323
961 1321 1000
1149 1321 1000
1175 1321 1000
171 1322 133
439 1322 133
736 1322 133
807 1322 133
839 1322 323
981 1322 133
1063 1322 133
376 1323 133
882 1323 133
938 1323 323
242 1324 266
250 1324 133
677 1324 133
1076 1324 323
1138 1324 133
4 1325 1000
120 1325 644
195 1325 1000
252 1325 644
274 1325 1000
604 1325 128
614 1325 644
706 1325 1000
708 1325 1000
797 1325 1000
900 1325 323
999 1325 128
1002 1325 1000
1276 1325 1000
384 1326 1000
556 1326 1000
573 1326 1000
578 1326 1000
680 1326 1000
745 1326 1000
778 1326 1000
950 1326 323
1295 1326 1000
380 1327 1000
397 1327 1000
454 1327 1000
459 1327 1000
603 1327 323
889 1327 1000
1071 1327 1000
1136 1327 1000
271 1328 128
302 1328 644
481 1328 128
528 1328 644
599 1328 1000
863 1328 644
892 1328 1000
958 1328 1000
1059 1328 1000
1248 1328 1000
1304 1328 1000
603 1329 1000
700 1329 323
744 1329 1000
877 1329 1000
914 1329 1000
997 1329 1000
1029 1329 1000
1056 1329 323
1069 1329 1000
1100 1329 1000
1136 1329 323
46 1330 644
192 1330 644
307 1330 128
355 1330 644
450 1330 128
681 1330 323
698 1330 133
825 1330 133
853 1330 266
876 1330 644
101 1331 133
140 1331 128
169 1331 644
575 1331 128
754 1331 644
783 1331 644
831 1331 644
944 1331 133
70 1332 323
131 1332 1000
212 1332 1000
294 1332 323
374 1332 1000
631 1332 323
753 1332 1000
916 1332 1000
948 1332 1000
1057 1332 1000
37 1333 1000
288 1333 1000
387 1333 1000
388 1333 1000
695 1333 323
721 1333 1000
961 1333 1000
966 1333 323
1158 1333 1000
1175 1333 1000
1300 1333 323
93 1334 323
108 1334 133
250 1334 323
395 1334 266
582 1334 133
728 1334 323
1076 1334 133
261 1335 1000
413 1335 1000
648 1335 1000
669 1335 1000
809 1335 1000
987 1335 1000
1143 1335 323
1149 1335 323
1198 1335 323
201 1336 133
296 1336 266
379 1336 133
678 1336 323
57 1337 1000
273 1337 1000
548 1337 1000
682 1337 1000
708 1337 1000
764 1337 644
824 1337 128
899 1337 644
971 1337 323
1105 1337 644
1181 1337 128
1244 1337 1000
1276 1337 1000
194 1338 323
344 1338 133
640 1338 323
908 1338 323
970 1338 133
1052 1338 133
1292 1338 133
297 1339 1000
519 1339 1000
573 1339 1000
578 1339 1000
835 1339 1000
861 1339 1000
986 1339 1000
1128 1339 323
1314 1339 1000
63 1340 133
209 1340 323
297 1340 1000
1121 1340 133
1124 1340 133
1205 1340 266
52 1341 1000
204 1341 323
220 1341 1000
435 1341 1000
526 1341 1000
673 1341 1000
744 1341 323
903 1341 1000
954 1341 1000
1056 1341 1000
1144 1341 323
176 1342 323
293 1342 133
419 1342 323
733 1342 133
1193 1342 133
1208 1342 323
39 1343 1000
131 1343 323
136 1343 1000
239 1343 1000
294 1343 1000
362 1343 1000
445 1343 1000
552 1343 1000
673 1343 323
1144 1343 1000
60 1344 1000
221 1344 323
264 1344 323
326 1344 1000
358 1344 1000
569 1344 323
907 1344 1000
979 1344 1000
1010 1344 323
1086 1344 1000
1145 1344 323
1207 1344 1000
1236 1344 1000
189 1345 1000
238 1345 1000
645 1345 1000
749 1345 1000
849 1345 323
879 1345 1000
1166 1345 1000
355 1346 266
563 1346 644
621 1346 1000
653 1346 133
719 1346 644
853 1346 644
1215 1346 128
1227 1346 644
49 1347 1000
120 1347 644
153 1347 1000
252 1347 644
422 1347 1000
614 1347 644
788 1347 1000
880 1347 128
1024 1347 128
1088 1347 1000
1176 1347 1000
1212 1347 1000
1317 1347 1000
125 1348 1000
321 1348 1000
505 1348 323
539 1348 1000
650 1348 1000
819 1348 1000
1003 1348 1000
1092 1348 1000
135 1349 323
173 1349 133
270 1349 133
689 1349 323
837 1349 133
866 1349 133
1044 1349 133
1322 1349 323
41 1350 1000
77 1350 1000
191 1350 323
414 1350 1000
624 1350 1000
672 1350 1000
830 1350 1000
897 1350 1000
977 1350 1000
37 1351 323
47 1351 1000
189 1351 1000
432 1351 1000
695 1351 1000
942 1351 1000
1134 1351 1000
1345 1351 1000
131 1352 1000
136 1352 323
147 1352 323
375 1352 1000
386 1352 1000
738 1352 1000
916 1352 1000
968 1352 1000
1057 1352 1000
1093 1352 1000
1110 1352 1000
223 1353 1000
252 1353 128
529 1353 1000
604 1353 644
751 1353 1000
848 1353 1000
852 1353 1000
880 1353 644
972 1353 1000
999 1353 128
1250 1353 1000
1325 1353 644
1347 1353 644
111 1354 644
151 1354 1000
300 1354 644
308 1354 128
527 1354 128
572 1354 644
869 1354 1000
892 1354 1000
909 1354 1000
1171 1354 1000
1328 1354 1000
253 1355 644
271 1355 1000
425 1355 1000
541 1355 1000
601 1355 1000
634 1355 644
915 1355 128
935 1355 1000
989 1355 1000
1059 1355 128
1118 1355 644
88 1356 1000
445 1356 1000
476 1356 133
654 1356 133
655 1356 323
1268 1356 133
279 1357 644
411 1357 128
537 1357 133
651 1357 133
693 1357 133
711 1357 644
772 1357 133
808 1357 133
895 1357 128
1018 1357 644
22 1358 1000
161 1358 323
359 1358 1000
426 1358 1000
506 1358 1000
931 1358 1000
1047 1358 1000
1110 1358 323
36 1359 1000
90 1359 1000
384 1359 1000
464 1359 1000
611 1359 1000
1049 1359 323
1099 1359 1000
1295 1359 1000
1308 1359 1000
73 1360 133
106 1360 133
198 1360 133
947 1360 133
1225 1360 133
1349 1360 323
113 1361 1000
203 1361 644
304 1361 644
327 1361 1000
363 1361 1000
382 1361 1000
465 1361 1000
472 1361 644
586 1361 1000
694 1361 128
894 1361 1000
982 1361 1000
1091 1361 128
82 1362 266
129 1362 133
190 1362 133
307 1362 133
483 1362 128
632 1362 644
652 1362 644
810 1362 644
1038 1362 644
1070 1362 323
107 1363 1000
108 1363 1000
150 1363 1000
214 1363 323
221 1363 1000
326 1363 323
361 1363 1000
447 1363 323
596 1363 1000
809 1363 1000
987 1363 1000
1335 1363 1000
216 1364 1000
455 1364 644
643 1364 644
705 1364 1000
708 1364 128
824 1364 1000
953 1364 1000
999 1364 1000
1055 1364 1000
1221 1364 1000
1250 1364 128
1270 1364 644
113 1365 1000
300 1365 128
308 1365 644
363 1365 1000
382 1365 1000
527 1365 128
528 1365 1000
574 1365 1000
586 1365 1000
661 1365 1000
668 1365 644
868 1365 644
982 1365 1000
1354 1365 644
47 1366 1000
189 1366 1000
389 1366 323
645 1366 1000
749 1366 1000
1079 1366 1000
1134 1366 1000
1345 1366 1000
1351 1366 1000
101 1367 644
190 1367 128
483 1367 133
504 1367 133
551 1367 644
571 1367 644
653 1367 266
754 1367 133
769 1367 128
1305 1367 644
1346 1367 133
736 1368 323
1282 1368 133
104 1369 1000
123 1369 644
215 1369 128
377 1369 644
441 1369 1000
498 1369 1000
503 1369 128
521 1369 1000
682 1369 644
1036 1369 1000
1105 1369 1000
1167 1369 1000
1252 1369 1000
539 1370 1000
804 1370 1000
819 1370 1000
842 1370 323
973 1370 1000
1003 1370 1000
1092 1370 1000
1348 1370 1000
3 1371 323
181 1371 323
208 1371 266
514 1371 133
627 1371 133
870 1371 133
17 1372 1000
161 1372 644
253 1372 128
302 1372 1000
634 1372 644
727 1372 1000
792 1372 1000
890 1372 1000
1046 1372 1000
1059 1372 644
1101 1372 1000
1118 1372 644
1210 1372 128
1274 1372 1000
5 1373 323
231 1373 1000
320 1373 323
426 1373 1000
506 1373 1000
931 1373 1000
1047 1373 1000
1090 1373 1000
1358 1373 1000
179 1374 1000
217 1374 1000
298 1374 1000
591 1374 1000
696 1374 1000
1010 1374 1000
1086 1374 323
1127 1374 1000
1189 1374 1000
116 1375 1000
336 1375 1000
337 1375 1000
339 1375 1000
405 1375 644
486 1375 323
604 1375 1000
643 1375 128
708 1375 128
818 1375 1000
1066 1375 1000
1157 1375 644
1181 1375 1000
1250 1375 644
1364 1375 644
126 1376 1000
156 1376 1000
277 1376 1000
416 1376 323
497 1376 1000
500 1376 1000
630 1376 1000
712 1376 1000
813 1376 323
943 1376 1000
224 1377 133
390 1377 133
617 1377 133
728 1377 323
801 1377 133
88 1378 1000
263 1378 1000
710 1378 323
726 1378 323
940 1378 1000
960 1378 1000
1229 1378 1000
1261 1378 1000
1291 1378 1000
6 1379 323
148 1379 133
816 1379 133
836 1379 323
1043 1379 323
1120 1379 133
97 1380 323
464 1380 323
593 1380 1000
692 1380 1000
858 1380 1000
941 1380 1000
971 1380 1000
980 1380 646
1049 1380 1000
1244 1380 323
166 1381 1000
281 1381 1000
443 1381 1000
577 1381 1000
589 1381 1000
768 1381 1000
806 1381 1000
1068 1381 323
1192 1381 1000
115 1382 266
213 1382 323
423 1382 133
864 1382 133
878 1382 133
1074 1382 133
46 1383 133
410 1383 644
534 1383 128
698 1383 644
902 1383 644
1102 1383 128
1116 1383 133
43 1384 644
84 1384 1000
167 1384 644
304 1384 1000
308 1384 1000
347 1384 644
586 1384 644
601 1384 1000
799 1384 1000
869 1384 128
989 1384 1000
1009 1384 128
1355 1384 1000
104 1385 644
123 1385 1000
337 1385 644
467 1385 1000
705 1385 1000
765 1385 644
786 1385 644
797 1385 128
848 1385 128
953 1385 1000
999 1385 1000
1055 1385 1000
1364 1385 1000
55 1386 1000
79 1386 1000
144 1386 1000
699 1386 1000
709 1386 1000
1034 1386 1000
1125 1386 1000
1168 1386 323
148 1387 133
165 1387 323
375 1387 133
742 1387 133
805 1387 323
1120 1387 133
1177 1387 266
1306 1387 323
110 1388 1000
133 1388 1000
368 1388 1000
470 1388 1000
538 1388 1000
566 1388 1000
710 1388 323
949 1388 1000
1265 1388 1000
117 1389 1000
327 1389 128
405 1389 1000
452 1389 1000
503 1389 1000
834 1389 644
1091 1389 1000
1105 1389 128
1181 1389 644
1187 1389 644
1266 1389 1000
1267 1389 1000
1337 1389 644
212 1390 1000
386 1390 1000
486 1390 323
561 1390 1000
753 1390 1000
893 1390 323
918 1390 323
948 1390 1000
1057 1390 1000
1137 1390 1000
1332 1390 1000
351 1391 1000
367 1391 1000
530 1391 1000
554 1391 323
613 1391 1000
717 1391 1000
901 1391 1000
965 1391 1000
1073 1391 1000
340 1392 323
390 1392 133
544 1392 133
617 1392 266
850 1392 133
126 1393 1000
277 1393 1000
281 1393 323
500 1393 1000
508 1393 1000
710 1393 323
877 1393 1000
914 1393 1000
933 1393 1000
1068 1393 1000
239 1394 323
286 1394 323
415 1394 1000
435 1394 1000
609 1394 1000
673 1394 1000
954 1394 1000
1045 1394 1000
1085 1394 1000
1376 1394 323
95 1395 1000
119 1395 1000
349 1395 1000
388 1395 323
523 1395 1000
649 1395 1000
716 1395 1000
963 1395 1000
1300 1395 1000
73 1396 133
372 1396 266
790 1396 323
947 1396 133
1225 1396 133
42 1397 1000
57 1397 1000
273 1397 1000
339 1397 128
461 1397 644
548 1397 1000
705 1397 128
708 1397 1000
722 1397 644
797 1397 1000
937 1397 644
956 1397 644
983 1397 1000
1000 1397 323
199 1398 644
279 1398 133
553 1398 644
568 1398 133
725 1398 644
772 1398 644
905 1398 128
1233 1398 128
260 1399 644
332 1399 128
399 1399 128
537 1399 644
840 1399 644
860 1399 644
978 1399 133
91 1400 266
124 1400 133
325 1400 133
343 1400 1000
536 1400 323
1054 1400 133
108 1401 266
340 1401 323
350 1401 133
677 1401 323
707 1401 133
1076 1401 133
287 1402 133
293 1402 133
436 1402 323
1162 1402 266
1336 1402 323
183 1403 1000
229 1403 323
287 1403 1000
301 1403 1000
371 1403 323
559 1403 323
600 1403 1000
729 1403 1000
884 1403 1000
969 1403 1000
1053 1403 1000
1183 1403 1000
22 1404 323
48 1404 128
161 1404 1000
175 1404 1000
203 1404 1000
258 1404 1000
342 1404 128
382 1404 644
665 1404 1000
792 1404 644
868 1404 1000
1147 1404 1000
1180 1404 1000
1296 1404 644
295 1405 323
440 1405 133
759 1405 323
1288 1405 133
73 1406 323
173 1406 266
193 1406 323
417 1406 133
594 1406 323
790 1406 133
866 1406 133
1063 1406 323
1349 1406 133
192 1407 266
563 1407 128
618 1407 644
719 1407 644
769 1407 133
803 1407 133
852 1407 1000
853 1407 644
975 1407 133
1215 1407 644
1346 1407 128
27 1408 133
489 1408 133
1201 1408 323
1253 1408 323
32 1409 1000
33 1409 1000
357 1409 1000
484 1409 1000
817 1409 1000
887 1409 323
941 1409 646
980 1409 1000
984 1409 1000
1007 1409 1000
1027 1409 1000
72 1410 1000
85 1410 1000
191 1410 1000
437 1410 1000
714 1410 323
740 1410 1000
830 1410 323
998 1410 1000
1033 1410 1000
1115 1410 1000
64 1411 133
366 1411 133
482 1411 133
1162 1411 323
1315 1411 133
62 1412 1000
1037 1412 1000
7 1413 1000
99 1413 1000
188 1413 1000
258 1413 128
323 1413 644
342 1413 1000
385 1413 128
448 1413 1000
574 1413 644
668 1413 1000
798 1413 644
917 1413 644
993 1413 1000
1036 1413 1000
394 1414 1000
495 1414 1000
511 1414 1000
619 1414 1000
800 1414 323
990 1414 1000
1005 1414 1000
1148 1414 323
1202 1414 1000
479 1415 1000
590 1415 1000
650 1415 1000
804 1415 1000
819 1415 1000
1117 1415 1000
1303 1415 323
1370 1415 1000
89 1416 1000
144 1416 1000
275 1416 1000
683 1416 1000
709 1416 1000
1077 1416 1000
1302 1416 1000
1319 1416 323
1386 1416 1000
141 1417 1000
281 1417 1000
380 1417 1000
567 1417 1000
889 1417 1000
933 1417 323
1192 1417 1000
1237 1417 1000
1327 1417 1000
52 1418 1000
126 1418 323
306 1418 1000
415 1418 1000
470 1418 323
697 1418 1000
710 1418 1000
954 1418 1000
960 1418 323
1159 1418 1000
1394 1418 1000
297 1419 1000
496 1419 1000
556 1419 1000
578 1419 1000
794 1419 323
835 1419 1000
861 1419 1000
1308 1419 1000
1314 1419 1000
174 1420 1000
304 1420 1000
308 1420 1000
348 1420 128
363 1420 644
502 1420 644
535 1420 644
799 1420 1000
956 1420 1000
983 1420 644
989 1420 1000
1171 1420 128
1246 1420 1000
1384 1420 1000
36 1421 323
42 1421 323
87 1421 1000
360 1421 1000
593 1421 1000
628 1421 323
679 1421 1000
851 1421 646
1000 1421 1000
1049 1421 1000
1238 1421 1000
1380 1421 1000
110 1422 323
222 1422 1000
263 1422 323
415 1422 1000
697 1422 1000
710 1422 1000
752 1422 1000
811 1422 1000
933 1422 323
1045 1422 1000
1220 1422 1000
121 1423 1000
137 1423 1000
153 1423 128
234 1423 644
253 1423 1000
377 1423 1000
541 1423 644
962 1423 1000
1024 1423 1000
1066 1423 644
1101 1423 128
1157 1423 1000
113 1424 128
117 1424 1000
300 1424 1000
665 1424 644
727 1424 1000
792 1424 1000
1020 1424 128
1091 1424 1000
1244 1424 644
1266 1424 1000
1267 1424 1000
1389 1424 1000
8 1425 1000
479 1425 1000
533 1425 1000
590 1425 1000
819 1425 1000
992 1425 1000
1117 1425 1000
1259 1425 323
1415 1425 1000
80 1426 133
279 1426 133
377 1426 1000
498 1426 644
568 1426 133
651 1426 644
894 1426 1000
1014 1426 128
1132 1426 644
1242 1426 128
51 1427 1000
60 1427 323
303 1427 1000
392 1427 1000
507 1427 1000
569 1427 1000
747 1427 1000
829 1427 1000
988 1427 1000
1259 1427 323
99 1428 644
111 1428 1000
245 1428 1000
271 1428 644
478 1428 1000
580 1428 1000
615 1428 128
621 1428 1000
798 1428 1000
863 1428 128
1147 1428 644
1328 1428 644
88 1429 323
222 1429 1000
526 1429 1000
538 1429 323
655 1429 1000
697 1429 1000
710 1429 1000
811 1429 1000
914 1429 323
1056 1429 1000
1159 1429 1000
1220 1429 1000
88 1430 1000
222 1430 323
263 1430 1000
362 1430 1000
445 1430 1000
656 1430 1000
670 1430 1000
893 1430 1000
1137 1430 323
1229 1430 1000
41 1431 1000
77 1431 1000
830 1431 1000
897 1431 1000
977 1431 1000
998 1431 323
1284 1431 1000
482 1432 133
1315 1432 133
1402 1432 323
1411 1432 266
45 1433 128
187 1433 1000
383 1433 644
422 1433 1000
441 1433 644
834 1433 1000
946 1433 644
1039 1433 1000
1113 1433 128
1212 1433 1000
1267 1433 644
1317 1433 1000
269 1434 1000
628 1434 1000
641 1434 1000
679 1434 323
862 1434 1000
1030 1434 1000
1123 1434 1000
1194 1434 1000
1239 1434 323
1249 1434 1000
1388 1434 323
1393 1434 323
146 1435 128
153 1435 1000
284 1435 1000
377 1435 128
422 1435 1000
503 1435 644
546 1435 644
834 1435 1000
1062 1435 644
1176 1435 1000
1212 1435 1000
1242 1435 1000
1317 1435 1000
1369 1435 644
1433 1435 1000
219 1436 133
391 1436 266
594 1436 646
936 1436 323
1109 1436 133
1298 1436 133
53 1437 1000
55 1437 1000
79 1437 1000
96 1437 1000
159 1437 1000
163 1437 1000
369 1437 323
699 1437 1000
828 1437 1000
906 1437 1000
7 1438 1000
153 1438 644
216 1438 644
274 1438 644
448 1438 1000
521 1438 1000
614 1438 1000
643 1438 1000
1066 1438 128
1101 1438 128
1210 1438 1000
1252 1438 1000
1369 1438 1000
1423 1438 644
72 1439 1000
85 1439 1000
183 1439 323
191 1439 1000
345 1439 1000
353 1439 1000
371 1439 1000
437 1439 1000
620 1439 323
977 1439 323
998 1439 1000
585 1440 1000
38 1441 644
113 1441 128
187 1441 1000
396 1441 1000
527 1441 1000
694 1441 1000
781 1441 644
834 1441 1000
920 1441 1000
1020 1441 644
1232 1441 1000
1424 1441 644
1433 1441 1000
48 1442 128
111 1442 1000
233 1442 1000
342 1442 644
425 1442 644
457 1442 1000
580 1442 1000
798 1442 1000
1296 1442 128
1404 1442 644
1428 1442 1000
295 1443 323
702 1443 323
748 1443 133
844 1443 133
1201 1443 646
60 1444 323
107 1444 1000
221 1444 1000
272 1444 1000
361 1444 1000
428 1444 323
669 1444 1000
809 1444 1000
1230 1444 1000
1335 1444 1000
279 1445 128
311 1445 644
410 1445 133
411 1445 128
756 1445 133
895 1445 644
905 1445 133
1116 1445 644
1242 1445 133
1357 1445 644
1399 1445 133
172 1446 1000
231 1446 1000
386 1446 323
486 1446 1000
763 1446 1000
818 1446 323
1047 1446 1000
1090 1446 1000
1297 1446 1000
116 1447 644
327 1447 1000
377 1447 1000
452 1447 128
466 1447 644
521 1447 644
789 1447 644
894 1447 1000
962 1447 1000
1024 1447 1000
1113 1447 1000
1157 1447 1000
1212 1447 128
1423 1447 1000
41 1448 1000
77 1448 1000
255 1448 323
564 1448 1000
717 1448 1000
897 1448 1000
1073 1448 1000
1431 1448 1000
22 1449 1000
258 1449 323
329 1449 1000
359 1449 1000
506 1449 1000
1090 1449 1000
1093 1449 323
1245 1449 1000
1373 1449 1000
667 1450 323
1205 1450 133
1287 1450 133
172 1451 1000
231 1451 1000
359 1451 1000
823 1451 1000
1047 1451 1000
1090 1451 1000
1273 1451 323
1352 1451 323
1358 1451 1000
1446 1451 1000
1449 1451 1000
104 1452 1000
187 1452 644
273 1452 644
342 1452 1000
441 1452 1000
661 1452 644
668 1452 1000
937 1452 1000
993 1452 1000
1020 1452 1000
1105 1452 1000
1180 1452 128
1266 1452 128
161 1453 644
216 1453 1000
245 1453 1000
347 1453 1000
501 1453 1000
580 1453 1000
621 1453 1000
915 1453 128
1059 1453 644
1118 1453 128
1210 1453 644
1355 1453 644
1428 1453 1000
1442 1453 1000
24 1454 323
209 1454 646
227 1454 1000
391 1454 133
817 1454 133
859 1454 266
1436 1454 133
15 1455 1000
245 1455 644
271 1455 1000
284 1455 644
541 1455 1000
546 1455 1000
601 1455 1000
622 1455 128
787 1455 644
789 1455 1000
935 1455 1000
958 1455 128
962 1455 644
1355 1455 1000
61 1456 1000
149 1456 1000
412 1456 1000
623 1456 1000
723 1456 1000
879 1456 1000
1149 1456 323
1165 1456 1000
1166 1456 1000
31 1457 323
375 1457 133
584 1457 323
753 1457 1000
816 1457 133
916 1457 1000
1120 1457 133
1356 1457 323
160 1458 1000
262 1458 323
729 1458 1000
881 1458 1000
883 1458 1000
888 1458 1000
1035 1458 1000
1053 1458 1000
1082 1458 323
1183 1458 1000
1410 1458 323
92 1459 128
120 1459 1000
195 1459 644
405 1459 1000
422 1459 644
503 1459 1000
818 1459 644
1046 1459 1000
1167 1459 128
1223 1459 644
1267 1459 1000
1269 1459 1000
1274 1459 1000
1285 1459 1000
123 1460 1000
310 1460 128
498 1460 644
504 1460 133
651 1460 644
711 1460 133
975 1460 128
1055 1460 1000
1132 1460 644
1346 1460 133
395 1461 133
442 1461 133
582 1461 133
664 1461 323
676 1461 133
802 1461 323
1152 1461 133
1280 1461 323
1334 1461 133
57 1462 1000
117 1462 644
310 1462 1000
336 1462 128
370 1462 644
458 1462 644
708 1462 1000
797 1462 1000
941 1462 323
983 1462 1000
1055 1462 128
1244 1462 1000
1246 1462 644
1276 1462 1000
1337 1462 1000
1397 1462 1000
37 1463 323
119 1463 1000
145 1463 1000
305 1463 1000
349 1463 1000
649 1463 1000
963 1463 1000
1098 1463 1000
1300 1463 1000
364 1464 133
483 1464 644
512 1464 266
632 1464 128
810 1464 644
985 1464 323
1038 1464 644
1305 1464 133
1330 1464 133
1362 1464 128
564 1465 1000
613 1465 1000
672 1465 1000
718 1465 323
897 1465 1000
901 1465 1000
1073 1465 1000
1431 1465 1000
1448 1465 1000
146 1466 1000
338 1466 1000
411 1466 133
651 1466 128
719 1466 133
944 1466 133
975 1466 644
1014 1466 644
1242 1466 128
1426 1466 644
1460 1466 644
270 1467 323
856 1467 133
1360 1467 133
34 1468 323
179 1468 1000
217 1468 1000
471 1468 1000
545 1468 1000
758 1468 1000
770 1468 1000
845 1468 1000
1153 1468 1000
1313 1468 1000
401 1469 133
485 1469 323
597 1469 323
843 1469 133
100 1470 323
442 1470 323
610 1470 133
1243 1470 323
1280 1470 133
1338 1470 133
27 1471 323
276 1471 266
376 1471 323
938 1471 133
1023 1471 323
1032 1471 133
1253 1471 133
1371 1471 323
1401 1471 323
58 1472 323
132 1472 323
293 1472 133
733 1472 133
996 1472 323
111 1473 1000
151 1473 644
174 1473 644
233 1473 1000
273 1473 128
467 1473 1000
535 1473 1000
705 1473 1000
824 1473 1000
865 1473 128
1180 1473 644
1385 1473 1000
1442 1473 1000
1452 1473 644
68 1474 1000
127 1474 1000
239 1474 1000
263 1474 1000
940 1474 1000
1045 1474 323
1186 1474 323
1229 1474 1000
1291 1474 1000
1378 1474 1000
595 1475 1000
646 1475 1000
795 1475 1000
1106 1475 1000
1108 1475 1000
1143 1475 1000
1154 1475 1000
1156 1475 1000
1444 1475 323
32 1476 1000
207 1476 1000
357 1476 1000
484 1476 1000
626 1476 1000
660 1476 323
980 1476 1000
1007 1476 1000
1021 1476 1000
54 1477 1000
588 1477 1000
2 1478 644
5 1478 644
223 1478 1000
501 1478 128
601 1478 128
622 1478 1000
715 1478 1000
788 1478 644
915 1478 1000
972 1478 1000
1002 1478 644
1009 1478 1000
1286 1478 1000
1353 1478 1000
51 1479 1000
56 1479 1000
59 1479 1000
356 1479 1000
505 1479 323
555 1479 1000
785 1479 1000
1112 1479 1000
1174 1479 1000
18 1480 133
226 1480 644
324 1480 266
632 1480 644
652 1480 644
810 1480 128
875 1480 128
876 1480 133
1200 1480 133
1464 1480 644
128 1481 1000
605 1481 1000
718 1481 323
724 1481 323
907 1481 1000
966 1481 323
974 1481 1000
979 1481 1000
1075 1481 1000
1169 1481 1000
1197 1481 323
1309 1481 1000
1479 1481 323
97 1482 323
126 1482 1000
141 1482 323
277 1482 1000
508 1482 1000
630 1482 1000
690 1482 1000
697 1482 323
914 1482 1000
933 1482 1000
1029 1482 1000
61 1483 1000
94 1483 323
149 1483 1000
168 1483 1000
412 1483 1000
723 1483 1000
833 1483 1000
898 1483 1000
1165 1483 1000
95 1484 1000
119 1484 1000
635 1484 1000
649 1484 1000
762 1484 1000
961 1484 323
1199 1484 1000
1300 1484 1000
1395 1484 1000
224 1485 133
617 1485 133
1312 1485 323
1377 1485 266
269 1486 1000
313 1486 1000
334 1486 323
420 1486 1000
583 1486 323
603 1486 323
700 1486 1000
911 1486 1000
1030 1486 1000
1087 1486 323
1123 1486 1000
1178 1486 1000
200 1487 1000
369 1487 1000
424 1487 1000
619 1487 1000
906 1487 323
918 1487 1000
990 1487 1000
1137 1487 323
1251 1487 1000
1414 1487 1000
205 1488 323
512 1488 323
985 1488 266
10 1489 1000
202 1489 323
312 1489 1000
427 1489 1000
444 1489 1000
488 1489 1000
524 1489 1000
607 1489 1000
1206 1489 1000
1216 1489 1000
1477 1490 1000
291 1491 1000
334 1491 1000
384 1491 323
548 1491 323
911 1491 323
950 1491 1000
971 1491 1000
1000 1491 1000
1049 1491 1000
1078 1491 1000
1380 1491 1000
1476 1491 646
38 1492 128
45 1492 1000
113 1492 644
151 1492 1000
233 1492 644
338 1492 1000
472 1492 1000
781 1492 644
1187 1492 1000
1304 1492 1000
1354 1492 1000
1424 1492 644
1441 1492 128
57 1493 644
170 1493 1000
188 1493 1000
203 1493 128
342 1493 1000
457 1493 644
458 1493 1000
694 1493 644
937 1493 1000
993 1493 1000
1020 1493 1000
1091 1493 128
1105 1493 1000
1361 1493 644
37 1494 1000
150 1494 323
305 1494 323
344 1494 1000
387 1494 1000
389 1494 1000
447 1494 1000
939 1494 1000
991 1494 1000
1111 1494 1000
1134 1494 323
1275 1494 1000
229 1495 1000
479 1495 1000
533 1495 1000
590 1495 1000
650 1495 1000
819 1495 1000
884 1495 323
1003 1495 1000
1117 1495 1000
151 1496 1000
382 1496 644
425 1496 128
472 1496 1000
792 1496 644
892 1496 1000
1059 1496 1000
1232 1496 128
1296 1496 644
1304 1496 1000
1328 1496 1000
1354 1496 1000
1442 1496 644
1492 1496 1000
124 1497 133
317 1497 133
325 1497 133
1054 1497 133
1142 1497 133
1322 1497 323
1368 1497 133
60 1498 323
143 1498 323
164 1498 1000
278 1498 1000
557 1498 1000
826 1498 1000
855 1498 1000
1145 1498 1000
1196 1498 1000
1294 1498 1000
16 1499 1000
76 1499 323
346 1499 1000
491 1499 1000
822 1499 1000
1140 1499 1000
1218 1499 1000
1222 1499 1000
1262 1499 1000
1396 1499 1000
307 1500 133
534 1500 644
642 1500 128
657 1500 644
698 1500 128
808 1500 644
1018 1500 133
1383 1500 644
1443 1500 323
