1
0
1
1
1000000
0
0
0
0
1
5 13 958
25 50 385
39 66 190
75 85 344
30 90 550
91 94 204
36 96 172
83 108 690
54 111 533
66 111 197
11 133 319
27 134 787
71 135 676
51 138 366
96 140 203
132 140 413
27 147 602
145 147 380
26 148 761
23 150 251
12 157 361
67 160 560
114 161 409
83 162 792
108 162 148
75 165 237
85 165 106
18 169 278
148 172 198
62 180 126
89 185 803
122 186 263
140 191 711
56 193 302
83 193 949
162 193 174
174 195 104
22 206 163
107 207 103
160 209 635
188 209 209
192 217 261
1 222 274
158 223 521
118 226 454
182 227 152
103 230 599
202 235 472
66 238 183
85 241 230
165 241 123
193 247 815
114 248 121
199 252 186
107 259 211
16 260 145
150 263 204
246 263 763
102 265 398
143 266 126
235 267 567
54 268 367
106 270 364
21 271 763
131 271 340
120 274 392
171 275 213
28 276 167
118 276 237
242 281 605
62 284 123
180 284 250
179 285 614
237 285 257
45 286 180
184 286 983
274 286 477
207 287 299
146 288 393
199 288 465
252 288 446
85 289 110
106 290 194
173 291 234
265 294 120
9 298 745
258 302 193
30 305 285
252 313 326
147 314 220
232 319 197
242 320 182
151 321 232
47 329 210
69 329 322
261 334 252
251 336 369
237 337 107
115 340 344
160 345 252
188 345 172
209 345 382
317 346 116
190 347 192
205 353 289
87 355 204
2 356 193
33 356 840
155 358 774
219 361 978
205 363 135
269 365 187
17 367 384
130 369 435
217 371 156
312 371 159
351 375 559
367 377 449
372 378 114
328 379 128
227 382 542
231 382 145
92 384 215
195 386 620
350 386 216
15 388 153
333 392 218
368 392 169
285 393 120
52 396 241
225 399 127
315 401 725
42 402 989
310 402 211
369 402 384
164 407 424
378 407 449
223 408 190
24 410 544
374 410 321
43 411 498
229 411 142
154 412 315
318 414 100
359 414 180
124 415 142
39 416 689
112 417 108
172 417 817
358 422 125
352 423 292
96 426 112
92 427 899
255 427 101
138 428 577
210 428 245
17 431 439
215 431 179
354 434 100
11 437 559
239 439 430
247 439 597
270 440 391
182 441 820
227 441 234
347 442 365
154 443 131
18 445 353
169 445 325
268 449 213
138 451 547
32 452 131
200 453 181
159 454 124
385 454 217
219 455 801
406 455 169
330 456 491
431 456 413
258 457 337
169 458 384
445 458 589
366 459 758
239 460 907
156 462 105
381 463 554
42 464 142
419 467 434
88 468 108
121 468 127
18 469 162
419 471 271
156 474 490
140 475 396
241 476 955
13 477 757
201 478 408
250 478 504
338 478 344
349 479 223
107 480 358
207 480 994
259 480 208
287 480 695
443 481 279
338 482 838
478 482 261
53 484 255
408 488 516
395 490 180
262 493 206
67 496 554
380 496 178
383 497 171
348 501 580
76 503 241
426 505 428
357 508 341
74 510 862
510 514 875
148 518 112
74 519 166
81 519 240
510 519 802
514 519 725
8 520 213
170 520 286
206 521 268
234 521 366
417 521 242
318 522 239
414 522 339
250 523 894
45 527 170
76 527 517
112 527 899
302 528 894
177 531 286
294 531 312
207 533 427
480 533 328
372 534 459
513 537 348
208 538 190
402 542 410
413 542 320
325 543 154
197 545 183
169 547 748
243 548 798
254 550 496
189 551 242
373 551 442
151 553 653
552 555 403
178 557 238
194 557 859
200 562 418
453 562 236
123 563 151
539 566 125
91 567 202
156 567 441
321 569 115
415 570 136
48 571 444
319 571 236
367 571 396
403 573 153
540 576 689
432 577 147
524 577 664
99 578 426
544 579 190
61 580 278
218 580 316
289 581 438
279 584 167
467 584 449
442 585 790
67 587 415
463 587 102
429 589 300
126 591 341
167 594 633
487 594 126
276 598 119
169 601 435
382 601 443
283 602 103
593 603 285
163 605 466
262 605 301
333 605 163
493 605 954
305 606 933
323 607 216
594 608 105
575 609 201
55 610 131
348 610 131
36 611 113
573 612 198
60 613 472
456 613 198
126 614 187
128 614 290
341 614 829
370 614 238
63 616 353
572 616 146
470 618 776
538 618 282
55 619 189
24 621 117
36 622 507
406 622 141
25 625 250
549 626 300
524 627 169
198 629 747
603 629 382
580 630 225
331 631 110
298 632 693
175 634 205
185 637 137
73 640 547
269 640 260
330 640 365
570 640 410
493 642 124
161 643 693
166 644 164
95 647 511
12 648 397
292 648 254
454 650 370
633 653 225
319 654 258
245 655 214
201 656 814
589 656 584
312 658 309
639 658 258
391 659 132
135 660 317
106 661 219
406 662 276
537 662 929
179 664 481
299 664 296
513 664 483
230 665 354
355 666 173
126 667 269
268 668 764
349 668 141
128 669 204
643 669 232
204 670 358
282 670 192
87 671 200
71 673 307
3 678 103
218 678 291
435 678 452
470 680 617
474 680 164
529 680 163
359 681 700
414 681 250
522 681 895
626 683 112
297 684 207
683 684 193
241 685 121
558 685 272
152 686 995
50 687 613
191 687 290
108 689 310
105 690 985
402 691 573
513 691 239
537 691 372
130 693 178
402 693 126
25 694 945
36 694 576
221 695 177
239 696 892
300 699 133
401 700 273
663 700 469
585 701 790
597 703 820
68 704 197
98 704 411
225 704 323
607 705 393
3 706 915
173 707 849
403 709 406
269 711 142
392 713 150
114 716 431
449 716 268
353 717 141
513 717 483
691 717 507
430 718 357
650 720 414
561 722 341
361 723 155
622 723 200
102 724 585
209 724 154
67 726 584
380 726 147
464 726 135
43 729 432
311 730 269
719 732 146
69 734 178
522 734 188
681 734 992
450 736 354
66 737 130
111 737 671
238 737 314
406 737 718
614 737 495
723 737 349
343 740 599
373 741 268
439 741 826
479 742 290
716 742 352
113 743 433
141 744 505
402 744 268
93 745 258
424 750 129
288 751 111
601 752 467
139 753 442
433 753 767
548 754 328
638 755 250
210 756 180
461 756 744
291 758 297
613 758 134
8 759 333
289 761 234
390 762 145
172 763 859
339 763 202
198 764 374
268 766 140
416 766 389
449 766 723
611 766 275
205 767 781
353 767 367
363 767 572
464 767 517
128 769 347
591 769 273
215 770 474
610 770 523
41 771 155
465 771 145
572 771 188
192 772 644
267 772 334
480 772 321
239 773 668
439 773 109
674 773 169
627 775 453
77 776 258
295 776 426
702 776 137
167 777 123
594 777 604
608 777 451
445 778 240
458 778 299
359 779 245
681 779 175
719 779 395
283 780 577
334 780 297
319 782 301
395 782 910
286 783 107
188 784 227
310 784 230
511 785 172
552 786 277
710 788 134
569 789 124
180 791 236
502 792 113
295 793 185
599 794 405
446 795 384
600 795 140
177 796 239
455 796 709
248 797 218
722 797 276
438 798 612
253 799 136
387 799 378
553 799 469
422 801 168
756 802 259
211 803 578
440 803 176
82 804 768
289 805 150
436 805 261
519 806 233
646 807 284
626 808 914
683 808 204
456 809 194
34 810 968
169 810 215
261 812 439
682 812 660
47 813 118
719 813 125
104 815 299
271 815 175
389 816 865
164 817 385
372 817 108
36 818 125
742 818 396
46 819 280
604 819 620
735 819 167
88 820 149
121 820 138
131 821 211
715 822 803
165 823 182
241 823 105
476 823 201
16 824 311
744 824 769
323 825 292
85 826 170
455 827 288
643 827 289
669 827 203
178 828 170
228 830 235
379 830 300
709 830 138
821 830 995
481 831 209
63 832 103
616 832 342
787 832 111
598 833 185
309 834 424
277 835 417
784 835 599
79 837 197
477 837 138
819 837 376
11 838 325
2 839 399
33 839 122
40 840 264
394 841 844
358 842 303
422 842 177
508 843 851
701 847 130
21 848 223
830 848 717
1 850 347
391 850 229
781 850 663
102 852 276
160 852 262
345 852 977
85 855 566
165 855 459
211 856 905
803 856 326
103 857 505
308 858 622
644 858 121
24 859 192
275 860 286
688 860 340
201 862 252
400 863 123
30 864 226
71 864 255
418 864 248
624 865 259
396 866 435
343 867 922
103 868 576
287 868 387
455 869 956
552 870 123
715 870 346
425 871 443
584 871 290
443 872 125
424 875 119
750 875 248
483 876 224
873 876 646
540 877 343
559 877 931
720 877 312
785 879 925
43 882 119
229 882 212
411 882 692
186 885 893
309 886 183
470 886 566
680 886 511
733 887 638
835 887 340
2 888 336
839 888 630
656 889 134
131 891 520
821 891 308
345 892 827
852 892 730
1 893 370
412 895 384
443 895 200
481 895 790
872 895 751
24 896 811
410 896 625
621 896 198
244 897 144
475 897 879
687 897 530
155 898 268
358 898 747
364 899 643
776 899 534
236 901 109
546 901 445
477 902 870
837 902 147
295 903 644
259 904 389
480 904 180
745 904 566
161 906 350
643 906 281
543 907 104
135 908 345
142 908 276
120 909 344
184 909 237
234 909 333
88 910 243
174 910 553
820 910 942
278 911 122
290 912 172
509 913 283
587 913 151
620 914 630
779 915 431
155 919 299
842 919 735
572 921 228
616 921 374
787 921 143
145 923 321
424 923 454
750 923 324
831 923 424
804 924 188
372 925 829
144 927 450
593 928 715
343 929 307
381 930 146
587 930 994
152 932 134
686 932 234
897 932 220
183 933 457
825 933 445
303 934 984
506 935 794
266 937 294
362 937 478
220 938 112
728 938 405
83 939 191
162 939 270
635 940 969
545 943 123
702 944 342
776 944 204
899 944 257
354 945 221
390 946 259
102 947 342
265 947 559
294 947 126
536 947 910
639 947 152
686 948 637
640 949 224
422 950 102
655 950 425
216 951 920
19 952 554
320 952 460
765 953 124
702 954 265
256 955 165
593 957 154
365 958 956
788 958 153
443 961 201
437 962 123
124 963 202
213 964 451
629 965 272
706 965 282
543 966 479
672 966 404
771 966 287
34 967 820
601 967 398
375 968 918
413 968 686
542 968 366
625 968 901
316 971 172
840 971 376
182 973 193
227 973 414
767 973 164
161 974 231
359 974 766
669 974 708
796 974 910
824 975 409
187 977 806
211 979 274
803 979 216
907 979 417
203 981 303
146 982 292
288 982 252
684 982 230
751 982 141
590 985 346
789 985 259
322 986 182
843 986 440
945 987 215
190 989 265
6 990 594
119 990 720
931 991 194
413 992 244
534 993 209
858 993 493
780 995 154
55 996 222
504 996 183
660 996 674
938 997 125
494 998 485
107 999 852
259 999 220
331 1000 157
451 1000 327
444 1001 402
704 1001 508
254 1002 651
312 1002 615
263 1004 243
130 1005 511
257 1005 102
693 1005 333
117 1009 877
200 1009 338
453 1009 520
752 1009 382
11 1010 460
448 1010 152
797 1011 293
49 1015 215
486 1016 532
667 1016 165
51 1017 902
920 1018 181
798 1020 161
864 1020 924
940 1020 377
668 1021 161
686 1021 158
797 1023 118
1011 1023 174
765 1025 490
30 1027 499
435 1027 514
864 1027 272
306 1028 288
922 1028 538
925 1029 367
227 1031 401
441 1031 167
255 1032 850
753 1033 120
390 1034 769
563 1034 950
739 1034 127
762 1034 137
450 1035 190
635 1036 334
713 1037 847
175 1038 276
117 1040 458
453 1040 101
562 1040 338
348 1041 305
394 1041 172
735 1042 214
1007 1042 223
364 1043 145
628 1043 152
1013 1043 198
389 1044 124
168 1047 567
223 1047 837
408 1047 646
791 1047 505
162 1048 212
592 1049 165
133 1050 141
962 1050 373
5 1051 159
13 1051 633
79 1051 114
477 1051 558
837 1051 826
885 1051 757
363 1053 229
388 1054 473
742 1055 255
421 1056 377
644 1056 237
725 1056 164
858 1056 979
444 1058 226
517 1058 397
782 1058 267
471 1059 331
571 1059 246
498 1060 164
595 1060 173
1007 1060 649
1012 1060 223
9 1061 159
397 1062 414
565 1062 534
103 1063 126
230 1063 186
1009 1063 691
43 1064 205
176 1064 168
729 1064 162
882 1064 866
411 1065 209
881 1065 668
882 1065 139
181 1069 687
873 1069 318
876 1069 382
283 1070 277
632 1070 189
1067 1070 391
35 1071 266
319 1071 306
1028 1071 146
48 1074 334
86 1075 258
400 1075 175
551 1075 293
913 1075 315
941 1075 203
807 1076 198
23 1077 131
774 1078 156
807 1078 151
1076 1078 350
62 1079 375
100 1079 383
524 1080 128
918 1080 116
81 1081 825
317 1081 369
493 1082 197
605 1082 293
642 1082 733
682 1083 252
840 1083 261
893 1083 720
285 1084 498
404 1085 277
705 1086 617
866 1086 515
27 1087 140
134 1087 219
350 1088 116
408 1088 379
2 1089 275
356 1089 820
894 1090 635
558 1091 398
823 1091 219
959 1091 107
992 1092 721
38 1093 943
51 1093 110
113 1094 140
243 1094 903
1019 1094 184
598 1095 465
630 1095 224
166 1096 150
308 1096 101
817 1096 157
858 1096 107
993 1096 157
466 1097 312
1062 1097 912
137 1098 297
1034 1098 147
459 1099 199
909 1101 232
960 1101 450
121 1102 117
820 1102 203
572 1103 306
771 1103 118
280 1104 126
723 1104 453
524 1105 495
732 1105 194
479 1107 316
47 1108 116
329 1108 137
719 1108 127
732 1108 195
1080 1108 112
860 1109 651
1077 1110 506
785 1111 139
332 1112 118
873 1112 111
561 1113 627
897 1113 109
570 1114 169
104 1116 147
485 1116 197
78 1117 143
896 1118 617
360 1119 552
145 1120 399
424 1120 224
875 1120 141
539 1121 483
548 1121 101
97 1122 179
1121 1122 341
217 1123 249
235 1123 240
267 1123 296
281 1125 112
1019 1125 215
125 1126 144
237 1126 704
285 1126 187
749 1126 280
495 1127 272
722 1128 293
869 1128 105
599 1129 220
851 1129 483
319 1130 308
1018 1131 150
1083 1131 139
510 1132 593
512 1132 689
1081 1132 183
59 1133 318
301 1133 358
459 1133 304
261 1134 119
425 1134 950
251 1135 321
638 1135 458
758 1135 489
850 1136 295
651 1137 355
679 1139 250
845 1139 238
336 1140 132
385 1140 168
289 1141 203
805 1141 531
816 1142 455
327 1143 181
575 1144 769
971 1146 102
225 1147 112
490 1147 657
137 1148 292
204 1148 100
670 1148 971
946 1148 874
657 1149 276
785 1149 517
254 1150 233
312 1150 197
917 1150 194
1002 1150 417
95 1151 520
558 1151 211
647 1151 846
381 1152 258
930 1152 405
41 1153 235
362 1154 812
108 1156 464
162 1156 612
689 1156 153
1048 1156 399
169 1157 655
458 1157 319
469 1157 694
547 1157 140
810 1157 149
524 1158 770
577 1158 106
627 1158 787
918 1158 181
1105 1158 126
44 1159 216
176 1161 834
881 1161 711
11 1162 140
213 1162 412
437 1162 841
838 1162 185
962 1162 207
1010 1162 320
1050 1162 165
749 1163 194
1067 1164 826
462 1165 871
526 1166 363
914 1166 262
526 1167 151
1166 1167 348
72 1168 264
1071 1168 553
72 1169 122
113 1169 113
788 1169 935
934 1169 593
229 1170 907
562 1171 398
665 1171 165
1063 1171 332
814 1173 227
679 1174 162
28 1175 966
677 1175 114
126 1176 171
370 1176 222
739 1177 165
405 1178 165
971 1178 142
39 1179 914
1021 1179 305
373 1180 378
741 1180 109
498 1181 286
595 1181 104
1007 1181 186
1060 1181 121
160 1182 341
852 1182 793
60 1183 190
243 1184 815
84 1185 789
559 1185 787
272 1186 515
646 1187 462
1076 1187 216
64 1188 126
325 1188 468
543 1188 107
966 1188 594
46 1189 293
604 1189 259
735 1189 154
819 1189 321
557 1190 201
905 1190 986
861 1192 818
846 1194 191
651 1196 720
616 1198 197
832 1198 144
987 1198 255
499 1199 164
364 1200 316
111 1201 311
268 1201 145
449 1201 679
723 1201 105
419 1202 650
1143 1202 432
270 1203 306
557 1204 106
634 1205 349
1018 1205 498
67 1206 364
496 1206 189
800 1206 208
745 1207 259
878 1208 519
1039 1208 479
1154 1208 438
158 1209 189
408 1209 519
488 1209 379
182 1210 114
441 1210 197
212 1211 982
221 1211 576
990 1211 358
508 1212 208
648 1212 682
926 1212 295
1017 1212 222
1089 1213 100
473 1214 250
539 1215 430
836 1215 354
511 1216 314
106 1218 143
270 1218 221
290 1218 511
912 1218 224
81 1219 305
346 1219 135
1081 1219 388
1132 1219 204
274 1220 778
521 1220 647
273 1221 700
1185 1221 105
347 1222 357
427 1222 279
1014 1222 393
980 1223 937
424 1224 212
750 1224 150
506 1225 253
899 1225 212
455 1226 295
537 1226 197
23 1228 983
28 1228 353
384 1228 300
917 1230 561
955 1230 951
1002 1230 555
582 1233 323
885 1233 186
498 1234 470
1076 1234 831
1187 1234 809
92 1235 156
149 1235 147
756 1235 322
989 1236 938
595 1238 115
774 1238 101
1076 1238 295
1078 1238 550
1187 1238 273
916 1239 153
760 1241 413
1004 1241 144
341 1242 513
525 1242 403
390 1243 204
596 1243 227
739 1243 209
964 1243 388
1034 1243 196
526 1244 233
914 1244 777
1166 1244 340
649 1245 130
955 1246 831
94 1247 725
156 1247 991
145 1248 110
977 1248 410
16 1249 137
141 1249 893
260 1249 282
385 1250 157
491 1250 249
981 1251 389
252 1252 839
288 1252 362
313 1252 242
982 1252 109
35 1253 721
224 1253 140
1227 1253 113
130 1254 148
554 1254 221
693 1254 297
973 1255 580
1031 1255 437
140 1256 379
423 1257 843
613 1257 162
933 1257 316
1014 1257 352
181 1258 503
835 1258 199
876 1258 199
1003 1258 111
104 1260 576
307 1261 247
1231 1261 520
91 1262 227
567 1262 249
886 1262 159
649 1263 384
502 1264 483
296 1265 159
437 1265 392
962 1265 516
763 1266 171
479 1267 240
611 1267 342
716 1267 402
742 1267 500
1055 1267 245
494 1268 431
978 1268 499
998 1268 442
1089 1268 179
440 1269 124
803 1269 514
494 1270 351
998 1270 134
322 1271 252
748 1271 823
118 1272 700
575 1272 249
285 1273 257
337 1273 106
393 1273 137
1084 1273 241
29 1274 274
728 1274 283
351 1275 351
542 1275 474
889 1275 283
1018 1276 167
105 1278 381
7 1279 906
28 1279 856
1020 1280 266
948 1281 296
917 1282 446
1150 1282 238
1160 1282 395
54 1284 345
280 1284 990
722 1284 339
742 1284 106
797 1284 367
1023 1284 248
492 1286 226
722 1286 365
1073 1287 329
1220 1287 228
109 1288 563
127 1289 191
246 1290 206
1077 1290 252
221 1291 469
10 1292 313
656 1292 546
968 1292 147
381 1293 747
930 1293 221
581 1294 246
212 1295 223
1101 1295 148
268 1296 308
741 1297 235
105 1298 275
1263 1298 336
899 1299 777
944 1299 335
1045 1300 189
1163 1300 253
340 1301 733
65 1302 392
623 1302 192
192 1303 484
955 1303 702
999 1303 149
1246 1303 153
88 1304 269
911 1304 134
355 1306 735
355 1307 168
671 1307 122
1015 1307 416
1306 1307 945
677 1309 208
604 1311 505
362 1312 158
755 1312 133
1052 1312 283
870 1313 217
1277 1313 302
198 1314 382
557 1314 169
606 1314 947
893 1314 689
461 1315 842
1173 1315 185
17 1316 219
1240 1317 210
128 1318 801
370 1318 287
614 1318 210
827 1318 799
1242 1318 758
332 1319 238
835 1319 579
852 1319 249
1115 1321 216
20 1322 795
78 1322 246
708 1323 277
1285 1324 203
1145 1326 478
1290 1328 611
431 1329 248
608 1330 213
808 1331 112
27 1332 187
145 1332 253
147 1332 126
1087 1332 327
494 1335 513
514 1335 310
132 1336 248
177 1336 638
219 1336 212
426 1336 743
486 1336 522
531 1336 222
818 1336 850
947 1336 369
80 1337 116
703 1337 113
1174 1337 172
449 1338 123
1179 1338 157
409 1339 181
935 1339 676
382 1340 286
601 1340 415
752 1340 525
200 1341 262
562 1341 155
967 1341 150
551 1342 205
863 1342 183
913 1342 808
941 1342 316
1075 1342 235
304 1343 270
780 1343 153
1216 1343 461
268 1344 393
449 1344 180
1179 1344 461
1338 1344 303
68 1346 521
127 1347 507
278 1347 123
911 1347 514
1191 1347 125
239 1348 469
460 1348 137
674 1348 561
696 1348 422
209 1349 631
892 1349 306
570 1350 307
136 1351 351
1208 1352 340
123 1353 211
213 1353 104
962 1353 515
715 1354 132
926 1354 113
443 1355 194
507 1355 403
895 1355 395
262 1356 412
500 1356 104
664 1356 325
494 1357 433
998 1357 526
380 1358 499
464 1358 216
496 1358 321
800 1358 339
1206 1358 131
504 1359 448
937 1359 403
140 1361 197
375 1361 836
275 1362 170
1033 1362 359
984 1363 577
530 1364 555
808 1364 143
924 1364 241
628 1365 118
331 1366 474
1024 1366 462
1138 1366 588
735 1367 108
819 1367 276
305 1368 221
1144 1368 622
196 1369 879
760 1369 290
878 1370 121
296 1371 235
882 1372 341
1064 1372 428
429 1373 339
589 1373 390
656 1373 194
1292 1373 248
199 1374 250
982 1374 383
843 1375 789
640 1376 279
759 1376 881
874 1376 136
1131 1376 145
411 1377 699
1372 1377 342
323 1378 305
704 1379 215
740 1380 650
240 1381 288
489 1382 341
448 1383 180
1371 1383 244
128 1384 540
1242 1384 161
1318 1384 855
125 1385 613
285 1385 372
1126 1385 150
1273 1385 220
457 1386 307
1277 1386 520
198 1387 143
1095 1387 333
1008 1388 539
1073 1388 445
1274 1389 119
505 1390 266
531 1390 310
720 1391 390
1352 1391 117
627 1392 263
775 1392 190
918 1392 365
1158 1392 184
788 1393 628
952 1393 106
344 1394 332
721 1394 823
279 1395 294
344 1395 388
235 1397 696
267 1397 637
230 1398 813
480 1398 237
1063 1398 105
700 1400 665
398 1401 353
1068 1401 945
671 1402 127
1307 1402 115
1334 1402 566
555 1403 261
1261 1403 403
1369 1403 222
501 1404 219
727 1404 209
96 1405 161
625 1405 322
304 1406 236
1366 1406 317
367 1407 595
396 1408 320
1144 1408 169
142 1409 394
342 1410 299
1057 1410 893
1205 1412 336
465 1413 213
672 1413 443
470 1414 750
529 1414 296
538 1414 390
618 1414 672
680 1414 133
169 1415 331
935 1415 231
1157 1415 265
1320 1415 229
1339 1415 299
309 1416 426
834 1416 420
376 1417 378
594 1417 333
1101 1418 173
417 1419 134
515 1419 370
783 1419 346
153 1420 567
457 1420 190
1231 1421 219
497 1422 888
1170 1422 295
164 1423 123
817 1423 261
1333 1423 336
582 1424 859
1092 1424 106
1223 1424 132
126 1425 383
525 1425 433
591 1425 426
694 1425 116
766 1425 315
1285 1425 302
1384 1425 276
961 1426 167
769 1427 391
1425 1427 277
88 1428 482
820 1428 100
1102 1428 804
340 1429 304
383 1430 143
466 1430 317
882 1430 175
466 1431 480
497 1431 322
1422 1431 411
1430 1431 162
601 1432 178
1340 1432 236
192 1433 415
256 1433 163
514 1434 790
519 1434 863
806 1434 319
297 1435 851
626 1435 413
683 1435 712
684 1435 122
47 1436 705
1108 1436 460
342 1437 174
853 1438 406
1020 1438 200
873 1439 105
955 1439 303
1353 1440 432
342 1441 467
1410 1441 168
42 1442 295
513 1442 155
523 1442 115
537 1442 193
630 1443 338
1000 1443 219
266 1444 202
943 1445 161
1006 1445 434
686 1446 635
722 1446 345
1016 1446 884
1 1447 700
338 1448 693
523 1448 707
532 1448 810
699 1448 639
626 1449 332
683 1449 145
264 1450 211
277 1451 437
222 1452 103
676 1452 372
922 1452 548
1110 1452 671
1259 1452 372
707 1453 603
822 1453 654
829 1454 277
225 1455 226
1229 1455 163
202 1456 103
267 1456 518
597 1457 435
703 1457 443
1337 1457 557
557 1458 317
602 1459 212
1416 1460 159
248 1461 113
280 1461 133
797 1461 332
1284 1461 344
452 1462 409
900 1462 847
171 1464 172
235 1465 416
267 1465 359
1426 1466 196
549 1467 267
683 1467 145
684 1467 486
77 1468 306
295 1468 475
776 1468 485
899 1468 102
954 1468 159
209 1469 137
300 1469 125
345 1469 245
523 1469 142
1145 1470 748
1160 1470 114
1032 1471 103
1195 1471 511
248 1472 107
742 1472 661
1023 1472 207
1113 1472 105
771 1473 430
243 1474 236
35 1475 115
334 1475 418
603 1475 400
634 1475 230
1127 1475 236
1155 1475 240
1049 1476 144
1111 1476 901
55 1477 404
1325 1477 159
1343 1478 425
1161 1479 935
1240 1479 179
1351 1479 104
78 1480 285
718 1480 647
324 1481 132
714 1481 216
903 1481 318
801 1482 460
1410 1482 263
97 1483 314
212 1484 109
1430 1485 300
1431 1485 462
109 1486 786
398 1486 271
552 1486 364
942 1486 551
1110 1486 115
179 1487 309
299 1487 771
500 1487 824
664 1487 304
1126 1487 118
529 1488 198
595 1488 203
112 1489 126
101 1490 271
854 1490 115
1139 1490 109
13 1491 288
79 1491 237
1189 1491 379
294 1492 135
744 1492 388
342 1493 190
1410 1493 108
449 1494 214
766 1494 142
978 1494 364
70 1495 134
1081 1495 288
1219 1495 996
64 1496 273
543 1496 468
1188 1496 154
647 1498 272
685 1498 211
326 1500 644
1236 1500 142
1379 1500 151
80 1501 202
1174 1501 146
1337 1501 319
1457 1501 238
373 1502 333
725 1503 898
858 1503 172
1056 1503 748
1096 1503 648
331 1504 121
697 1504 209
844 1504 227
849 1504 764
1322 1504 235
37 1505 985
51 1505 129
1030 1505 110
1476 1506 180
324 1507 527
903 1507 760
1481 1507 394
592 1508 277
126 1510 156
341 1510 519
591 1510 498
769 1510 224
348 1511 341
580 1511 428
1074 1511 565
14 1512 144
308 1512 160
1207 1512 930
195 1513 479
350 1513 750
386 1513 140
623 1513 160
1302 1513 321
380 1514 427
496 1514 249
357 1515 283
1019 1515 113
13 1516 988
1051 1516 354
25 1517 220
50 1517 182
96 1517 854
244 1517 334
694 1517 315
1176 1517 123
1405 1517 765
45 1518 171
234 1518 349
1008 1518 779
427 1519 705
911 1520 393
1102 1520 130
1428 1520 210
296 1521 457
1333 1521 774
1371 1521 221
1027 1522 813
1184 1522 440
1462 1522 188
667 1523 240
305 1524 429
663 1525 639
1455 1525 334
381 1526 355
496 1526 264
863 1526 516
930 1526 502
927 1527 289
1323 1527 161
122 1528 216
186 1528 219
583 1528 391
249 1529 334
296 1529 182
1371 1529 537
897 1530 211
948 1530 288
1281 1530 317
1494 1530 143
2 1531 460
564 1531 309
839 1531 610
866 1532 258
1106 1532 343
1124 1532 259
231 1533 125
382 1533 195
441 1533 268
1340 1533 909
1170 1534 562
1422 1534 267
1430 1534 516
1431 1534 679
1154 1535 394
1185 1535 248
1359 1535 311
1519 1535 190
945 1536 103
1300 1536 172
277 1537 150
835 1537 267
887 1537 731
1003 1537 437
1319 1537 311
1439 1537 172
123 1538 137
964 1538 273
1353 1538 733
1440 1538 359
2 1539 225
774 1539 394
138 1540 444
151 1540 262
571 1540 110
1110 1540 165
1276 1540 248
884 1542 927
1214 1542 284
66 1543 220
406 1543 344
723 1543 194
737 1543 351
1104 1543 455
819 1544 205
1367 1544 708
257 1545 241
402 1545 321
693 1545 194
1005 1545 138
415 1546 607
833 1546 616
1052 1546 368
650 1547 326
748 1548 654
366 1549 125
484 1549 200
546 1550 156
901 1550 288
750 1551 608
214 1552 339
768 1552 153
825 1552 257
883 1552 346
120 1553 241
184 1553 348
1008 1553 679
1345 1554 142
309 1555 279
834 1555 321
1488 1555 152
386 1556 391
623 1556 905
920 1557 246
186 1558 368
583 1558 209
885 1558 126
1233 1558 600
1516 1558 237
1528 1558 182
206 1559 168
1051 1559 119
1159 1559 279
1388 1559 174
431 1560 261
1119 1560 364
1146 1560 235
1443 1560 335
658 1561 434
1282 1561 306
727 1562 697
359 1563 182
734 1563 211
1139 1563 147
50 1565 460
815 1565 165
1284 1565 512
168 1566 178
408 1566 999
1047 1566 746
1209 1566 619
1513 1566 287
1380 1567 357
355 1568 253
636 1568 432
1307 1568 421
791 1569 417
1079 1569 689
440 1570 153
543 1570 746
1144 1571 358
240 1572 113
273 1572 241
393 1573 255
651 1574 409
653 1574 183
530 1575 254
708 1575 104
1364 1575 310
1449 1575 107
991 1576 119
1130 1577 229
21 1578 123
104 1578 171
848 1578 347
765 1579 361
854 1580 209
461 1581 148
1083 1581 731
1217 1581 827
324 1582 675
1116 1582 720
1578 1582 963
354 1583 330
434 1583 230
921 1583 279
1300 1583 394
64 1584 496
1188 1584 772
499 1585 300
235 1586 201
516 1586 361
1043 1586 125
428 1587 631
756 1588 551
785 1588 820
792 1588 214
985 1588 150
2 1589 465
839 1589 654
1089 1589 190
1213 1589 290
517 1590 466
701 1592 854
1315 1592 183
579 1593 201
604 1594 245
1007 1594 342
1042 1594 565
1181 1594 155
498 1596 157
1460 1596 107
33 1598 450
998 1598 306
1335 1598 333
236 1599 241
252 1599 461
641 1599 329
969 1600 374
855 1601 288
267 1602 266
1397 1602 330
1456 1602 252
164 1603 420
372 1603 735
407 1603 387
534 1603 386
817 1603 353
925 1603 937
227 1604 446
973 1604 861
1066 1604 115
64 1605 484
1496 1605 511
1172 1606 151
666 1607 145
1015 1607 109
167 1608 490
487 1608 300
594 1608 427
1081 1608 305
1330 1608 535
1417 1608 394
373 1609 354
741 1609 863
1297 1609 321
1606 1610 276
311 1611 852
692 1611 246
731 1611 173
1370 1611 348
155 1612 158
358 1612 235
588 1612 119
708 1613 109
804 1613 146
924 1613 165
1364 1613 189
1575 1613 120
167 1614 186
558 1614 318
647 1614 107
777 1614 630
1091 1614 796
1151 1614 106
1498 1614 164
215 1615 940
1288 1615 942
130 1616 273
375 1616 608
693 1616 948
1458 1617 111
1535 1617 275
1562 1618 292
1002 1619 633
1150 1619 215
1160 1619 371
1282 1619 234
316 1620 423
446 1620 329
724 1620 155
840 1620 398
269 1621 149
707 1621 160
849 1621 144
883 1622 314
1190 1622 271
634 1623 193
770 1623 404
976 1623 190
1409 1623 313
308 1624 599
272 1625 122
638 1625 281
754 1625 313
1018 1625 944
722 1626 316
742 1626 842
797 1626 344
1023 1626 225
1256 1626 368
384 1627 301
829 1627 101
296 1628 662
1371 1628 426
397 1629 571
565 1629 176
1581 1630 987
309 1631 142
147 1632 415
599 1632 340
977 1632 136
1248 1632 273
236 1633 207
723 1633 425
155 1634 916
358 1634 169
422 1634 432
950 1634 588
1410 1634 979
368 1635 278
404 1635 148
726 1635 179
1037 1635 395
86 1636 438
373 1636 141
741 1636 127
381 1637 203
463 1637 148
1293 1637 129
162 1638 418
1161 1638 213
1317 1638 277
1351 1638 224
1479 1638 119
1588 1640 207
789 1641 200
592 1642 150
88 1643 814
820 1643 230
666 1644 249
1607 1644 395
486 1645 187
796 1645 953
869 1645 342
1113 1645 182
1128 1645 713
1223 1646 105
1424 1646 237
179 1647 183
537 1647 218
494 1648 813
978 1648 623
1268 1648 124
1335 1648 595
10 1649 460
201 1649 603
338 1649 375
589 1649 832
656 1649 141
889 1649 771
975 1649 120
1249 1649 113
510 1650 603
514 1650 147
1212 1651 195
1228 1651 150
1235 1651 221
475 1652 151
687 1652 116
1201 1652 157
1427 1652 273
722 1653 390
797 1653 418
1113 1653 136
1128 1653 970
1286 1653 250
1446 1653 453
1472 1653 920
1645 1653 168
132 1654 564
505 1654 669
531 1654 928
818 1654 400
1336 1654 315
1390 1654 403
1427 1654 423
709 1655 121
891 1655 147
167 1656 457
777 1656 333
885 1657 700
1456 1657 521
1558 1657 560
1646 1657 115
992 1658 994
1092 1658 820
1424 1658 243
1646 1658 213
99 1659 103
559 1659 121
802 1659 279
890 1659 188
1121 1659 228
289 1660 275
436 1660 386
581 1660 319
761 1660 509
1457 1660 465
1501 1660 227
923 1661 709
74 1662 240
1434 1662 276
565 1663 284
918 1663 418
1062 1663 249
880 1664 205
1481 1664 412
22 1665 152
44 1665 130
1518 1665 106
236 1666 425
1278 1667 500
4 1668 754
535 1668 209
1072 1668 525
72 1669 520
326 1669 168
732 1670 433
540 1671 245
937 1671 330
994 1671 276
1071 1671 231
1473 1672 583
22 1673 145
783 1673 144
1493 1674 399
839 1675 198
1244 1675 173
289 1676 306
1141 1676 234
1660 1676 306
347 1677 596
1039 1677 683
1497 1677 148
659 1678 263
956 1678 211
780 1679 165
207 1680 174
904 1680 262
192 1681 368
217 1681 107
256 1681 210
772 1681 275
955 1681 450
1303 1681 115
187 1682 864
599 1682 309
794 1682 960
977 1682 167
1129 1682 888
1632 1682 304
1123 1683 123
708 1684 982
927 1684 681
961 1684 349
1323 1684 375
1426 1684 202
1527 1684 391
178 1685 554
540 1685 694
1216 1686 144
1471 1686 350
580 1687 174
834 1688 102
1631 1688 825
403 1689 385
573 1689 157
988 1689 143
572 1690 289
96 1692 346
244 1692 214
686 1692 571
1021 1692 100
364 1693 710
516 1693 158
628 1693 638
1013 1693 174
1043 1693 216
1200 1693 245
1468 1693 108
178 1694 976
490 1694 114
228 1695 435
379 1695 101
821 1695 999
830 1695 199
891 1695 208
1655 1695 605
549 1696 252
751 1696 151
715 1697 184
1635 1698 118
490 1699 124
1595 1699 617
545 1700 282
492 1701 227
1016 1701 110
1128 1701 736
1285 1701 133
1427 1701 107
375 1702 155
542 1702 283
968 1702 247
1275 1702 190
1361 1702 717
213 1703 530
1026 1703 586
1353 1703 426
47 1704 716
732 1704 254
1108 1704 449
1670 1704 408
1597 1705 415
1024 1706 947
679 1707 248
845 1707 236
1139 1707 202
1580 1707 109
586 1708 216
603 1708 326
707 1709 628
1093 1709 250
1076 1710 177
1187 1710 155
1509 1710 896
41 1711 270
1153 1711 262
1672 1711 253
689 1712 348
1479 1712 188
1638 1712 308
453 1713 184
1009 1713 705
28 1714 212
1478 1715 252
66 1716 217
177 1716 331
219 1716 183
406 1716 939
426 1716 469
455 1716 263
1226 1716 559
1336 1716 395
492 1717 345
1016 1717 829
1324 1717 263
1425 1717 362
1427 1717 855
1701 1717 193
302 1718 107
306 1718 182
940 1718 258
327 1720 176
1395 1720 394
1646 1721 266
1658 1721 534
743 1722 129
1345 1723 624
364 1724 495
264 1725 983
579 1725 419
953 1726 961
1585 1726 229
1639 1726 612
49 1727 131
245 1727 119
666 1727 471
1719 1727 162
861 1728 260
1298 1728 469
1345 1728 165
1445 1729 389
205 1730 120
363 1730 152
1053 1730 214
1150 1731 240
1326 1731 158
392 1732 118
664 1732 215
1411 1732 623
1487 1732 886
135 1733 516
768 1733 333
802 1733 102
1283 1733 219
1640 1733 235
41 1734 164
465 1734 173
771 1734 319
1103 1734 437
1672 1734 166
1711 1734 191
499 1735 442
836 1736 556
1140 1736 284
1499 1736 802
714 1737 263
903 1737 365
944 1737 352
1481 1737 467
1582 1737 179
1664 1737 879
1316 1738 291
467 1739 152
759 1739 350
1399 1740 386
669 1741 364
1494 1741 525
649 1742 325
165 1743 183
823 1743 201
826 1743 246
495 1744 870
242 1745 136
1615 1745 403
101 1746 429
1139 1746 267
1490 1746 158
1580 1746 379
1707 1746 269
135 1747 417
675 1747 821
211 1748 395
440 1748 789
803 1748 974
912 1748 315
1570 1748 748
310 1749 100
354 1750 275
945 1750 540
1045 1750 204
1163 1750 101
1300 1750 152
1385 1750 225
1583 1750 546
204 1751 237
1148 1751 136
636 1752 258
811 1752 603
1079 1752 720
906 1753 112
884 1754 129
1362 1754 903
103 1755 281
230 1755 317
665 1755 322
857 1755 787
613 1756 133
1744 1756 110
486 1757 266
1016 1757 266
1021 1757 106
1286 1757 135
1324 1757 206
1717 1757 563
760 1758 516
1478 1758 402
444 1759 207
555 1759 134
1197 1759 130
115 1760 550
690 1760 282
1172 1760 170
872 1761 199
1426 1761 108
1466 1761 305
1527 1761 809
1684 1761 310
1343 1762 758
1099 1763 172
859 1764 517
618 1765 206
1414 1765 466
1500 1766 406
1564 1766 317
335 1767 303
1490 1767 212
1563 1767 447
1746 1767 370
295 1768 600
506 1768 267
935 1768 347
1320 1768 345
774 1769 206
1244 1769 316
1539 1769 166
163 1770 570
333 1770 268
605 1770 104
1082 1770 397
284 1771 221
408 1771 349
1209 1771 170
136 1772 632
1240 1772 355
1351 1772 280
1479 1772 176
42 1773 287
537 1773 729
662 1773 636
691 1773 445
1647 1773 291
359 1774 145
681 1774 755
129 1776 177
698 1776 518
1172 1776 871
936 1777 230
1243 1777 252
1322 1778 541
1092 1779 251
1721 1779 115
515 1780 294
216 1781 130
388 1781 317
484 1781 751
1144 1781 239
204 1782 561
1751 1782 323
1026 1783 126
1353 1783 330
1538 1783 106
1703 1783 459
479 1784 198
742 1784 923
974 1784 203
1107 1784 118
580 1785 139
908 1785 130
159 1786 751
640 1787 624
1127 1787 248
943 1788 163
1484 1788 289
1574 1788 265
1641 1789 248
903 1790 313
1507 1790 389
178 1791 113
576 1791 169
645 1792 246
1033 1792 262
519 1793 951
757 1793 849
1335 1793 208
1434 1793 181
861 1794 590
5 1795 267
395 1796 423
1740 1796 714
230 1797 327
1063 1797 140
58 1798 562
222 1798 217
1044 1798 363
245 1799 268
666 1799 196
1015 1799 233
1607 1799 342
1612 1799 883
1719 1799 137
1727 1799 149
177 1800 150
406 1800 222
622 1800 812
737 1800 229
1716 1800 316
628 1801 192
1043 1801 344
1365 1801 310
1586 1801 332
792 1802 389
421 1803 771
1207 1803 285
1512 1803 192
239 1804 161
247 1804 118
439 1804 591
1048 1804 760
1348 1804 631
1636 1804 147
995 1805 496
1547 1806 170
611 1807 200
643 1807 555
669 1807 177
906 1807 225
1753 1807 112
24 1808 107
859 1808 852
1118 1808 428
1262 1808 130
420 1809 188
741 1810 118
1297 1810 223
1502 1810 775
126 1811 605
525 1811 108
667 1811 330
1176 1811 111
1510 1811 964
1432 1812 198
181 1813 554
873 1813 185
1069 1813 132
1135 1814 265
1152 1815 554
281 1816 275
711 1816 375
846 1816 511
1382 1816 624
524 1817 378
565 1817 348
747 1817 819
1062 1817 185
447 1818 315
673 1818 991
715 1819 101
378 1820 126
1333 1820 206
1371 1820 920
1383 1820 152
1521 1820 129
147 1821 616
970 1821 390
1332 1821 652
403 1822 234
1689 1822 230
409 1823 197
935 1823 131
1339 1823 199
1768 1823 215
39 1824 251
341 1824 221
723 1824 158
737 1824 190
1178 1825 257
948 1826 200
978 1826 193
1021 1826 105
1494 1826 345
1530 1826 488
1652 1826 214
424 1827 109
507 1827 363
1120 1827 132
1551 1827 300
62 1828 739
100 1828 818
180 1828 524
791 1828 184
1079 1828 302
1307 1828 149
1752 1828 418
321 1829 173
565 1830 355
1062 1830 179
640 1831 306
764 1831 299
1463 1831 308
660 1832 146
849 1832 964
265 1833 498
536 1833 356
995 1834 161
1154 1834 190
1193 1834 793
1541 1834 153
250 1835 507
1647 1835 101
349 1836 445
643 1836 109
669 1836 243
681 1836 262
798 1837 886
1142 1837 239
911 1838 856
1304 1838 492
1347 1838 851
1278 1839 601
1484 1839 268
1754 1839 259
187 1840 352
599 1840 431
1203 1840 286
1218 1840 959
1099 1841 273
128 1842 571
1384 1842 517
4 1843 317
556 1843 755
1396 1843 480
967 1844 159
1340 1844 175
1533 1844 184
403 1845 666
821 1845 145
1437 1845 384
961 1846 441
1527 1846 312
171 1847 218
924 1848 281
1613 1848 115
428 1849 558
403 1850 112
988 1850 343
1410 1850 111
1845 1850 179
935 1851 214
1768 1851 132
834 1852 130
1416 1852 885
1460 1852 726
1688 1852 277
1830 1853 167
1326 1854 392
1561 1854 541
1427 1855 138
1653 1855 769
1811 1855 306
1254 1856 833
293 1857 122
1766 1857 404
703 1858 495
1337 1858 608
1100 1859 628
1542 1859 168
1591 1859 177
529 1860 127
618 1860 248
309 1861 229
834 1861 271
75 1862 143
1141 1862 174
1676 1862 408
283 1863 420
127 1864 309
1191 1864 178
1347 1864 304
1838 1864 389
83 1865 156
1048 1865 226
653 1866 310
99 1867 262
1310 1867 168
232 1868 185
617 1868 208
840 1868 504
1014 1868 556
1216 1868 724
262 1869 238
1770 1869 167
475 1870 149
686 1870 477
687 1870 114
897 1870 611
932 1870 281
1692 1870 941
1207 1871 120
1512 1871 272
1297 1872 116
1609 1872 438
652 1873 385
1308 1873 156
1478 1873 113
347 1874 387
629 1874 571
748 1874 251
984 1874 128
1115 1874 531
1325 1874 144
1577 1875 394
764 1876 827
1506 1876 301
628 1877 749
1397 1877 205
1602 1877 309
692 1878 126
658 1879 127
1145 1879 132
1326 1879 180
1561 1879 307
1731 1879 339
488 1880 148
790 1881 144
1263 1881 404
1775 1881 222
1012 1882 117
1181 1882 227
1594 1882 383
216 1883 293
137 1884 217
282 1884 445
410 1884 508
946 1884 138
1148 1884 509
1751 1884 855
1189 1885 345
1544 1885 228
875 1886 159
1120 1886 177
16 1887 209
141 1887 257
824 1887 521
975 1887 112
1249 1887 347
639 1888 169
658 1888 428
1326 1888 235
1833 1888 267
1879 1888 415
53 1889 121
541 1889 213
568 1889 278
708 1890 594
924 1890 335
575 1891 222
1802 1891 334
1819 1891 297
558 1892 126
1614 1892 192
48 1893 650
1876 1893 159
320 1894 211
1221 1894 146
1305 1894 225
477 1895 121
735 1895 589
1051 1895 679
1367 1895 499
235 1896 355
583 1896 148
885 1896 231
916 1897 151
981 1897 133
1138 1897 133
403 1898 431
1437 1898 112
1689 1898 427
1845 1898 497
1549 1899 132
1639 1899 129
1667 1899 205
366 1900 911
450 1900 180
1600 1900 934
1357 1901 769
35 1902 995
721 1902 106
786 1902 182
1131 1902 219
1708 1902 139
355 1903 396
1307 1903 227
1334 1903 399
1402 1903 343
342 1904 256
1441 1904 211
78 1905 140
1022 1905 139
1058 1905 131
502 1906 439
1250 1906 340
1328 1906 452
766 1907 100
948 1907 974
1021 1907 305
1652 1907 111
1741 1907 294
1826 1907 102
375 1908 152
980 1908 717
1702 1908 334
265 1909 169
294 1909 493
824 1909 196
1492 1909 184
1833 1909 120
278 1910 685
1666 1910 375
1864 1910 174
225 1911 113
401 1911 120
461 1911 756
250 1912 413
338 1912 253
478 1912 908
532 1912 334
699 1912 189
1448 1912 253
1061 1913 159
1597 1913 490
1819 1913 107
53 1914 298
116 1914 179
1327 1914 143
760 1915 448
1121 1915 100
560 1916 108
953 1916 387
1232 1916 123
1380 1917 226
182 1918 238
205 1918 345
464 1918 319
1730 1918 225
400 1919 331
509 1919 110
913 1919 173
1075 1919 142
1452 1920 114
24 1921 169
91 1921 465
94 1921 251
156 1921 375
462 1921 269
474 1921 115
567 1921 668
457 1922 572
1061 1922 316
707 1923 202
710 1923 182
1113 1923 113
404 1924 158
496 1924 138
1037 1924 500
1635 1924 104
1698 1924 107
865 1925 989
883 1925 226
1476 1925 123
451 1926 272
1208 1926 304
93 1927 391
745 1927 297
1207 1927 384
1512 1927 545
265 1928 372
947 1928 377
182 1929 115
205 1929 222
233 1929 139
767 1929 144
483 1930 179
873 1930 194
1112 1930 131
1433 1930 217
1439 1930 863
1813 1930 204
572 1931 921
616 1931 238
832 1931 104
1690 1931 197
380 1932 453
496 1932 275
1046 1932 287
1349 1932 419
871 1933 299
1420 1933 469
211 1934 322
1269 1934 316
1606 1935 347
1673 1936 230
1780 1936 127
1144 1937 246
12 1938 253
1600 1939 223
296 1940 165
1383 1940 315
48 1941 668
585 1941 312
1893 1941 131
185 1942 596
884 1942 442
991 1942 473
349 1943 137
611 1943 869
669 1943 110
742 1943 711
797 1943 189
1461 1943 143
1784 1943 163
526 1944 314
620 1944 694
1244 1944 547
1675 1944 118
1769 1944 261
127 1945 728
1104 1945 501
1550 1945 339
1666 1945 170
277 1946 337
835 1946 801
1258 1946 119
1451 1946 997
349 1947 252
449 1948 186
667 1948 881
1296 1948 281
1338 1948 627
1237 1949 473
1360 1949 112
1585 1949 391
1446 1950 252
1797 1951 293
996 1952 441
110 1953 321
115 1953 487
972 1953 276
314 1954 896
1087 1954 891
1332 1954 238
173 1955 192
682 1955 545
1671 1955 238
1694 1955 261
65 1956 136
386 1956 249
820 1956 192
1302 1956 140
1513 1956 108
14 1957 387
745 1957 247
904 1957 319
1207 1957 124
21 1958 120
104 1958 601
271 1958 642
1116 1958 872
1260 1958 544
1578 1958 111
236 1959 392
901 1959 704
1374 1959 276
1550 1959 218
1599 1959 202
1633 1959 246
1945 1959 252
1077 1960 290
1508 1960 537
90 1961 547
555 1961 418
390 1962 118
596 1962 953
1177 1962 523
1243 1962 322
1777 1962 703
24 1963 273
282 1963 107
859 1963 220
896 1963 537
1764 1963 272
412 1964 369
507 1964 339
895 1964 152
1355 1964 379
1501 1965 172
1858 1965 461
713 1966 192
1037 1966 103
1924 1966 153
460 1967 239
531 1968 328
1390 1968 172
106 1969 526
290 1969 247
661 1969 272
1203 1969 386
152 1970 107
191 1970 215
614 1970 308
669 1970 222
827 1970 188
906 1970 271
1318 1970 987
1947 1970 226
196 1971 146
1122 1971 630
1376 1971 149
1863 1971 267
1745 1972 919
264 1973 116
1214 1974 109
543 1975 164
1584 1975 133
4 1976 242
1639 1976 166
1725 1976 142
25 1977 117
36 1977 809
96 1977 253
140 1977 456
815 1977 451
1517 1977 338
70 1978 262
346 1978 163
1219 1978 285
1417 1978 529
1495 1978 128
472 1979 167
1295 1979 331
1691 1979 789
57 1980 176
1391 1980 325
1059 1981 101
1630 1981 151
554 1982 254
824 1982 437
1887 1982 845
1057 1983 921
1410 1983 985
1441 1983 695
1482 1983 361
1674 1983 192
397 1984 191
466 1984 184
1062 1984 416
1830 1984 237
1853 1984 697
227 1985 945
973 1985 531
1929 1985 361
7 1986 675
323 1986 131
615 1986 226
847 1986 489
1447 1986 429
1792 1987 281
368 1988 134
1924 1988 154
1966 1988 131
1092 1989 206
1200 1989 385
1658 1989 288
179 1990 416
664 1991 838
1356 1991 242
1411 1991 694
1732 1991 131
453 1992 173
746 1992 249
1009 1992 694
690 1993 829
728 1993 436
740 1993 602
430 1994 200
624 1994 220
738 1994 854
1809 1994 824
106 1995 374
712 1995 218
1969 1995 427
31 1996 716
1125 1996 363
1250 1996 260
1293 1997 262
1637 1997 391
322 1998 660
1090 1998 405
1136 1998 134
1906 1998 435
316 1999 211
574 1999 229
844 1999 525
983 1999 215
30 2000 370
261 2000 517
