1
0
1
1
1000000
0
0
0
0
1
5 78 187
43 102 422
65 111 265
71 171 143
36 186 150
173 189 234
170 190 226
173 209 347
136 230 766
197 234 971
62 243 767
219 270 413
199 271 746
147 273 795
63 296 647
66 301 378
265 324 656
261 334 867
29 349 641
188 355 400
303 371 301
42 377 102
102 384 375
139 385 109
33 387 134
225 388 306
362 394 579
206 399 479
157 400 338
204 401 514
224 414 311
58 420 227
286 422 758
102 424 388
149 425 449
59 432 281
260 436 311
294 437 564
263 446 433
417 459 349
246 462 418
6 475 180
395 489 420
277 490 930
181 491 284
498 502 892
142 508 243
347 513 135
379 514 338
199 517 614
504 519 195
22 529 452
121 529 241
13 530 373
289 533 332
487 538 193
137 540 280
281 542 232
319 542 301
136 546 321
296 553 327
205 557 213
314 559 370
404 563 240
493 566 502
307 568 354
512 568 359
510 570 123
442 572 698
23 577 108
28 589 152
516 589 258
567 590 294
178 592 199
133 596 219
168 596 287
403 598 297
240 603 212
526 609 383
547 611 500
323 612 118
505 615 452
330 621 478
472 621 418
270 623 105
412 624 342
116 625 799
268 626 379
610 628 720
501 636 112
585 656 366
358 660 265
599 674 316
298 686 780
300 689 497
654 692 344
566 695 743
44 700 103
682 701 342
539 706 344
174 711 340
338 715 445
166 717 638
226 720 244
562 721 917
597 724 287
432 729 240
138 730 549
333 736 113
353 736 512
276 741 733
366 741 112
489 743 533
574 746 272
208 749 231
38 752 301
175 754 462
373 756 480
207 761 343
672 761 578
468 765 315
532 765 877
273 770 896
260 774 837
424 774 585
445 779 222
101 798 769
621 799 826
452 806 184
789 807 531
94 811 550
8 814 549
397 815 290
782 818 252
410 821 112
482 829 353
95 833 441
751 842 560
772 846 568
255 847 393
791 848 229
581 851 241
473 860 388
364 864 379
702 876 486
343 877 520
291 882 336
816 884 214
840 884 473
490 885 374
646 891 710
328 894 338
356 894 528
472 895 324
670 895 274
304 897 122
788 897 608
236 898 352
315 898 288
869 900 768
869 902 124
137 905 460
43 907 408
256 908 577
670 910 366
531 911 689
709 914 373
198 916 454
245 918 347
814 919 388
823 923 627
327 929 358
390 932 439
449 934 382
142 936 377
742 936 954
788 938 294
874 938 617
901 938 420
392 941 347
69 943 498
537 944 308
52 945 125
13 946 431
351 946 280
570 952 380
664 958 476
882 962 583
338 966 162
621 966 596
291 971 275
27 983 295
754 984 281
496 987 382
539 987 264
227 991 498
509 991 335
641 994 505
164 999 255
20 1000 267
21 1004 286
435 1012 213
259 1014 344
930 1016 453
140 1023 367
787 1026 259
584 1028 336
381 1029 228
460 1030 344
134 1031 121
566 1032 337
786 1044 206
52 1048 861
281 1052 270
364 1052 226
604 1057 226
1053 1057 168
1016 1059 152
1050 1061 380
722 1062 257
906 1070 231
130 1073 125
822 1073 558
894 1073 353
805 1082 221
828 1085 600
229 1086 305
443 1088 134
428 1089 117
1058 1095 158
919 1097 329
572 1101 829
212 1103 357
140 1105 748
497 1109 363
788 1109 990
1099 1115 640
876 1117 801
848 1118 534
272 1119 215
424 1119 403
173 1120 217
861 1122 241
1091 1124 361
336 1125 732
676 1125 268
747 1126 468
851 1128 538
815 1129 510
470 1136 248
348 1145 105
595 1145 357
25 1147 469
155 1149 138
1133 1150 343
1130 1151 524
898 1158 844
498 1162 487
518 1163 970
580 1168 647
452 1170 134
979 1172 692
857 1173 776
703 1176 249
973 1176 141
461 1178 332
769 1184 576
65 1189 427
805 1189 241
795 1195 619
846 1201 925
609 1202 920
410 1204 260
219 1205 271
1121 1209 359
681 1211 423
514 1219 370
555 1219 267
4 1220 211
93 1222 395
1211 1222 297
851 1223 388
490 1226 496
461 1228 408
247 1229 548
861 1229 356
886 1230 306
992 1231 314
663 1233 290
692 1236 141
804 1236 420
193 1238 181
313 1238 449
742 1238 455
39 1239 141
427 1240 331
45 1246 544
280 1252 332
1071 1253 293
1157 1258 777
1027 1260 497
742 1262 173
1199 1268 375
567 1269 266
64 1272 376
18 1273 463
1086 1274 135
1216 1275 459
336 1276 444
879 1277 359
76 1280 146
646 1281 367
471 1282 295
464 1289 434
1065 1290 311
952 1291 140
46 1292 260
838 1293 254
1213 1293 325
794 1295 227
467 1299 253
647 1299 810
1285 1300 504
193 1302 636
917 1306 177
34 1307 125
860 1307 824
89 1310 514
294 1310 475
1139 1310 299
935 1312 263
844 1313 263
142 1317 164
565 1317 123
81 1319 275
135 1319 109
215 1324 414
113 1325 123
1214 1326 125
1291 1326 121
481 1327 624
743 1327 503
864 1328 312
942 1332 469
1120 1332 112
1267 1333 300
908 1339 214
1287 1341 141
128 1342 243
1114 1342 944
1322 1345 364
1180 1347 284
249 1350 301
292 1350 304
124 1354 260
1168 1358 106
7 1362 457
889 1365 218
224 1369 528
768 1371 497
867 1372 980
1289 1375 152
46 1380 313
758 1380 458
1126 1381 257
879 1385 630
41 1390 650
125 1390 363
72 1394 350
202 1394 946
33 1398 253
725 1403 341
725 1407 721
548 1410 269
377 1411 467
1367 1413 580
261 1415 526
1389 1416 305
601 1418 253
300 1419 306
363 1422 135
311 1423 675
291 1424 735
145 1426 210
162 1426 244
520 1428 308
7 1429 284
268 1429 197
169 1434 142
569 1436 562
1257 1439 277
215 1443 366
798 1444 173
1405 1445 757
698 1446 252
913 1446 239
1380 1446 250
1258 1448 347
588 1452 936
990 1453 634
582 1454 691
1429 1454 111
1060 1455 209
823 1456 123
1026 1456 555
562 1460 296
868 1461 630
82 1465 120
242 1466 592
611 1466 773
274 1469 106
1063 1469 319
264 1471 185
668 1471 438
734 1471 696
528 1476 314
679 1476 435
723 1477 157
1296 1485 410
1257 1486 242
1172 1489 263
1 1490 241
849 1492 392
1290 1493 403
244 1494 640
753 1494 785
1343 1494 323
754 1498 103
131 1499 323
902 1505 531
624 1507 124
1359 1507 440
14 1508 587
653 1509 534
686 1509 529
490 1512 777
1044 1517 111
125 1521 234
976 1521 221
727 1522 249
1511 1524 388
337 1527 937
1522 1528 513
154 1532 762
720 1536 126
498 1540 153
1049 1540 287
1407 1541 156
789 1542 650
190 1543 532
307 1544 286
410 1546 424
998 1546 891
281 1547 187
1362 1548 432
125 1553 577
1093 1554 416
1238 1557 799
1084 1558 437
617 1559 490
10 1560 268
963 1562 227
1484 1562 868
44 1565 301
629 1565 602
640 1565 220
1053 1567 249
120 1568 917
643 1569 516
881 1570 611
536 1572 268
827 1572 344
917 1573 294
925 1575 652
109 1576 456
1456 1577 229
1475 1577 475
552 1578 332
232 1579 104
1033 1579 267
1165 1579 630
662 1580 129
671 1580 556
1187 1582 349
1533 1583 544
1048 1587 209
56 1590 160
1263 1593 980
602 1594 577
369 1596 107
767 1600 390
343 1601 354
938 1602 766
1393 1605 196
1489 1610 151
342 1612 105
929 1612 112
533 1613 551
1100 1614 362
1182 1615 465
269 1616 480
885 1616 972
1428 1616 817
265 1620 433
114 1622 173
1375 1622 647
1054 1624 527
1153 1624 395
996 1626 458
1106 1627 103
163 1629 184
1006 1629 349
109 1631 230
549 1631 465
435 1633 509
476 1633 991
218 1634 555
832 1636 119
1419 1637 117
716 1638 402
934 1643 352
1148 1645 275
855 1651 136
380 1652 156
55 1653 118
1007 1653 288
1354 1654 128
223 1657 307
1159 1658 267
942 1659 355
906 1663 491
1427 1665 538
513 1668 281
200 1674 310
869 1674 305
678 1675 455
1306 1677 674
191 1679 174
1122 1683 323
686 1684 847
737 1687 428
1180 1688 353
415 1690 222
1027 1693 265
443 1698 945
1026 1698 378
306 1700 664
698 1703 519
425 1704 212
352 1706 394
288 1707 408
197 1710 667
1497 1710 486
1145 1712 378
1386 1713 514
256 1714 581
438 1715 645
894 1716 750
292 1719 413
163 1722 691
1259 1723 127
976 1724 109
1477 1726 403
1538 1728 379
903 1729 269
1680 1730 309
1422 1732 557
633 1733 635
48 1735 303
1314 1735 289
172 1736 254
38 1737 486
498 1738 239
1200 1738 290
145 1739 789
504 1741 257
1396 1741 130
264 1745 359
948 1745 364
991 1746 333
435 1747 499
1255 1748 129
1700 1749 414
935 1753 267
633 1755 179
936 1759 262
1344 1761 883
1186 1762 272
282 1763 218
18 1765 240
324 1766 354
781 1767 391
25 1768 606
904 1768 803
1368 1768 412
1015 1769 313
61 1774 128
536 1775 553
1131 1775 262
612 1776 129
1125 1776 423
1253 1780 616
396 1781 588
421 1781 236
475 1781 438
576 1781 501
853 1781 220
1437 1783 357
1781 1783 291
763 1784 115
896 1784 347
588 1789 343
699 1790 132
910 1790 564
741 1794 308
1632 1795 407
505 1796 119
1148 1797 666
520 1799 746
696 1799 505
1569 1800 264
1451 1801 245
162 1803 137
1197 1804 428
413 1805 469
489 1806 415
1038 1806 254
1491 1806 223
432 1809 762
1511 1809 314
921 1813 408
1466 1813 991
1585 1816 315
100 1819 294
53 1820 315
309 1821 413
1718 1823 310
1365 1826 807
254 1827 265
362 1828 227
952 1829 721
1672 1829 852
1757 1830 279
73 1832 279
611 1832 138
1737 1832 571
1163 1834 710
1776 1834 363
103 1835 269
1339 1835 490
1384 1838 332
1406 1838 279
1770 1839 519
574 1841 475
1412 1841 430
1795 1842 222
1686 1843 222
533 1845 235
1433 1847 222
61 1849 506
598 1850 237
50 1852 383
1012 1853 134
1210 1854 311
1352 1857 206
1293 1860 943
279 1862 701
673 1864 768
743 1864 671
1027 1866 651
329 1867 277
543 1867 175
411 1870 561
1555 1870 264
1801 1870 145
366 1872 673
1176 1872 246
1082 1873 244
811 1875 187
1008 1876 206
1204 1876 469
325 1877 356
328 1878 347
1075 1878 610
1388 1884 246
1446 1884 289
1433 1885 973
106 1886 485
107 1889 297
1865 1889 289
1397 1890 331
688 1891 520
1200 1891 355
1113 1892 519
1369 1892 734
1628 1892 274
1361 1893 395
1804 1893 348
1670 1894 252
748 1898 146
284 1904 486
956 1905 280
1850 1905 201
1164 1906 332
1765 1908 349
1548 1910 383
1305 1914 447
1330 1914 123
1879 1919 295
502 1922 272
1696 1922 242
511 1925 838
1365 1925 556
1707 1926 744
683 1927 348
385 1928 438
969 1930 296
1020 1930 246
331 1931 278
708 1933 378
645 1934 710
420 1935 498
318 1938 720
910 1939 400
1366 1939 110
448 1940 300
1336 1942 326
1839 1942 393
580 1943 388
856 1944 565
704 1945 863
515 1946 276
1607 1946 439
185 1948 459
1827 1948 164
1017 1949 288
844 1953 558
180 1954 485
603 1954 338
11 1955 728
245 1956 252
794 1956 289
246 1958 515
211 1963 481
959 1964 263
1720 1964 370
606 1965 732
1123 1965 508
416 1966 243
1774 1971 492
217 1973 979
444 1973 619
1349 1974 860
384 1976 261
1844 1977 662
1162 1979 409
734 1980 101
1352 1980 307
49 1982 147
535 1984 311
1211 1984 282
1701 1985 101
121 1986 511
960 1987 237
1884 1991 336
890 1993 329
1591 1994 430
547 1995 159
1820 1995 291
33 1996 324
1390 1997 385
1396 1998 389
714 1999 283
1808 2002 362
1864 2004 329
433 2005 953
272 2006 399
1348 2007 317
1642 2007 452
297 2010 150
487 2010 269
1098 2015 393
1312 2016 379
348 2019 527
1565 2019 628
850 2020 427
1487 2020 316
650 2022 348
1667 2024 352
974 2025 220
345 2026 240
300 2027 228
1585 2027 282
947 2032 649
1651 2032 458
1360 2033 661
1636 2034 303
532 2035 720
656 2035 262
618 2036 108
744 2036 421
1226 2036 233
1900 2039 488
812 2040 822
792 2042 117
1219 2042 481
395 2044 131
100 2045 334
1194 2048 427
1516 2052 249
73 2053 546
880 2054 464
1830 2054 543
1837 2056 443
754 2057 248
1296 2057 542
1922 2057 339
1376 2058 311
1183 2060 346
131 2062 415
1625 2062 425
1190 2065 368
38 2067 928
741 2067 122
1027 2067 411
1907 2068 288
213 2069 446
901 2069 162
475 2071 400
1959 2071 513
1054 2072 442
275 2073 371
931 2074 189
824 2075 547
1763 2075 971
80 2077 414
1329 2078 902
392 2079 294
854 2079 618
1852 2079 461
1932 2079 116
121 2080 101
1521 2080 375
389 2081 286
1722 2081 558
571 2082 322
2015 2082 226
924 2083 541
1773 2084 599
1660 2086 942
1912 2086 770
1987 2086 695
1156 2087 961
1851 2087 365
1 2088 434
1597 2088 274
330 2089 459
1867 2089 318
1441 2091 309
1930 2091 299
859 2092 128
1055 2092 764
1694 2095 336
1947 2096 530
329 2097 549
205 2099 666
961 2100 246
534 2101 214
924 2106 580
1885 2107 388
380 2108 237
1712 2108 109
1612 2109 807
478 2111 718
1301 2111 565
1884 2111 504
1182 2112 403
494 2113 458
19 2115 725
496 2115 245
1683 2116 314
352 2117 235
383 2117 115
1784 2118 149
2033 2118 492
104 2119 251
204 2121 279
2109 2121 166
2118 2122 267
51 2124 137
1359 2124 282
895 2127 234
661 2128 153
1192 2129 150
1584 2129 185
1019 2130 416
470 2132 385
1750 2133 829
1038 2135 742
1815 2136 579
227 2137 970
1636 2137 150
1043 2138 358
1297 2139 351
1294 2141 497
161 2142 357
439 2142 324
97 2144 453
1979 2144 241
137 2145 338
1885 2147 263
1625 2148 760
783 2149 937
1084 2150 209
2051 2150 390
352 2151 257
900 2151 159
509 2154 716
1746 2154 343
1189 2155 988
1574 2157 988
1963 2163 293
1314 2164 376
1507 2166 726
262 2167 131
1621 2167 226
665 2168 145
925 2168 211
817 2169 451
130 2170 208
60 2171 213
932 2171 512
419 2173 490
1365 2173 374
1755 2174 679
533 2175 104
1364 2176 228
1891 2176 926
675 2177 964
837 2177 468
858 2177 590
581 2178 370
877 2179 405
22 2180 407
236 2181 211
1009 2181 380
1055 2183 601
1324 2183 342
91 2186 292
1106 2186 196
1176 2186 924
247 2188 437
147 2190 221
1438 2190 980
977 2191 134
1468 2191 963
1855 2194 574
2048 2194 221
176 2196 312
320 2196 875
1751 2199 941
1621 2200 968
1267 2201 975
1041 2202 872
441 2203 309
1317 2204 101
143 2205 350
772 2205 463
953 2205 247
1837 2206 160
206 2207 408
1926 2209 104
2131 2209 180
684 2211 231
335 2212 236
1352 2212 100
344 2213 346
768 2213 315
2058 2213 136
1052 2216 424
1299 2216 319
1359 2217 687
1511 2217 237
1591 2217 805
134 2218 425
619 2219 530
1924 2219 335
2124 2219 118
8 2221 733
685 2221 225
1058 2221 529
460 2222 315
1001 2222 250
1596 2222 495
1327 2223 124
1963 2224 285
1303 2225 271
1893 2225 391
1764 2227 103
370 2228 113
596 2230 885
709 2231 502
479 2232 236
2028 2233 387
254 2234 555
1619 2236 337
841 2237 277
1843 2238 266
151 2240 368
167 2240 678
718 2241 306
859 2244 309
1921 2245 500
1438 2246 332
1901 2246 334
985 2247 262
117 2249 305
1123 2251 193
232 2253 230
524 2253 121
1995 2254 614
764 2255 100
767 2257 409
45 2258 584
817 2259 583
804 2260 790
1159 2260 259
847 2261 398
1666 2262 543
1798 2263 243
610 2266 814
883 2267 377
1078 2267 626
1589 2267 191
183 2269 497
1609 2270 149
260 2271 581
2179 2273 422
423 2276 234
1203 2276 323
65 2278 501
640 2279 681
1045 2279 140
1554 2279 339
1807 2279 262
2099 2280 294
541 2281 493
1087 2281 689
1639 2281 401
1305 2283 237
398 2284 360
2267 2287 106
1509 2289 790
463 2290 595
1254 2291 515
1472 2291 115
159 2292 899
2175 2293 332
287 2295 548
310 2295 417
2100 2297 655
415 2300 562
914 2301 159
310 2303 209
1066 2304 590
1064 2305 139
868 2307 332
678 2308 412
678 2309 255
1226 2310 410
380 2311 695
1607 2311 557
2142 2313 550
663 2315 464
1583 2317 578
934 2319 261
1925 2322 250
1858 2323 340
381 2324 245
809 2325 451
13 2327 330
914 2327 246
43 2328 730
462 2328 742
1409 2329 910
1415 2330 594
1812 2332 770
2252 2333 689
944 2334 578
299 2336 678
203 2339 363
1734 2339 193
878 2341 134
1848 2342 450
1370 2343 219
1051 2345 414
325 2351 590
359 2351 284
2008 2352 113
483 2353 315
2224 2353 477
1354 2356 127
157 2357 841
397 2357 297
2117 2357 400
147 2360 402
171 2363 260
90 2365 804
2000 2366 415
2105 2367 651
211 2369 280
1455 2369 629
8 2370 723
2299 2372 658
1620 2374 757
1373 2375 675
1321 2377 548
269 2380 705
580 2380 315
758 2380 855
2264 2381 802
15 2382 254
2041 2384 412
1225 2385 385
1359 2388 237
74 2389 893
845 2389 324
988 2389 838
1313 2389 345
1011 2392 545
1859 2392 324
155 2393 214
2330 2393 788
564 2394 124
207 2395 227
1463 2395 471
1998 2396 235
72 2397 282
258 2397 306
709 2398 265
2375 2399 537
1919 2400 171
694 2401 101
2043 2401 385
756 2402 109
1489 2402 608
2392 2402 862
1383 2403 704
1504 2404 549
1412 2406 270
2103 2407 637
2314 2407 294
1714 2408 664
690 2409 279
1695 2410 419
803 2411 365
2113 2412 405
917 2415 494
947 2415 372
1156 2415 126
1602 2416 209
1856 2416 362
1327 2417 586
1435 2421 346
549 2422 144
371 2423 463
1635 2424 372
2273 2424 504
1643 2425 386
2399 2428 424
939 2430 714
839 2434 292
1342 2434 753
541 2435 917
1065 2435 125
1956 2435 816
2122 2436 509
687 2437 331
915 2437 839
1355 2438 492
1357 2438 116
972 2439 396
2345 2439 266
2046 2440 286
469 2441 405
1414 2442 722
1986 2443 401
301 2445 847
33 2447 354
488 2450 255
1430 2452 456
2224 2452 997
1911 2453 297
1687 2454 587
1854 2454 186
144 2455 382
1102 2455 769
1452 2455 200
47 2457 632
1431 2457 345
812 2458 298
1129 2458 859
1805 2459 489
1329 2461 230
1409 2462 457
466 2464 615
2039 2469 630
310 2470 500
1130 2470 324
1631 2470 993
303 2471 295
544 2472 364
1318 2472 289
1140 2473 121
480 2474 278
1669 2474 642
569 2475 726
2226 2475 736
488 2476 132
831 2476 299
1317 2477 540
1794 2477 987
2374 2477 217
2428 2478 166
1721 2479 839
2213 2479 271
199 2480 110
2472 2480 263
1611 2481 109
1879 2481 381
538 2482 280
951 2484 290
2002 2484 352
526 2485 571
1295 2486 843
20 2487 147
2013 2487 891
2242 2488 355
491 2489 505
1652 2490 819
1577 2491 321
655 2492 328
886 2493 261
1064 2493 664
1723 2494 971
738 2497 265
642 2498 231
266 2499 438
464 2499 939
1142 2500 104
547 2501 446
2349 2501 528
656 2502 350
1053 2502 219
2070 2504 546
260 2506 238
844 2510 175
1262 2512 438
2248 2512 293
1526 2514 145
1139 2515 352
2444 2516 211
2506 2517 597
506 2521 102
911 2521 160
1474 2521 574
1751 2521 706
138 2522 519
2449 2522 435
1807 2524 426
2275 2524 791
1300 2525 225
1259 2529 634
1257 2530 490
1305 2530 255
284 2532 561
827 2536 273
1727 2538 451
971 2539 210
2288 2540 309
947 2541 456
540 2543 100
956 2543 495
1048 2544 357
620 2545 229
1120 2547 142
1997 2547 296
1132 2549 238
1066 2550 374
368 2552 737
1168 2552 484
1005 2554 589
1496 2555 665
2497 2555 504
2250 2556 251
626 2558 348
770 2558 244
997 2558 351
2394 2558 263
439 2560 146
1323 2560 100
1634 2561 435
1119 2563 215
2496 2564 240
602 2565 480
206 2566 564
437 2567 209
1069 2569 608
2479 2569 256
2546 2569 229
2534 2570 247
2186 2572 308
2340 2573 324
418 2574 648
716 2574 261
146 2575 862
780 2575 314
1432 2576 133
1581 2577 426
1320 2579 543
2003 2580 827
779 2584 889
1008 2585 258
122 2587 358
186 2587 480
1976 2588 392
893 2591 298
2456 2591 428
1495 2592 256
1558 2592 674
2050 2592 361
119 2593 296
1793 2593 276
650 2595 112
1438 2599 391
593 2600 114
518 2601 640
1951 2601 528
1981 2601 226
2166 2602 292
1949 2603 195
1592 2605 145
2513 2607 111
2093 2609 483
1025 2610 720
2393 2610 321
957 2611 353
50 2612 262
1752 2612 249
2021 2613 618
2215 2614 489
184 2615 159
703 2615 823
1330 2616 278
1975 2616 390
1936 2617 426
1996 2620 726
786 2621 305
892 2623 678
583 2625 344
727 2625 624
606 2627 306
1023 2627 296
1649 2628 842
1885 2628 757
1964 2630 601
513 2632 163
2418 2632 259
2516 2632 419
341 2633 556
1431 2633 210
2277 2634 386
2103 2636 297
2323 2636 733
48 2637 413
1351 2637 236
2491 2640 379
117 2641 321
1679 2641 101
2507 2642 140
2629 2645 231
970 2646 504
176 2648 137
2388 2648 322
2641 2648 290
1216 2649 266
259 2650 513
904 2650 134
328 2652 281
622 2652 663
2040 2652 335
1115 2654 465
1890 2656 573
1481 2657 368
1779 2657 281
2399 2657 489
1573 2658 648
1216 2659 239
72 2661 725
1550 2662 936
1993 2662 401
373 2663 250
1370 2664 296
2095 2664 632
1990 2665 401
880 2667 370
1201 2669 248
2173 2669 124
2467 2669 916
2643 2669 559
2299 2670 103
2660 2670 602
1026 2671 102
1649 2671 549
2295 2671 791
2410 2671 111
314 2672 446
1854 2673 288
1403 2674 374
438 2675 306
1023 2676 624
19 2678 676
1072 2678 150
579 2679 208
2084 2679 258
1984 2682 377
756 2683 447
868 2683 308
2637 2683 128
1237 2685 502
2447 2686 709
559 2687 269
2638 2688 307
955 2689 361
1745 2690 245
1081 2692 672
693 2693 342
1135 2693 502
546 2695 369
638 2695 212
586 2696 276
1431 2696 609
2637 2697 234
1540 2698 976
1297 2699 278
2232 2699 270
1559 2700 110
1171 2701 943
1785 2702 137
725 2703 581
1221 2703 323
692 2704 494
807 2705 120
1345 2706 586
1095 2707 106
2618 2707 611
407 2708 250
958 2708 219
1407 2708 247
531 2709 219
1800 2709 166
1236 2710 751
877 2711 150
1290 2711 829
1650 2711 123
1294 2712 478
950 2713 189
1667 2713 290
2523 2713 343
594 2714 113
1320 2715 814
129 2716 273
2067 2716 331
481 2717 360
798 2718 103
2367 2718 250
1427 2719 630
621 2721 483
375 2725 469
1433 2725 296
2380 2725 935
454 2726 566
2229 2726 499
1941 2727 263
707 2728 343
1370 2728 240
1536 2728 710
2553 2728 138
398 2729 659
644 2730 143
1568 2730 267
455 2733 278
1825 2733 114
227 2737 296
508 2739 390
1824 2739 404
75 2741 153
1248 2741 255
763 2742 229
2230 2742 808
19 2743 182
1420 2744 171
1787 2747 982
1004 2748 266
2578 2748 418
716 2750 223
855 2750 631
1383 2750 263
1631 2752 284
1725 2754 193
2449 2754 995
885 2755 433
800 2756 485
2055 2756 252
1663 2757 110
610 2760 330
2053 2761 841
712 2762 743
724 2763 598
99 2764 914
2059 2764 126
1684 2765 823
1841 2766 398
2755 2766 391
431 2767 298
468 2767 460
1541 2767 303
2138 2768 209
605 2771 276
993 2772 287
2003 2774 567
1493 2775 505
2102 2775 697
567 2776 552
1124 2778 279
2142 2778 295
2309 2778 209
1629 2779 779
326 2780 542
1483 2782 124
2062 2782 187
2035 2783 234
2598 2783 660
1155 2784 316
836 2786 200
130 2787 586
155 2788 828
1102 2788 255
1803 2790 162
2420 2790 841
2123 2792 165
2265 2792 483
21 2794 483
231 2795 466
2553 2796 717
1666 2797 293
1863 2797 274
1653 2798 546
182 2799 253
833 2799 380
2314 2799 361
1970 2800 250
1664 2801 411
224 2803 655
905 2804 297
896 2807 335
1368 2809 232
73 2810 273
1859 2811 306
2320 2811 215
869 2813 681
965 2813 497
1181 2813 112
715 2815 361
1563 2815 621
2039 2818 286
1824 2820 122
2362 2820 369
1989 2821 465
2701 2822 346
1646 2823 407
681 2824 455
2089 2824 591
148 2825 420
2736 2825 282
1677 2826 515
750 2827 122
187 2831 104
2076 2831 467
612 2832 903
528 2834 477
1307 2834 403
1706 2835 226
405 2836 287
67 2837 237
2427 2838 323
32 2839 136
1501 2841 996
2526 2841 113
641 2842 198
1573 2842 110
474 2843 333
1306 2845 266
34 2846 241
126 2846 868
646 2846 280
1480 2846 467
2106 2846 139
2410 2849 256
1688 2850 356
2558 2850 114
686 2851 288
2641 2851 267
1319 2852 433
198 2853 343
189 2854 661
1496 2855 376
2273 2855 569
470 2856 459
1816 2856 519
112 2857 164
1044 2857 421
850 2859 359
1994 2859 588
918 2860 163
1945 2861 534
1694 2862 888
2516 2862 704
442 2863 266
2716 2863 404
188 2865 281
351 2865 368
2156 2866 385
508 2867 379
2774 2868 421
366 2870 309
1373 2870 247
2006 2870 806
775 2871 526
1416 2871 254
1390 2872 229
2671 2872 153
1636 2873 119
2228 2874 748
100 2875 390
2025 2875 587
1972 2876 704
2317 2876 453
2425 2876 328
1247 2878 218
402 2879 577
371 2880 373
604 2880 663
2372 2880 317
550 2881 482
1361 2881 317
1009 2884 465
1101 2884 109
570 2885 476
1409 2886 345
1930 2886 105
2186 2888 224
860 2890 505
2580 2890 640
1982 2891 329
283 2892 131
2049 2893 245
2183 2893 951
2363 2893 551
2467 2893 241
128 2895 327
2505 2895 419
1235 2897 256
1575 2898 849
1845 2899 810
2849 2901 290
354 2903 325
818 2904 262
1196 2906 207
2315 2907 625
2184 2908 209
1121 2910 353
2558 2911 164
892 2912 840
2703 2912 220
1299 2914 692
2336 2915 380
992 2916 246
2682 2916 782
141 2917 283
2527 2917 771
1535 2918 273
2089 2919 116
668 2920 361
1342 2921 251
2312 2921 684
956 2922 220
1969 2922 239
1311 2924 594
873 2925 651
1257 2927 619
1551 2927 376
2342 2928 288
2851 2931 141
68 2932 471
1611 2932 448
841 2933 617
1224 2933 847
415 2935 391
59 2936 372
2928 2938 492
1301 2939 229
1861 2939 428
2347 2940 418
1076 2942 414
1826 2942 279
2216 2942 270
535 2943 686
2870 2943 557
250 2945 691
2749 2945 430
2821 2945 133
943 2947 438
1677 2949 134
489 2950 137
1758 2950 366
1485 2951 118
2406 2951 216
2843 2951 263
2900 2951 321
1426 2952 121
1633 2952 350
1117 2953 781
1619 2953 536
1677 2953 441
2620 2953 658
24 2954 701
1713 2955 300
2270 2955 783
243 2956 198
1662 2957 599
1925 2957 321
1215 2958 433
1203 2959 565
1078 2960 491
591 2961 591
1732 2961 140
1097 2962 101
2104 2962 552
1577 2963 533
1814 2965 109
2831 2965 573
1425 2968 105
847 2970 799
2331 2970 299
1749 2971 262
592 2972 881
1384 2972 129
276 2973 267
2902 2973 210
312 2976 376
937 2976 280
1604 2976 310
2225 2979 119
1799 2980 431
2249 2982 110
675 2984 127
400 2985 280
2366 2985 257
2500 2986 262
731 2987 930
1399 2987 110
348 2988 693
2014 2991 344
631 2992 663
1441 2993 239
1235 2994 589
754 2996 290
1389 2996 258
1439 2997 495
2190 2998 102
153 2999 174
2934 3000 553
2465 3001 398
2519 3001 235
792 3002 180
2477 3003 434
1028 3005 828
190 3006 327
3005 3006 963
77 3008 246
1449 3011 143
71 3012 442
2000 3012 463
56 3013 452
1260 3016 305
1769 3016 107
1806 3016 354
2332 3016 484
1591 3017 319
428 3018 766
1882 3018 366
2699 3019 207
2721 3020 211
2807 3024 773
1713 3027 119
2294 3030 715
2656 3031 222
1750 3033 115
1922 3033 337
684 3035 439
1033 3036 227
1801 3036 420
1139 3037 264
1965 3037 458
651 3038 381
2661 3038 786
1391 3040 770
293 3042 691
852 3044 541
1875 3045 407
2600 3045 489
1343 3048 538
2784 3048 565
1085 3049 158
1875 3049 514
2484 3049 323
1709 3051 294
1096 3052 221
1178 3052 319
1410 3053 279
1282 3055 120
2746 3055 135
1351 3056 799
1731 3056 582
2257 3056 280
2551 3056 146
495 3057 102
2447 3057 220
1639 3062 344
2722 3063 301
2650 3065 240
305 3067 323
2583 3069 573
226 3070 163
335 3070 441
1481 3070 348
609 3071 270
2756 3071 271
1624 3072 175
1206 3073 310
906 3074 588
2028 3074 565
2064 3074 175
2745 3074 488
370 3075 485
2243 3075 183
638 3079 732
2943 3081 491
1504 3082 347
201 3083 619
28 3084 267
1179 3085 362
179 3087 743
1572 3087 314
2316 3087 792
822 3089 556
1150 3089 307
1857 3089 331
2047 3089 279
3014 3090 320
515 3092 598
1196 3092 194
2012 3093 395
2361 3094 319
2665 3094 279
301 3097 670
1978 3098 493
625 3101 874
1004 3101 400
2821 3101 352
2231 3102 518
930 3103 530
2791 3103 334
2315 3105 284
2319 3105 478
2922 3106 402
1104 3107 126
2632 3108 302
860 3110 351
584 3111 257
2992 3111 281
975 3112 855
2160 3112 729
698 3113 990
1675 3113 294
2267 3113 179
1298 3114 319
2825 3115 280
1822 3117 690
2412 3117 686
1404 3118 114
2196 3120 355
379 3121 586
1179 3122 207
2346 3122 883
270 3123 447
1308 3123 271
1558 3123 385
2705 3123 126
2898 3124 654
110 3125 813
1297 3125 769
813 3126 615
1951 3126 353
1040 3127 275
1068 3127 108
1226 3127 497
1828 3128 260
632 3129 246
2298 3129 625
264 3130 528
1035 3131 443
2651 3132 800
1466 3133 540
2137 3133 220
2052 3134 795
1666 3137 294
2027 3137 140
2276 3137 673
2882 3138 937
1862 3139 110
1389 3143 234
1775 3143 336
2751 3143 472
776 3144 309
2479 3144 443
151 3145 339
1175 3146 121
2612 3146 262
3086 3148 341
1079 3150 375
1794 3151 395
2401 3152 497
3050 3153 406
2034 3155 557
2288 3155 107
926 3156 244
1665 3156 917
2494 3156 465
2687 3156 252
763 3157 302
2202 3158 222
86 3160 233
2399 3160 623
153 3161 391
2932 3161 232
2599 3163 477
669 3164 456
342 3165 582
1894 3166 109
2256 3167 629
105 3168 354
1571 3169 547
3168 3169 364
95 3170 127
233 3170 261
2752 3170 834
1999 3171 262
460 3172 351
3171 3173 434
943 3174 576
836 3175 201
784 3176 311
1098 3177 251
1832 3177 374
1876 3177 977
2783 3177 299
3104 3177 268
1690 3178 915
2368 3178 237
1062 3179 122
1974 3180 918
2039 3181 119
1133 3182 323
1512 3183 718
2795 3183 315
2965 3183 294
1181 3184 865
607 3185 218
1725 3187 464
2750 3187 248
2021 3188 195
2742 3188 305
36 3189 339
1965 3191 271
241 3192 111
2008 3192 316
2898 3192 393
2901 3193 416
2536 3195 721
2157 3196 657
2544 3196 811
181 3197 339
586 3197 369
794 3197 298
667 3200 380
1938 3200 262
314 3202 756
2887 3203 283
2912 3203 335
538 3205 573
1564 3205 396
1464 3206 327
2672 3206 265
3162 3207 355
1266 3208 330
1936 3209 253
192 3210 678
582 3210 247
1074 3210 279
2869 3212 502
234 3214 843
2061 3214 388
3164 3215 940
307 3217 342
1756 3218 215
730 3220 792
3055 3220 364
1092 3221 339
1741 3221 322
2644 3222 127
1745 3223 748
624 3224 440
821 3224 560
2313 3224 394
2476 3225 269
3071 3226 274
2270 3227 129
254 3228 549
150 3229 415
602 3229 267
635 3231 353
1519 3231 458
2162 3233 681
1347 3234 330
2346 3235 478
1925 3236 430
2694 3236 274
115 3238 819
1078 3238 215
1675 3238 125
362 3239 526
2657 3240 281
2747 3240 955
1608 3241 305
2499 3244 431
223 3245 567
1115 3246 309
1151 3246 338
189 3247 112
2878 3248 399
3048 3248 299
973 3249 449
1820 3249 141
2456 3249 422
2949 3249 290
360 3251 754
3066 3251 499
968 3252 332
1438 3253 226
3061 3253 228
694 3255 229
342 3256 225
528 3257 125
2880 3257 358
1588 3259 941
1969 3259 402
711 3260 306
2402 3260 848
631 3261 367
922 3263 701
2551 3264 151
3184 3265 319
1826 3266 295
2160 3266 116
1244 3267 107
2364 3267 427
2907 3267 753
1094 3269 116
2334 3269 347
631 3270 359
1463 3271 379
1977 3273 640
2829 3273 103
2167 3274 539
1732 3276 464
3127 3276 314
2162 3277 956
2111 3278 260
308 3279 989
2009 3279 961
2019 3279 683
3162 3280 366
1356 3281 267
2177 3281 288
1685 3282 535
1683 3283 517
2493 3285 497
2775 3285 355
2874 3285 306
1161 3287 260
1056 3288 157
1441 3288 131
44 3290 334
2006 3290 231
1765 3291 363
3124 3292 315
1983 3294 514
1069 3295 588
1670 3297 123
1061 3299 100
1331 3299 217
2256 3301 524
1362 3302 581
111 3303 268
1908 3304 923
2948 3305 120
1170 3306 657
2692 3306 377
444 3308 231
1443 3308 312
2232 3309 330
1470 3310 377
1886 3312 350
1971 3313 375
2085 3314 309
1970 3315 100
2147 3315 640
983 3316 115
1582 3316 299
3232 3317 216
3233 3318 329
2864 3319 777
1699 3320 461
1742 3320 307
2404 3320 273
625 3321 924
1442 3321 234
3142 3321 601
1218 3322 915
290 3323 400
1416 3323 165
644 3324 706
1668 3324 322
2828 3324 595
142 3326 255
2359 3328 156
1227 3330 301
3327 3330 243
814 3331 481
1278 3331 107
94 3332 449
899 3333 475
1035 3333 261
678 3334 474
1180 3334 980
1481 3335 488
1992 3337 464
2800 3337 692
409 3338 538
1012 3340 467
700 3341 473
1420 3341 616
2990 3341 237
2046 3343 236
522 3344 911
1860 3344 332
2895 3344 462
249 3345 913
2820 3345 321
563 3346 549
408 3347 603
3025 3347 185
834 3348 147
2265 3348 120
3273 3349 105
1950 3350 305
1384 3352 294
1522 3355 303
2946 3355 111
1560 3356 437
1641 3356 639
744 3357 655
3072 3358 396
193 3359 275
258 3359 482
883 3360 447
658 3362 515
986 3362 139
422 3363 186
587 3363 223
413 3365 103
882 3365 622
2046 3366 858
1183 3367 136
2177 3367 107
2879 3369 294
2524 3370 835
3237 3370 179
597 3371 484
1166 3372 100
1720 3372 294
1175 3373 417
3016 3373 362
983 3374 594
1436 3375 244
2396 3376 336
1675 3377 160
928 3378 254
3176 3378 240
2188 3379 337
2629 3379 317
367 3380 464
2576 3380 137
3086 3380 563
1514 3381 494
1317 3382 451
316 3384 352
530 3385 580
603 3385 452
363 3386 296
2197 3386 682
3056 3388 692
1699 3389 384
1851 3389 488
3234 3389 626
1973 3390 165
1979 3390 170
3117 3390 404
3186 3390 663
2878 3391 304
2071 3392 475
671 3393 506
2598 3393 552
859 3394 315
1753 3394 222
3272 3394 257
3338 3394 531
3344 3395 300
3135 3396 206
1736 3397 349
563 3398 423
3034 3398 400
191 3400 603
2148 3400 300
138 3401 405
217 3403 635
494 3404 408
1000 3404 619
2644 3404 196
3127 3405 650
1920 3406 210
2460 3406 227
2992 3406 387
219 3407 988
2957 3407 247
2240 3409 394
993 3411 588
1635 3411 639
717 3412 774
204 3413 278
68 3414 120
386 3414 282
1458 3417 521
2264 3417 356
197 3418 806
2684 3418 492
2797 3418 108
283 3419 183
2481 3420 970
848 3422 264
1510 3423 683
3116 3424 505
2528 3425 315
1684 3426 273
2428 3426 473
654 3427 179
1026 3427 231
2536 3427 614
524 3428 124
1495 3428 895
1753 3428 433
2506 3428 402
1053 3429 273
1804 3429 487
121 3430 139
856 3430 364
1014 3430 811
2572 3431 586
585 3432 381
478 3433 114
1280 3433 345
441 3434 460
582 3435 249
760 3436 223
1899 3436 785
3081 3436 286
628 3437 261
695 3437 395
659 3438 733
1703 3438 282
1008 3440 369
216 3441 575
1702 3441 454
2049 3441 310
3083 3441 216
927 3443 208
1403 3443 287
2651 3444 597
1706 3445 979
1197 3446 384
2501 3446 329
1634 3447 215
2897 3449 386
776 3450 322
866 3450 133
3254 3451 723
3389 3451 346
2006 3452 334
2810 3452 159
2727 3453 438
560 3454 647
2464 3455 947
178 3457 380
3215 3459 316
2581 3460 777
1212 3463 240
1215 3464 266
614 3468 632
973 3468 238
2592 3468 419
1110 3469 996
1279 3471 791
525 3472 512
3067 3473 671
658 3474 740
535 3475 426
835 3475 281
2822 3476 683
3003 3476 678
3318 3477 352
1323 3478 119
2438 3478 816
1787 3479 221
2249 3479 110
1893 3480 468
9 3481 153
103 3481 268
2468 3481 212
2680 3481 443
3219 3481 395
2823 3482 124
1635 3483 250
2202 3483 476
1312 3486 303
1788 3486 490
3020 3486 610
140 3487 453
79 3489 931
1369 3490 528
3062 3490 132
1898 3491 497
2773 3491 244
871 3492 252
1915 3493 160
848 3494 495
3046 3494 443
1399 3495 246
554 3497 203
1479 3497 380
2754 3497 153
1987 3498 925
3039 3498 763
940 3499 315
2483 3499 697
2489 3499 409
1156 3500 756
1213 3500 579
1271 3501 473
2052 3502 614
201 3503 389
1970 3503 462
2126 3503 704
2178 3503 566
3050 3503 289
444 3504 921
1669 3504 503
695 3505 445
982 3505 325
478 3506 155
2092 3506 493
147 3507 459
1967 3508 208
352 3509 584
1967 3509 516
521 3510 941
648 3510 283
1848 3510 525
453 3512 356
2365 3512 108
132 3514 105
2983 3514 504
128 3515 330
1820 3515 235
3260 3515 579
3402 3515 466
1363 3516 254
1740 3516 763
790 3517 582
1450 3517 823
445 3518 287
496 3518 413
559 3518 354
1409 3518 193
1745 3518 349
2045 3519 310
820 3520 540
2287 3520 997
2426 3520 421
3139 3521 604
1804 3522 231
1809 3522 596
806 3524 511
3091 3524 312
1378 3525 433
1523 3525 499
2319 3525 176
208 3526 448
2235 3526 717
2464 3527 426
135 3529 289
1000 3531 121
1077 3531 272
362 3532 144
3295 3532 515
1791 3533 328
1833 3533 574
3100 3533 285
3013 3534 303
430 3535 300
824 3536 253
1576 3536 469
2748 3537 264
560 3540 263
1680 3541 688
73 3542 333
473 3542 241
440 3543 125
499 3543 193
903 3544 383
3088 3544 519
2871 3545 473
3204 3546 591
3212 3546 383
928 3547 778
1601 3547 335
2200 3547 302
3339 3548 435
3160 3549 119
3225 3549 188
1125 3550 263
1188 3550 372
1005 3551 335
1469 3551 102
2727 3551 287
964 3553 898
1383 3553 323
1019 3554 969
757 3555 799
1804 3555 538
238 3556 464
1983 3556 383
1999 3557 363
225 3558 300
747 3558 517
3090 3559 281
1263 3560 421
76 3561 135
2861 3561 388
125 3563 237
27 3564 979
3147 3564 434
3115 3565 105
193 3566 353
1428 3567 235
16 3568 160
2306 3568 239
154 3569 301
322 3569 400
2068 3570 334
2655 3570 750
2154 3571 397
1550 3572 304
2788 3574 436
165 3576 286
2153 3576 500
580 3577 287
994 3578 816
209 3579 943
3500 3580 625
3180 3581 124
3459 3581 598
1963 3582 387
2677 3582 259
5 3583 628
239 3583 305
919 3584 605
1100 3584 170
294 3585 337
534 3586 282
545 3586 419
1096 3586 520
3462 3586 629
3463 3586 330
2308 3587 137
1394 3588 994
2918 3588 348
707 3589 671
408 3591 433
3117 3591 271
901 3594 477
1162 3594 186
1590 3594 288
461 3595 335
959 3595 685
2817 3595 170
1149 3596 590
118 3597 110
2015 3598 394
348 3599 208
1107 3599 284
403 3601 119
1491 3601 430
1253 3602 165
159 3604 253
338 3604 903
1154 3604 597
2657 3604 460
285 3605 808
1169 3605 951
1492 3607 450
2145 3607 429
1 3608 265
2224 3609 811
2984 3610 252
3490 3611 296
3501 3611 538
337 3612 294
3012 3613 342
1511 3616 750
2385 3617 246
1233 3618 127
3472 3618 256
1577 3619 783
2062 3619 120
3203 3620 171
359 3622 662
2551 3624 300
1051 3625 754
1087 3625 674
2317 3627 521
2533 3629 490
2666 3630 961
3176 3631 522
1302 3632 392
1564 3632 117
2079 3632 363
2867 3635 374
315 3636 359
1080 3636 730
620 3638 267
3300 3638 292
1164 3639 688
2364 3639 334
690 3640 199
3166 3641 433
1191 3642 174
2401 3642 335
2557 3642 704
2161 3643 859
2691 3644 123
448 3645 227
2251 3645 284
1718 3647 291
18 3648 303
1594 3648 270
2974 3648 674
2547 3649 190
105 3650 109
3065 3651 339
1090 3652 784
1379 3652 400
1646 3653 243
2645 3653 804
1227 3654 362
1482 3654 239
1537 3654 300
1146 3655 320
3354 3655 268
3410 3656 157
552 3657 177
1364 3658 414
1184 3659 893
1337 3660 377
1795 3660 276
1881 3661 143
463 3662 421
1155 3662 387
2688 3663 269
938 3664 822
3635 3664 722
1542 3665 238
2144 3665 237
1465 3667 291
681 3668 439
782 3668 104
899 3668 608
3497 3668 574
3555 3668 122
159 3669 814
1282 3669 174
571 3670 130
3107 3670 534
818 3671 318
2512 3671 287
2789 3671 143
2833 3671 621
3516 3672 418
1148 3673 942
391 3674 192
968 3674 563
1948 3674 271
3251 3674 852
389 3675 796
1961 3676 383
2324 3676 616
2683 3676 880
719 3677 252
3614 3677 276
699 3678 540
1638 3678 360
171 3679 676
2227 3679 183
1034 3680 214
1983 3680 431
420 3681 412
1785 3681 346
2712 3681 348
3000 3682 171
126 3683 110
210 3683 118
189 3684 472
236 3684 367
1189 3684 278
1407 3685 450
2542 3686 159
3157 3686 185
3521 3686 288
2801 3688 472
583 3689 313
3211 3689 441
1105 3690 331
725 3691 304
2057 3691 507
372 3692 301
1918 3692 369
2502 3692 101
443 3693 356
776 3695 626
207 3696 196
1896 3696 835
532 3697 522
787 3698 207
627 3699 505
1657 3699 398
1404 3700 362
662 3701 274
1116 3703 230
2149 3703 312
367 3704 324
194 3705 449
3130 3705 353
1457 3706 272
714 3707 746
1531 3708 153
477 3709 601
257 3711 275
2905 3713 538
1552 3714 514
316 3715 276
1083 3716 532
1859 3717 818
202 3718 933
2405 3718 421
3016 3718 543
2600 3719 103
3337 3720 238
704 3721 999
2939 3721 447
3422 3721 260
3532 3721 332
616 3722 885
3299 3724 273
3243 3725 320
3606 3725 863
2339 3726 322
950 3727 561
38 3729 637
2310 3730 294
2348 3730 250
1534 3731 229
1957 3731 256
2811 3731 302
3716 3731 471
1053 3733 115
623 3735 260
873 3735 261
762 3737 196
1982 3739 673
2098 3739 243
851 3740 102
2747 3740 120
2618 3741 382
2145 3743 673
2090 3744 341
3554 3745 437
1026 3746 111
1052 3746 288
2050 3746 270
3501 3748 912
978 3749 340
2050 3751 603
3301 3751 908
2718 3752 108
3159 3754 821
2559 3755 257
486 3756 651
535 3756 253
282 3758 317
827 3758 390
1516 3759 661
2282 3759 468
2486 3759 333
366 3760 524
2477 3760 255
442 3762 692
1266 3762 340
465 3763 206
1211 3764 631
1270 3764 434
4 3765 275
1046 3765 238
431 3766 658
398 3768 914
1246 3768 427
2917 3768 496
1277 3769 268
1875 3770 300
1231 3771 702
607 3772 256
2085 3772 467
2098 3772 550
5 3773 256
1886 3773 378
2190 3774 230
3009 3776 211
3213 3776 463
1744 3777 505
2561 3777 794
2855 3777 392
1083 3778 679
219 3779 241
1705 3779 212
3671 3779 617
628 3780 346
1170 3781 443
466 3782 313
118 3783 301
2449 3783 573
3102 3784 860
957 3785 660
1651 3785 977
2890 3785 366
3470 3785 370
3166 3786 781
2033 3787 154
1532 3788 234
3466 3788 841
3666 3788 294
2012 3789 383
698 3790 208
906 3790 328
1023 3791 153
2525 3791 308
887 3792 936
1560 3792 251
639 3793 851
551 3794 902
1478 3794 263
2224 3794 211
2258 3795 561
305 3796 386
1833 3796 478
2356 3797 440
2326 3798 359
2730 3798 363
2850 3798 840
3149 3798 267
1108 3799 154
1867 3799 517
1112 3800 112
1572 3800 124
2845 3800 940
1195 3801 367
116 3802 459
541 3802 473
3157 3802 309
2313 3803 226
3186 3803 576
732 3804 226
221 3805 244
889 3805 495
2958 3805 483
3545 3806 424
2785 3808 797
3421 3808 255
286 3810 727
2353 3810 598
3661 3810 237
2524 3811 353
3500 3812 102
198 3813 111
3747 3815 372
1460 3816 122
1502 3816 260
18 3819 344
137 3819 220
251 3819 149
698 3819 138
1252 3819 301
3103 3820 762
3793 3821 208
193 3822 458
1689 3822 124
3108 3823 260
3204 3823 151
1737 3824 440
1429 3825 141
467 3826 471
2037 3828 112
2929 3830 106
1849 3832 992
3764 3832 563
1744 3833 297
2615 3834 380
3637 3834 302
907 3835 949
2657 3835 312
736 3837 770
1238 3837 425
1509 3839 221
3518 3839 252
2087 3840 239
1408 3841 633
1740 3841 156
3388 3841 507
593 3842 511
1239 3843 479
3833 3844 269
3776 3845 103
275 3846 104
2213 3847 163
3337 3847 334
2433 3848 326
3188 3848 575
804 3849 538
2741 3850 416
431 3851 160
453 3851 257
1006 3851 824
2730 3851 254
2903 3851 296
3312 3852 106
775 3853 357
3609 3853 419
834 3854 514
1472 3855 591
509 3856 120
121 3858 746
1902 3858 217
1844 3861 335
1205 3862 632
340 3863 176
1929 3863 926
2398 3863 224
2425 3863 180
346 3864 399
1787 3864 256
2201 3864 247
2972 3864 124
2021 3865 482
1178 3866 116
3526 3866 604
2985 3867 590
3236 3867 400
305 3870 815
3817 3870 432
1794 3871 388
768 3873 610
853 3873 253
1940 3873 238
2451 3873 177
1683 3874 777
3198 3874 997
1003 3875 138
1103 3875 314
3422 3875 262
2341 3876 334
1947 3877 149
3432 3877 312
821 3879 551
76 3880 279
1156 3880 421
1678 3880 374
2752 3880 373
3781 3881 413
1089 3882 541
1704 3882 255
2719 3883 714
3125 3884 457
3634 3884 461
1423 3885 203
1990 3885 343
2808 3885 485
1908 3886 470
2787 3886 756
843 3888 711
3723 3890 368
1670 3891 253
2462 3891 217
2457 3892 603
1690 3893 103
2812 3893 239
923 3894 336
674 3895 129
2220 3895 362
451 3896 294
3348 3896 434
2379 3899 271
3444 3899 471
946 3900 612
1012 3900 631
1401 3901 806
3810 3901 475
322 3902 242
1282 3902 295
1012 3903 112
3225 3904 158
3747 3905 277
1207 3906 156
2305 3906 215
2390 3906 392
1740 3907 181
2011 3907 480
1790 3908 143
1685 3909 564
3210 3910 196
2912 3911 990
2314 3913 351
3126 3914 849
3889 3914 394
2530 3916 799
3471 3916 417
3633 3917 539
202 3918 574
1349 3918 239
2977 3918 583
3847 3919 980
2324 3921 341
3853 3921 334
1461 3922 174
2229 3923 429
2586 3924 550
2951 3924 439
2704 3926 104
1083 3927 333
1587 3927 272
1895 3930 269
1282 3931 683
1910 3932 689
2411 3932 405
2907 3932 100
3846 3935 244
1059 3937 158
1792 3937 459
254 3938 560
1869 3939 739
3139 3939 128
1484 3942 628
2384 3943 228
472 3944 351
698 3944 239
2463 3945 275
3353 3946 564
3756 3946 619
3868 3946 552
3162 3948 261
2467 3949 341
2896 3949 217
3074 3950 348
3914 3950 506
2193 3951 536
2431 3951 333
2931 3951 580
2665 3952 234
1406 3953 312
2043 3953 163
2370 3953 586
909 3954 525
2768 3954 111
2019 3955 427
208 3956 221
2249 3957 738
2325 3957 512
1668 3958 950
2173 3960 850
2668 3960 417
1316 3961 356
2339 3962 196
2677 3962 248
2594 3963 402
3258 3963 549
2970 3964 518
903 3965 733
2886 3965 262
2661 3967 421
3710 3967 308
3555 3970 893
896 3971 310
3416 3971 451
3890 3972 400
998 3973 418
1823 3973 516
3019 3974 620
1749 3975 334
1868 3975 484
2543 3976 414
3889 3976 755
635 3977 792
532 3978 580
2047 3978 789
2434 3978 299
2964 3978 359
3347 3978 481
791 3979 373
1058 3980 452
2015 3980 272
2707 3980 555
3489 3980 514
3896 3980 271
3361 3981 437
3775 3982 324
797 3983 329
2363 3983 370
376 3984 789
825 3984 353
2208 3984 219
3456 3984 713
960 3985 119
2098 3985 247
3976 3987 686
3763 3988 101
41 3989 295
1798 3989 931
2710 3990 303
3431 3990 412
431 3991 212
611 3991 147
3187 3992 358
2320 3994 557
1434 3995 586
1887 3995 223
2862 3996 664
2036 3997 108
2235 3997 256
38 3998 279
3121 3998 576
3442 3999 351
3280 4001 327
743 4002 817
3329 4002 109
290 4003 187
1224 4003 633
2509 4004 554
2984 4005 600
1874 4006 211
2067 4007 365
772 4008 247
1428 4008 444
1249 4009 234
3993 4009 540
529 4010 316
2384 4010 824
487 4012 136
1903 4012 481
3775 4013 351
295 4014 522
989 4014 397
2037 4014 396
287 4015 267
680 4015 500
2361 4015 122
2724 4015 130
2929 4015 217
1538 4016 251
2777 4016 381
600 4017 367
2025 4017 355
339 4018 157
881 4018 235
2426 4019 251
918 4021 892
591 4022 642
2792 4022 521
3523 4022 378
3655 4022 233
529 4023 642
1308 4023 795
3028 4023 939
1162 4024 315
2414 4024 248
708 4026 909
1089 4026 322
2143 4026 997
578 4027 205
3135 4029 119
3757 4029 216
311 4031 288
645 4032 702
1561 4032 388
2789 4032 259
3431 4032 308
958 4033 765
3395 4034 379
3002 4035 223
3813 4035 787
361 4036 425
1370 4036 263
2450 4036 800
1886 4037 351
2577 4037 336
1424 4038 512
2030 4038 161
1622 4039 156
1792 4040 359
3685 4040 956
3092 4041 532
1923 4042 103
1978 4042 235
2323 4042 120
2773 4042 382
2797 4042 356
3255 4042 525
901 4043 788
1223 4045 750
2196 4045 268
2099 4046 361
3881 4047 319
606 4048 404
371 4049 362
1414 4049 284
3414 4051 367
2385 4052 734
1144 4053 520
1323 4054 790
2136 4054 324
540 4055 145
814 4056 114
108 4057 407
126 4057 574
1389 4057 305
1810 4057 419
2090 4057 333
3342 4057 244
3760 4057 111
1904 4058 141
2541 4058 409
1050 4059 119
2224 4059 496
850 4060 281
1649 4060 344
1915 4060 257
3287 4060 313
1618 4061 101
3737 4061 231
3829 4061 237
1461 4062 299
1445 4063 403
2533 4063 253
4038 4064 945
408 4065 232
2256 4065 471
238 4066 256
881 4066 373
1946 4066 235
912 4067 385
1475 4067 464
1872 4068 249
2843 4068 104
3276 4069 475
1708 4070 301
571 4071 207
3432 4071 393
2820 4072 529
1670 4073 309
3860 4074 349
2057 4075 542
3908 4075 550
3181 4076 727
888 4077 204
2293 4077 231
1064 4078 385
1258 4078 588
665 4079 249
222 4080 148
1527 4080 794
3688 4080 231
1377 4081 342
1379 4081 364
2114 4081 157
726 4082 190
957 4082 438
1268 4084 389
1324 4085 146
1525 4086 280
2347 4087 317
216 4088 277
1127 4088 312
3015 4089 105
3542 4089 594
41 4090 202
1574 4090 833
970 4091 359
2398 4091 394
2495 4091 143
3017 4091 728
3063 4093 589
1604 4094 461
1977 4094 291
288 4095 361
426 4095 173
3800 4095 388
4007 4095 771
2876 4096 306
2769 4097 834
1368 4098 261
3083 4099 304
1545 4101 653
269 4103 543
1760 4104 547
2271 4104 151
3399 4104 746
1137 4105 352
2724 4109 380
185 4111 606
3881 4111 912
3809 4113 107
3543 4114 765
1168 4115 441
2391 4115 465
228 4116 389
123 4117 261
2569 4117 168
374 4118 654
1261 4118 305
1862 4119 699
1245 4120 224
3592 4120 593
3434 4121 445
1978 4122 261
3653 4122 344
3086 4123 366
1346 4124 784
139 4125 308
2486 4125 138
353 4126 139
1074 4127 142
3231 4127 629
3377 4128 101
1856 4131 691
3942 4131 468
1564 4132 676
1451 4133 338
3052 4133 446
300 4134 252
878 4134 387
3895 4134 630
1366 4135 735
884 4136 280
2500 4136 562
2520 4136 898
2412 4137 647
1531 4138 161
3154 4138 186
2609 4139 463
2912 4139 298
521 4140 937
1036 4140 321
2582 4140 697
2375 4141 204
1083 4142 142
1519 4142 555
2252 4143 385
3143 4143 265
2663 4144 590
3022 4144 755
225 4145 302
2559 4145 120
1761 4146 510
2921 4146 696
3328 4146 255
2102 4147 202
367 4148 709
1465 4148 144
1337 4149 934
3022 4149 466
421 4150 308
561 4151 869
1423 4151 373
3267 4151 297
3798 4151 360
2927 4152 352
1264 4153 530
2692 4153 897
3209 4154 247
4011 4154 563
788 4155 261
4108 4155 283
999 4156 644
1835 4158 255
1055 4159 340
3298 4159 641
558 4161 375
1036 4161 399
2518 4161 127
2521 4161 713
2077 4162 785
454 4163 241
2969 4164 277
814 4165 268
1639 4166 481
3356 4166 371
766 4167 211
3142 4167 934
154 4168 738
777 4168 682
1516 4169 216
1883 4169 300
3190 4169 684
1602 4170 398
3771 4170 375
183 4171 529
974 4172 278
1680 4173 388
2795 4174 530
2902 4175 441
587 4176 353
167 4177 180
557 4177 726
1983 4177 241
2802 4177 758
1755 4178 833
2624 4180 684
3574 4180 216
2242 4181 910
4028 4181 448
1491 4182 604
1682 4182 118
2121 4183 454
2159 4183 671
1372 4184 260
132 4185 358
702 4185 344
1003 4185 444
2899 4185 396
1423 4186 336
1090 4187 499
1173 4187 235
183 4188 452
30 4189 132
3857 4189 305
830 4190 127
3599 4191 248
3988 4191 741
1299 4192 720
1536 4192 469
2825 4193 267
833 4194 422
1533 4194 658
1637 4194 461
1962 4194 656
3591 4195 139
2584 4197 216
2691 4197 233
3990 4197 659
2950 4198 888
3389 4198 951
4128 4198 473
1392 4199 217
1621 4199 556
2152 4199 978
931 4200 360
1119 4200 420
2538 4200 436
685 4201 914
1410 4201 208
2805 4201 990
688 4202 477
2719 4202 291
3968 4202 237
4021 4203 129
1215 4204 882
1937 4204 217
418 4205 997
920 4205 285
3818 4205 756
2444 4206 730
2577 4206 199
3458 4207 140
1932 4209 344
358 4210 513
1921 4211 469
91 4212 519
1653 4212 516
4004 4213 561
750 4215 892
1644 4215 604
3064 4216 366
3582 4216 560
1598 4217 558
1879 4217 333
1694 4218 982
2866 4219 569
1882 4220 239
3220 4220 704
3542 4220 133
1214 4221 302
1493 4221 168
3030 4222 138
3711 4223 500
1991 4224 254
3312 4224 242
3696 4224 337
4134 4225 743
1410 4226 182
3192 4226 371
713 4227 336
3887 4227 342
1829 4229 999
872 4231 528
1470 4231 227
1217 4232 826
3475 4233 557
3880 4233 341
928 4234 371
1311 4234 114
862 4235 139
1378 4235 304
1446 4235 420
2899 4236 927
2916 4236 237
3552 4237 446
4216 4237 118
348 4239 285
990 4239 236
2272 4239 229
2468 4239 422
2894 4242 728
4100 4242 960
1238 4243 262
597 4245 305
3469 4245 417
162 4246 453
2264 4246 171
3431 4246 971
729 4247 695
1909 4247 258
2168 4247 792
2814 4247 909
3931 4247 305
1520 4248 628
1774 4249 818
2001 4249 196
268 4250 165
4163 4251 213
2883 4252 453
2769 4253 711
3821 4253 633
3905 4253 301
3425 4254 939
1580 4255 373
2125 4257 118
3509 4257 766
671 4258 670
1011 4259 283
3731 4259 394
2814 4260 288
2938 4262 318
670 4263 280
1705 4263 222
40 4264 414
1641 4264 613
1897 4264 337
1674 4265 752
1293 4266 188
2366 4266 520
1553 4267 231
3616 4267 154
3924 4267 243
1119 4268 202
404 4271 394
1435 4271 126
379 4272 117
834 4272 154
2733 4272 261
3847 4272 912
872 4273 399
922 4275 734
4149 4275 318
817 4277 310
3161 4278 315
3941 4278 409
645 4279 576
991 4279 550
1712 4279 370
2182 4279 221
3628 4279 358
1346 4280 459
3925 4280 400
2998 4281 488
3092 4282 319
759 4283 144
3211 4283 462
4227 4283 581
717 4284 509
1240 4284 603
3521 4284 127
2577 4285 341
4073 4285 466
3159 4286 567
2812 4287 660
1261 4291 810
2425 4291 339
2392 4292 107
792 4293 470
3004 4294 396
1701 4295 757
2461 4295 100
1488 4296 425
3042 4296 379
3900 4296 452
3923 4297 157
3306 4298 206
1401 4299 729
2419 4299 303
2761 4299 106
1261 4300 832
2175 4300 447
3269 4301 805
3800 4302 350
165 4303 332
4159 4303 197
2846 4304 990
4010 4304 443
261 4305 219
933 4305 324
1960 4305 322
998 4306 315
2912 4307 559
1699 4308 293
2146 4310 468
4085 4310 630
3939 4311 219
466 4312 658
1475 4312 207
1515 4312 142
3041 4313 572
2153 4314 314
1726 4315 247
1984 4316 272
2964 4316 783
4225 4316 313
4315 4316 277
996 4318 182
81 4319 230
2413 4319 607
3987 4320 217
4084 4320 320
158 4321 262
2837 4321 246
158 4322 371
2100 4322 292
2387 4323 331
2983 4323 442
3364 4323 451
3891 4323 328
1439 4324 241
2274 4324 198
3799 4325 228
3051 4327 378
3138 4328 585
1989 4329 316
2149 4330 130
2860 4330 223
3280 4330 100
2766 4331 800
996 4332 312
231 4333 380
4205 4333 115
1354 4335 545
3422 4335 476
145 4336 518
329 4336 296
1518 4337 620
1751 4337 114
2971 4337 720
3784 4338 314
1424 4339 147
3194 4339 280
4334 4339 122
1291 4340 160
1921 4340 715
2242 4342 382
2695 4343 213
966 4344 291
2487 4344 228
1419 4345 665
2332 4345 329
2246 4346 260
3465 4346 172
3594 4347 129
3276 4348 227
4154 4348 403
2017 4349 214
2037 4349 180
1320 4351 499
4302 4353 788
4318 4353 750
769 4354 583
3968 4354 473
3972 4355 761
4147 4355 357
1160 4357 307
2804 4358 166
4349 4359 142
294 4360 691
2931 4360 221
3987 4360 702
2723 4361 329
4098 4361 246
1281 4362 371
3960 4362 349
3805 4363 555
128 4364 146
2731 4365 266
3091 4365 892
3308 4365 323
3834 4365 113
2530 4366 408
376 4367 440
280 4368 292
328 4368 626
1456 4369 539
394 4370 449
2092 4370 353
230 4371 185
623 4371 655
2447 4371 450
4208 4371 589
2045 4372 922
2637 4373 466
3883 4373 701
2051 4374 264
2299 4374 349
2463 4374 117
1584 4375 537
1676 4375 173
1718 4375 141
195 4376 199
778 4376 252
4130 4376 237
2183 4377 445
922 4378 640
843 4379 438
871 4379 403
1498 4379 288
4100 4379 356
2662 4380 122
4077 4380 840
2763 4381 666
472 4382 110
94 4383 184
3907 4384 376
3647 4387 226
505 4388 839
3130 4389 402
3671 4389 266
2140 4390 552
808 4391 404
1107 4391 423
2061 4391 662
4197 4391 274
1754 4392 114
2415 4392 351
2959 4392 247
3383 4392 431
4194 4392 508
1059 4393 456
3785 4393 370
4309 4393 349
1666 4394 123
2563 4395 673
3289 4395 613
3556 4395 276
3568 4396 261
4125 4396 334
4248 4396 533
3679 4397 104
1513 4399 288
2009 4400 463
2525 4400 351
2634 4400 880
1193 4401 199
4043 4401 786
4384 4401 308
213 4402 146
1423 4403 878
3498 4404 472
1893 4405 646
2378 4406 699
3904 4407 141
4204 4407 310
4298 4407 433
2330 4408 491
1514 4409 488
3646 4411 363
1013 4412 719
4163 4412 385
1144 4415 223
1503 4415 426
2219 4416 279
4043 4416 235
772 4417 245
1368 4417 298
3538 4417 265
902 4419 957
201 4420 128
3593 4420 147
1620 4421 642
1333 4422 209
1375 4423 975
1599 4423 277
2844 4423 739
3096 4424 769
4224 4424 496
3866 4425 372
1370 4427 411
3276 4427 328
1289 4429 621
1295 4429 481
1596 4429 384
459 4430 267
575 4431 284
2154 4432 384
3937 4432 253
167 4433 539
1907 4433 584
2575 4433 444
3384 4433 259
197 4434 720
954 4434 140
4045 4435 264
4063 4436 583
1250 4437 191
2353 4437 732
2819 4437 428
2551 4438 204
4276 4438 769
3275 4439 319
2533 4440 807
351 4441 248
2407 4442 600
3894 4442 230
513 4443 695
1144 4444 286
1228 4444 456
1732 4444 795
4194 4444 429
1407 4445 553
1767 4445 152
3205 4445 166
2465 4447 785
2905 4447 558
3701 4447 284
3932 4447 399
1452 4448 414
2448 4448 360
700 4449 383
991 4449 566
2233 4449 802
611 4450 141
1042 4450 100
1340 4450 482
1935 4452 517
3076 4452 663
2806 4453 308
2900 4453 118
3381 4454 779
837 4456 411
3010 4457 330
219 4458 233
272 4458 471
1648 4458 352
2138 4458 655
260 4459 348
3867 4459 408
28 4460 208
765 4460 623
3810 4460 366
4164 4460 362
4214 4460 631
2642 4462 401
180 4463 577
633 4463 524
3235 4463 524
969 4464 162
3866 4464 236
3084 4465 617
3778 4466 409
1232 4467 269
3485 4467 453
4004 4468 114
4153 4469 203
788 4470 326
1717 4470 211
3646 4471 395
949 4472 276
2134 4472 308
4022 4472 477
2267 4474 369
3598 4474 781
3754 4476 390
1536 4477 444
3078 4477 253
3619 4477 837
25 4478 933
781 4478 252
2641 4478 482
3799 4478 464
198 4479 376
2840 4479 431
3307 4479 102
3943 4479 659
1778 4480 470
2165 4480 454
2895 4480 478
2983 4481 213
2522 4482 680
267 4483 275
391 4483 116
808 4484 502
3838 4484 430
4302 4484 429
565 4485 263
458 4487 631
1840 4487 170
3644 4487 563
1601 4489 109
2520 4489 480
3437 4489 283
74 4490 857
3530 4490 261
2908 4491 103
1345 4492 350
2542 4492 249
2807 4493 352
2545 4494 232
221 4495 667
1929 4495 276
2532 4495 781
2871 4495 501
2812 4499 253
2990 4500 443
3064 4501 847
993 4502 391
110 4503 325
3610 4504 269
2874 4505 687
3444 4505 491
3760 4506 251
2537 4507 639
4267 4507 763
103 4508 784
3961 4508 442
1001 4509 757
1919 4510 122
1087 4511 250
2261 4511 830
1884 4512 361
677 4513 188
3508 4513 586
4428 4513 532
3505 4514 327
485 4515 506
603 4515 568
2995 4515 646
3729 4515 105
2485 4516 885
1584 4517 226
4235 4518 202
4190 4519 615
2417 4520 636
696 4521 197
1072 4521 635
3263 4521 128
299 4522 124
533 4522 442
946 4523 241
2923 4523 359
3429 4523 448
1025 4524 108
4364 4524 513
4372 4525 380
2140 4526 222
2335 4526 291
4459 4526 903
980 4527 282
2447 4527 274
4086 4527 580
1640 4528 316
2338 4528 113
2441 4528 242
2974 4528 131
378 4529 254
1616 4530 432
3202 4530 898
3609 4530 354
3684 4531 689
2577 4533 503
2916 4534 439
3214 4534 424
3348 4535 210
142 4537 341
2253 4538 316
836 4540 297
886 4540 300
3460 4540 411
442 4541 231
572 4541 110
2244 4541 574
1712 4542 885
84 4543 398
3475 4544 399
3578 4544 362
3789 4545 283
3911 4545 266
4522 4548 476
1998 4549 823
2909 4549 136
3947 4549 335
710 4550 272
1417 4550 107
4348 4552 282
931 4553 336
2429 4553 261
2993 4554 264
3393 4554 465
2004 4555 500
2496 4555 687
3119 4555 387
3584 4555 250
857 4556 420
1806 4557 222
2265 4558 244
3245 4558 102
131 4559 100
3026 4560 246
2753 4561 274
4152 4561 220
1861 4562 426
2838 4563 336
2701 4564 902
2142 4565 883
2605 4565 274
4235 4566 275
636 4568 623
2438 4568 186
916 4569 117
2255 4569 311
84 4570 282
1220 4570 278
2713 4571 389
3259 4572 127
4156 4572 321
4022 4573 462
2061 4574 392
2296 4574 550
2569 4574 336
1720 4575 104
2480 4575 341
682 4576 223
556 4577 284
1335 4577 286
1697 4577 127
1073 4578 917
375 4579 690
3940 4579 653
1219 4580 141
124 4581 230
3593 4582 334
2653 4583 177
3316 4583 354
3640 4583 102
2406 4585 386
2210 4586 872
2161 4587 122
1334 4588 610
1804 4588 486
4248 4589 438
842 4590 212
2542 4590 313
728 4591 131
1099 4591 514
3074 4592 953
3114 4592 659
3728 4592 362
3753 4592 132
2766 4593 491
778 4594 136
2139 4594 410
1588 4595 512
2348 4595 164
1604 4596 124
4238 4596 885
3182 4597 465
2396 4598 244
181 4599 543
568 4599 509
620 4599 103
2651 4602 160
1449 4603 630
2070 4603 336
406 4604 253
724 4604 336
2877 4604 655
2112 4605 272
3354 4605 547
3552 4605 403
1151 4606 554
2868 4606 637
2903 4606 288
2257 4608 954
209 4609 374
730 4609 414
4143 4609 390
2845 4610 236
3109 4610 550
1917 4611 991
2861 4611 467
906 4612 426
4281 4612 216
44 4613 574
3779 4613 285
2074 4614 342
303 4615 834
1379 4616 203
1847 4616 873
411 4617 430
4190 4618 854
3664 4619 219
1217 4620 783
4585 4621 970
3248 4623 239
2653 4624 849
1309 4625 273
4074 4625 390
143 4628 372
4088 4628 600
1664 4629 334
4459 4630 128
4576 4630 313
4606 4630 115
842 4633 236
2536 4635 344
4276 4635 247
509 4636 122
2766 4636 715
881 4637 203
2191 4637 257
3288 4637 675
1050 4638 212
1518 4638 955
3563 4638 124
2635 4639 372
1966 4640 570
4353 4640 402
841 4641 542
1984 4641 388
2071 4641 507
3379 4642 391
3945 4642 655
4611 4642 383
1675 4643 513
4290 4643 560
1101 4644 373
1514 4644 434
2368 4644 227
2838 4644 877
156 4645 482
603 4645 262
2249 4645 376
3166 4645 330
3875 4645 347
2903 4646 134
3776 4646 317
895 4647 102
2446 4647 581
2286 4649 114
2626 4649 174
4388 4649 778
1524 4650 915
152 4651 308
756 4651 872
2056 4651 634
2536 4652 554
2998 4653 334
4613 4653 231
747 4654 275
1391 4654 307
393 4655 835
1230 4655 547
2781 4655 420
1937 4656 336
2318 4656 683
2671 4657 969
2701 4658 276
3760 4658 166
4132 4659 332
37 4660 822
1800 4660 404
2639 4660 679
1049 4661 464
4501 4661 556
827 4662 264
2068 4662 110
2125 4662 100
2184 4662 395
75 4663 148
1655 4663 469
2989 4663 841
4651 4664 276
2510 4665 246
1225 4666 482
2454 4667 278
4173 4667 833
690 4668 152
2027 4668 642
3950 4668 582
116 4669 681
404 4669 100
4575 4669 443
1663 4670 256
2952 4670 263
3934 4670 599
4605 4670 268
1533 4671 316
2144 4671 826
3753 4671 520
4557 4671 839
2282 4672 207
3448 4672 284
92 4673 322
675 4673 241
555 4674 231
1188 4675 669
2541 4675 602
2808 4675 628
4398 4675 387
2539 4676 878
2183 4677 265
359 4678 860
1010 4679 368
2639 4679 259
2725 4679 233
1272 4680 428
2864 4680 129
1478 4681 257
2355 4682 475
3461 4682 417
4088 4685 282
2409 4686 887
3807 4686 679
1780 4687 346
4628 4688 476
2351 4689 255
3111 4689 260
4351 4689 889
3770 4690 574
1909 4691 115
2767 4691 443
584 4692 355
962 4692 237
1650 4692 177
4217 4693 823
2828 4694 245
2142 4695 405
2538 4695 227
4225 4695 434
2547 4696 872
657 4697 648
1491 4697 325
4079 4697 230
796 4699 288
2150 4699 104
3650 4699 564
1190 4700 162
1989 4701 419
3073 4702 214
1533 4703 383
924 4704 396
1513 4704 298
919 4705 140
2873 4705 376
939 4706 232
955 4706 147
3811 4706 615
321 4708 633
2503 4708 571
3069 4708 534
4522 4708 333
385 4709 395
870 4710 581
3966 4712 825
4118 4712 218
1556 4713 763
3242 4713 361
3677 4713 404
1738 4714 271
2068 4714 119
4442 4714 697
4547 4714 381
2619 4715 254
4379 4715 212
2462 4716 560
3128 4717 546
2975 4718 332
106 4719 320
1284 4719 365
1756 4719 331
1931 4719 620
1018 4722 671
3874 4722 266
691 4723 587
399 4724 294
1473 4724 706
2608 4724 412
3089 4725 718
4050 4726 167
346 4727 787
1799 4728 307
4324 4728 239
4390 4729 248
387 4730 574
785 4730 741
3617 4730 537
2401 4731 293
3945 4731 253
4121 4731 279
3758 4732 302
2054 4733 390
2590 4733 982
3870 4734 119
2508 4735 248
3804 4735 267
3994 4735 543
4117 4735 226
126 4736 502
1022 4736 217
3043 4736 381
1367 4737 212
60 4738 164
1511 4738 549
3219 4740 850
294 4741 753
2073 4742 276
2732 4742 159
156 4744 427
656 4744 343
3312 4744 359
4040 4745 301
2544 4746 128
2439 4747 414
2851 4748 427
163 4749 329
4316 4749 291
3325 4750 374
3484 4750 775
4351 4750 347
4106 4751 198
4743 4751 218
102 4752 591
3536 4752 939
4037 4752 133
2231 4754 285
3004 4754 327
1208 4755 156
2516 4756 365
3233 4756 205
3459 4756 215
3963 4756 640
1037 4757 416
1669 4757 358
1732 4758 524
1863 4758 686
201 4759 356
641 4759 417
1979 4759 224
2208 4759 227
830 4760 289
2185 4760 426
2510 4761 100
2530 4761 506
2678 4761 889
865 4762 335
1807 4762 297
1845 4762 565
2888 4762 867
4258 4762 139
2625 4763 416
4624 4763 616
2373 4764 282
2616 4764 234
3407 4764 250
2309 4765 253
2559 4765 365
924 4766 120
2375 4766 119
2637 4766 622
2689 4766 557
101 4767 308
428 4767 504
2596 4767 141
413 4768 358
1141 4768 247
694 4769 265
4566 4769 557
1617 4770 100
3675 4770 550
4286 4770 488
872 4771 334
1278 4773 281
2169 4773 470
3313 4773 550
4103 4773 266
3859 4774 625
2660 4775 258
2953 4775 217
893 4776 391
2094 4777 566
2956 4777 306
4739 4777 152
2416 4778 953
4716 4778 777
4775 4778 213
1747 4779 625
3626 4780 227
2955 4781 490
4511 4781 449
692 4782 434
3009 4782 178
3474 4782 155
1039 4784 174
3600 4784 503
1308 4785 715
1483 4785 272
991 4786 503
1988 4786 740
1085 4788 153
1761 4788 484
4044 4788 326
864 4789 327
2645 4789 309
3405 4789 586
868 4790 162
958 4790 538
1808 4791 404
156 4792 566
3257 4792 515
3294 4792 399
3666 4792 209
2119 4793 884
4081 4794 630
819 4795 262
912 4795 237
435 4796 561
205 4797 379
786 4797 303
822 4798 211
1125 4798 259
1894 4798 708
4223 4801 222
2172 4802 388
2941 4802 404
4590 4802 308
90 4803 221
2957 4803 380
1633 4804 251
1838 4804 360
1895 4805 150
3116 4805 438
4337 4805 349
554 4807 608
1357 4807 451
2607 4808 784
2713 4808 343
12 4809 258
369 4809 244
1647 4809 485
35 4810 257
113 4810 223
634 4811 256
2663 4811 452
129 4812 271
10 4814 372
582 4815 351
319 4816 870
2870 4816 589
1378 4818 206
4782 4818 354
428 4819 342
2317 4819 669
1228 4820 212
2964 4820 395
3615 4820 569
1163 4821 402
524 4822 642
2426 4822 235
2447 4822 276
3069 4822 338
4780 4822 362
834 4823 739
697 4824 104
1820 4824 358
394 4825 248
549 4825 417
3630 4826 367
3828 4826 563
26 4827 527
1304 4828 895
2062 4828 114
3074 4828 246
1213 4829 389
4647 4829 341
222 4830 495
661 4830 187
1563 4830 239
3875 4830 103
1913 4831 141
1627 4832 423
1626 4833 123
3099 4834 480
4340 4834 102
4488 4834 364
1019 4835 467
1580 4835 149
3535 4836 364
4456 4836 407
1679 4837 325
2278 4837 124
2739 4838 897
4665 4838 408
2219 4839 281
2736 4839 482
2871 4839 147
468 4840 119
818 4840 298
2511 4840 503
362 4841 114
3205 4841 105
912 4842 453
1910 4843 351
3648 4843 478
4251 4843 998
4652 4843 506
4718 4843 125
77 4845 329
3389 4845 408
4316 4845 135
1683 4846 149
11 4847 495
4287 4847 263
2638 4848 527
1205 4849 729
4623 4850 261
608 4851 929
3483 4851 759
729 4852 477
733 4852 224
3397 4852 292
870 4853 382
1488 4853 301
504 4854 793
256 4855 942
2867 4855 215
4342 4855 815
2492 4856 674
3130 4857 239
4068 4857 216
2465 4858 142
4362 4859 306
1988 4860 128
2868 4860 254
316 4861 420
1335 4861 347
3291 4861 710
637 4862 238
2468 4862 284
1677 4863 608
3095 4863 284
416 4864 315
1229 4864 691
1058 4865 507
1152 4865 253
4422 4865 289
1662 4866 233
3920 4866 406
883 4867 794
2164 4867 293
2574 4868 384
4255 4868 290
2014 4869 773
3945 4870 333
457 4871 842
1777 4872 150
1547 4873 455
3528 4873 623
2195 4875 418
3002 4875 579
4707 4875 452
2466 4876 557
3136 4876 188
4265 4876 432
1256 4877 851
1929 4877 213
4413 4877 362
4767 4877 613
726 4878 410
4080 4879 553
2340 4880 105
827 4881 214
1136 4881 548
3051 4881 112
1399 4882 214
1440 4882 346
2721 4882 291
2497 4883 659
3311 4884 559
4626 4884 254
3658 4885 405
853 4886 301
1574 4886 463
2241 4887 156
3365 4887 401
3415 4888 511
4234 4888 880
866 4889 298
2025 4890 333
2647 4890 348
2871 4890 496
4832 4890 833
4849 4890 142
471 4891 178
2195 4892 333
1436 4893 851
4468 4893 339
1306 4894 281
964 4895 426
2268 4895 267
4306 4895 317
4267 4896 755
4826 4897 436
4439 4899 231
3003 4900 673
2555 4901 378
3750 4901 293
1062 4902 156
3739 4903 453
4607 4904 409
4867 4905 459
742 4906 355
826 4906 726
1084 4906 323
3077 4906 431
1856 4907 431
857 4908 312
3298 4910 319
503 4911 122
4684 4911 654
849 4912 420
1827 4913 924
3918 4913 444
3980 4913 303
4379 4913 290
1555 4914 771
1592 4914 269
1519 4916 407
3232 4916 441
3997 4916 321
1802 4918 394
2735 4918 537
4887 4918 241
1961 4919 287
2785 4919 333
3283 4920 261
2076 4921 726
2822 4921 162
2582 4922 103
3078 4922 284
1946 4923 427
3642 4923 270
3854 4923 654
4081 4923 563
4214 4924 272
2077 4925 310
85 4926 349
3810 4926 183
3372 4927 226
3200 4928 325
1595 4929 932
4143 4929 721
137 4930 293
461 4930 409
2158 4930 246
2536 4930 119
3067 4931 317
2432 4932 366
1444 4933 428
3882 4933 449
153 4934 165
4623 4936 286
31 4937 278
1294 4937 108
3706 4937 356
2690 4938 313
3557 4938 413
955 4940 407
3466 4941 110
4496 4941 908
54 4942 567
2376 4942 287
4536 4942 265
2633 4943 415
4757 4944 272
4791 4944 654
1909 4945 275
3649 4945 485
2624 4946 444
1550 4947 273
2685 4947 108
2998 4947 170
3950 4947 832
1498 4948 297
1917 4948 492
2130 4948 693
4547 4948 261
2285 4949 294
3390 4949 139
4718 4949 530
15 4950 328
707 4950 339
1819 4950 363
1374 4952 504
3378 4952 201
3460 4953 548
396 4954 487
1433 4954 125
1581 4954 293
2014 4954 373
2487 4955 101
2912 4955 389
3824 4955 438
1018 4956 844
1671 4956 280
1551 4957 326
639 4959 295
1185 4959 281
2399 4959 661
173 4960 480
920 4960 403
1523 4961 323
4485 4961 321
4183 4962 356
99 4963 126
1282 4963 286
2737 4963 425
4159 4963 362
4210 4963 255
288 4964 448
1134 4964 332
1866 4964 642
2252 4964 501
3594 4964 298
334 4965 444
2537 4965 170
2574 4965 380
2827 4965 251
1152 4966 605
2568 4966 200
3296 4966 346
3741 4966 251
4331 4966 919
4903 4967 607
746 4968 640
1899 4968 322
3712 4968 515
357 4969 132
1252 4969 160
1641 4970 313
4228 4970 273
4475 4970 695
4895 4971 665
1842 4972 559
1812 4973 231
2793 4973 608
1708 4974 719
1445 4975 260
459 4976 271
960 4976 126
4116 4976 115
3019 4977 174
919 4978 604
4356 4978 713
1438 4979 274
2319 4979 238
2538 4980 277
3890 4981 531
3560 4982 660
1619 4983 186
3732 4983 169
4642 4983 869
22 4984 584
656 4984 623
802 4985 834
2695 4985 960
692 4987 420
1871 4988 332
1908 4988 526
4741 4989 524
3330 4990 618
4609 4991 213
600 4992 427
663 4992 939
1893 4992 370
2951 4992 267
857 4993 748
2496 4994 442
3681 4994 501
4874 4994 470
4876 4994 355
247 4995 154
909 4995 244
3141 4995 589
3466 4995 392
4478 4995 215
2105 4996 106
3839 4996 103
265 4997 509
3390 4997 266
3563 4997 219
2734 4998 463
693 4999 204
1456 4999 533
4083 4999 734
976 5000 278
1617 5000 264
1195 5001 331
2796 5002 330
3745 5002 901
2028 5003 942
2062 5003 381
2847 5003 119
4092 5003 179
955 5004 879
2734 5005 361
3492 5005 884
1917 5006 308
2663 5006 323
4979 5006 301
4793 5007 233
4996 5007 313
420 5008 654
863 5009 321
1234 5009 541
1414 5009 523
1758 5009 183
3012 5009 258
249 5010 631
2828 5010 104
2870 5010 220
3361 5010 897
1194 5011 364
2569 5011 328
4552 5011 272
328 5012 201
598 5012 461
1220 5012 517
1354 5012 115
2571 5012 315
1198 5013 294
4075 5013 517
4424 5013 825
2577 5014 678
3491 5015 436
2747 5016 502
2374 5017 769
2784 5018 268
3371 5018 386
4221 5018 691
109 5019 434
3021 5019 526
709 5020 223
2321 5020 159
2858 5020 234
3705 5020 262
1508 5021 507
364 5022 351
1582 5022 118
1758 5022 123
2522 5022 368
4694 5023 289
771 5024 246
2848 5024 378
3411 5024 365
3833 5025 305
1650 5026 409
3985 5026 305
2340 5027 953
4203 5027 120
4904 5027 663
23 5028 572
1811 5028 277
2415 5028 358
4277 5028 259
407 5029 383
1226 5029 474
1317 5029 790
1397 5029 298
4332 5029 309
36 5030 248
1174 5030 714
2132 5030 375
4738 5031 506
288 5032 621
4187 5032 802
4907 5032 375
85 5033 445
643 5033 127
4177 5034 655
1603 5035 453
4839 5035 155
70 5036 309
1491 5036 396
107 5037 293
207 5040 397
483 5040 530
4167 5041 784
4079 5042 664
1945 5043 269
3637 5043 562
3450 5044 263
3811 5044 576
5044 5045 225
1206 5046 373
3780 5047 641
4082 5048 108
4923 5048 328
4278 5049 601
4322 5050 653
4634 5050 349
4081 5051 581
84 5052 356
3259 5053 400
5004 5053 731
208 5054 234
1052 5054 284
1111 5054 627
4129 5054 395
1914 5055 415
4935 5056 962
309 5058 263
2669 5058 297
3968 5058 450
619 5059 627
3798 5059 248
4768 5060 213
4740 5061 312
3398 5062 421
2484 5063 909
2901 5063 252
833 5064 534
3603 5064 285
3649 5064 505
4572 5065 730
876 5066 415
4582 5066 875
3377 5067 351
4306 5067 346
2244 5068 836
1102 5069 236
2540 5069 104
4800 5069 180
326 5070 480
757 5070 917
2820 5070 474
2203 5071 100
4812 5071 359
2505 5072 707
1562 5073 221
1367 5074 406
2520 5074 298
3425 5074 164
135 5075 122
1020 5075 224
1199 5075 393
1844 5076 228
1388 5077 289
3951 5078 528
1780 5079 507
4446 5079 189
1968 5080 221
2636 5080 141
2682 5080 764
2797 5080 412
4625 5080 222
708 5081 296
1282 5082 954
2837 5083 630
830 5084 496
4166 5084 820
2196 5085 295
3752 5086 438
2168 5087 540
3983 5088 331
3986 5088 480
1372 5089 361
2471 5089 890
3929 5089 224
4268 5091 707
3673 5092 304
4817 5092 304
2386 5093 575
4586 5093 232
2355 5095 359
3912 5095 559
4100 5095 274
4108 5095 591
4279 5095 415
1402 5096 286
1529 5096 337
3619 5096 440
3780 5097 206
389 5098 140
3042 5098 661
1172 5099 434
2198 5099 415
3872 5099 316
4003 5099 330
2944 5100 430
3241 5100 580
4664 5100 125
3288 5101 329
1382 5102 241
3915 5102 396
4029 5103 446
1978 5104 294
2922 5104 681
1831 5105 444
2201 5105 280
3680 5105 535
4716 5105 348
600 5106 677
4978 5106 626
1217 5107 135
452 5108 358
2137 5108 250
653 5109 769
1711 5109 499
2657 5109 224
2783 5109 773
3182 5109 108
4560 5109 362
3736 5111 506
3738 5111 106
4492 5111 346
248 5112 383
2650 5112 647
4551 5112 303
1205 5113 447
2902 5113 151
4061 5113 625
1323 5114 485
2031 5114 428
3114 5114 123
3614 5114 178
3488 5115 240
514 5116 167
4606 5116 268
1651 5117 410
3804 5117 280
4764 5117 121
945 5118 214
3977 5118 252
4405 5118 777
3198 5119 429
3770 5121 525
936 5122 299
3475 5123 362
1961 5124 354
2064 5125 921
2730 5126 429
3614 5126 304
3807 5126 248
2987 5127 351
430 5128 109
968 5129 117
970 5129 412
1499 5129 422
411 5131 204
1315 5131 236
2206 5131 252
3279 5132 513
3910 5132 441
963 5133 254
3340 5133 431
1019 5134 351
1590 5134 189
3064 5134 542
428 5136 426
3652 5136 369
4110 5136 279
4223 5136 555
1175 5137 318
1896 5137 218
2568 5138 276
3684 5138 115
4050 5138 448
253 5139 252
527 5139 293
2305 5139 504
722 5140 406
2860 5140 394
4232 5140 262
3510 5141 112
1428 5142 234
5023 5142 387
1462 5143 279
2354 5143 335
39 5144 310
205 5144 447
4291 5144 543
1584 5145 346
2272 5145 252
3343 5145 984
2161 5146 518
4432 5146 297
4431 5147 111
4952 5148 876
808 5149 254
3252 5149 319
1523 5150 160
2482 5150 395
3669 5150 274
514 5151 125
2490 5151 472
4251 5151 276
2034 5152 269
3516 5152 492
3742 5152 610
3781 5152 378
4421 5152 732
1782 5153 689
2561 5153 289
2770 5153 417
4001 5154 330
2310 5155 447
2638 5155 421
1839 5156 634
4708 5156 500
2283 5157 230
1131 5158 325
1794 5158 400
3021 5159 354
3085 5159 506
3688 5159 678
1976 5160 397
2893 5160 330
3753 5160 947
4107 5160 283
246 5162 241
2747 5162 357
2762 5162 748
3020 5162 247
89 5164 116
626 5164 136
1761 5166 841
1849 5166 668
2677 5166 108
586 5167 696
4546 5169 166
5033 5169 128
1088 5170 721
3348 5170 427
3299 5171 265
3638 5172 251
139 5173 854
2631 5173 326
4426 5173 997
482 5174 429
1021 5174 106
2024 5174 214
3051 5174 653
3869 5174 279
5169 5174 259
3346 5175 439
3884 5176 305
3544 5177 246
1896 5178 547
1507 5179 306
3072 5179 270
450 5180 601
722 5180 127
2029 5180 388
1028 5181 379
3174 5181 466
4603 5181 544
4258 5182 375
1265 5183 866
2036 5183 127
4524 5183 389
745 5184 290
971 5184 641
3058 5184 365
3963 5185 452
783 5186 698
4274 5187 108
1939 5188 318
2456 5189 235
4637 5190 258
2432 5191 124
3856 5191 167
433 5192 793
1155 5192 324
5143 5192 350
2250 5193 274
3559 5193 108
3645 5193 431
3792 5194 322
1467 5195 204
2403 5195 287
2430 5195 109
313 5197 435
2964 5197 499
3339 5197 450
4422 5198 769
4920 5198 244
4978 5199 503
5146 5199 216
3047 5200 352
4871 5200 117
2576 5201 709
1681 5202 381
2713 5202 321
3563 5203 707
3630 5205 258
74 5206 349
2178 5206 333
2343 5207 231
2998 5207 324
5126 5207 397
518 5208 348
728 5208 983
2058 5208 837
3305 5208 221
3599 5209 230
2501 5210 363
4867 5210 391
379 5211 336
2502 5211 841
4099 5211 216
1284 5212 567
2817 5212 380
344 5213 152
4383 5213 122
3075 5214 257
515 5215 406
3599 5216 252
3221 5217 406
3934 5218 573
1873 5219 363
2488 5219 504
5077 5220 307
1843 5221 275
2200 5221 154
3000 5221 700
4144 5222 613
1888 5223 252
3695 5223 891
2808 5225 648
4581 5226 270
18 5227 511
3932 5227 746
4451 5227 356
2247 5228 526
3816 5228 259
3875 5228 264
4572 5228 843
3259 5230 363
3396 5230 683
4037 5230 133
4932 5230 996
329 5231 748
2350 5231 426
1685 5232 156
2373 5232 101
3955 5232 529
5158 5232 977
1104 5233 183
3351 5234 715
2714 5235 324
4307 5235 223
4917 5235 844
3602 5236 106
4073 5236 386
1831 5237 586
4799 5237 546
2628 5238 459
410 5239 424
2585 5239 347
177 5240 248
1572 5240 268
4365 5240 511
2 5241 245
370 5241 160
5165 5241 962
1160 5242 385
2538 5242 256
2836 5243 371
3007 5244 254
4160 5244 394
3823 5245 295
220 5246 273
4600 5247 277
4863 5247 215
4672 5248 424
634 5249 442
1886 5249 126
3322 5249 263
3362 5249 424
4126 5249 431
1986 5250 512
4711 5250 103
1898 5251 215
2242 5251 475
3872 5251 755
4372 5251 688
2353 5252 268
1089 5253 410
3147 5253 673
2023 5254 512
4102 5254 325
255 5255 856
1715 5256 256
343 5257 326
2139 5257 404
3899 5258 100
1395 5259 342
4752 5259 194
4904 5262 600
411 5263 224
899 5263 434
2131 5263 390
2011 5264 385
5009 5264 298
4358 5265 238
289 5266 965
1472 5267 301
1999 5267 541
2110 5267 235
801 5268 347
1725 5268 402
1886 5268 136
147 5269 519
215 5269 122
2131 5270 332
3925 5270 343
4470 5270 335
2120 5271 439
4790 5271 337
469 5272 168
1418 5272 755
4631 5272 126
4698 5272 464
865 5273 216
455 5274 126
1508 5274 392
2088 5275 693
3530 5275 511
3769 5275 101
4099 5275 125
241 5276 461
2068 5276 146
2482 5276 377
5224 5276 815
3154 5277 384
3317 5277 473
3458 5277 303
4237 5277 382
1661 5278 243
1858 5278 259
4023 5278 258
4805 5278 854
523 5279 112
1888 5279 731
4017 5279 108
4435 5279 188
2836 5280 336
3047 5280 283
3775 5280 548
478 5281 237
1143 5281 288
2285 5281 382
3113 5281 216
592 5282 782
4892 5282 358
5269 5282 637
728 5284 306
1916 5284 491
4269 5284 256
590 5285 322
3 5286 936
1538 5286 391
2862 5286 112
4343 5286 217
4533 5286 109
600 5287 109
2889 5287 443
3076 5288 173
2682 5289 422
2664 5290 385
3439 5290 315
5220 5290 663
2224 5291 299
3287 5291 315
4648 5291 280
5086 5291 993
5240 5291 276
68 5292 370
4473 5292 422
5090 5292 354
110 5293 396
3877 5294 229
4951 5294 505
1872 5295 287
4573 5295 163
4863 5295 129
5008 5295 269
4075 5296 599
4601 5296 418
2525 5297 271
2817 5297 200
998 5298 472
4001 5299 268
349 5300 263
1916 5300 509
3512 5300 951
1330 5301 364
2423 5302 235
3471 5302 562
3548 5302 128
761 5303 248
3620 5303 118
3253 5305 219
2582 5306 263
2740 5306 311
2095 5307 972
3694 5307 579
554 5308 381
1706 5308 220
4979 5308 568
256 5309 605
516 5309 365
1137 5309 129
1358 5309 325
5012 5309 434
578 5310 317
902 5310 442
1328 5310 418
1488 5310 315
2674 5310 904
5196 5310 422
1114 5311 134
5234 5311 281
252 5312 113
3088 5312 982
5092 5313 139
105 5314 143
2418 5314 106
3577 5314 767
2122 5315 122
1656 5316 223
2554 5316 283
3767 5316 278
4168 5317 279
1430 5319 162
1840 5319 432
1762 5320 113
4465 5320 715
1046 5321 618
1552 5321 468
2182 5321 141
4723 5321 122
2066 5322 881
45 5323 921
456 5323 489
1566 5324 902
3827 5324 274
1801 5325 241
3519 5325 326
3602 5325 956
1388 5326 159
5020 5326 290
1077 5327 426
991 5328 436
4384 5328 131
5190 5328 403
1821 5329 519
2507 5329 137
1935 5330 418
3778 5330 445
149 5331 847
5308 5331 506
5120 5332 801
3853 5333 304
4789 5333 228
2926 5334 235
3798 5334 105
700 5335 216
772 5336 115
792 5336 120
4632 5336 421
446 5337 100
3021 5337 539
296 5338 604
1325 5338 302
5254 5338 614
3509 5339 268
4175 5339 540
2124 5340 264
2192 5340 457
3610 5341 501
4753 5341 846
4029 5342 227
2916 5343 108
2189 5344 719
3649 5344 371
3687 5344 422
3963 5344 244
5187 5344 320
934 5345 234
3449 5346 958
2805 5347 468
3381 5347 408
2843 5348 552
1833 5349 270
3286 5349 631
530 5350 278
3045 5350 191
4020 5350 279
4871 5351 302
87 5352 394
922 5352 218
512 5353 259
2430 5354 180
4113 5355 696
2712 5356 335
4720 5356 560
3282 5357 403
4373 5357 434
4958 5357 620
951 5358 132
2903 5358 582
2513 5359 111
3607 5359 231
6 5360 290
3814 5360 283
4181 5360 373
613 5361 272
1626 5361 253
562 5362 707
145 5363 237
528 5363 230
1754 5363 394
317 5364 272
1442 5364 168
4196 5364 301
85 5365 505
671 5365 113
1605 5366 110
593 5367 353
2309 5367 917
3073 5367 298
4418 5368 252
98 5369 262
160 5369 615
3006 5369 155
1573 5370 491
740 5371 453
4374 5371 964
3707 5372 388
1317 5373 798
1570 5373 146
4577 5373 903
4622 5373 210
4688 5373 694
399 5374 200
1202 5374 466
1227 5374 351
185 5375 438
1047 5376 396
3856 5377 541
495 5378 377
3302 5378 277
1534 5379 185
500 5380 141
1744 5380 916
3068 5380 586
2194 5381 846
792 5382 424
2401 5382 595
4805 5382 650
3085 5383 751
3573 5383 284
4922 5383 250
4213 5384 418
3369 5385 688
123 5386 359
1594 5386 856
1652 5386 762
4257 5386 586
4772 5386 328
353 5387 566
2147 5387 212
4716 5387 367
1421 5388 348
2966 5388 323
3801 5388 293
573 5389 468
2592 5389 614
3010 5390 103
1066 5391 782
1496 5391 372
4120 5391 307
5200 5392 730
1088 5393 280
1480 5394 325
4401 5394 417
2546 5395 453
2652 5395 618
2604 5396 405
4567 5396 222
120 5397 364
4157 5397 220
191 5398 270
4698 5398 360
4877 5398 110
272 5399 389
1873 5399 556
2832 5399 284
145 5400 705
2595 5400 919
3510 5400 232
308 5401 474
1764 5402 289
3912 5402 268
1138 5403 216
1430 5403 144
3313 5403 832
3863 5403 521
2766 5404 350
3660 5404 337
5392 5405 264
2473 5406 226
1128 5407 246
4140 5407 764
2016 5408 395
2035 5408 679
2839 5409 520
5017 5409 376
5350 5409 482
806 5410 443
2126 5410 478
4101 5410 272
5284 5410 478
31 5411 293
75 5412 257
3062 5412 482
369 5413 792
1743 5413 293
2606 5414 542
4244 5414 285
464 5415 371
1024 5415 166
2720 5415 308
5031 5416 158
3431 5417 253
1687 5418 477
2214 5419 156
4109 5419 233
2733 5420 239
2935 5420 301
3070 5420 125
3364 5420 450
3878 5420 467
930 5421 642
4015 5421 887
4121 5421 356
1459 5422 396
1691 5422 450
3142 5422 210
2047 5423 114
2593 5424 265
4095 5425 418
4939 5425 233
4944 5425 206
373 5426 393
1885 5426 230
3080 5426 511
113 5427 345
773 5427 843
1002 5427 781
1403 5428 350
3836 5428 142
1842 5429 118
4909 5429 312
3096 5430 449
3616 5430 176
4466 5431 755
1682 5432 229
2712 5432 618
4052 5432 850
4586 5432 256
3679 5433 322
1949 5434 217
3115 5434 547
4437 5434 215
4895 5434 233
941 5435 146
1177 5435 588
1417 5435 486
2054 5435 835
4730 5435 113
3346 5436 623
94 5437 215
283 5438 250
5102 5438 483
1286 5439 296
2489 5439 399
2913 5439 652
3928 5440 341
5304 5440 936
2654 5441 421
2758 5441 825
5019 5441 994
702 5442 219
3041 5442 292
4648 5442 391
4793 5442 443
4991 5442 785
2225 5443 244
3226 5444 230
1268 5445 149
2776 5445 488
2204 5446 874
3051 5446 964
4085 5446 425
50 5447 601
2903 5447 946
1387 5448 366
2148 5448 288
1149 5449 252
175 5450 446
1616 5451 330
5288 5451 238
3001 5452 529
577 5453 766
910 5453 687
1887 5453 532
2991 5453 486
3216 5453 202
3898 5453 720
1946 5454 117
3340 5454 397
3467 5454 710
4837 5454 948
149 5455 134
2059 5456 340
3590 5456 244
1501 5457 335
1659 5457 127
130 5458 474
2419 5458 617
491 5459 778
1208 5459 677
1288 5459 591
1587 5460 306
3826 5460 101
4018 5460 102
741 5461 624
1048 5461 290
1251 5461 739
95 5462 244
162 5462 871
975 5462 570
2063 5462 128
319 5463 522
3344 5463 440
1449 5464 328
674 5465 591
1242 5465 630
2887 5465 240
17 5466 141
3944 5466 466
189 5467 854
1728 5467 158
3688 5467 727
4818 5468 102
4985 5468 524
1539 5469 362
2971 5469 335
3794 5469 898
779 5470 361
3567 5470 475
5182 5472 206
245 5473 401
1202 5473 210
1611 5473 668
673 5474 753
1815 5474 833
4787 5474 304
536 5475 280
572 5475 496
3614 5475 612
2229 5476 168
334 5477 136
725 5477 263
2036 5477 179
3056 5477 635
3921 5477 695
2430 5478 460
1081 5479 107
243 5480 485
4584 5481 148
4592 5481 130
2253 5482 493
3329 5483 356
637 5484 221
3619 5484 316
1771 5485 193
621 5486 623
3809 5486 376
4820 5486 300
2916 5487 347
4281 5487 320
4810 5488 408
3288 5489 851
3656 5489 393
4872 5489 259
1249 5490 482
1430 5490 294
2383 5490 458
4179 5490 276
3367 5491 715
552 5492 606
2261 5492 462
4784 5492 422
2295 5493 246
4870 5493 225
196 5494 254
2326 5494 113
5349 5495 312
365 5496 143
2344 5496 404
3358 5496 513
3993 5496 297
683 5497 223
3421 5498 108
3831 5498 279
2763 5499 435
214 5500 102
1526 5500 704
2248 5500 628
2367 5500 352
2590 5501 534
3140 5501 356
3633 5501 121
5246 5501 829
1009 5502 433
804 5503 753
2529 5503 301
5038 5503 425
5447 5503 124
930 5504 129
3240 5504 298
4568 5504 377
5182 5504 244
5482 5505 121
213 5506 373
3051 5506 393
3383 5507 124
4188 5507 792
4204 5507 235
4627 5507 548
1436 5508 238
3487 5509 348
4769 5509 653
4856 5509 437
601 5510 377
1307 5510 208
2213 5510 247
4897 5511 668
4726 5512 808
4461 5513 104
4898 5513 298
3959 5514 258
5063 5514 558
564 5515 672
1893 5515 120
3371 5516 441
4231 5516 342
5438 5516 428
2085 5517 111
2158 5518 767
3735 5518 333
5067 5518 779
28 5519 513
947 5519 517
1138 5519 552
3150 5519 256
923 5520 672
2839 5520 525
5229 5520 434
2539 5521 142
4596 5522 289
2993 5523 324
3575 5523 334
303 5524 259
2089 5524 842
4929 5525 474
90 5526 372
1772 5526 352
2377 5526 435
3549 5526 808
4025 5526 227
492 5527 663
1606 5527 469
4581 5528 454
3423 5529 216
2022 5530 463
3712 5530 224
5150 5530 357
107 5531 327
901 5531 982
3511 5531 519
1708 5532 605
3005 5532 623
5414 5532 386
1042 5533 350
3871 5533 385
4563 5533 697
330 5534 237
4721 5534 474
2961 5535 952
3469 5536 295
5202 5537 296
1139 5538 382
1301 5538 733
3990 5538 295
2600 5539 443
4089 5539 554
4290 5539 454
5515 5539 449
1341 5540 319
1671 5540 761
2916 5540 365
1005 5541 120
4436 5541 213
5026 5541 378
66 5542 426
4021 5542 568
5424 5542 858
3721 5543 906
4459 5543 476
378 5544 502
3897 5545 651
4806 5545 445
433 5546 251
1095 5547 425
1514 5548 335
2638 5548 358
265 5549 676
2544 5549 621
4736 5549 383
2545 5550 754
1400 5551 310
3301 5551 598
1001 5552 216
2409 5553 310
4462 5554 631
5529 5554 115
899 5555 278
1352 5555 363
2531 5555 312
2597 5555 290
3803 5555 232
4588 5555 302
1683 5556 252
3862 5556 754
4965 5557 566
32 5558 261
1008 5558 635
1102 5558 309
3282 5558 831
434 5559 903
3268 5559 471
3972 5559 621
2940 5560 472
3815 5560 235
4153 5560 256
4420 5560 444
924 5561 936
3761 5561 499
4679 5561 861
2019 5563 395
4942 5563 113
4839 5564 377
4997 5564 212
4235 5565 672
2327 5566 304
70 5567 209
1213 5567 804
1338 5567 318
3749 5567 192
5454 5567 279
4652 5568 468
2244 5569 499
2215 5570 283
3574 5570 315
4126 5570 542
2562 5571 413
3662 5571 279
4410 5571 350
1049 5572 157
1548 5572 167
4258 5573 468
4930 5573 861
5261 5573 508
294 5574 310
3986 5574 634
4261 5574 534
4316 5574 322
2042 5575 888
3387 5575 251
5479 5575 318
593 5576 420
1124 5576 487
2971 5576 226
96 5577 520
334 5577 565
2985 5577 219
4942 5577 170
776 5578 586
5189 5578 458
5314 5578 384
573 5579 606
3115 5580 232
3201 5580 345
875 5581 712
2158 5581 118
2967 5581 190
4551 5581 508
516 5582 241
2897 5582 467
4829 5582 449
83 5583 311
1256 5583 287
1742 5583 400
4016 5583 865
2764 5584 106
3030 5584 438
5050 5585 247
1470 5586 460
1203 5587 476
4010 5587 343
2371 5588 353
3420 5588 274
4414 5588 265
257 5589 946
2038 5589 232
372 5590 679
712 5590 339
3969 5590 106
958 5591 201
4547 5591 252
1502 5592 511
1974 5592 693
2093 5592 571
4544 5593 355
5322 5593 220
948 5594 571
2952 5594 288
2492 5595 220
564 5596 323
3875 5596 241
4386 5596 283
4914 5596 670
3903 5597 216
4103 5597 390
1533 5598 524
2258 5599 236
3590 5600 124
3734 5600 687
3942 5600 442
4624 5600 266
805 5601 141
1549 5601 109
2580 5601 329
3200 5601 790
4680 5601 363
602 5602 176
1208 5603 305
2819 5604 176
191 5605 116
2385 5605 411
5562 5605 645
4570 5606 768
87 5607 108
1875 5607 393
2327 5607 104
2110 5608 672
2268 5608 326
4812 5608 311
292 5609 207
278 5610 392
3433 5610 239
5267 5610 571
2549 5611 679
4355 5611 273
5396 5611 323
3675 5612 248
10 5613 674
3482 5614 625
5030 5614 332
3431 5615 279
652 5616 716
5421 5616 560
1818 5617 246
3199 5617 380
4321 5617 120
4704 5618 149
37 5619 139
976 5619 111
3343 5620 305
4872 5620 511
3975 5621 398
4317 5621 634
4789 5621 369
1590 5622 270
1677 5622 242
4191 5622 318
4919 5622 143
5113 5622 144
3611 5623 818
4385 5623 235
5094 5623 602
3054 5624 339
4000 5624 421
4078 5624 453
1234 5625 784
2312 5625 337
4888 5626 215
1817 5627 129
4905 5627 309
4897 5628 892
2053 5629 559
1029 5630 103
1726 5630 317
3153 5630 448
4289 5631 535
3651 5632 241
2997 5633 106
21 5634 328
852 5635 280
2025 5635 816
4289 5636 182
4878 5637 376
4979 5637 415
4544 5638 930
2903 5639 352
1904 5640 350
3909 5640 220
5348 5641 153
1996 5642 348
3369 5642 868
4089 5642 174
499 5643 840
1952 5643 380
3029 5643 685
2618 5644 930
2667 5644 120
5356 5644 159
2070 5645 348
1278 5646 100
3804 5646 491
4705 5646 748
4942 5646 427
4901 5647 250
88 5648 216
3303 5648 228
161 5649 438
708 5649 349
4903 5650 758
1692 5651 335
2884 5651 580
3562 5651 459
339 5652 213
2548 5652 289
4030 5652 503
604 5653 700
2981 5653 134
5187 5653 162
2078 5654 728
2453 5654 866
5003 5654 294
5472 5654 395
1853 5655 655
1275 5656 543
1326 5656 332
3801 5656 324
831 5657 379
3859 5657 810
2997 5658 685
3105 5658 288
3984 5658 189
1090 5659 214
3215 5659 210
90 5660 290
605 5660 398
1506 5660 236
3121 5660 435
3230 5660 263
3756 5660 554
4561 5660 593
5580 5660 109
1398 5661 382
3369 5661 362
3208 5663 532
2676 5664 949
4081 5664 644
4324 5664 294
2179 5665 126
3704 5665 206
2888 5666 520
377 5667 892
3010 5667 108
3756 5668 373
2534 5669 376
3513 5669 596
4679 5669 355
3971 5670 647
811 5671 112
2104 5671 236
2679 5672 269
1354 5673 554
1558 5673 445
3476 5674 313
4925 5674 374
5401 5674 196
289 5675 470
558 5675 332
3567 5675 463
463 5676 445
1880 5677 622
2926 5677 699
4915 5677 484
2358 5678 259
3990 5678 644
3174 5679 278
3284 5679 169
3936 5679 307
4827 5680 283
685 5681 196
4842 5681 138
3927 5683 202
4719 5683 265
4895 5683 416
1690 5684 638
2535 5684 341
3506 5684 200
3615 5685 235
4227 5685 571
3848 5686 262
4232 5687 450
4326 5687 146
4844 5687 199
429 5688 446
4256 5688 270
1887 5689 772
1086 5690 218
4781 5690 762
5244 5690 305
1633 5691 297
2958 5691 216
1667 5692 791
5091 5692 615
1605 5693 665
2866 5693 363
4505 5693 306
4628 5694 507
1009 5695 265
2378 5696 496
3755 5696 340
3793 5696 160
953 5697 109
2440 5697 266
4222 5697 222
4058 5698 499
2124 5699 758
4213 5700 986
4679 5700 149
4754 5700 326
127 5701 570
4173 5701 735
5161 5701 578
3430 5702 460
2788 5703 404
5336 5703 253
448 5704 402
1349 5704 100
484 5705 325
642 5705 142
4036 5705 837
4286 5705 491
3442 5706 251
4683 5706 574
4713 5706 592
5324 5706 164
2629 5708 902
4895 5708 251
3555 5709 100
2288 5710 932
2547 5711 238
5169 5711 586
5456 5711 424
5481 5711 121
5430 5712 534
5698 5712 358
3472 5713 587
3032 5714 162
3369 5714 174
4418 5714 101
2298 5715 771
2974 5715 351
4832 5715 241
1047 5716 421
1220 5716 634
2559 5716 324
3621 5716 531
2002 5717 182
4006 5717 276
4935 5717 281
5032 5717 387
767 5718 640
4543 5718 573
4690 5718 937
944 5719 804
122 5720 813
2485 5721 307
4116 5722 114
1188 5723 611
1501 5723 352
2588 5723 388
1255 5724 155
1278 5724 470
3077 5724 657
4497 5724 524
4988 5724 102
4150 5725 297
5323 5726 457
4827 5727 266
4884 5727 217
364 5728 425
532 5728 861
4033 5728 575
5520 5728 206
1435 5729 232
3405 5730 165
4760 5731 328
1885 5732 166
2127 5732 397
624 5733 143
2424 5734 570
2956 5734 126
4806 5734 224
1167 5735 460
1981 5735 365
4717 5736 931
4983 5736 249
107 5737 522
736 5738 247
4498 5738 571
4372 5739 398
2275 5740 263
3169 5741 438
5460 5741 228
1512 5742 332
1275 5743 892
2018 5743 755
3933 5743 385
3293 5744 337
5204 5744 103
5424 5744 512
1273 5745 458
2663 5745 206
4283 5745 627
2554 5746 639
4270 5746 158
5057 5746 197
691 5747 243
1685 5747 269
486 5748 376
1623 5748 612
1910 5748 427
173 5749 260
4447 5749 905
3495 5750 341
337 5751 566
2721 5751 259
5239 5751 842
5456 5751 348
5682 5751 327
276 5752 383
1351 5753 132
1288 5754 345
143 5755 244
1182 5755 275
4722 5755 314
5006 5755 318
507 5756 876
711 5756 598
177 5757 249
4274 5758 204
976 5759 244
2334 5760 666
3625 5760 236
5667 5760 214
4816 5761 581
5502 5761 953
1581 5762 452
2887 5762 894
1981 5763 680
4082 5763 607
355 5764 223
1835 5764 346
2373 5764 750
3438 5764 106
3446 5765 745
4182 5765 117
4593 5765 409
3226 5766 287
1377 5767 168
4819 5767 278
5695 5767 115
1177 5768 469
3702 5768 229
4735 5768 621
2764 5769 476
3632 5769 398
4374 5770 183
2218 5771 415
2978 5771 476
4071 5771 424
1826 5772 443
1353 5773 236
3408 5773 490
4806 5773 500
3428 5774 216
158 5775 273
1325 5775 105
5665 5775 225
4915 5776 372
2475 5777 413
4559 5777 334
5211 5777 331
4203 5778 633
4431 5778 416
5440 5778 176
793 5779 446
1343 5779 533
2239 5779 180
350 5780 438
424 5780 207
507 5781 261
1197 5781 468
1642 5781 111
4328 5781 570
1442 5782 489
5318 5782 263
560 5783 886
3517 5783 429
5167 5783 456
735 5784 408
1555 5784 616
512 5785 268
1943 5786 254
4831 5786 463
5048 5786 458
967 5787 506
1848 5787 722
2667 5787 297
4042 5787 424
5462 5787 237
2248 5788 328
4614 5788 491
5157 5788 989
5600 5788 947
477 5789 330
3250 5790 384
4148 5790 264
5110 5790 425
2549 5791 492
2065 5792 236
3360 5792 288
4076 5792 173
5780 5792 150
275 5793 961
1702 5793 438
2278 5793 829
2755 5793 173
3690 5793 312
1711 5794 804
2130 5795 100
187 5796 368
780 5796 407
1137 5796 268
1269 5796 346
1835 5796 138
5475 5796 123
66 5797 250
332 5797 655
1836 5797 372
118 5798 492
4465 5798 143
4532 5798 208
1963 5799 320
4688 5800 431
387 5801 240
448 5801 251
705 5801 392
4486 5802 332
4615 5802 297
4732 5802 736
112 5803 263
1373 5803 843
5168 5803 666
1748 5804 348
4911 5804 265
5222 5804 475
57 5805 356
2187 5805 173
4419 5805 124
2350 5806 992
3262 5806 527
1950 5807 255
4288 5807 398
4828 5807 321
5100 5807 366
2223 5808 253
4294 5808 394
2101 5809 316
3868 5809 781
4867 5809 193
5215 5809 976
5308 5809 883
2622 5810 837
3015 5810 120
2473 5811 472
5167 5811 837
5527 5811 349
1083 5812 272
2206 5812 745
3596 5812 240
346 5813 426
5808 5814 283
1805 5815 208
2930 5816 277
3156 5816 311
579 5817 344
1072 5817 236
1162 5817 115
2372 5817 568
3023 5817 125
5332 5817 591
4112 5818 565
4552 5818 360
5751 5819 514
969 5820 250
778 5821 158
1283 5821 950
5471 5821 118
1425 5822 264
5545 5823 306
34 5824 313
2461 5824 389
3926 5824 135
4613 5824 434
700 5825 239
755 5825 403
2425 5825 409
3570 5825 139
4703 5825 261
1306 5826 526
4783 5826 523
981 5827 994
3539 5827 424
4271 5827 971
4289 5828 564
2628 5829 373
3491 5829 411
1530 5830 121
4986 5830 625
5589 5830 256
4317 5831 341
5600 5831 118
1342 5832 124
3154 5832 353
4467 5832 280
810 5833 147
3867 5833 286
373 5834 518
3345 5834 562
1396 5835 230
2109 5835 237
5257 5835 589
3060 5836 559
3102 5836 239
5468 5836 326
2163 5837 334
4230 5837 922
3602 5838 625
4506 5838 763
5308 5838 509
453 5839 344
513 5839 109
3214 5840 370
5124 5840 393
676 5841 134
3825 5842 204
3866 5842 231
1788 5843 766
2312 5843 202
2738 5843 403
3778 5843 836
4061 5843 802
454 5844 105
5782 5845 233
649 5846 229
1230 5846 545
3623 5846 537
3751 5847 528
4319 5848 747
5260 5848 235
1500 5849 259
1514 5849 742
2759 5849 778
4024 5849 186
24 5850 524
3511 5850 307
4202 5850 405
13 5851 423
2318 5851 124
2915 5851 266
3711 5851 686
4459 5851 497
5283 5851 393
159 5852 500
1067 5852 394
4515 5853 396
3894 5854 415
3929 5854 397
4593 5854 542
5600 5854 599
378 5855 590
2228 5855 340
3605 5855 754
2302 5856 200
3788 5856 562
5675 5856 456
1870 5857 444
4568 5857 310
5837 5857 216
3883 5858 925
2282 5859 272
2830 5859 119
4241 5859 692
5413 5860 386
1594 5861 373
1674 5861 561
962 5862 169
3047 5862 334
3828 5862 286
2883 5863 224
2937 5863 857
1673 5864 329
2031 5864 247
4350 5864 559
4568 5864 341
4941 5864 434
2660 5865 248
4362 5865 361
5163 5865 265
614 5866 226
1301 5866 505
1627 5866 621
3340 5866 448
5513 5866 727
442 5867 106
4455 5867 543
874 5868 572
4060 5868 412
3222 5869 682
3462 5869 257
4708 5869 377
477 5870 267
3646 5870 451
5412 5870 298
783 5871 286
929 5872 411
4189 5873 114
4594 5873 248
4751 5873 203
630 5874 851
2589 5874 576
90 5875 735
1726 5876 323
1940 5876 305
2477 5877 317
2740 5878 573
3357 5878 356
2873 5879 115
4181 5879 479
2671 5880 378
1006 5881 555
2227 5881 141
995 5882 289
3559 5882 375
1866 5883 503
5493 5883 501
2230 5884 408
4341 5884 117
4539 5884 458
1940 5885 444
3059 5885 155
5032 5885 195
5104 5885 186
2204 5886 256
392 5887 240
103 5888 522
3433 5888 492
4275 5888 639
4690 5888 351
4891 5888 311
5381 5888 280
1715 5889 331
2461 5889 308
499 5890 291
4147 5890 110
4388 5890 144
3920 5891 258
4168 5891 410
345 5892 898
3621 5892 390
4352 5892 614
5135 5892 166
4091 5893 245
683 5894 276
1425 5894 138
5084 5894 150
325 5895 107
1331 5896 405
2045 5896 208
4813 5897 282
5274 5897 370
5411 5897 845
5663 5897 806
3112 5898 376
2806 5899 188
2503 5900 871
5196 5900 381
5212 5900 593
5486 5901 537
4002 5903 295
607 5904 272
2681 5905 360
3028 5905 519
4048 5905 239
5113 5905 817
2308 5906 101
2694 5906 101
5249 5906 559
5019 5907 106
740 5908 552
787 5908 308
3422 5908 532
3590 5908 309
3262 5909 919
1738 5910 612
866 5911 285
3652 5912 521
1908 5913 295
3155 5913 169
5768 5913 652
388 5914 383
727 5914 340
888 5915 482
3798 5915 433
5485 5916 224
2863 5917 316
2002 5918 173
4011 5919 627
1051 5920 300
1559 5920 304
2437 5920 471
1734 5921 223
5909 5921 265
1238 5922 645
4243 5922 142
2774 5923 496
3189 5923 445
1806 5924 136
4427 5924 467
4832 5924 252
5595 5924 911
2241 5925 119
3009 5926 258
289 5927 651
357 5927 334
1447 5927 139
3063 5927 144
5902 5927 898
5922 5927 242
1947 5929 513
1243 5930 100
1786 5930 256
4653 5930 219
4849 5930 401
1246 5931 617
2102 5931 710
4094 5931 725
1751 5932 945
3722 5932 290
1263 5933 135
3829 5933 238
1090 5934 228
3703 5935 616
739 5936 233
3389 5936 317
2696 5937 227
3725 5937 197
5874 5937 335
2235 5938 215
5630 5938 856
2146 5939 294
3275 5939 122
3557 5939 621
115 5940 256
4671 5940 660
1980 5941 147
2326 5941 183
3283 5941 790
3368 5941 259
4998 5941 607
2040 5942 151
2972 5942 492
4168 5942 101
5078 5942 153
3596 5943 488
249 5944 322
2182 5944 315
2427 5944 282
2790 5944 294
1267 5945 152
2816 5945 402
4628 5945 738
1846 5946 391
2345 5946 323
5928 5946 370
34 5947 223
37 5947 648
589 5947 258
2755 5947 323
4293 5947 674
5078 5947 292
536 5948 288
1404 5948 211
1667 5948 234
3073 5948 945
3494 5948 273
4729 5948 325
2151 5949 102
4084 5949 619
4520 5949 888
5115 5949 760
111 5950 702
5229 5950 337
4685 5951 381
361 5952 339
2372 5952 131
4245 5953 544
5039 5953 371
5707 5953 339
1240 5954 312
1443 5955 577
2003 5956 682
3417 5956 514
4443 5956 109
4846 5956 140
1984 5957 768
2337 5957 949
4499 5957 278
215 5958 830
4176 5958 624
2312 5959 254
3749 5959 257
5312 5959 279
5631 5959 290
2759 5960 344
4652 5960 139
852 5961 672
2635 5961 569
3858 5961 372
4313 5961 117
5208 5961 602
382 5962 921
666 5962 636
3136 5962 531
3727 5963 681
5392 5964 775
684 5965 402
4436 5965 118
5688 5965 599
725 5966 709
2982 5966 286
3373 5966 229
4458 5966 148
4885 5966 221
1502 5967 605
1209 5968 346
3513 5968 434
328 5969 241
1035 5969 250
1777 5969 234
5130 5969 633
4456 5970 147
3673 5971 380
3704 5971 309
5727 5971 506
1288 5972 225
1311 5973 370
172 5974 830
308 5974 307
4456 5975 585
1947 5976 650
2948 5976 579
4595 5977 176
1673 5978 215
2530 5978 246
4071 5978 219
5339 5978 418
389 5979 180
1356 5979 386
1953 5979 111
2330 5979 378
3997 5979 309
4518 5979 226
5182 5980 321
215 5981 233
1497 5981 320
1507 5981 243
1586 5981 237
3563 5981 540
5662 5981 824
237 5982 730
526 5982 946
1630 5982 779
3126 5983 156
363 5984 585
2532 5984 400
3951 5984 484
4076 5984 142
5357 5984 323
3420 5985 389
3496 5985 115
4240 5985 284
661 5986 466
1026 5987 363
2369 5987 329
3664 5987 415
4253 5987 295
4851 5988 440
3563 5989 690
5058 5989 784
255 5990 892
2753 5991 166
5019 5991 595
5059 5991 359
1749 5992 116
1969 5992 407
2022 5992 876
2506 5992 294
4407 5992 707
1241 5993 411
1365 5993 740
1771 5993 248
4252 5994 600
5365 5994 970
3336 5995 329
5409 5995 518
235 5996 297
447 5996 434
1737 5996 323
4483 5996 413
4624 5996 396
5568 5996 387
522 5997 101
1637 5998 208
1214 5999 581
3796 5999 264
4667 5999 314
302 6000 151
1226 6000 374
