1
0
1
1
1000000
0
0
0
0
1
37 41 154
17 62 146
37 94 271
84 95 302
27 97 137
40 105 184
98 107 223
37 110 305
38 111 171
32 115 334
62 119 103
93 121 164
25 126 141
31 128 231
94 128 303
28 133 131
52 134 245
19 155 300
56 163 251
97 170 214
141 173 145
79 176 315
36 179 227
43 182 802
38 185 102
45 187 309
88 190 266
101 195 189
3 200 217
87 201 261
26 202 224
100 206 937
167 206 307
128 207 200
91 209 213
136 212 179
161 213 189
48 225 175
82 225 317
115 227 299
198 232 155
92 236 175
73 239 875
116 239 312
50 241 209
110 242 862
153 244 380
160 244 555
174 244 182
60 247 177
124 247 406
145 249 377
11 256 173
129 260 163
153 260 106
7 262 108
249 267 277
212 268 142
95 270 236
44 273 240
156 273 214
143 277 244
72 278 192
274 281 103
74 284 116
197 284 173
30 289 113
240 290 334
253 290 223
229 292 229
220 294 105
278 297 328
175 298 130
217 299 258
31 303 229
180 303 152
113 307 211
49 311 189
29 312 150
304 312 859
72 314 204
57 321 821
201 325 158
321 325 204
237 331 128
67 332 221
319 334 404
165 335 180
148 338 119
335 343 204
213 344 349
290 347 168
225 349 267
322 349 649
191 350 201
133 358 208
81 359 170
36 361 206
297 366 749
303 366 254
351 368 359
329 369 194
148 370 195
174 373 185
118 375 266
273 377 222
156 387 195
43 388 158
384 392 239
142 394 583
374 394 238
33 395 271
196 399 225
298 400 202
31 404 217
308 409 311
374 410 134
19 413 283
96 413 248
66 414 111
378 415 378
102 417 292
407 418 335
402 425 514
279 427 156
257 430 673
38 431 137
26 434 113
272 435 234
295 435 243
266 438 279
328 439 156
314 441 278
308 442 150
227 444 308
92 446 219
111 446 219
302 447 132
327 448 325
169 449 258
409 451 160
431 451 349
10 454 192
223 454 266
14 455 218
296 458 219
345 458 315
104 462 188
247 463 206
6 465 177
75 466 832
137 466 650
71 467 816
429 467 252
216 468 109
150 469 155
216 469 204
191 470 344
344 475 337
199 476 156
445 481 206
216 483 135
292 486 181
220 488 198
427 490 209
373 491 205
437 491 172
113 494 311
459 494 155
396 495 258
337 499 315
444 500 166
358 502 847
95 504 179
493 508 172
348 509 124
79 511 121
118 512 154
57 513 531
505 513 370
287 517 280
58 519 221
190 519 251
258 522 193
473 522 102
3 526 232
121 533 175
34 535 142
215 535 278
370 536 241
460 537 305
204 538 194
390 538 297
422 539 819
41 540 200
88 541 206
316 541 151
296 542 187
406 542 237
516 542 197
90 545 332
482 546 233
243 547 113
492 548 196
78 551 140
448 551 260
420 552 174
521 552 103
54 555 236
539 556 194
23 558 234
235 558 195
449 559 126
200 560 246
317 561 174
164 563 126
420 563 271
551 564 623
335 565 806
532 566 235
270 568 305
385 569 112
551 569 209
65 570 247
175 571 178
354 572 301
251 575 175
354 575 974
397 576 228
72 577 168
221 578 276
477 579 213
148 580 212
96 581 186
135 581 124
439 582 172
178 584 180
565 586 219
557 587 905
423 588 204
314 589 190
158 590 182
571 590 226
193 597 155
286 598 171
270 599 289
233 601 251
336 602 212
65 603 164
138 603 196
147 603 242
368 604 156
486 605 192
394 609 243
214 610 215
517 612 334
375 614 291
448 615 190
393 616 259
592 616 179
83 617 548
34 619 254
30 620 803
39 620 442
373 620 100
259 621 478
456 622 119
119 623 311
427 623 285
339 624 286
376 624 346
359 628 108
157 629 301
263 629 238
485 632 270
93 633 306
635 636 219
34 637 329
528 642 246
154 643 164
480 643 229
327 644 211
103 646 133
178 647 141
285 647 104
342 648 222
395 648 800
638 648 360
319 650 355
146 651 236
59 652 323
18 654 279
313 654 282
272 655 187
295 655 165
613 656 210
308 657 286
464 657 628
127 658 168
54 659 239
305 661 306
318 661 276
512 661 152
206 662 234
2 663 305
173 664 250
292 667 135
576 668 285
103 669 203
108 669 102
451 669 349
40 672 220
152 672 165
405 673 169
545 673 232
188 674 350
375 674 229
591 675 223
501 677 147
40 678 223
2 679 271
534 680 625
140 682 253
492 683 241
616 685 170
229 689 250
76 690 987
675 690 123
410 691 221
572 692 286
501 693 122
63 695 156
487 695 217
256 697 216
334 698 282
650 698 243
258 701 152
699 701 345
382 702 218
521 703 292
194 704 262
156 706 140
658 707 148
549 709 321
636 709 214
598 710 321
48 712 211
594 713 844
583 715 815
1 717 204
357 718 128
628 718 547
402 719 343
177 720 402
520 720 239
145 721 110
186 722 148
376 723 350
44 724 273
74 724 297
181 726 271
366 726 146
163 727 134
275 727 312
374 731 318
341 732 302
423 735 213
61 737 270
224 738 515
74 739 122
329 740 648
217 741 226
207 742 225
615 742 187
166 744 140
195 745 104
609 747 197
9 749 140
480 749 178
503 749 149
114 750 784
478 750 191
43 751 266
388 751 455
486 751 247
151 752 273
340 752 214
220 754 222
176 755 147
543 755 239
684 755 993
667 756 328
499 757 206
386 758 211
494 759 295
585 759 244
680 759 103
114 760 707
488 761 170
686 761 100
120 762 210
282 763 166
231 764 188
337 764 272
125 765 148
2 766 130
663 766 168
664 767 238
670 767 254
17 768 241
213 769 309
302 770 221
613 771 194
619 772 302
637 772 228
558 773 194
142 774 969
263 775 333
676 775 330
770 776 271
16 781 143
421 781 340
20 782 274
733 784 242
80 785 997
3 786 167
479 786 102
523 787 265
681 787 157
531 788 300
143 789 293
371 789 198
403 789 299
695 790 266
393 791 256
156 792 205
387 792 260
15 793 342
208 795 181
769 797 267
770 797 307
564 798 208
640 798 182
468 800 293
582 800 224
356 802 261
686 802 262
712 802 265
272 803 320
386 805 559
671 805 115
61 807 233
168 807 338
595 807 312
123 808 147
144 808 316
300 808 175
261 809 144
424 810 331
728 810 177
112 812 170
317 812 266
621 812 171
192 814 125
471 814 166
519 816 105
801 816 134
48 817 145
523 818 188
347 819 100
399 819 236
556 820 205
584 820 212
714 820 331
482 821 263
326 822 114
109 823 617
524 823 222
600 824 160
142 827 194
56 828 267
270 828 225
340 829 139
550 829 723
176 830 232
509 831 280
201 832 361
204 832 133
306 832 194
649 833 165
309 834 128
516 834 333
551 835 274
564 835 195
798 835 261
817 835 121
763 836 736
306 837 198
700 837 270
200 839 166
474 841 251
363 842 162
460 843 339
326 844 204
82 845 341
497 846 310
490 847 160
652 847 232
265 848 173
372 848 247
462 849 226
469 851 224
32 853 209
115 853 191
444 853 251
528 856 113
825 859 163
8 860 181
485 860 356
189 861 240
585 861 290
624 861 485
529 862 282
828 862 914
87 863 135
574 863 342
330 865 388
13 866 162
424 867 210
364 868 237
172 869 209
495 870 274
631 872 146
635 873 288
461 874 804
850 876 110
120 877 286
487 877 316
65 878 141
101 878 891
367 880 523
700 880 134
87 881 109
260 881 217
42 883 172
310 884 298
401 886 202
46 887 270
269 887 302
94 889 235
281 889 185
202 891 264
498 892 925
237 893 112
591 895 172
294 896 237
571 897 340
626 898 210
592 899 958
534 900 228
759 900 112
356 901 299
523 901 106
640 901 121
692 902 108
622 903 707
7 905 180
90 905 201
423 906 294
677 906 148
693 906 107
497 907 196
177 908 179
377 908 262
228 909 283
403 909 477
883 910 286
254 911 176
617 911 822
188 912 254
149 913 156
259 913 221
880 913 204
274 914 123
784 914 752
498 916 633
159 917 120
245 917 129
292 917 270
215 920 193
474 920 224
535 920 285
586 921 195
463 922 207
779 922 272
263 923 133
629 923 161
775 923 196
185 924 258
397 924 214
410 924 245
139 925 167
335 926 233
812 927 245
835 928 216
858 928 180
577 929 286
817 929 206
433 930 186
369 931 362
543 931 215
120 932 132
762 932 851
289 933 242
611 934 277
629 934 233
540 935 168
192 938 405
189 939 158
203 941 289
316 941 999
653 941 288
265 943 288
372 943 161
699 944 164
123 945 221
903 945 284
943 945 310
427 946 164
41 947 299
311 947 345
577 947 130
817 947 202
455 949 216
322 950 134
106 951 238
765 954 209
451 957 655
553 957 288
12 958 206
857 958 301
370 959 343
836 959 259
929 959 270
263 960 216
415 961 111
855 962 183
412 963 520
426 963 181
711 963 380
282 964 212
763 964 160
959 964 115
382 966 190
722 967 221
188 968 227
153 969 339
211 969 221
688 969 214
158 970 148
625 970 149
799 970 960
813 971 154
511 972 359
157 973 282
775 973 217
934 973 245
319 975 162
782 975 203
434 978 130
69 979 129
499 979 243
742 980 166
753 981 222
574 983 160
118 984 120
891 984 167
658 985 321
670 985 240
604 987 227
230 988 352
274 988 237
349 990 232
712 990 163
791 991 199
864 992 232
875 992 203
11 993 218
670 994 148
561 995 232
163 997 178
298 997 251
727 997 255
986 997 248
673 998 259
30 999 185
269 999 209
719 999 237
980 999 609
341 1000 184
806 1000 221
106 1001 203
11 1002 225
796 1002 178
57 1003 266
181 1003 197
931 1003 140
264 1004 319
658 1004 852
515 1005 174
618 1005 197
407 1007 630
643 1007 106
13 1009 150
716 1009 228
482 1010 251
734 1011 476
956 1011 260
758 1012 334
761 1012 432
805 1012 323
125 1013 239
955 1013 795
240 1014 214
715 1014 266
128 1015 137
402 1015 303
349 1016 167
70 1017 175
804 1017 277
53 1018 245
704 1018 318
697 1021 161
725 1021 260
285 1022 184
488 1022 250
26 1024 109
71 1024 311
968 1024 182
978 1024 236
38 1025 334
708 1025 661
441 1026 241
557 1026 156
964 1027 207
68 1028 749
936 1028 238
38 1029 326
682 1031 221
714 1031 245
152 1032 211
854 1032 181
199 1033 206
946 1033 103
123 1034 231
288 1034 108
87 1036 252
540 1036 257
881 1036 161
64 1037 216
707 1037 660
380 1038 356
550 1038 230
651 1038 108
925 1039 300
704 1040 316
387 1041 196
774 1041 265
378 1042 254
796 1042 338
446 1043 339
15 1044 978
124 1044 247
59 1045 335
826 1045 355
221 1047 349
83 1049 354
497 1049 184
994 1050 182
186 1051 193
544 1051 193
568 1051 117
879 1052 162
996 1052 142
490 1053 266
533 1053 254
86 1055 145
156 1055 241
1041 1055 977
5 1056 201
410 1056 198
336 1057 880
5 1059 234
543 1059 239
814 1060 277
638 1061 161
842 1061 939
473 1062 745
525 1062 145
315 1063 295
743 1063 915
642 1064 312
1054 1064 255
89 1065 224
570 1066 182
856 1066 969
994 1067 235
249 1068 212
267 1068 314
721 1068 257
609 1069 190
1059 1069 865
232 1070 204
274 1071 298
961 1071 341
327 1072 108
419 1073 257
600 1073 137
833 1073 248
1065 1074 123
873 1075 218
507 1077 140
836 1077 245
645 1078 237
234 1079 277
418 1079 250
630 1079 939
836 1080 216
648 1081 278
961 1081 220
408 1082 986
583 1082 203
102 1083 141
823 1083 155
937 1084 545
585 1085 239
291 1087 291
464 1087 120
601 1088 104
1086 1088 235
287 1089 169
612 1089 178
639 1089 730
666 1090 153
530 1091 156
998 1091 219
246 1092 247
735 1092 212
46 1093 173
777 1093 254
367 1094 703
918 1094 187
91 1095 209
489 1095 184
751 1095 319
715 1096 343
1014 1096 342
892 1097 164
1003 1097 231
660 1099 189
936 1099 328
1093 1099 954
198 1100 199
631 1101 213
734 1101 130
218 1102 260
567 1102 232
207 1103 286
479 1103 168
531 1103 629
451 1104 325
553 1104 577
627 1105 309
1019 1105 148
639 1106 185
205 1107 176
514 1107 243
566 1107 239
8 1108 328
530 1108 268
246 1110 247
738 1111 275
224 1114 145
291 1115 186
793 1115 355
287 1116 275
1013 1116 166
228 1117 290
789 1117 323
164 1118 173
572 1118 183
703 1118 131
845 1119 243
243 1120 535
1095 1121 122
138 1122 216
147 1122 151
736 1124 109
754 1125 147
1074 1125 220
391 1126 373
882 1126 227
1091 1126 218
414 1128 168
489 1129 234
79 1130 937
304 1131 300
965 1131 325
919 1132 172
921 1132 147
560 1133 182
493 1134 381
794 1134 600
114 1135 261
126 1135 321
859 1135 368
1128 1135 174
151 1137 117
546 1138 155
153 1140 221
893 1140 201
1090 1140 340
259 1141 185
636 1141 128
764 1141 362
924 1141 100
302 1142 230
447 1142 211
30 1143 234
11 1144 677
51 1144 147
60 1144 119
135 1144 300
365 1146 270
1109 1146 265
93 1147 144
760 1148 141
261 1149 119
554 1150 983
880 1150 322
76 1151 168
590 1151 141
702 1152 280
579 1153 858
75 1154 151
944 1154 141
46 1155 186
122 1155 225
889 1155 225
1140 1155 255
169 1156 135
971 1156 262
787 1157 183
871 1157 215
325 1158 222
274 1159 174
644 1159 357
1057 1159 359
1133 1159 293
52 1160 338
54 1161 174
320 1162 428
433 1162 327
567 1163 806
1047 1163 249
536 1165 277
1139 1165 358
829 1166 324
247 1167 227
1159 1167 219
737 1168 285
404 1169 210
1008 1169 263
445 1170 162
500 1170 164
35 1171 554
1139 1172 261
949 1173 239
420 1174 161
73 1175 358
991 1175 222
729 1176 234
330 1177 193
521 1178 236
977 1178 179
239 1180 206
840 1180 595
307 1181 215
991 1181 198
168 1182 176
262 1182 203
263 1182 257
72 1183 113
838 1183 293
223 1184 165
15 1185 256
1034 1185 325
1115 1185 142
97 1186 273
170 1186 286
288 1186 159
716 1186 171
1129 1187 169
392 1188 385
741 1188 372
1123 1188 315
331 1189 260
1162 1189 219
324 1190 314
604 1190 186
792 1190 206
1041 1190 180
138 1191 178
219 1192 120
151 1193 227
340 1193 216
1137 1193 275
542 1194 219
940 1194 309
1023 1194 116
854 1195 970
275 1196 152
571 1196 221
532 1197 213
943 1197 734
1065 1197 220
122 1198 266
412 1198 125
286 1199 177
520 1199 171
745 1200 218
182 1201 334
209 1201 314
77 1202 253
729 1202 118
753 1202 264
190 1203 127
816 1203 331
569 1204 274
719 1204 256
878 1205 268
427 1206 188
746 1206 332
1107 1206 205
577 1207 234
667 1207 153
691 1208 643
747 1208 171
1069 1208 191
6 1209 979
938 1209 198
37 1210 311
251 1211 201
354 1211 188
222 1212 271
252 1212 171
17 1213 386
51 1213 227
471 1213 189
20 1214 118
248 1214 213
429 1214 242
169 1215 264
419 1215 325
559 1215 328
390 1216 246
983 1216 178
1210 1216 305
330 1217 290
588 1218 234
580 1219 158
766 1219 238
1149 1220 151
1067 1221 130
1096 1222 247
651 1224 243
752 1224 238
1137 1224 154
107 1225 173
117 1225 173
338 1226 303
461 1226 220
511 1226 109
1056 1226 149
1172 1226 220
1219 1226 160
71 1227 191
904 1229 186
329 1230 243
398 1230 163
441 1230 842
942 1231 656
890 1232 222
956 1232 153
958 1232 836
24 1233 160
1078 1234 156
241 1235 222
756 1235 216
354 1236 316
843 1236 199
902 1236 293
909 1237 194
586 1238 179
919 1238 103
1132 1238 356
1147 1239 163
986 1240 226
58 1241 366
743 1241 184
839 1242 216
39 1243 287
694 1243 266
315 1244 324
801 1244 866
507 1245 175
257 1246 217
570 1246 220
428 1247 203
544 1247 245
722 1247 213
333 1248 231
1233 1248 258
745 1249 128
748 1249 200
785 1250 122
1222 1250 323
792 1252 225
976 1252 297
128 1253 219
788 1253 293
1220 1253 181
331 1254 302
443 1254 161
526 1254 377
250 1255 882
923 1256 232
105 1257 163
166 1257 286
462 1258 300
906 1258 299
1035 1258 199
548 1259 122
596 1259 243
885 1259 116
1001 1260 159
1097 1261 194
1230 1262 326
91 1263 123
1121 1263 203
242 1264 506
96 1265 167
273 1265 930
740 1265 305
1143 1265 304
867 1267 237
419 1269 123
687 1269 249
342 1270 207
709 1270 291
1076 1270 112
101 1271 155
1011 1273 291
781 1274 353
57 1275 200
740 1275 319
346 1276 549
1062 1276 779
514 1278 296
89 1281 222
501 1281 167
873 1281 225
952 1281 136
993 1281 226
1020 1281 277
1265 1281 970
748 1282 298
552 1283 208
730 1283 317
1063 1283 221
291 1284 320
127 1285 161
198 1285 286
177 1286 205
831 1286 169
171 1287 175
409 1287 174
1147 1288 283
219 1289 279
1280 1289 195
390 1290 233
987 1290 149
346 1291 181
525 1291 226
280 1292 247
1275 1292 374
511 1294 285
1226 1294 533
1223 1295 296
66 1296 207
100 1297 179
850 1297 123
708 1298 336
739 1298 252
802 1299 206
1204 1299 208
884 1300 122
414 1301 258
379 1302 709
1296 1303 931
843 1304 290
276 1305 267
828 1305 156
361 1306 264
937 1306 234
444 1307 807
1231 1307 217
537 1308 234
575 1308 137
24 1309 202
293 1309 634
256 1310 187
602 1310 229
754 1310 972
874 1310 806
278 1311 208
297 1311 355
457 1311 290
136 1312 908
281 1312 232
1057 1312 165
1293 1312 293
68 1313 129
1290 1313 147
605 1314 351
1129 1314 207
510 1315 215
1106 1315 363
435 1316 222
619 1316 125
512 1317 214
220 1318 272
294 1318 169
1125 1318 157
530 1319 706
595 1319 975
463 1320 283
1035 1320 188
106 1322 199
824 1322 649
1255 1322 180
796 1323 242
859 1323 141
518 1324 277
708 1324 310
161 1325 178
183 1325 126
1007 1325 184
94 1326 184
207 1326 190
283 1327 157
778 1327 236
315 1328 262
1176 1328 323
1052 1329 164
430 1330 233
603 1330 110
748 1330 143
1282 1330 250
494 1331 177
534 1331 100
900 1331 118
175 1332 361
417 1333 322
1124 1333 242
1174 1333 277
679 1334 155
1139 1334 270
1158 1335 766
628 1336 322
760 1336 101
592 1337 203
594 1337 107
214 1338 113
372 1338 115
272 1339 158
732 1339 183
1000 1339 872
341 1340 283
732 1340 158
806 1340 118
27 1341 273
784 1341 210
809 1341 174
1186 1341 135
181 1342 100
266 1342 263
496 1342 207
640 1342 184
226 1343 788
826 1343 301
567 1344 151
759 1344 346
953 1344 279
1163 1344 117
1010 1345 286
1071 1347 104
906 1348 106
1320 1348 943
513 1349 186
210 1350 140
912 1350 281
210 1351 161
347 1351 175
152 1352 142
228 1352 756
854 1352 349
1195 1352 293
821 1353 554
830 1353 278
903 1353 162
1208 1353 286
298 1354 336
1332 1354 193
254 1355 272
946 1355 146
1287 1356 287
301 1357 331
236 1359 154
636 1359 310
1075 1359 161
1228 1359 344
706 1360 185
1277 1360 158
78 1361 344
385 1361 173
1090 1361 827
951 1362 132
515 1363 155
713 1363 148
1337 1363 269
677 1364 150
666 1365 194
839 1365 334
945 1365 225
1226 1365 225
440 1366 326
527 1366 616
981 1367 216
895 1368 177
1111 1368 237
177 1369 297
593 1369 237
705 1369 186
1025 1369 361
518 1370 143
1290 1370 657
58 1371 999
1367 1371 363
306 1372 222
538 1372 227
587 1373 187
202 1374 127
210 1374 574
912 1374 167
626 1375 250
716 1375 196
1097 1376 123
48 1377 305
531 1377 161
681 1377 243
652 1378 227
1187 1378 358
516 1379 202
783 1379 288
850 1379 243
166 1380 111
872 1381 228
145 1382 697
377 1382 126
1006 1382 329
1094 1382 249
108 1383 213
281 1383 690
405 1384 132
998 1384 221
433 1385 267
988 1385 151
1072 1385 304
349 1386 174
1016 1386 319
771 1387 227
320 1388 134
236 1390 198
1228 1390 107
502 1391 286
742 1391 149
522 1392 747
1128 1392 212
682 1393 249
1031 1393 307
1368 1393 236
370 1394 205
654 1394 278
1008 1394 202
897 1395 232
564 1396 345
606 1396 526
1030 1396 285
146 1397 181
47 1398 132
172 1398 182
255 1398 963
1092 1398 187
481 1399 199
1357 1399 171
587 1400 632
1119 1400 260
593 1401 203
16 1402 340
1125 1404 269
1179 1404 359
1245 1404 211
116 1405 307
567 1405 107
1096 1405 197
875 1406 166
62 1407 131
761 1407 270
284 1408 271
933 1408 288
1025 1408 203
131 1409 223
1164 1410 144
1282 1410 127
899 1411 248
1387 1411 229
172 1412 743
983 1412 110
1041 1412 291
506 1414 248
682 1415 179
1288 1415 847
103 1416 196
238 1416 270
1312 1416 338
1066 1417 329
1200 1417 124
940 1418 978
1194 1418 173
323 1419 261
897 1419 226
149 1420 213
979 1420 273
293 1421 173
389 1421 196
187 1422 224
1001 1423 219
1269 1423 134
19 1424 192
413 1424 150
705 1424 344
409 1425 176
733 1425 154
809 1425 629
957 1425 253
508 1426 308
1247 1427 662
355 1428 106
320 1429 804
165 1430 767
277 1430 352
1237 1430 224
484 1431 216
956 1431 285
1381 1431 147
618 1432 964
104 1433 391
511 1433 176
1364 1433 199
777 1434 147
1277 1434 915
14 1435 258
676 1436 815
34 1437 255
1296 1437 575
1419 1437 145
226 1438 147
486 1438 278
761 1438 176
238 1439 103
1284 1439 111
1416 1439 129
210 1440 338
1222 1440 131
1004 1441 269
1100 1441 300
986 1442 313
1160 1442 150
660 1443 215
328 1444 216
1406 1444 172
589 1445 188
1179 1445 359
50 1447 260
205 1447 193
707 1448 139
1012 1448 299
1037 1448 223
1355 1448 207
638 1449 604
92 1450 742
378 1450 129
1394 1450 191
593 1451 235
1143 1451 306
668 1452 244
1264 1452 799
70 1453 291
310 1453 334
1300 1453 957
1003 1454 360
1376 1454 227
383 1455 148
555 1455 115
610 1456 999
1347 1456 151
1174 1457 276
77 1458 182
505 1459 140
867 1459 114
1021 1459 181
551 1460 178
1006 1460 122
1150 1460 331
882 1461 359
1257 1461 271
276 1462 168
400 1462 287
383 1464 164
1058 1464 261
336 1466 353
1175 1467 263
337 1468 921
1029 1468 331
138 1469 162
1164 1469 252
198 1470 149
232 1470 234
974 1471 186
1080 1471 208
144 1472 240
300 1472 337
395 1473 638
796 1473 245
1130 1473 285
45 1474 195
304 1474 177
461 1476 145
1172 1476 125
776 1478 230
552 1479 142
1063 1479 195
1136 1480 197
1227 1480 209
21 1481 290
346 1481 266
1478 1481 342
976 1482 363
263 1483 356
973 1483 142
1256 1483 760
629 1484 177
1436 1484 161
510 1485 242
274 1486 809
822 1486 120
287 1487 305
510 1487 126
1485 1487 844
397 1488 219
1429 1488 106
22 1489 143
1181 1489 181
1409 1489 146
326 1490 252
839 1490 221
243 1491 159
1153 1491 743
408 1492 356
608 1492 133
401 1493 322
1310 1493 367
581 1494 226
511 1495 182
666 1496 198
237 1497 190
1388 1497 134
411 1498 131
582 1498 166
1463 1498 314
858 1499 240
1377 1499 111
352 1500 128
1223 1500 302
439 1501 146
811 1501 233
129 1502 182
1198 1502 247
1279 1502 230
636 1503 264
1076 1503 154
1501 1504 902
428 1505 181
573 1505 222
77 1506 287
1241 1506 164
717 1507 229
339 1508 127
876 1508 247
184 1509 115
731 1509 162
1028 1509 809
367 1510 161
343 1511 225
1271 1511 311
1366 1511 133
894 1512 194
1405 1512 277
1389 1513 963
255 1514 178
1449 1514 244
228 1515 255
403 1515 194
1117 1515 152
27 1516 214
132 1516 297
170 1516 137
890 1517 139
1092 1517 975
1140 1517 191
467 1518 727
14 1519 996
346 1519 579
849 1520 370
1258 1520 208
1171 1521 134
1286 1521 241
507 1522 313
1080 1522 979
1240 1523 150
1057 1524 104
1293 1524 176
374 1525 268
691 1525 194
158 1526 334
486 1526 191
590 1526 504
1280 1526 221
85 1528 295
1046 1528 939
607 1529 316
870 1529 541
352 1530 160
899 1530 222
1140 1531 238
771 1532 347
1337 1532 316
1432 1532 320
593 1533 215
1 1534 110
266 1534 895
1103 1534 262
362 1535 192
184 1536 126
197 1536 144
633 1537 925
974 1538 211
1080 1538 358
927 1539 200
1392 1539 421
1435 1539 206
144 1540 176
1115 1540 241
450 1541 315
1293 1541 259
428 1542 109
1427 1542 312
1266 1543 175
1300 1543 710
1006 1544 129
1323 1544 309
416 1545 209
689 1545 965
656 1546 256
939 1546 154
904 1547 214
549 1548 138
822 1548 180
1383 1548 253
212 1549 155
192 1550 174
795 1550 257
1017 1550 920
161 1551 155
302 1551 174
333 1551 292
984 1552 259
1374 1552 174
54 1553 195
1402 1553 192
821 1554 210
1398 1554 986
307 1555 235
459 1555 182
317 1556 212
1294 1556 288
430 1557 294
1389 1557 290
130 1558 294
1285 1558 176
281 1559 117
464 1559 304
363 1560 238
1096 1561 192
1492 1561 201
459 1562 208
1403 1562 104
349 1563 176
1445 1563 393
795 1564 964
1543 1564 192
762 1565 253
922 1566 282
1364 1566 270
569 1567 799
143 1569 240
21 1570 385
394 1571 175
446 1571 207
873 1571 234
965 1572 213
1474 1572 194
629 1573 741
973 1573 253
888 1574 352
932 1574 156
1184 1574 359
158 1575 262
493 1575 151
675 1575 192
895 1575 930
282 1576 105
896 1576 156
959 1576 168
1026 1576 721
442 1578 316
217 1579 199
1004 1579 263
1527 1579 196
548 1580 109
885 1580 239
64 1581 137
671 1581 232
238 1582 290
450 1582 169
889 1583 613
980 1583 253
888 1584 163
356 1585 221
25 1586 167
460 1586 316
709 1587 203
1076 1587 840
1287 1587 198
1503 1587 114
357 1588 654
474 1588 119
478 1588 514
1084 1588 225
220 1589 310
236 1589 325
342 1589 207
916 1589 229
503 1590 193
749 1590 221
944 1590 123
196 1591 244
1505 1592 192
245 1593 341
1278 1593 282
554 1594 251
957 1594 239
1345 1594 408
777 1595 243
1277 1595 731
1114 1596 212
566 1598 176
815 1598 207
1197 1598 288
1305 1599 217
803 1600 427
1153 1600 203
124 1601 965
1360 1601 236
233 1602 290
1565 1602 136
143 1603 182
550 1604 152
1166 1604 261
1260 1604 289
599 1605 240
699 1605 114
1296 1605 199
1137 1606 250
1418 1606 181
1507 1607 271
649 1608 120
1234 1608 178
128 1609 277
1099 1609 108
1408 1609 143
1443 1609 140
1157 1610 171
632 1611 252
1168 1611 191
47 1612 151
872 1612 343
1189 1612 669
1098 1613 218
1058 1614 118
1558 1614 254
487 1615 177
926 1615 253
432 1616 296
1464 1616 291
448 1617 212
196 1618 181
773 1618 176
942 1618 163
309 1619 298
1023 1619 232
117 1620 275
355 1620 117
1560 1621 916
261 1622 349
1093 1622 214
1607 1622 384
30 1623 291
889 1623 322
1220 1623 181
155 1624 163
1494 1624 171
267 1625 139
665 1625 168
928 1625 283
1563 1625 175
367 1626 226
915 1626 815
1510 1626 128
195 1627 184
325 1628 266
694 1628 241
1609 1628 342
496 1629 239
1559 1629 152
125 1630 110
1177 1630 189
723 1631 179
971 1631 143
1487 1631 187
1568 1631 111
683 1632 199
1528 1632 351
562 1633 298
967 1633 245
1592 1633 173
111 1634 154
185 1634 236
24 1635 325
1124 1635 122
1465 1635 223
438 1636 301
1540 1636 309
1589 1637 149
431 1638 170
553 1638 157
1104 1638 134
1018 1639 270
1423 1639 161
35 1640 141
821 1640 375
1092 1640 245
855 1641 166
1446 1642 274
1594 1642 254
398 1643 165
818 1643 809
546 1644 236
995 1644 325
596 1645 111
413 1646 892
710 1646 109
724 1646 205
596 1647 171
1113 1647 271
1231 1648 360
323 1649 281
1154 1649 825
245 1650 240
623 1650 279
1349 1650 260
343 1651 188
371 1651 332
1603 1651 140
453 1652 179
1189 1652 123
1346 1652 219
104 1653 299
849 1653 292
1520 1653 147
1184 1654 330
1406 1654 211
35 1655 202
278 1655 156
1262 1655 854
659 1656 293
907 1656 289
1209 1656 132
506 1657 275
1317 1657 816
398 1658 317
1563 1658 191
280 1659 209
728 1659 240
1159 1660 147
131 1661 182
680 1661 302
200 1662 145
265 1662 204
96 1663 221
110 1663 171
135 1663 214
366 1663 314
620 1663 760
100 1664 127
585 1664 181
965 1664 268
181 1665 141
526 1665 267
1456 1665 260
45 1666 150
384 1667 221
1050 1667 142
1470 1667 148
480 1668 203
1142 1668 189
810 1669 211
886 1669 313
1030 1669 184
1031 1670 130
1368 1670 188
1415 1670 296
631 1671 269
1612 1671 169
55 1673 180
383 1673 177
1274 1673 168
844 1674 175
1242 1674 790
489 1675 336
1053 1675 173
1032 1676 129
1195 1676 199
1613 1677 335
478 1678 162
503 1678 185
159 1679 133
42 1680 453
1070 1680 165
1215 1681 215
1362 1681 179
1608 1681 112
1675 1682 312
631 1683 647
937 1683 301
1556 1683 658
261 1684 143
438 1684 192
1115 1684 359
225 1685 272
551 1685 207
845 1685 177
191 1686 284
765 1686 241
1057 1688 360
1310 1688 326
1610 1688 130
1019 1689 269
1105 1689 151
28 1690 314
133 1690 923
502 1690 207
741 1691 187
883 1691 258
1470 1691 119
1618 1692 579
322 1693 219
1218 1693 213
365 1694 143
500 1694 138
53 1695 146
353 1695 109
1268 1695 370
813 1696 227
1362 1696 619
1681 1696 115
627 1697 873
1266 1697 275
1689 1697 326
1161 1698 370
1553 1698 206
871 1699 207
1157 1699 247
1396 1699 143
1595 1699 195
790 1700 203
1458 1700 231
1616 1701 117
72 1702 553
180 1702 277
838 1702 170
81 1703 151
179 1703 263
1590 1703 171
876 1704 267
1212 1704 333
1606 1704 310
910 1705 282
1691 1705 354
381 1706 102
545 1706 313
1200 1706 183
131 1707 220
459 1707 350
1024 1707 269
1403 1707 268
88 1708 330
565 1708 135
825 1709 304
898 1709 173
197 1710 705
140 1711 216
683 1711 250
1647 1711 680
421 1712 117
1597 1712 222
782 1713 222
1136 1713 219
1227 1713 127
641 1714 909
1708 1714 185
788 1715 184
334 1716 940
1227 1716 172
1518 1716 156
141 1717 153
1440 1718 142
1591 1718 218
416 1719 255
917 1719 267
1679 1719 198
560 1720 279
1361 1720 229
1496 1720 266
1660 1720 797
38 1721 105
995 1721 201
1092 1721 303
1110 1721 692
312 1722 308
1085 1722 121
1422 1722 217
316 1723 274
925 1723 208
1236 1724 928
1304 1724 108
1371 1725 111
1428 1725 373
355 1726 162
519 1726 222
1176 1726 339
1328 1726 211
396 1727 199
840 1727 113
285 1728 881
617 1728 530
647 1728 109
1289 1729 147
1321 1729 791
1109 1730 238
215 1731 171
944 1731 281
253 1732 241
490 1733 986
653 1734 216
919 1734 205
921 1734 109
437 1735 254
935 1735 170
536 1736 255
691 1736 348
830 1736 210
541 1737 161
924 1738 910
957 1738 184
242 1739 188
665 1739 173
1488 1739 193
1517 1739 991
253 1740 225
773 1740 882
1413 1740 256
1477 1740 182
277 1741 225
1569 1741 282
526 1742 130
646 1742 308
122 1743 119
394 1743 366
809 1743 142
1536 1743 288
263 1744 208
629 1744 166
904 1745 301
1046 1745 143
1577 1745 315
1570 1747 211
1329 1748 348
332 1749 285
621 1750 266
1510 1750 129
422 1751 615
556 1751 128
686 1751 136
1022 1751 222
1658 1751 161
225 1752 152
404 1752 219
1294 1752 273
1641 1752 224
137 1753 238
379 1753 247
498 1754 265
638 1754 189
1327 1754 312
1621 1754 102
127 1755 200
1730 1755 284
696 1756 130
1025 1756 129
1482 1756 269
51 1757 165
775 1757 164
1261 1757 108
1338 1757 208
149 1758 201
880 1758 357
1311 1758 198
1112 1759 240
1347 1759 164
4 1760 244
864 1760 247
992 1760 299
219 1761 248
508 1761 938
1577 1761 202
1485 1762 214
1686 1762 794
251 1763 241
1211 1763 260
1308 1763 131
357 1764 120
431 1764 148
1468 1764 111
950 1765 356
1044 1765 622
1641 1765 580
868 1766 210
650 1767 125
698 1767 174
1716 1767 757
276 1768 246
1491 1768 204
162 1769 439
1346 1769 137
216 1770 547
780 1770 289
800 1770 307
750 1771 202
86 1772 223
711 1772 176
880 1773 192
1451 1773 154
1406 1774 191
601 1775 328
932 1775 304
1086 1775 131
1677 1775 169
187 1776 205
1666 1776 133
784 1777 168
9 1778 193
1152 1778 171
578 1779 192
894 1779 195
1405 1779 133
742 1780 266
136 1782 297
696 1782 314
859 1782 671
707 1783 132
907 1783 301
1127 1784 125
1404 1784 907
879 1785 364
1748 1785 298
286 1786 195
1119 1786 342
1460 1786 280
1571 1787 214
1637 1787 204
1715 1787 127
714 1788 270
1407 1788 200
1781 1788 271
1066 1789 179
1723 1789 303
243 1790 464
637 1790 303
841 1790 642
116 1791 157
436 1791 326
1657 1791 219
1785 1792 198
301 1793 232
627 1793 210
1285 1793 592
1399 1793 734
703 1794 297
224 1795 400
1239 1795 125
1415 1795 750
1596 1795 176
78 1796 163
1016 1796 112
972 1797 159
1386 1797 218
1522 1797 379
1643 1797 149
1339 1798 153
1600 1798 227
132 1799 169
914 1799 321
1356 1799 119
563 1800 225
1233 1800 269
10 1801 242
63 1801 496
1207 1802 195
1593 1802 184
1474 1803 245
1666 1803 255
1776 1803 491
258 1804 370
455 1804 292
1062 1804 245
1079 1804 840
1173 1804 199
524 1805 180
726 1806 219
896 1806 271
1373 1806 254
1471 1806 139
875 1807 176
1760 1807 248
596 1808 234
885 1808 192
1580 1808 167
388 1809 957
847 1809 157
105 1810 232
856 1810 260
1156 1810 177
1191 1810 202
345 1811 150
940 1811 314
189 1812 214
1500 1812 521
634 1813 210
1146 1813 111
1614 1813 333
374 1814 209
1056 1814 263
1525 1814 224
335 1815 345
799 1816 124
397 1817 134
443 1817 343
988 1817 132
362 1818 203
1010 1818 292
447 1819 146
706 1820 111
871 1820 270
1087 1820 308
562 1821 189
722 1821 316
202 1822 153
434 1822 209
978 1822 317
529 1823 282
6 1824 157
617 1824 219
1012 1824 216
778 1825 199
1081 1825 263
170 1826 766
696 1826 242
400 1827 206
1523 1827 219
1823 1827 210
193 1828 162
496 1828 140
1806 1828 131
184 1829 205
283 1829 172
1659 1829 179
229 1830 264
292 1830 249
746 1830 241
57 1831 240
1061 1831 201
1382 1831 200
1449 1831 157
29 1832 127
304 1832 106
307 1832 192
459 1832 234
696 1833 199
757 1833 227
1578 1833 623
470 1834 325
389 1835 330
1794 1835 349
53 1836 199
948 1836 245
1792 1836 157
168 1837 268
882 1837 161
1001 1837 149
1639 1837 261
1654 1838 169
1774 1838 281
606 1839 158
462 1840 105
1621 1840 179
1754 1840 278
452 1841 963
1321 1841 254
1087 1842 200
1020 1843 337
1356 1843 216
1759 1843 173
948 1844 133
1358 1844 255
1687 1844 209
1785 1844 189
506 1845 128
953 1845 114
1727 1845 138
720 1846 229
821 1846 755
1445 1846 233
1535 1846 175
663 1847 870
679 1847 347
1219 1847 361
1683 1848 126
1833 1848 169
1161 1849 587
1402 1849 268
1698 1849 205
535 1850 258
1302 1850 245
1395 1850 163
294 1851 304
754 1851 220
1401 1851 105
1451 1851 193
1598 1851 251
201 1852 455
321 1852 222
1232 1852 289
1612 1852 133
271 1853 982
697 1853 271
931 1853 984
1262 1853 239
99 1854 238
1504 1854 137
1654 1854 296
1251 1855 213
1819 1855 104
99 1856 230
541 1856 118
864 1856 275
1807 1856 203
579 1857 157
1316 1857 182
633 1858 379
738 1858 368
500 1859 183
670 1859 209
1694 1859 293
1793 1859 262
625 1860 755
1134 1860 179
28 1861 194
128 1861 249
358 1861 261
425 1861 287
1669 1861 195
340 1862 633
982 1862 132
178 1863 155
577 1863 143
1022 1863 177
1728 1863 120
608 1864 726
1561 1864 485
974 1865 139
1466 1865 228
1839 1865 154
554 1866 194
475 1867 263
480 1867 108
1747 1867 144
47 1868 246
561 1868 102
1042 1868 219
1514 1868 120
1641 1868 127
754 1869 301
1167 1869 214
1757 1869 799
1843 1869 242
88 1870 160
381 1870 224
1513 1870 260
19 1871 815
731 1871 327
1025 1871 323
1130 1871 126
1756 1871 178
252 1872 192
221 1873 189
1295 1873 229
1432 1873 168
1532 1873 152
372 1874 111
456 1874 372
1674 1874 360
354 1875 141
730 1875 248
977 1875 244
80 1876 998
1477 1876 311
1561 1876 951
250 1877 160
645 1877 108
1126 1877 973
152 1878 100
642 1878 270
678 1878 224
1054 1878 294
852 1879 278
1441 1879 909
317 1880 151
681 1880 178
893 1880 945
1264 1880 251
1394 1880 354
222 1881 229
834 1881 338
815 1882 200
993 1882 102
1401 1882 264
25 1883 253
109 1883 270
418 1883 222
692 1883 112
134 1884 234
351 1885 163
604 1885 202
1416 1885 209
1772 1885 116
607 1886 227
1102 1886 276
1455 1887 914
1837 1888 313
339 1889 233
350 1889 214
390 1890 143
969 1890 239
1773 1890 150
521 1891 157
1178 1891 209
1465 1891 177
267 1892 276
484 1892 280
721 1892 301
872 1892 352
1709 1892 241
453 1893 312
1189 1893 201
1381 1893 118
330 1894 213
879 1894 159
1329 1894 207
1748 1894 217
146 1895 324
1023 1895 136
32 1896 150
227 1896 135
235 1896 224
393 1897 331
1145 1897 207
1223 1897 336
7 1898 132
262 1898 195
860 1898 183
998 1898 206
1568 1899 201
429 1900 234
868 1900 164
1413 1900 140
862 1901 189
1884 1901 250
23 1902 287
444 1902 327
1272 1902 288
1648 1902 210
47 1903 259
255 1903 201
1514 1903 258
982 1904 272
1177 1904 809
1109 1905 316
1717 1905 212
328 1906 195
875 1906 191
1462 1907 141
23 1908 263
1272 1908 358
332 1909 239
942 1909 151
1527 1909 302
915 1910 245
1400 1910 220
1642 1910 159
289 1911 233
1252 1911 194
1408 1911 152
528 1912 154
1676 1912 244
866 1913 280
1544 1913 163
1683 1913 191
203 1914 122
1714 1914 336
1734 1914 134
468 1915 104
780 1915 379
800 1915 848
242 1916 426
869 1916 657
1036 1916 269
1412 1916 209
715 1917 239
852 1917 233
1221 1917 197
37 1918 550
1848 1918 266
324 1919 140
412 1919 155
987 1919 206
476 1920 166
846 1920 207
562 1921 271
967 1921 125
1821 1921 252
291 1922 197
479 1922 954
549 1922 294
726 1922 368
49 1923 205
564 1923 221
962 1924 385
972 1924 268
1736 1924 259
589 1925 259
1818 1925 155
525 1926 193
1276 1926 145
1291 1926 195
472 1927 151
1688 1927 105
1828 1927 237
536 1928 161
943 1928 203
306 1929 233
700 1929 367
1335 1929 188
1613 1930 178
1615 1930 193
1789 1930 352
140 1931 210
1475 1931 168
1647 1931 204
98 1932 169
753 1932 146
74 1933 217
936 1933 157
1416 1933 124
13 1934 275
1090 1934 142
1361 1934 178
1496 1934 214
54 1935 132
421 1935 204
1597 1935 725
1887 1935 179
627 1936 272
804 1936 110
1019 1936 143
1453 1936 294
1813 1936 915
641 1937 142
1914 1937 327
1042 1938 224
1840 1938 778
1397 1939 180
1872 1939 858
676 1940 276
775 1940 270
973 1940 187
275 1941 266
1046 1941 232
1113 1941 106
1645 1941 151
348 1942 115
457 1942 207
1846 1942 262
452 1943 213
1816 1943 198
1884 1943 173
611 1944 178
629 1944 219
923 1944 443
1746 1944 285
874 1945 329
1245 1945 485
1373 1945 578
134 1946 134
794 1946 120
1729 1946 119
57 1947 720
513 1947 277
906 1947 217
916 1947 247
87 1948 263
249 1948 277
560 1948 659
1104 1948 263
1662 1948 127
169 1949 641
1116 1949 759
1834 1949 206
1899 1949 139
4 1950 329
102 1950 149
348 1951 625
214 1952 104
1242 1952 282
193 1953 235
886 1953 250
1595 1953 150
918 1954 228
1556 1954 197
121 1955 175
989 1955 195
1475 1955 145
644 1956 247
669 1956 349
1490 1956 160
1780 1956 113
150 1957 217
456 1958 208
988 1958 214
1112 1958 348
1874 1958 136
162 1959 968
331 1959 267
1254 1959 250
1248 1960 361
1251 1960 234
1551 1960 205
263 1961 280
1484 1961 193
380 1962 202
1672 1962 166
1904 1962 226
1127 1963 972
1143 1963 200
39 1964 140
620 1964 147
717 1964 188
1099 1964 922
321 1965 331
832 1965 904
1852 1965 157
145 1966 149
1101 1966 262
1624 1966 197
1764 1966 254
582 1967 273
1506 1967 393
829 1968 203
982 1968 314
996 1969 375
1268 1969 267
1687 1969 221
1784 1970 226
110 1971 317
160 1971 261
280 1972 242
1197 1972 247
1216 1972 279
1335 1972 260
1584 1973 181
1677 1973 155
1700 1973 332
462 1974 128
972 1974 102
1048 1974 260
1169 1974 208
735 1975 829
1924 1975 140
360 1976 281
568 1976 641
573 1976 113
300 1977 408
1311 1977 207
1472 1977 202
1540 1977 185
283 1978 292
1043 1978 186
806 1979 218
1316 1979 196
1026 1980 128
1954 1980 107
1358 1981 209
1687 1981 322
702 1982 197
966 1982 326
1336 1982 291
1590 1982 380
218 1983 168
239 1983 173
266 1984 200
288 1984 249
509 1984 248
1027 1984 735
780 1985 347
1805 1985 110
1950 1986 253
80 1987 343
1351 1987 132
608 1988 300
1123 1988 374
1879 1988 893
112 1989 219
268 1989 324
1589 1989 951
442 1990 223
1477 1991 240
483 1992 138
851 1992 129
1083 1992 112
136 1993 378
317 1993 148
812 1993 144
898 1993 245
1818 1994 697
469 1995 233
1805 1995 142
1957 1995 169
369 1996 193
1267 1996 126
914 1997 348
957 1997 196
1777 1997 312
136 1998 192
1549 1998 253
441 1999 136
1951 1999 312
296 2000 167
406 2000 161
