1
0
1
1
1000000
0
0
0
0
1
5 8 142
3 12 916
5 13 745
5 21 112
8 24 192
8 26 299
16 26 102
12 27 252
26 27 165
16 29 260
21 29 217
23 29 259
28 33 231
4 35 456
32 35 241
1 37 172
2 39 173
11 39 148
34 39 143
15 41 284
17 43 345
25 45 787
27 45 692
28 46 139
33 46 350
13 47 188
37 51 304
4 52 224
34 52 146
35 52 274
8 53 236
15 53 307
2 54 134
4 54 206
34 54 149
39 54 271
33 55 134
30 56 297
42 56 258
8 57 279
13 57 106
46 58 102
48 58 156
3 59 431
22 60 328
37 61 132
51 61 135
16 62 218
21 62 229
60 62 304
4 63 163
32 63 326
39 63 904
52 63 374
59 64 174
30 66 314
65 66 225
58 67 269
5 68 347
8 68 167
24 68 198
26 68 318
29 68 243
36 68 290
20 69 168
47 70 263
48 71 211
38 72 207
1 73 142
21 75 124
62 75 265
69 76 146
2 77 333
42 77 219
69 77 190
18 78 467
34 78 203
54 78 141
65 78 260
6 80 116
8 80 318
53 80 833
69 80 187
9 81 204
42 82 246
56 82 160
66 82 719
73 83 646
22 84 444
49 85 302
30 86 280
66 86 156
82 86 159
67 87 200
4 88 167
5 88 181
26 88 123
26 89 240
77 89 909
80 89 101
83 89 105
36 90 143
41 90 170
50 91 272
74 91 374
90 92 579
65 94 145
76 94 203
10 95 239
69 95 978
76 95 228
61 96 146
28 97 133
33 97 175
20 98 259
21 98 160
84 98 264
33 99 275
50 99 395
51 99 127
71 99 912
25 100 256
35 100 143
36 100 220
56 100 801
92 100 361
79 102 296
17 103 156
43 103 191
76 103 245
44 104 230
55 105 148
96 105 311
27 106 162
47 106 210
9 107 266
81 107 345
25 108 263
85 108 198
41 109 292
53 109 193
56 110 373
77 110 152
4 111 107
55 111 153
88 111 193
89 111 201
6 112 351
11 112 869
20 112 221
69 112 255
72 112 246
110 112 210
2 113 310
27 113 233
40 113 110
89 113 326
84 114 223
8 115 843
16 115 238
21 115 927
23 115 357
29 115 275
24 116 190
50 116 167
70 117 340
74 117 893
91 117 180
37 118 305
96 118 100
2 119 489
10 119 197
39 119 723
5 120 279
12 120 108
13 120 244
106 120 242
42 121 208
69 121 142
20 122 700
30 122 342
82 122 114
121 122 213
79 123 320
102 123 237
108 124 117
120 124 187
73 125 965
118 125 391
79 126 192
50 127 194
52 127 255
60 127 117
88 127 269
117 127 828
71 128 255
107 128 351
31 129 194
66 129 203
24 130 140
72 130 162
28 131 189
46 131 260
61 131 114
99 131 215
44 132 231
81 132 204
107 132 635
25 133 138
49 133 178
36 134 169
42 134 244
56 134 279
121 134 190
122 134 317
44 135 224
104 135 217
17 136 294
43 136 198
103 136 156
81 137 809
104 137 618
132 137 524
12 138 166
85 138 175
18 139 114
65 139 125
76 139 173
105 139 159
67 140 169
69 141 281
76 141 197
104 141 302
112 141 783
130 141 335
33 142 229
96 142 285
105 142 186
131 142 109
32 143 380
52 143 209
17 144 125
43 144 146
103 144 206
136 144 205
44 145 152
98 145 258
104 145 349
48 146 112
71 146 263
128 146 139
37 147 185
61 147 212
96 147 264
59 148 143
74 148 154
138 148 281
78 149 124
148 149 352
49 150 204
101 150 184
41 151 361
109 151 984
116 151 889
143 151 251
93 152 179
139 152 292
103 153 348
129 153 133
65 154 296
152 154 287
23 155 128
25 156 269
36 156 232
45 156 339
101 156 362
124 156 260
20 157 715
69 157 211
77 157 632
95 157 264
110 157 215
119 157 285
134 157 183
141 157 291
44 158 247
90 158 164
145 158 292
99 159 143
142 159 216
150 160 294
156 160 235
10 161 173
79 161 165
35 163 292
36 163 315
41 163 109
53 163 826
63 163 177
68 163 255
119 163 216
20 165 264
39 165 182
77 165 161
112 165 531
157 165 345
30 166 151
42 166 299
82 166 222
86 166 200
122 166 270
134 166 229
165 166 251
64 167 244
148 167 101
150 167 608
50 168 372
94 168 224
154 168 233
95 169 177
121 169 302
134 169 348
38 170 235
93 170 206
154 170 231
9 171 185
132 171 223
135 171 199
137 171 257
24 172 143
50 172 187
159 172 185
167 172 230
24 173 236
125 173 234
159 173 178
164 173 221
3 174 166
91 174 640
117 174 188
12 175 207
25 175 125
45 175 142
85 175 213
108 175 785
124 175 216
133 175 778
30 176 938
82 176 332
22 177 276
62 177 199
98 177 242
114 177 235
49 178 207
101 178 350
160 178 280
31 179 753
129 179 332
153 179 221
85 180 225
108 180 984
133 180 351
150 180 164
178 180 181
93 181 170
139 181 188
169 182 223
57 183 126
64 183 129
91 183 260
9 184 216
81 184 155
87 184 218
132 184 210
158 184 286
95 185 307
28 186 153
33 186 446
131 186 290
142 186 183
147 186 160
159 186 104
55 187 151
65 187 159
86 187 270
94 187 224
114 187 168
139 187 127
165 187 200
181 187 568
1 188 110
51 188 103
96 188 169
118 188 158
125 188 160
147 188 594
159 188 245
26 189 196
27 189 186
47 189 319
57 189 107
70 189 202
117 190 226
174 190 194
1 191 188
37 191 306
51 191 136
96 191 126
118 191 229
125 191 182
147 191 414
23 192 252
135 192 191
172 192 205
50 193 244
51 193 181
55 193 199
94 193 196
99 193 170
32 194 343
35 194 269
52 194 165
28 195 411
58 195 212
146 195 285
55 196 457
105 196 338
126 196 253
143 196 315
147 196 181
181 196 203
186 196 160
58 197 329
67 197 159
140 197 153
195 197 231
5 198 239
36 198 202
92 198 334
98 198 169
122 198 218
124 198 203
26 199 126
38 199 201
77 199 128
12 200 310
25 200 272
27 200 101
40 200 327
70 200 242
106 200 208
16 201 207
29 201 255
60 201 279
62 201 198
75 201 120
3 202 148
64 202 241
138 202 151
148 202 621
167 202 338
50 203 245
74 203 144
88 203 308
127 203 222
148 203 165
154 203 158
172 203 304
90 204 160
116 204 191
151 204 217
178 204 881
182 204 275
10 205 157
15 205 197
41 205 199
53 205 191
151 205 240
163 205 243
33 206 110
58 206 226
71 206 739
146 206 128
195 206 196
76 207 880
130 207 273
152 207 150
168 207 544
185 207 156
50 208 282
59 208 618
116 208 307
155 208 213
203 208 228
93 209 276
130 209 238
152 209 153
154 209 101
168 209 286
172 209 125
185 209 244
207 209 365
7 210 231
19 210 215
89 210 226
184 210 147
40 211 355
113 211 216
119 211 916
123 211 390
161 211 369
2 212 226
10 212 304
11 212 173
41 212 254
119 212 310
55 213 290
126 213 226
138 213 190
149 213 218
2 214 235
10 214 145
11 214 213
53 214 121
69 214 210
119 214 212
44 215 655
69 215 119
139 215 151
141 215 204
22 216 303
65 216 157
84 216 188
114 216 219
135 216 313
12 217 135
40 217 180
113 217 236
213 217 336
66 218 192
86 218 310
94 218 979
176 218 719
179 218 196
182 218 705
52 219 194
111 219 274
127 219 150
193 219 323
196 219 978
44 220 814
69 220 193
98 220 138
104 220 156
115 220 156
10 221 110
18 221 229
78 221 128
22 222 248
94 222 136
114 222 666
135 222 241
216 222 294
14 223 228
153 223 243
162 223 620
87 224 142
140 224 929
197 224 207
94 225 449
139 225 298
176 225 247
181 225 268
4 226 169
82 226 117
84 226 474
88 226 359
100 226 261
198 226 378
38 227 324
72 227 345
110 227 650
170 227 146
199 227 371
93 228 201
116 228 314
127 228 120
143 228 285
172 228 308
186 228 223
190 228 271
196 228 172
208 228 436
73 229 289
83 229 226
97 229 169
19 230 959
48 230 241
58 230 107
67 230 257
195 230 314
224 230 163
3 231 212
27 231 145
88 231 568
120 231 192
138 231 314
148 231 294
200 231 977
42 232 180
56 232 190
122 232 228
169 232 147
31 233 225
166 233 111
14 234 240
153 234 755
162 234 232
179 234 183
5 235 181
26 235 177
63 235 252
68 235 193
88 235 130
97 235 200
127 235 230
50 236 518
60 236 279
155 236 115
192 236 191
222 236 163
26 237 189
35 237 187
68 237 148
70 237 162
88 237 137
100 237 111
127 237 198
200 237 674
201 237 170
227 237 222
26 238 104
41 238 250
68 238 144
90 238 194
116 238 235
19 239 270
58 239 300
177 239 204
210 239 173
8 240 198
36 240 231
53 240 255
92 240 121
121 240 797
198 240 332
220 240 629
6 241 750
19 241 230
35 241 239
40 241 182
89 241 234
110 241 284
111 241 760
219 241 151
237 241 435
15 242 146
76 242 275
80 242 296
105 242 311
193 242 272
44 243 261
81 243 324
104 243 159
158 243 137
204 243 137
222 243 227
72 244 144
185 244 263
199 244 667
207 244 647
238 244 268
74 245 228
174 245 116
183 245 118
190 245 281
202 245 200
14 246 440
134 246 633
162 246 174
233 246 222
40 247 273
126 247 288
149 247 135
213 247 314
217 247 281
81 248 168
107 248 285
171 248 195
196 248 542
1 249 312
37 249 142
51 249 215
96 249 237
125 249 191
188 249 151
242 249 160
120 250 168
211 250 388
217 250 187
247 250 165
45 251 319
101 251 109
124 251 283
156 251 262
160 251 299
240 251 210
4 252 191
32 252 149
52 252 226
78 252 158
203 252 113
16 253 136
21 253 158
60 253 578
84 253 364
88 253 228
201 253 516
28 254 219
33 254 882
99 254 185
142 254 329
146 254 274
159 254 110
203 254 243
14 255 334
42 255 227
90 255 275
134 255 224
169 255 197
182 255 166
232 255 236
93 256 103
154 256 318
168 256 246
185 256 158
207 256 137
208 256 393
192 257 213
6 258 327
24 258 189
80 258 252
123 258 257
125 258 220
137 258 125
141 258 269
173 258 117
242 258 161
5 259 108
6 259 974
20 259 121
80 259 690
111 259 191
250 259 307
66 260 216
169 260 136
218 260 144
204 261 149
208 261 306
107 262 247
239 262 123
248 262 288
44 263 108
115 263 177
155 263 395
192 263 235
257 263 257
47 264 282
57 264 319
245 264 337
22 265 342
84 265 772
177 265 285
222 265 897
225 265 115
262 265 244
18 266 340
34 266 171
54 266 196
225 266 193
35 267 272
41 267 206
109 267 175
205 267 132
59 268 253
79 268 299
116 268 278
178 268 293
202 268 258
67 269 317
137 269 334
140 269 289
173 269 183
224 269 169
6 270 178
46 270 356
67 270 288
97 270 150
164 270 206
173 270 149
22 271 230
52 271 239
100 271 328
127 271 967
133 271 124
226 271 272
72 272 220
130 272 324
185 272 180
199 272 152
227 272 262
244 272 146
5 273 207
28 273 256
46 273 264
97 273 270
164 273 262
197 273 189
259 273 227
270 273 217
1 274 949
73 274 153
83 274 194
118 274 179
191 274 128
249 274 105
93 275 216
116 275 256
130 275 887
152 275 132
168 275 185
185 275 122
244 275 169
256 275 547
10 276 139
15 276 288
18 276 174
76 276 374
212 276 170
214 276 133
221 276 240
7 277 613
48 277 270
67 277 160
97 277 606
195 277 305
197 277 178
206 277 217
224 277 147
92 278 277
100 278 316
175 278 200
177 278 281
194 278 184
198 278 136
271 278 205
66 279 260
153 279 253
169 279 105
176 279 259
182 279 164
218 279 203
261 279 213
3 280 397
12 280 360
108 280 310
120 280 265
138 280 125
148 280 224
200 280 291
247 280 280
16 281 648
21 281 151
29 281 102
60 281 180
75 281 157
235 281 181
253 281 255
7 282 221
19 282 164
22 282 267
48 282 295
219 282 277
239 282 240
248 282 176
262 282 339
105 283 233
159 283 719
171 283 246
172 283 144
188 283 217
193 283 120
196 283 209
242 283 248
258 283 177
80 284 183
102 284 220
105 284 133
109 284 149
118 284 263
132 284 119
215 284 256
258 284 267
283 284 142
29 285 167
36 285 147
98 285 258
104 285 256
157 285 179
158 285 188
220 285 298
73 286 158
229 286 197
259 286 321
273 286 150
4 287 210
32 287 227
55 287 271
63 287 338
143 287 311
194 287 233
252 287 245
12 288 250
106 288 198
120 288 281
200 288 195
129 289 198
162 289 236
179 289 241
223 289 133
234 289 856
260 289 294
45 290 318
85 290 143
108 290 164
124 290 186
133 290 289
156 290 318
79 291 166
149 291 159
193 291 129
213 291 133
102 292 166
123 292 157
126 292 120
149 292 260
161 292 118
167 292 195
221 292 227
283 292 222
291 292 232
15 293 354
24 293 273
53 293 269
109 293 106
151 293 179
163 293 243
258 293 210
267 293 882
39 294 216
113 294 129
211 294 227
213 294 298
247 294 163
250 294 346
26 295 153
36 295 198
42 295 177
45 295 194
90 295 988
100 295 217
226 295 198
240 295 288
278 295 724
45 296 272
90 296 189
101 296 199
156 296 122
178 296 947
81 297 340
105 297 178
132 297 103
171 297 225
248 297 106
262 297 125
58 298 317
87 298 265
140 298 980
210 298 189
224 298 163
230 298 265
277 298 146
14 299 254
153 299 288
162 299 981
179 299 227
182 299 139
223 299 370
118 300 208
142 300 252
159 300 259
164 300 263
173 300 173
284 300 315
17 301 245
43 301 151
103 301 240
136 301 110
144 301 172
13 302 200
117 302 210
189 302 228
235 302 348
22 303 228
114 303 721
135 303 264
181 303 182
243 303 332
248 303 700
265 303 215
27 304 187
64 304 170
106 304 209
238 304 131
268 304 178
288 304 259
296 304 203
3 305 236
59 305 235
126 305 864
138 305 110
167 305 254
180 305 157
190 305 534
202 305 159
228 305 261
268 305 291
280 305 220
7 306 221
98 306 285
197 306 238
239 306 293
259 306 161
64 307 246
123 307 108
161 307 222
242 307 334
276 307 271
291 307 135
292 307 173
99 308 345
142 308 324
159 308 259
173 308 344
242 308 203
249 308 213
129 309 186
223 309 949
234 309 590
289 309 192
299 309 185
13 310 250
47 310 128
57 310 211
70 310 335
288 310 207
302 310 124
71 311 266
87 311 192
128 311 330
140 311 437
269 311 249
308 311 169
37 312 295
107 312 530
193 312 314
196 312 198
208 312 247
242 312 135
284 312 277
60 313 215
75 313 214
155 313 287
192 313 249
203 313 185
216 313 389
236 313 291
253 313 327
257 313 283
71 314 768
81 314 234
107 314 191
171 314 240
193 314 260
222 314 250
262 314 136
282 314 187
90 315 232
92 315 801
100 315 328
145 315 845
198 315 143
232 315 109
267 315 281
295 315 775
24 316 515
64 316 263
106 316 265
123 316 177
160 316 160
167 316 201
268 316 236
288 316 189
59 317 196
79 317 196
102 317 255
126 317 216
149 317 940
161 317 164
291 317 804
307 317 291
312 317 228
2 318 646
11 318 234
34 318 136
194 318 246
217 318 141
266 318 232
27 319 226
120 319 223
138 319 164
231 319 240
235 319 210
280 319 177
288 319 229
290 319 305
294 319 334
302 319 233
26 320 243
46 320 215
83 320 372
89 320 277
97 320 206
164 320 249
298 320 193
31 321 250
56 321 292
246 321 153
36 322 367
90 322 159
101 322 227
169 322 290
204 322 305
205 322 210
240 322 246
261 322 208
315 322 417
38 323 100
93 323 209
152 323 194
168 323 839
170 323 210
225 323 339
256 323 180
5 324 181
24 324 253
26 324 262
47 324 216
106 324 255
164 324 188
237 324 254
238 324 170
267 324 269
272 324 206
315 324 906
20 325 174
38 325 235
77 325 130
110 325 137
112 325 145
177 325 154
187 325 778
225 325 185
318 325 280
5 326 339
28 326 138
32 326 208
75 326 115
170 326 177
203 326 244
228 326 251
235 326 330
237 326 773
280 326 202
49 327 914
59 327 327
101 327 191
178 327 160
180 327 114
261 327 184
14 328 663
162 328 584
223 328 185
232 328 244
321 328 347
34 329 336
40 329 866
126 329 372
149 329 173
217 329 245
219 329 706
291 329 206
294 329 327
92 330 983
98 330 362
104 330 234
112 330 430
145 330 290
158 330 284
177 330 143
220 330 174
9 331 277
19 331 184
132 331 181
137 331 170
145 331 222
184 331 301
210 331 232
306 331 437
21 332 206
62 332 205
115 332 198
201 332 119
281 332 184
330 332 235
14 333 172
153 333 103
169 333 258
234 333 126
246 333 132
289 333 255
299 333 283
328 333 294
20 334 161
30 334 133
65 334 294
110 334 200
165 334 151
170 334 154
181 334 290
187 334 374
225 334 106
325 334 882
13 335 249
70 335 149
74 335 231
88 335 295
117 335 108
174 335 192
189 335 189
231 335 183
302 335 259
20 336 156
54 336 120
65 336 243
77 336 124
82 336 353
84 336 196
110 336 990
111 336 190
165 336 156
187 336 198
225 336 193
18 337 120
79 337 128
102 337 192
105 337 157
126 337 162
149 337 124
202 337 472
213 337 141
292 337 309
307 337 297
16 338 279
21 338 140
23 338 927
145 338 262
201 338 376
263 338 106
324 338 169
332 338 515
121 339 216
162 339 266
223 339 184
234 339 314
246 339 281
333 339 195
14 340 127
162 340 255
233 340 104
321 340 100
328 340 206
339 340 123
40 341 859
54 341 142
111 341 151
113 341 307
149 341 899
213 341 239
231 341 195
250 341 204
294 341 269
329 341 232
3 342 262
50 342 271
88 342 186
127 342 291
131 342 305
174 342 359
208 342 210
228 342 136
323 342 203
326 342 194
19 343 297
22 343 303
84 343 149
100 343 234
110 343 266
145 343 204
177 343 136
201 343 147
285 343 183
330 343 310
25 344 147
45 344 306
85 344 362
124 344 151
133 344 197
226 344 213
231 344 284
290 344 114
27 345 269
68 345 730
120 345 222
156 345 265
200 345 242
211 345 110
304 345 182
316 345 496
319 345 257
44 346 225
114 346 110
135 346 290
139 346 209
216 346 231
243 346 171
257 346 210
265 346 283
297 346 127
303 346 156
59 347 333
102 347 225
106 347 139
167 347 167
202 347 968
264 347 112
268 347 140
304 347 106
316 347 234
31 348 212
153 348 308
176 348 348
179 348 168
309 348 216
23 349 309
115 349 173
155 349 302
192 349 137
236 349 366
257 349 176
5 350 173
12 350 875
26 350 222
38 350 360
46 350 185
62 350 608
127 350 152
194 350 238
237 350 201
278 350 198
326 350 138
342 350 173
34 351 722
78 351 125
94 351 242
221 351 353
266 351 237
276 351 165
291 351 161
8 352 154
27 352 241
57 352 264
64 352 228
120 352 340
251 352 281
288 352 266
316 352 225
345 352 261
347 352 164
31 353 206
56 353 305
66 353 175
82 353 161
166 353 365
176 353 120
218 353 231
271 353 140
30 354 108
42 354 152
56 354 192
86 354 140
122 354 123
176 354 716
278 354 254
325 354 249
353 354 159
9 355 124
107 355 362
137 355 215
171 355 333
184 355 244
242 355 165
297 355 157
311 355 345
314 355 222
75 356 304
98 356 210
114 356 960
177 356 125
216 356 169
265 356 145
303 356 217
334 356 250
343 356 199
24 357 177
47 357 291
57 357 277
183 357 162
264 357 184
310 357 110
316 357 765
4 358 271
32 358 137
52 358 311
143 358 861
194 358 230
266 358 180
342 358 207
11 359 271
20 359 196
39 359 284
54 359 236
119 359 221
214 359 263
250 359 915
318 359 216
32 360 268
39 360 219
78 360 114
247 360 130
266 360 313
318 360 239
334 360 246
359 360 165
15 361 276
50 361 152
52 361 316
151 361 310
193 361 235
252 361 311
287 361 173
351 361 203
358 361 183
6 362 188
11 362 141
40 362 164
123 362 193
217 362 202
250 362 587
288 362 175
294 362 241
31 363 787
321 363 175
340 363 250
348 363 736
354 363 164
13 364 188
70 364 350
74 364 243
174 364 276
190 364 171
280 364 237
302 364 188
326 364 281
33 365 146
51 365 246
55 365 209
96 365 273
147 365 139
229 365 139
1 366 223
159 366 218
164 366 195
308 366 361
76 367 275
121 367 130
169 367 232
218 367 936
234 367 893
255 367 318
260 367 379
279 367 278
176 368 129
226 368 284
261 368 294
265 368 851
271 368 216
278 368 112
342 368 258
358 368 105
24 369 268
29 369 279
104 369 229
115 369 340
192 369 381
263 369 110
332 369 158
338 369 144
349 369 212
71 370 113
81 370 247
87 370 226
128 370 138
269 370 216
204 371 212
346 371 243
368 371 188
6 372 260
46 372 660
55 372 219
89 372 362
194 372 225
217 372 278
219 372 730
239 372 233
241 372 192
259 372 190
325 372 284
350 372 627
30 373 267
86 373 294
176 373 224
181 373 198
182 373 786
260 373 224
279 373 348
353 373 164
46 374 312
61 374 115
83 374 248
286 374 120
365 374 182
372 374 250
68 375 131
130 375 169
157 375 145
185 375 800
199 375 162
227 375 269
244 375 689
76 376 336
104 376 106
135 376 804
158 376 908
220 376 522
222 376 102
346 376 154
349 376 738
355 376 211
9 377 236
87 377 897
128 377 170
140 377 130
224 377 312
311 377 181
366 377 191
370 377 312
7 378 193
55 378 188
114 378 233
206 378 261
239 378 279
248 378 229
297 378 364
314 378 205
3 379 111
12 379 252
117 379 448
127 379 207
133 379 286
148 379 237
200 379 359
231 379 180
305 379 350
319 379 166
329 379 244
121 380 960
134 380 798
141 380 131
162 380 325
182 380 669
232 380 132
260 380 309
367 380 142
105 381 122
116 381 185
142 381 189
152 381 205
172 381 107
202 381 151
203 381 202
228 381 109
245 381 604
257 381 168
342 381 818
371 381 257
59 382 157
74 382 230
91 382 161
174 382 248
183 382 123
190 382 172
208 382 747
264 382 139
23 383 321
116 383 156
155 383 259
236 383 256
243 383 139
257 383 204
263 383 914
369 383 199
28 384 251
46 384 289
164 384 309
230 384 836
237 384 345
241 384 162
270 384 204
320 384 295
5 385 277
6 385 859
8 385 142
24 385 346
72 385 163
92 385 266
235 385 267
237 385 187
238 385 173
270 385 306
288 385 220
310 385 116
324 385 300
332 385 159
350 385 287
61 386 315
105 386 308
111 386 182
131 386 113
193 386 137
196 386 253
219 386 141
225 386 123
262 386 167
312 386 175
342 386 130
358 386 106
372 386 279
28 387 928
32 387 125
55 387 188
196 387 720
241 387 204
247 387 173
259 387 279
326 387 274
334 387 109
372 387 217
386 387 354
59 388 246
64 388 211
101 388 254
106 388 530
161 388 137
167 388 318
268 388 370
304 388 259
345 388 191
352 388 109
7 389 221
19 389 203
84 389 172
111 389 235
210 389 214
262 389 344
282 389 272
306 389 387
378 389 266
46 390 389
48 390 188
97 390 168
99 390 164
127 390 209
131 390 166
186 390 128
219 390 594
254 390 181
384 390 226
31 391 323
82 391 269
129 391 132
233 391 141
321 391 442
348 391 154
36 392 215
63 392 277
92 392 193
166 392 261
198 392 180
226 392 350
235 392 311
271 392 317
290 392 254
295 392 186
68 393 109
73 393 172
97 393 233
173 393 509
224 393 178
273 393 305
320 393 113
366 393 222
384 393 126
65 394 275
76 394 124
94 394 343
95 394 774
181 394 124
215 394 185
225 394 305
256 394 277
279 394 205
312 394 165
67 395 275
87 395 309
164 395 284
197 395 831
230 395 212
269 395 267
298 395 199
331 395 168
377 395 332
6 396 171
7 396 746
19 396 160
67 396 205
137 396 281
184 396 241
239 396 492
306 396 275
330 396 100
331 396 263
44 397 174
107 397 251
155 397 546
216 397 103
222 397 177
243 397 355
261 397 267
265 397 792
303 397 297
376 397 207
394 397 137
2 398 168
10 398 278
11 398 266
212 398 166
267 398 208
359 398 112
142 399 201
146 399 268
206 399 211
297 399 287
311 399 317
370 399 170
24 400 143
36 400 222
92 400 172
104 400 279
160 400 199
204 400 301
240 400 233
293 400 105
315 400 186
380 400 276
15 401 253
18 401 277
105 401 131
109 401 170
143 401 196
151 401 651
252 401 866
287 401 182
358 401 215
371 401 151
381 401 104
9 402 635
80 402 118
132 402 181
137 402 177
140 402 134
210 402 260
220 402 286
306 402 306
355 402 252
396 402 172
15 403 135
90 403 894
240 403 381
261 403 235
322 403 242
367 403 213
371 403 300
376 403 128
400 403 247
49 404 224
64 404 340
101 404 300
150 404 200
160 404 347
251 404 126
296 404 144
327 404 363
403 404 267
65 405 187
76 405 117
94 405 200
95 405 257
135 405 947
139 405 128
141 405 143
181 405 106
209 405 208
215 405 206
221 405 276
260 405 247
283 405 323
9 406 356
23 406 149
95 406 281
135 406 135
145 406 259
158 406 148
220 406 196
243 406 215
285 406 101
322 406 129
376 406 138
397 406 262
30 407 196
129 407 192
233 407 252
321 407 190
348 407 291
363 407 301
38 408 606
93 408 306
152 408 986
154 408 245
168 408 185
170 408 110
187 408 358
73 409 984
83 409 106
241 409 900
374 409 209
384 409 153
25 410 722
45 410 181
101 410 214
106 410 172
124 410 246
160 410 203
296 410 224
315 410 256
74 411 246
91 411 326
167 411 108
172 411 762
183 411 180
190 411 175
245 411 294
264 411 368
357 411 263
1 412 307
73 412 255
80 412 191
83 412 270
118 412 242
125 412 322
249 412 360
286 412 117
87 413 155
128 413 251
132 413 172
140 413 234
269 413 169
300 413 181
370 413 266
395 413 261
399 413 788
11 414 238
119 414 298
123 414 177
141 414 282
214 414 298
221 414 258
276 414 125
293 414 186
398 414 172
6 415 297
125 415 816
229 415 301
270 415 144
274 415 236
286 415 613
374 415 118
409 415 242
412 415 245
31 416 238
153 416 140
289 416 279
299 416 208
309 416 153
348 416 300
373 416 147
407 416 127
6 417 259
7 417 194
55 417 162
63 417 328
89 417 149
97 417 217
111 417 169
165 417 163
219 417 103
229 417 260
235 417 379
259 417 344
294 417 220
387 417 265
16 418 371
77 418 239
84 418 164
145 418 282
158 418 286
177 418 232
210 418 791
220 418 243
285 418 600
295 418 161
343 418 288
18 419 245
102 419 936
109 419 275
212 419 364
214 419 228
215 419 229
221 419 401
398 419 210
414 419 131
8 420 206
80 420 192
140 420 134
173 420 213
270 420 152
273 420 552
300 420 179
308 420 219
320 420 198
366 420 346
393 420 348
412 420 298
8 421 193
24 421 162
109 421 145
116 421 310
172 421 251
208 421 173
238 421 265
263 421 740
264 421 100
284 421 248
300 421 450
324 421 201
347 421 175
381 421 158
8 422 251
69 422 189
72 422 154
130 422 258
185 422 669
199 422 172
207 422 170
375 422 328
12 423 170
13 423 997
70 423 136
117 423 276
174 423 170
189 423 286
310 423 141
350 423 259
364 423 247
6 424 131
41 424 202
89 424 310
184 424 153
238 424 320
242 424 152
274 424 249
284 424 130
37 425 189
99 425 252
128 425 520
131 425 110
186 425 273
208 425 874
254 425 281
300 425 224
308 425 179
312 425 256
366 425 362
44 426 247
90 426 130
109 426 144
204 426 155
240 426 851
261 426 142
315 426 275
371 426 114
400 426 219
421 426 190
18 427 119
34 427 244
126 427 317
143 427 165
181 427 783
221 427 229
266 427 147
360 427 541
20 428 840
77 428 145
95 428 961
110 428 174
112 428 318
141 428 926
145 428 214
215 428 377
232 428 246
272 428 299
398 428 481
74 429 151
91 429 172
138 429 395
190 429 118
245 429 333
302 429 817
335 429 318
364 429 230
423 429 763
85 430 202
86 430 240
114 430 249
226 430 139
278 430 288
287 430 689
371 430 195
392 430 181
10 431 188
78 431 219
266 431 172
276 431 567
317 431 121
351 431 713
394 431 160
419 431 224
427 431 764
72 432 213
165 432 179
170 432 248
199 432 262
235 432 351
375 432 350
408 432 130
13 433 155
57 433 228
68 433 206
70 433 284
189 433 190
302 433 342
345 433 257
357 433 192
66 434 215
86 434 323
139 434 277
176 434 173
182 434 321
260 434 305
309 434 255
367 434 221
371 434 283
373 434 301
86 435 299
129 435 545
179 435 166
233 435 119
309 435 274
363 435 439
391 435 260
407 435 334
416 435 148
37 436 217
51 436 180
96 436 161
188 436 938
254 436 913
365 436 287
60 437 283
62 437 187
75 437 314
155 437 173
236 437 147
253 437 621
257 437 280
265 437 200
342 437 169
48 438 685
58 438 221
71 438 164
128 438 304
131 438 144
195 438 304
262 438 319
399 438 269
15 439 268
109 439 223
143 439 189
151 439 191
205 439 125
208 439 316
252 439 217
261 439 108
312 439 243
358 439 207
361 439 206
431 439 239
10 440 163
18 440 160
79 440 281
151 440 179
212 440 175
351 440 174
414 440 262
419 440 275
427 440 296
431 440 822
28 441 184
61 441 242
147 441 173
229 441 200
286 441 189
365 441 190
374 441 154
387 441 209
409 441 337
436 441 171
2 442 273
4 442 217
26 442 206
35 442 230
41 442 188
53 442 232
63 442 253
89 442 207
163 442 277
194 442 986
267 442 680
295 442 163
135 443 107
150 443 267
172 443 301
260 443 345
322 443 240
371 443 310
400 443 656
403 443 145
426 443 300
25 444 154
92 444 392
124 444 158
160 444 413
175 444 371
251 444 155
288 444 241
290 444 244
296 444 331
410 444 147
22 445 184
34 445 714
65 445 302
94 445 116
110 445 189
165 445 271
181 445 247
219 445 181
225 445 320
325 445 204
336 445 248
353 445 288
51 446 251
61 446 228
147 446 129
219 446 172
229 446 277
374 446 167
390 446 208
409 446 152
436 446 283
61 447 208
83 447 681
111 447 212
229 447 193
286 447 277
365 447 193
409 447 315
436 447 217
446 447 336
47 448 227
57 448 213
183 448 142
382 448 193
388 448 268
411 448 187
433 448 143
33 449 177
88 449 193
97 449 207
111 449 269
131 449 587
254 449 327
273 449 197
320 449 136
384 449 886
390 449 119
447 449 248
2 450 239
11 450 214
34 450 367
35 450 144
40 450 145
54 450 201
110 450 225
119 450 324
318 450 242
360 450 305
398 450 231
38 451 199
93 451 303
127 451 991
154 451 242
168 451 494
227 451 157
323 451 152
432 451 217
445 451 648
4 452 222
5 452 306
32 452 366
53 452 207
63 452 194
163 452 936
194 452 195
198 452 175
259 452 268
267 452 176
359 452 200
3 453 541
49 453 125
50 453 245
59 453 232
64 453 182
91 453 262
138 453 311
148 453 272
167 453 895
268 453 722
291 453 133
379 453 164
91 454 291
116 454 207
190 454 194
245 454 895
264 454 237
268 454 170
357 454 211
382 454 141
448 454 182
16 455 253
23 455 648
29 455 465
158 455 129
238 455 226
263 455 233
332 455 159
338 455 254
349 455 287
383 455 235
107 456 135
146 456 238
171 456 115
216 456 147
282 456 141
297 456 253
314 456 338
378 456 100
389 456 238
33 457 237
50 457 168
55 457 300
88 457 926
138 457 276
203 457 346
228 457 173
235 457 290
287 457 371
326 457 121
350 457 361
381 457 183
408 457 237
429 457 230
430 457 304
3 458 181
126 458 145
217 458 303
247 458 270
266 458 144
291 458 160
317 458 153
329 458 190
337 458 312
341 458 245
386 458 258
85 459 150
150 459 172
178 459 305
180 459 846
202 459 190
371 459 117
404 459 233
87 460 231
164 460 552
238 460 604
270 460 140
274 460 285
300 460 194
308 460 866
320 460 206
366 460 207
393 460 365
424 460 233
150 461 159
160 461 362
178 461 325
251 461 199
296 461 854
327 461 172
347 461 322
410 461 228
426 461 159
459 461 478
62 462 230
75 462 211
114 462 137
236 462 134
253 462 244
257 462 200
281 462 444
313 462 244
457 462 240
122 463 253
233 463 391
246 463 210
328 463 214
339 463 110
340 463 207
363 463 113
391 463 150
407 463 254
5 464 972
20 464 749
38 464 291
72 464 142
170 464 169
272 464 162
375 464 358
422 464 103
432 464 128
79 465 320
102 465 296
113 465 353
161 465 352
211 465 335
212 465 324
304 465 156
307 465 186
362 465 232
424 465 212
130 466 241
152 466 226
209 466 284
215 466 147
244 466 331
256 466 187
272 466 325
275 466 104
421 466 210
422 466 319
48 467 744
128 467 649
186 467 279
195 467 305
206 467 276
248 467 127
370 467 191
399 467 210
438 467 310
14 468 345
42 468 214
233 468 221
246 468 477
321 468 280
328 468 362
339 468 271
363 468 339
391 468 955
40 469 199
102 469 330
106 469 310
113 469 207
123 469 205
161 469 368
250 469 267
362 469 181
398 469 578
465 469 346
55 470 310
65 470 245
105 470 119
111 470 216
149 470 172
193 470 157
203 470 299
219 470 248
252 470 210
254 470 120
283 470 754
312 470 232
387 470 189
436 470 178
456 470 117
7 471 201
9 471 177
19 471 323
137 471 197
184 471 239
210 471 165
224 471 383
285 471 519
306 471 168
402 471 187
56 472 946
92 472 262
112 472 118
121 472 251
122 472 261
166 472 271
232 472 293
255 472 228
340 472 223
354 472 946
380 472 199
49 473 178
85 473 259
108 473 257
133 473 227
148 473 207
150 473 274
327 473 350
344 473 126
459 473 299
143 474 160
180 474 261
204 474 287
228 474 150
261 474 104
271 474 110
303 474 228
368 474 219
371 474 297
373 474 262
430 474 247
443 474 763
79 475 248
81 475 220
105 475 351
116 475 343
151 475 324
191 475 205
193 475 354
196 475 219
258 475 801
284 475 252
312 475 357
424 475 190
6 476 266
11 476 188
35 476 265
41 476 216
53 476 180
63 476 334
92 476 211
194 476 227
267 476 130
293 476 282
385 476 352
452 476 336
8 477 338
15 477 170
24 477 102
50 477 292
64 477 117
172 477 274
183 477 156
207 477 210
208 477 270
238 477 346
242 477 351
308 477 107
349 477 229
381 477 186
403 477 219
7 478 354
22 478 290
84 478 262
98 478 303
114 478 954
165 478 345
281 478 170
285 478 236
330 478 266
356 478 159
392 478 302
418 478 361
68 479 170
73 479 207
80 479 116
89 479 164
157 479 233
163 479 294
211 479 247
241 479 133
258 479 316
259 479 108
393 479 223
417 479 223
424 479 257
471 479 164
66 480 238
203 480 779
216 480 184
226 480 161
252 480 219
261 480 165
271 480 182
371 480 204
430 480 272
443 480 208
473 480 183
99 481 217
116 481 125
142 481 119
173 481 223
186 481 322
191 481 173
300 481 905
366 481 223
370 481 234
425 481 301
460 481 161
475 481 713
18 482 239
39 482 549
54 482 303
78 482 170
187 482 216
213 482 320
287 482 374
318 482 141
351 482 215
360 482 596
427 482 189
80 483 264
102 483 191
113 483 164
123 483 115
161 483 164
211 483 277
214 483 167
250 483 237
307 483 229
352 483 270
362 483 175
1 484 238
83 484 204
118 484 159
125 484 143
164 484 287
274 484 272
286 484 351
409 484 988
415 484 226
60 485 182
75 485 201
155 485 101
192 485 310
228 485 159
257 485 212
303 485 130
383 485 219
437 485 248
462 485 262
48 486 178
146 486 249
197 486 232
206 486 101
230 486 181
277 486 844
298 486 728
389 486 177
438 486 148
449 486 210
94 487 137
95 487 180
139 487 212
141 487 121
181 487 295
182 487 989
215 487 190
243 487 167
275 487 977
394 487 246
440 487 312
475 487 137
8 488 243
23 488 227
68 488 122
116 488 189
172 488 206
185 488 148
205 488 198
208 488 139
238 488 125
322 488 174
324 488 203
366 488 240
388 488 277
448 488 212
477 488 281
30 489 133
32 489 281
100 489 207
108 489 821
198 489 163
278 489 261
326 489 346
356 489 195
368 489 267
392 489 443
430 489 140
474 489 250
480 489 111
6 490 301
89 490 232
164 490 233
241 490 276
258 490 229
259 490 174
267 490 198
284 490 141
324 490 348
331 490 316
424 490 187
428 490 482
469 490 117
484 490 291
1 491 129
9 491 151
80 491 109
95 491 238
161 491 175
205 491 273
242 491 105
283 491 191
312 491 299
366 491 901
424 491 242
475 491 570
479 491 328
488 491 210
490 491 443
47 492 357
183 492 107
189 492 309
238 492 222
264 492 263
304 492 753
310 492 233
433 492 507
448 492 169
454 492 188
15 493 192
109 493 303
143 493 269
172 493 175
205 493 171
221 493 171
252 493 182
283 493 286
293 493 268
361 493 184
401 493 236
443 493 412
121 494 263
182 494 201
215 494 173
223 494 310
232 494 311
255 494 215
260 494 299
279 494 150
380 494 188
426 494 292
434 494 343
76 495 174
77 495 273
95 495 225
112 495 232
157 495 325
158 495 241
212 495 213
215 495 230
244 495 323
255 495 222
424 495 949
428 495 168
487 495 329
71 496 174
146 496 266
159 496 262
171 496 269
269 496 215
311 496 198
377 496 231
399 496 297
413 496 228
467 496 176
88 497 225
154 497 116
199 497 174
227 497 306
323 497 718
336 497 314
408 497 148
432 497 113
451 497 199
464 497 368
49 498 268
50 498 196
204 498 298
218 498 148
222 498 328
261 498 195
271 498 353
361 498 178
368 498 212
403 498 144
430 498 268
443 498 307
480 498 240
3 499 359
49 499 162
108 499 710
133 499 631
175 499 230
180 499 244
327 499 141
344 499 248
368 499 227
459 499 187
7 500 467
19 500 243
195 500 293
239 500 343
248 500 271
262 500 185
306 500 146
356 500 144
378 500 181
387 500 241
456 500 284
