1
0
1
1
1000000
0
0
0
0
1
32 81 141
78 106 594
72 133 326
76 156 696
46 162 100
106 169 522
153 171 476
60 190 177
44 216 668
118 232 526
45 238 168
154 240 943
82 242 270
18 261 509
243 275 324
191 296 571
19 307 620
36 320 315
12 327 180
174 330 214
281 336 575
66 342 962
236 349 207
165 352 254
49 353 211
320 356 721
195 359 729
299 361 257
39 368 375
278 370 267
137 378 575
201 381 404
372 383 611
371 388 560
326 390 654
228 394 149
5 409 208
350 409 336
408 415 563
371 416 227
187 421 276
304 421 391
6 422 321
282 422 346
81 424 235
380 428 397
185 429 241
418 431 337
338 434 111
397 441 216
289 443 296
354 446 435
232 448 461
119 450 431
441 450 899
413 451 339
374 456 368
302 460 339
436 460 265
13 461 294
173 461 120
20 462 422
263 463 393
46 466 383
65 473 353
79 477 252
399 477 234
6 481 212
344 489 287
308 490 452
380 495 440
192 505 584
475 514 624
508 517 158
302 518 424
103 519 403
55 527 706
59 527 337
43 537 252
214 537 122
303 538 220
69 539 761
380 539 351
538 540 272
480 543 181
107 563 536
310 563 426
384 563 690
52 564 238
408 574 364
331 575 544
115 576 236
530 577 309
297 579 214
186 587 811
520 587 208
127 590 183
336 590 107
420 592 285
66 593 209
152 605 439
293 605 317
212 607 221
395 607 550
392 608 539
141 611 334
429 612 280
364 614 365
426 620 642
483 625 255
143 626 807
162 629 521
460 636 593
540 636 236
253 640 406
151 642 314
27 644 542
180 644 341
145 646 110
463 649 149
377 651 227
57 652 206
189 652 328
281 653 303
77 655 391
498 655 384
1 657 369
430 657 303
18 659 317
376 659 109
220 662 116
402 662 215
503 662 209
7 664 248
19 665 423
313 669 115
199 672 142
113 673 277
16 675 445
352 676 171
85 677 520
577 681 259
535 682 366
632 685 227
648 685 216
343 686 404
378 691 105
32 692 272
382 696 413
605 696 383
279 697 191
52 700 339
178 701 547
668 704 246
379 705 257
58 708 268
541 710 424
15 713 407
231 714 405
670 715 231
429 716 257
551 717 223
714 717 504
259 725 646
517 725 322
533 726 115
503 728 762
222 730 150
89 734 558
530 734 296
32 736 215
197 738 396
333 738 328
22 739 636
451 742 236
90 743 352
399 744 676
689 744 152
173 745 392
664 747 165
515 753 216
234 755 358
376 758 903
395 759 241
36 762 857
652 764 124
572 766 252
618 767 192
639 769 261
364 773 591
250 776 309
173 777 285
701 779 452
123 784 270
711 786 682
568 789 269
730 789 231
540 790 289
777 790 294
375 793 446
609 795 824
664 795 254
471 801 160
185 803 491
170 804 227
371 806 380
279 807 268
213 810 323
732 811 469
36 816 254
775 818 328
386 820 220
822 823 540
204 825 188
65 827 769
524 830 107
205 833 750
55 838 191
299 839 376
314 839 348
133 840 101
174 840 240
821 844 256
326 846 632
792 846 217
333 848 432
290 853 234
463 854 138
780 854 205
595 856 212
778 856 890
378 859 402
71 860 390
463 862 232
282 864 100
134 869 304
83 872 152
158 872 231
7 877 184
161 877 445
771 878 434
442 879 548
227 880 759
453 882 282
181 883 351
15 885 374
517 887 261
469 888 295
28 889 834
494 892 267
681 893 410
676 896 191
853 896 303
218 897 267
47 904 174
130 904 232
350 904 169
454 905 691
715 905 357
451 906 317
533 907 654
309 908 497
310 908 224
666 910 268
444 912 160
598 914 310
323 917 409
420 920 601
116 925 276
277 925 351
367 926 212
206 927 417
439 930 228
12 931 461
245 932 367
531 932 300
432 934 294
230 935 268
914 936 162
723 937 481
434 938 703
367 939 129
276 941 260
631 942 438
110 944 538
728 945 473
141 946 179
488 946 207
36 949 466
604 951 108
78 952 237
128 952 587
2 953 715
818 953 324
866 955 221
783 956 485
567 957 311
369 960 277
621 960 353
891 961 203
315 965 334
870 965 781
426 967 188
162 969 340
907 970 452
40 972 599
226 973 378
229 977 303
415 977 361
767 979 402
294 983 518
434 983 873
481 983 158
550 983 312
8 986 199
8 987 332
2 988 557
671 991 503
520 992 138
190 994 351
345 998 146
273 999 214
323 1001 468
539 1001 226
869 1003 766
875 1005 798
646 1011 203
747 1011 104
905 1011 405
437 1012 132
7 1013 727
37 1016 824
283 1019 108
667 1019 102
839 1019 614
690 1022 243
387 1026 960
483 1026 278
743 1030 122
896 1032 103
942 1032 530
568 1033 227
746 1034 864
926 1034 172
400 1036 392
150 1040 122
930 1041 309
408 1044 570
298 1048 952
764 1050 692
750 1051 440
603 1052 446
965 1053 548
494 1054 289
574 1056 370
641 1056 516
334 1057 216
479 1057 263
125 1058 311
433 1058 619
474 1060 292
493 1061 243
920 1062 507
386 1063 235
203 1065 244
86 1066 136
202 1068 332
882 1069 521
127 1071 676
867 1071 370
395 1073 193
462 1075 313
1012 1076 174
759 1077 689
243 1078 585
764 1082 729
931 1083 113
229 1085 230
658 1087 311
700 1092 307
664 1093 587
466 1094 196
270 1095 246
727 1095 523
126 1099 189
396 1099 666
1039 1099 361
317 1101 314
830 1103 281
156 1104 783
845 1106 869
243 1107 342
533 1108 114
125 1109 574
292 1109 162
544 1110 341
569 1111 376
335 1113 216
555 1113 266
2 1114 234
619 1114 296
953 1120 745
106 1121 289
373 1123 398
809 1123 462
180 1129 809
513 1130 639
645 1131 412
857 1132 292
232 1133 222
887 1134 428
387 1135 391
56 1136 262
593 1138 144
856 1138 710
679 1140 108
480 1145 932
792 1146 422
216 1148 413
589 1148 317
35 1149 101
852 1149 197
255 1150 502
281 1154 222
63 1156 135
167 1156 279
391 1156 326
1066 1157 635
120 1158 328
794 1163 453
73 1167 524
64 1168 382
387 1168 165
1072 1168 460
145 1171 272
903 1171 616
282 1172 586
637 1173 732
1155 1173 445
685 1176 609
750 1178 679
930 1179 896
232 1180 385
1060 1180 223
522 1181 586
187 1186 203
85 1190 295
203 1191 418
731 1191 122
1025 1194 289
1189 1194 303
34 1195 276
779 1198 328
1013 1201 942
1084 1201 436
596 1202 310
828 1203 818
760 1207 452
899 1208 320
60 1211 285
486 1213 243
299 1215 511
796 1215 183
962 1215 389
31 1216 255
595 1220 195
750 1226 289
1014 1226 122
206 1232 265
971 1235 366
909 1236 302
602 1239 119
1122 1239 223
580 1240 355
238 1241 369
940 1241 265
244 1242 606
562 1244 243
272 1245 811
34 1246 381
1245 1248 332
782 1250 890
682 1251 387
902 1254 200
224 1256 177
914 1256 563
923 1256 353
525 1257 279
548 1257 436
1033 1259 594
829 1260 495
1246 1260 155
232 1261 172
838 1262 121
837 1263 278
1058 1266 294
639 1267 234
1205 1270 367
31 1271 335
220 1272 851
543 1275 359
1128 1275 470
164 1276 205
60 1277 822
186 1277 218
605 1277 160
778 1281 300
180 1284 529
305 1285 563
681 1285 209
922 1286 107
297 1287 196
999 1287 625
19 1290 339
262 1293 539
531 1293 369
679 1295 866
139 1296 319
1117 1298 188
575 1300 186
109 1301 594
560 1302 398
495 1305 112
617 1306 322
903 1307 363
198 1308 131
579 1308 282
476 1309 617
625 1309 638
821 1311 375
1245 1311 726
785 1312 156
1270 1313 512
173 1314 179
406 1314 629
1241 1314 186
1284 1315 193
356 1316 696
812 1317 286
888 1317 247
507 1318 219
74 1320 226
833 1320 578
270 1321 375
1130 1321 236
525 1322 605
684 1324 104
1167 1326 387
80 1327 247
402 1327 253
293 1328 290
632 1329 368
42 1330 365
451 1330 509
546 1330 436
574 1330 786
1145 1334 249
1287 1334 449
1161 1335 796
20 1336 961
609 1337 246
798 1337 270
38 1338 826
523 1338 261
674 1340 269
769 1340 106
397 1341 149
555 1341 491
160 1342 104
366 1342 106
420 1344 266
631 1344 348
968 1346 323
1012 1347 320
1077 1348 284
868 1349 637
725 1351 315
1300 1351 711
402 1352 925
1139 1352 255
1057 1353 322
204 1354 298
775 1354 328
25 1355 270
736 1355 325
124 1356 944
913 1356 253
586 1358 186
159 1359 312
1066 1360 291
212 1362 244
563 1363 236
1042 1364 222
1237 1364 359
94 1367 572
740 1368 334
787 1368 106
693 1370 289
1190 1370 218
1311 1370 676
286 1372 696
1165 1372 209
83 1373 628
287 1374 826
707 1375 302
1313 1376 827
349 1379 227
415 1379 184
1194 1379 349
933 1380 210
843 1383 296
824 1385 319
154 1386 685
255 1386 320
1116 1386 441
321 1388 196
439 1388 286
472 1390 338
1323 1391 320
911 1392 469
215 1393 480
602 1394 778
803 1394 284
951 1395 317
1292 1396 282
807 1398 873
304 1399 503
1171 1400 383
900 1402 365
1239 1402 148
117 1403 397
269 1404 262
1035 1404 244
923 1407 406
1334 1407 242
792 1408 310
1059 1408 163
934 1410 225
1222 1411 246
529 1412 686
423 1413 253
1061 1413 508
1172 1413 630
258 1414 239
139 1416 191
130 1417 253
373 1417 227
488 1418 131
871 1419 184
980 1419 339
1088 1419 147
443 1420 374
1047 1423 540
484 1424 322
1264 1424 648
876 1425 126
1259 1428 427
172 1429 805
542 1429 957
1349 1429 233
100 1430 364
730 1431 646
1142 1433 214
663 1434 138
1152 1438 2880
1112 1439 206
362 1440 103
775 1440 157
437 1442 502
757 1442 245
1422 1444 131
601 1445 231
209 1446 427
455 1446 255
1005 1446 369
455 1448 198
436 1449 236
299 1451 461
177 1452 216
983 1452 496
909 1453 370
1228 1453 130
1369 1453 220
1136 1454 449
1354 1455 441
91 1456 198
1397 1456 174
1411 1457 307
1055 1458 316
249 1459 148
563 1460 784
182 1461 216
1241 1462 209
187 1463 530
278 1465 220
1276 1465 228
1069 1466 139
175 1468 122
370 1469 676
1086 1469 434
628 1470 283
1375 1472 355
21 1473 876
575 1473 212
911 1475 119
40 1480 278
1336 1480 244
248 1485 231
1164 1486 148
1249 1487 364
1457 1489 199
594 1490 100
886 1490 595
922 1491 211
652 1492 285
485 1493 391
494 1493 817
1443 1494 793
1469 1494 235
719 1495 311
733 1495 144
1204 1496 207
994 1497 291
1486 1497 300
622 1498 822
1123 1499 448
312 1500 329
296 1501 416
599 1501 168
911 1501 681
1043 1501 103
1482 1503 786
607 1504 263
993 1505 207
1369 1506 113
536 1508 754
964 1508 255
569 1509 182
582 1509 956
669 1511 834
786 1512 604
1010 1512 374
486 1513 298
678 1514 349
1201 1514 284
821 1517 388
334 1518 136
835 1519 247
1455 1519 113
340 1520 585
436 1520 269
997 1520 450
453 1521 333
597 1521 310
629 1521 202
771 1521 214
1252 1521 596
808 1524 374
1129 1526 459
1187 1526 341
959 1529 965
1088 1529 217
1283 1529 585
589 1530 264
499 1531 255
1104 1531 477
1230 1532 866
1376 1532 319
802 1533 214
1052 1534 995
916 1536 242
1385 1536 189
781 1537 568
157 1538 211
1289 1538 262
1429 1538 489
484 1539 606
1022 1539 768
1066 1539 798
1273 1539 783
107 1540 392
310 1540 190
597 1543 562
335 1545 607
448 1545 385
695 1545 264
971 1545 108
594 1546 922
1378 1546 251
130 1548 274
140 1548 267
920 1549 578
1253 1550 792
36 1552 329
797 1552 128
373 1553 254
890 1553 367
632 1555 387
928 1555 477
992 1556 101
994 1556 247
1539 1556 928
150 1557 143
1448 1557 244
437 1560 255
1279 1560 162
141 1561 390
562 1565 607
865 1566 527
1111 1566 595
427 1569 577
1126 1569 281
1145 1570 349
1248 1570 614
655 1571 130
825 1571 650
397 1572 284
539 1572 286
1337 1572 439
249 1573 164
365 1574 682
274 1575 116
131 1577 228
168 1577 395
1391 1577 280
1122 1580 469
161 1581 704
284 1582 511
81 1583 658
828 1583 723
363 1584 416
1423 1585 395
1430 1588 263
740 1589 136
657 1590 715
760 1590 459
81 1591 116
407 1591 329
459 1592 603
1483 1592 249
283 1593 478
1081 1593 472
1370 1594 731
1202 1596 283
990 1597 261
879 1599 923
515 1600 338
1019 1602 489
1401 1603 284
1333 1604 266
1128 1605 532
219 1606 196
159 1608 395
786 1608 305
1399 1609 350
1522 1609 204
298 1610 326
596 1610 112
765 1610 851
929 1611 258
1370 1612 256
1538 1612 191
586 1613 455
819 1614 228
641 1617 907
549 1619 381
1019 1620 401
553 1621 185
1109 1621 727
915 1622 233
1285 1622 234
1303 1623 100
233 1624 808
1434 1624 448
1572 1624 255
341 1625 688
1183 1626 215
1622 1626 230
593 1627 673
679 1627 117
117 1628 105
1218 1630 236
4 1631 166
717 1634 470
988 1634 164
656 1635 293
450 1636 308
813 1636 193
1582 1636 118
1567 1637 129
444 1638 346
1485 1640 362
1031 1642 301
1555 1643 433
140 1644 111
759 1645 660
916 1645 388
1044 1645 203
1459 1645 907
602 1646 210
668 1646 202
676 1648 225
800 1648 340
971 1649 197
1552 1649 191
643 1650 150
106 1652 788
1000 1653 470
1220 1653 342
1506 1653 117
1389 1655 182
1046 1657 287
1227 1659 267
1653 1659 145
894 1660 182
431 1661 271
1375 1661 230
114 1662 658
1651 1662 489
638 1663 306
976 1663 234
199 1664 177
544 1664 833
609 1664 181
768 1665 631
1178 1666 231
850 1667 276
100 1668 103
1147 1668 949
833 1670 503
1436 1670 537
1639 1671 411
199 1672 335
719 1673 282
1070 1673 556
265 1674 283
327 1674 311
1511 1674 313
1576 1675 227
1602 1676 287
121 1678 335
919 1678 104
403 1679 274
466 1680 167
812 1682 639
3 1683 390
1000 1683 100
565 1684 700
237 1686 118
771 1687 195
112 1689 780
880 1689 504
562 1690 265
778 1692 599
686 1695 320
500 1696 944
810 1697 558
1457 1697 229
1621 1700 240
379 1702 288
1417 1702 571
110 1704 582
489 1704 289
256 1705 229
805 1706 180
1629 1706 207
1146 1707 793
1128 1708 393
389 1709 343
955 1709 516
325 1710 365
420 1710 382
291 1711 121
1251 1711 690
913 1712 412
1325 1712 656
69 1714 577
1359 1714 330
173 1715 439
696 1716 221
977 1717 869
1231 1717 794
70 1718 210
1079 1718 705
1646 1718 317
625 1720 922
855 1720 610
1514 1722 377
226 1723 518
1344 1724 922
1565 1724 492
1085 1727 917
1476 1727 501
64 1728 738
346 1729 319
1486 1729 273
16 1730 207
167 1731 533
1250 1733 151
1037 1734 257
1531 1734 254
618 1735 612
712 1735 268
1067 1735 369
844 1737 230
336 1739 265
836 1741 137
995 1743 451
86 1744 444
214 1746 362
1105 1746 760
1696 1747 187
225 1749 346
242 1749 458
992 1750 561
478 1751 131
165 1753 411
242 1753 406
866 1753 297
514 1754 386
929 1754 104
1199 1756 656
1562 1756 556
578 1758 398
770 1758 338
1212 1758 114
1369 1759 347
1342 1760 222
1692 1760 471
604 1761 208
896 1761 464
1615 1761 188
1063 1763 979
1557 1763 529
116 1765 389
537 1767 437
48 1768 215
849 1768 298
287 1769 446
465 1770 432
1665 1770 347
834 1771 520
1060 1771 301
654 1772 567
790 1773 135
1452 1773 503
799 1774 234
1110 1775 159
1343 1775 207
101 1776 580
1630 1776 291
950 1777 230
1702 1777 279
253 1778 137
337 1778 287
1243 1778 525
633 1779 185
374 1780 958
1524 1780 371
506 1781 494
885 1782 208
120 1783 451
382 1783 583
167 1785 212
1378 1785 636
957 1786 300
1112 1786 334
154 1788 145
529 1789 533
1575 1789 139
926 1790 712
1195 1790 489
1107 1791 232
1056 1792 652
1376 1792 964
1722 1792 373
450 1793 711
1578 1793 305
1106 1794 202
210 1795 621
122 1796 383
1241 1797 259
1509 1798 332
40 1799 297
1264 1799 437
402 1800 826
149 1801 264
524 1801 614
1089 1801 425
355 1802 599
293 1803 128
665 1804 533
640 1805 539
1501 1806 363
334 1810 313
1550 1811 303
1554 1811 863
103 1812 986
313 1812 354
1029 1813 180
961 1814 389
1491 1814 209
1300 1815 129
473 1816 211
788 1817 769
1567 1817 524
1736 1820 250
777 1821 164
421 1822 364
1017 1822 236
879 1823 348
959 1823 623
1000 1823 293
613 1824 400
1070 1824 388
1002 1826 231
99 1828 346
417 1828 338
1466 1828 189
52 1829 549
1066 1829 150
387 1830 406
474 1830 244
1296 1830 318
1765 1831 344
1366 1833 385
1626 1834 260
1159 1836 401
727 1837 466
1394 1838 786
52 1839 235
103 1839 475
721 1839 347
1577 1840 984
805 1841 209
1692 1842 713
233 1843 213
814 1843 728
483 1846 283
290 1847 273
1372 1848 230
1527 1848 400
696 1849 308
1533 1849 515
1409 1850 243
1559 1850 438
49 1851 771
752 1851 471
1240 1851 226
1349 1852 177
1372 1852 215
1726 1852 205
1808 1852 214
1689 1853 101
922 1854 621
1389 1854 276
1480 1854 287
200 1855 181
168 1856 369
713 1856 212
887 1857 676
36 1858 678
981 1859 860
1662 1859 295
127 1861 228
438 1861 188
625 1861 528
75 1862 271
906 1862 122
1242 1863 244
1527 1863 192
1602 1863 436
683 1864 462
929 1865 607
330 1866 195
1024 1866 297
1122 1867 917
580 1868 220
938 1869 223
1486 1870 222
308 1871 306
1269 1873 578
1339 1873 801
1725 1873 387
1685 1874 262
1626 1875 237
1678 1875 281
232 1876 179
720 1877 119
654 1879 254
820 1879 245
1030 1880 127
1379 1880 449
1405 1880 256
1865 1881 239
15 1882 294
41 1882 366
934 1883 437
1232 1883 897
1805 1884 506
140 1885 108
753 1885 338
1583 1886 193
1065 1888 996
1586 1889 261
1771 1891 777
356 1892 893
1085 1892 123
966 1893 696
1406 1893 196
1888 1893 535
327 1894 487
1339 1894 982
1784 1894 427
628 1896 103
443 1897 261
1477 1897 330
1656 1897 533
16 1898 238
169 1898 718
271 1899 240
1401 1899 359
526 1900 228
1616 1900 956
460 1901 746
1563 1901 288
1866 1901 123
1288 1905 215
1596 1905 670
265 1906 233
636 1906 407
675 1906 189
1045 1907 477
1361 1907 440
1872 1907 401
60 1908 312
762 1908 556
496 1909 324
121 1910 547
627 1910 255
1305 1910 211
1212 1912 626
227 1914 393
993 1914 225
1614 1914 491
111 1915 198
1750 1917 384
1739 1918 241
787 1920 289
1283 1921 112
1160 1922 203
138 1923 426
1759 1923 511
776 1924 179
555 1925 343
1836 1925 928
589 1926 505
807 1926 425
1236 1926 316
1592 1926 246
472 1927 251
737 1927 203
1731 1927 294
981 1928 393
1329 1928 328
1411 1930 187
723 1932 202
700 1933 244
750 1933 314
365 1935 332
1164 1936 285
1031 1938 302
96 1940 470
231 1940 434
932 1940 260
995 1940 894
1709 1941 558
72 1942 881
390 1942 295
1166 1942 532
1207 1943 216
1906 1945 220
720 1946 367
1018 1947 716
457 1948 272
1717 1948 179
984 1950 363
109 1951 319
1603 1952 298
306 1953 344
1766 1954 310
105 1955 214
185 1955 616
591 1955 118
557 1956 624
1091 1957 318
1578 1957 551
1136 1959 760
1297 1962 146
300 1964 226
1162 1964 341
1929 1964 491
366 1965 355
1481 1965 360
1601 1965 373
301 1966 577
1468 1967 215
1949 1967 206
932 1968 155
275 1970 263
158 1971 593
1227 1971 536
1776 1972 419
1578 1973 306
1904 1973 164
620 1976 422
1302 1978 770
1851 1978 202
228 1979 325
1876 1979 907
1027 1980 272
24 1981 971
864 1981 141
67 1982 213
1471 1982 546
1159 1984 321
1694 1985 621
288 1987 518
1333 1988 389
1883 1989 919
1139 1990 130
98 1991 196
1701 1991 715
264 1992 281
534 1995 260
1339 1995 298
568 1996 315
1078 1996 936
1243 1996 143
1868 1997 207
865 1998 475
970 1998 684
1247 1998 489
566 2001 191
1090 2001 274
1652 2001 130
1807 2001 150
299 2002 399
1975 2002 125
213 2003 804
800 2004 801
1214 2004 500
113 2006 680
1002 2006 223
144 2007 254
1724 2007 141
1125 2008 221
537 2009 198
1395 2009 216
143 2010 851
77 2011 445
1975 2011 479
30 2012 394
371 2012 142
1214 2013 491
956 2014 208
1115 2014 390
1810 2014 663
1375 2015 221
1621 2015 435
832 2016 550
1196 2016 213
995 2017 298
1098 2018 317
253 2019 129
776 2019 335
1188 2019 286
465 2020 199
1679 2021 437
772 2022 267
1446 2023 415
1260 2024 661
349 2025 611
495 2025 431
357 2026 770
782 2026 533
1878 2026 214
433 2027 178
914 2027 102
1327 2027 628
669 2028 248
1763 2028 203
1958 2028 858
721 2029 409
653 2030 116
1835 2030 615
37 2031 407
363 2032 347
434 2032 338
193 2033 592
971 2033 228
340 2034 229
1395 2034 652
1968 2035 318
1241 2036 232
761 2037 372
1794 2038 817
1781 2039 767
27 2040 399
1824 2040 817
842 2041 135
1665 2041 299
1498 2042 305
97 2043 339
422 2043 190
1699 2043 101
159 2044 503
48 2045 820
694 2046 146
857 2046 267
76 2047 383
1073 2048 261
26 2049 760
267 2050 246
435 2050 183
1109 2050 311
1286 2050 210
67 2051 442
555 2052 580
37 2053 342
1972 2053 217
1549 2054 265
1690 2054 321
400 2055 322
1020 2055 654
1691 2056 123
502 2057 274
9 2059 370
888 2060 188
475 2062 332
1774 2065 272
1233 2067 268
73 2068 339
349 2068 244
1506 2069 247
1256 2070 277
385 2071 671
721 2071 537
1478 2071 601
425 2072 407
1908 2072 249
1140 2073 642
818 2074 288
1508 2074 821
1479 2075 296
884 2076 902
1557 2077 259
2061 2077 197
1652 2078 563
196 2079 434
458 2079 266
1246 2079 252
702 2080 366
669 2081 110
1634 2082 258
1315 2084 145
831 2085 498
520 2086 207
698 2086 792
1006 2086 309
1432 2087 192
1974 2087 287
347 2088 420
1923 2088 355
1790 2089 661
1961 2089 563
237 2091 733
419 2091 201
422 2091 539
342 2092 137
596 2094 131
957 2095 533
473 2096 540
92 2099 649
124 2099 324
903 2102 198
1596 2102 778
49 2103 206
1013 2104 698
218 2105 181
2066 2106 733
792 2107 211
94 2108 230
826 2110 374
827 2110 358
1091 2110 432
52 2111 925
523 2111 567
506 2112 467
1128 2112 355
104 2113 245
184 2113 486
880 2113 203
1274 2115 224
1931 2115 363
1193 2116 481
1697 2118 215
359 2119 205
841 2119 282
1228 2119 274
128 2122 384
480 2122 418
1265 2122 338
978 2123 810
1058 2123 606
229 2124 651
581 2124 600
870 2124 592
969 2125 254
1648 2126 450
859 2127 518
753 2128 178
1251 2128 359
1027 2129 346
1384 2129 100
751 2130 277
287 2131 315
1918 2132 239
333 2133 234
824 2133 226
241 2134 192
1216 2134 462
426 2135 124
475 2135 622
2119 2135 308
617 2136 494
1825 2136 425
295 2137 309
52 2138 376
235 2140 224
990 2140 364
1769 2141 179
62 2142 150
131 2144 177
1542 2144 237
355 2145 218
1724 2145 165
1866 2145 738
1803 2146 388
195 2148 296
160 2150 671
742 2150 110
1258 2150 312
1879 2150 475
1029 2151 462
678 2153 130
1547 2153 531
134 2154 856
2112 2154 185
1224 2155 226
265 2156 186
434 2156 247
723 2156 196
1714 2157 291
1609 2159 442
39 2160 276
1333 2160 504
518 2161 498
2027 2162 922
1261 2163 366
1277 2164 438
1101 2165 382
204 2166 619
1149 2167 258
1415 2167 841
1177 2168 659
14 2169 937
377 2170 109
490 2171 173
917 2171 452
1070 2171 517
217 2172 130
734 2173 185
1391 2175 543
2173 2175 510
998 2176 193
1665 2176 116
1630 2177 241
1068 2178 699
1023 2179 253
1543 2179 394
1086 2180 442
735 2181 283
530 2182 722
21 2183 259
212 2183 317
420 2184 277
842 2185 670
1831 2185 172
39 2186 586
158 2188 433
293 2190 306
1023 2190 240
1890 2190 386
1039 2191 316
1872 2191 315
276 2192 344
1456 2192 405
640 2193 433
996 2193 106
1127 2193 260
1576 2194 352
404 2195 261
1558 2195 329
120 2196 552
1110 2196 684
989 2197 104
984 2198 437
1422 2199 286
545 2200 336
563 2200 233
1577 2200 296
279 2201 379
326 2201 851
808 2201 120
1709 2201 587
1966 2203 370
473 2204 812
16 2205 137
806 2205 505
369 2207 547
1455 2207 339
2067 2208 948
727 2210 350
795 2211 370
1473 2212 240
1514 2212 407
1184 2213 341
1474 2213 203
763 2214 337
1936 2214 486
2027 2214 182
87 2215 230
898 2215 252
1080 2216 456
348 2217 151
2120 2217 447
378 2218 811
322 2219 393
1510 2220 202
1943 2222 608
2174 2223 224
569 2224 660
1217 2224 725
328 2225 255
722 2225 237
479 2226 512
707 2226 440
1295 2226 464
1786 2227 438
28 2228 265
643 2228 106
515 2229 313
1031 2229 377
1569 2229 235
743 2230 186
296 2231 128
1543 2231 108
1742 2232 680
2158 2232 258
276 2233 389
1502 2233 103
2162 2233 329
2181 2234 373
324 2236 338
1092 2236 894
1350 2236 881
1799 2236 229
1714 2237 283
562 2238 241
3 2239 780
1135 2239 599
1370 2239 201
1467 2239 178
174 2240 417
1295 2240 308
1287 2241 252
103 2242 264
601 2242 603
2067 2243 242
2139 2244 224
1114 2245 322
1258 2245 234
951 2246 302
658 2247 263
1779 2247 106
273 2248 592
293 2248 160
896 2252 150
1684 2252 190
1336 2253 501
1937 2253 342
2050 2254 476
873 2255 843
2138 2256 296
1247 2257 126
1433 2257 409
364 2258 121
497 2260 831
2108 2260 619
1160 2261 314
1282 2261 715
1587 2261 404
1975 2261 656
2180 2261 477
542 2262 300
1267 2262 264
1971 2262 312
606 2263 361
1244 2263 681
1680 2263 225
1760 2263 317
1161 2264 244
2121 2266 225
61 2267 137
2005 2268 421
2133 2268 529
882 2269 275
1383 2269 818
454 2270 305
1640 2270 397
176 2271 285
583 2271 262
2147 2272 240
1546 2273 235
2244 2275 261
627 2276 357
1618 2277 216
1859 2277 887
84 2278 582
721 2279 898
1065 2280 395
236 2281 202
696 2281 441
2168 2281 853
326 2282 271
538 2282 200
953 2282 691
1787 2282 287
1390 2284 103
2070 2286 321
255 2288 854
1062 2289 258
847 2290 266
962 2290 375
2104 2290 136
605 2291 297
637 2291 466
1636 2291 105
1156 2292 477
1918 2292 244
1969 2293 322
2034 2294 375
521 2295 134
1276 2296 444
1595 2297 205
1199 2298 404
1755 2300 137
62 2301 211
316 2303 268
347 2303 531
1187 2303 184
1413 2303 271
2297 2303 325
1462 2304 196
2147 2305 925
2190 2305 232
148 2307 652
724 2307 274
1566 2307 251
634 2308 203
1985 2308 198
2039 2309 626
1792 2310 448
2141 2310 234
617 2311 101
616 2312 312
707 2313 397
1892 2313 988
935 2314 867
1188 2315 680
460 2316 247
1324 2316 302
2008 2316 450
1711 2317 273
555 2318 785
44 2320 403
1090 2321 388
2215 2321 752
24 2322 710
501 2322 240
655 2324 184
1038 2327 893
1565 2327 255
1269 2328 268
1338 2328 385
1487 2328 221
863 2329 857
1175 2329 239
2257 2329 717
865 2330 282
1471 2330 305
2283 2330 229
1276 2331 236
1908 2331 222
237 2332 833
1497 2332 128
1545 2332 618
1875 2332 220
414 2333 304
1009 2333 928
1287 2333 347
2254 2333 228
1352 2334 342
119 2335 588
560 2335 557
1698 2336 162
2302 2336 716
635 2337 752
698 2337 331
1753 2337 713
20 2338 253
456 2338 179
631 2338 915
921 2338 356
2141 2339 374
1503 2340 338
1944 2340 299
709 2341 310
2206 2341 213
2220 2342 346
1877 2343 429
1081 2344 110
1182 2344 333
2052 2344 119
972 2345 290
2085 2345 900
2181 2348 529
732 2349 328
1401 2349 411
115 2350 150
811 2351 217
1906 2353 870
73 2354 178
1591 2354 263
1714 2354 299
2137 2354 592
2287 2354 310
1061 2355 112
1132 2355 360
2355 2356 923
1372 2357 558
1414 2357 283
272 2358 912
411 2358 162
2225 2359 403
1597 2360 293
1909 2360 317
2359 2361 260
237 2363 582
871 2363 649
34 2364 243
628 2364 512
884 2364 226
1427 2365 228
1877 2365 370
1617 2366 566
2299 2368 384
252 2369 356
165 2370 759
2049 2370 521
460 2371 472
587 2371 257
2139 2371 388
47 2372 778
1986 2372 337
489 2373 456
71 2375 186
1556 2377 734
113 2378 164
680 2378 260
1453 2378 258
686 2379 259
423 2380 473
1266 2380 128
1972 2380 469
1991 2380 357
620 2381 511
955 2381 105
2292 2381 121
1573 2383 376
592 2384 219
1141 2384 130
1312 2386 103
1982 2386 294
1011 2387 194
625 2388 186
1721 2388 889
1049 2389 608
58 2390 198
2150 2392 359
2010 2394 358
595 2396 355
1043 2397 146
1860 2397 320
1713 2398 359
229 2399 243
2081 2399 575
1935 2400 188
683 2401 539
339 2402 423
769 2402 607
2015 2402 262
2361 2403 394
1626 2404 708
289 2405 604
646 2406 459
1416 2406 269
102 2407 477
162 2407 219
171 2409 286
2018 2409 228
2122 2409 895
665 2410 210
988 2410 237
2014 2410 242
1681 2411 167
129 2412 178
1095 2412 206
2097 2412 493
1204 2413 265
2216 2413 332
963 2414 680
58 2415 325
189 2415 255
777 2415 358
1722 2415 603
940 2416 574
693 2417 208
1118 2417 717
686 2418 714
956 2418 184
1285 2418 459
2168 2418 182
837 2420 355
60 2421 789
2059 2421 108
2171 2421 152
1310 2422 147
1359 2422 182
999 2425 338
1877 2425 144
1016 2427 465
1160 2427 337
1294 2428 747
1695 2428 226
1752 2428 848
1926 2428 329
2282 2428 118
630 2429 498
861 2429 135
2089 2429 897
409 2431 200
1553 2432 247
227 2433 334
2191 2433 711
842 2434 226
901 2434 213
1829 2434 618
1927 2434 435
2121 2434 278
211 2435 343
738 2435 441
560 2436 477
948 2436 207
770 2437 956
792 2437 437
1369 2437 292
1657 2437 380
1630 2438 221
1356 2439 401
1548 2439 707
472 2440 265
2201 2441 589
6 2443 148
199 2444 807
835 2444 262
2187 2446 264
2305 2446 258
318 2447 480
1131 2447 682
1466 2447 124
95 2448 377
278 2448 263
2285 2448 430
2409 2449 293
1831 2450 295
574 2451 372
1192 2451 526
700 2452 312
1121 2452 367
643 2453 260
1435 2453 452
1623 2453 273
1719 2454 462
1977 2454 643
1094 2455 413
1757 2455 449
2068 2455 119
274 2456 201
302 2457 618
1540 2457 312
1684 2457 225
656 2458 242
2219 2458 524
811 2459 456
1269 2459 320
1258 2460 971
1365 2460 487
437 2461 959
2131 2461 118
2351 2461 349
44 2462 272
752 2462 303
1439 2462 307
1800 2463 318
499 2464 436
292 2465 247
358 2467 509
1512 2467 995
2345 2468 218
346 2469 717
824 2469 544
970 2470 245
1029 2470 228
1679 2470 373
751 2471 185
1560 2474 350
1845 2474 136
234 2475 260
264 2475 495
1703 2476 295
1915 2476 664
382 2477 144
892 2477 563
117 2478 101
486 2478 916
1825 2478 808
1435 2479 667
554 2480 185
1210 2480 530
1600 2480 226
311 2481 239
1492 2481 672
1752 2482 345
1365 2483 417
1922 2483 378
1268 2484 126
668 2485 987
188 2486 387
1936 2486 679
2022 2487 266
82 2488 622
280 2488 402
703 2488 513
1768 2488 182
2357 2488 684
98 2489 119
590 2489 882
769 2489 270
1053 2489 461
1500 2489 141
1961 2490 442
1834 2491 249
2261 2492 438
866 2493 184
451 2494 100
841 2495 194
1215 2495 160
1568 2495 302
1346 2496 902
1007 2497 292
2389 2497 594
353 2498 349
1068 2498 162
748 2499 351
1215 2499 245
1655 2499 512
836 2500 221
2202 2500 431
2148 2501 853
828 2502 232
1559 2503 216
661 2504 252
1542 2504 561
479 2505 137
1014 2505 509
977 2506 279
2402 2506 206
1234 2508 515
2348 2508 245
482 2509 510
2209 2509 825
110 2510 360
84 2511 541
2111 2512 497
1712 2513 247
1315 2514 223
1830 2515 268
2465 2515 220
1800 2516 222
1124 2517 390
2100 2517 761
1540 2519 160
2126 2519 436
2027 2520 250
254 2521 301
1866 2521 406
1133 2522 266
785 2523 137
84 2524 686
2325 2524 631
445 2525 161
2466 2525 183
2517 2525 325
2361 2526 264
19 2527 277
1028 2528 401
820 2529 265
869 2529 264
1541 2529 444
1714 2529 267
653 2530 194
1639 2530 357
2179 2530 193
2522 2530 341
691 2531 294
1187 2531 124
1698 2531 540
390 2532 512
1583 2532 214
1706 2532 244
2411 2533 205
1777 2534 406
796 2536 538
2035 2536 622
1822 2538 270
558 2539 606
2009 2539 657
1698 2541 361
916 2542 225
1268 2542 353
1378 2542 287
1666 2542 326
431 2543 203
246 2544 945
522 2545 359
2027 2548 239
699 2550 300
1033 2550 377
1688 2550 320
113 2551 631
999 2551 240
1160 2551 292
2348 2551 306
1064 2553 729
2520 2553 344
2052 2555 303
460 2556 237
1497 2558 457
2201 2559 254
2243 2560 236
1597 2561 127
2116 2562 173
200 2563 344
1875 2563 271
2244 2565 834
247 2566 328
304 2566 195
412 2567 580
1959 2568 370
172 2569 287
233 2569 125
1224 2569 466
718 2570 242
2115 2570 713
1653 2571 247
2270 2571 273
2409 2571 735
382 2572 215
1607 2572 483
1058 2573 285
1603 2573 366
1670 2574 281
1803 2574 392
607 2575 408
898 2575 199
1390 2575 602
1061 2576 367
2352 2576 598
2420 2576 207
200 2577 128
2439 2578 118
1494 2579 271
785 2580 696
1396 2581 529
1957 2581 345
2235 2582 226
2469 2582 391
1257 2583 754
2242 2583 415
12 2585 752
1544 2585 329
2354 2585 310
1339 2586 889
1530 2587 721
306 2589 409
448 2589 765
2430 2589 654
718 2590 225
823 2590 279
2259 2590 381
360 2591 724
406 2591 763
610 2591 161
603 2592 202
1185 2593 258
1424 2593 349
2184 2594 233
536 2595 422
1883 2595 510
1602 2596 236
1661 2596 338
2494 2597 703
123 2598 362
1221 2598 180
2498 2598 241
1861 2599 244
927 2600 218
574 2601 239
1449 2601 164
1670 2601 197
1852 2601 282
293 2602 314
973 2602 256
1789 2602 152
1008 2604 499
2213 2604 267
2348 2604 259
2590 2604 109
1205 2605 259
1866 2605 450
1265 2606 244
1464 2606 127
2563 2607 120
624 2608 336
2063 2608 237
994 2609 351
2106 2609 545
1364 2610 457
783 2611 342
1571 2611 698
751 2612 346
803 2612 238
954 2613 216
1849 2613 619
491 2614 542
1020 2614 291
1241 2614 247
2527 2615 417
1250 2616 656
24 2617 388
874 2617 355
445 2618 742
516 2618 296
1117 2619 383
1894 2620 431
488 2621 286
69 2622 401
817 2622 322
1066 2622 129
2286 2622 339
1209 2623 484
2143 2623 352
448 2624 335
769 2624 294
1169 2625 693
1229 2625 406
2372 2626 265
1816 2627 352
2443 2627 514
2468 2627 572
655 2628 629
1498 2629 628
511 2630 201
1098 2630 195
1125 2635 280
2381 2636 104
2388 2636 285
1392 2637 362
2221 2638 978
67 2639 950
422 2640 358
815 2641 712
647 2643 294
2347 2643 540
375 2644 364
952 2644 336
1469 2645 231
2477 2645 199
106 2646 388
447 2646 395
272 2647 525
559 2647 564
2299 2647 107
438 2649 169
331 2650 312
769 2650 375
2121 2650 626
2189 2650 238
1525 2651 139
1761 2651 146
1654 2652 451
2491 2652 703
60 2653 314
990 2653 301
1009 2653 375
1304 2653 321
1701 2655 341
1776 2655 237
45 2656 551
181 2656 321
747 2656 422
1582 2656 269
2114 2656 263
2169 2656 450
907 2657 223
1911 2657 516
2631 2657 738
556 2659 263
1590 2659 196
1003 2660 251
587 2661 413
1532 2661 296
2106 2661 345
1807 2662 512
1516 2663 174
209 2664 333
364 2664 627
1601 2666 187
1738 2666 678
2493 2667 502
333 2668 156
1308 2668 282
2501 2670 260
1285 2671 599
15 2672 517
1269 2672 275
1497 2672 879
1594 2672 428
1851 2672 102
702 2673 388
579 2674 367
1685 2675 200
1744 2675 238
1811 2678 385
2196 2678 112
2633 2679 231
1038 2681 651
2374 2681 208
1686 2682 123
2250 2682 244
246 2683 193
2421 2683 710
147 2684 995
492 2684 818
772 2684 806
9 2685 412
847 2685 249
973 2685 694
1397 2685 427
1448 2686 488
2581 2686 102
833 2687 212
1663 2687 103
1829 2687 540
2383 2687 200
192 2688 377
828 2689 116
1833 2689 361
88 2691 253
789 2691 351
1437 2691 240
349 2692 206
1654 2692 493
1468 2693 364
659 2696 320
680 2696 518
1535 2696 114
943 2697 504
1054 2697 277
762 2698 458
1432 2698 199
1934 2698 252
993 2700 401
221 2701 681
2300 2701 109
207 2702 103
109 2703 196
192 2703 189
1116 2703 110
335 2704 235
1870 2704 262
1149 2705 866
327 2706 635
1197 2706 214
350 2707 566
688 2707 100
1764 2707 175
1102 2708 280
2292 2708 197
2564 2708 235
462 2709 273
766 2710 234
2643 2710 237
213 2711 369
49 2712 315
1055 2712 232
2001 2712 335
358 2713 257
1508 2713 803
2426 2713 423
180 2714 346
562 2714 333
1292 2714 107
2125 2714 183
379 2715 427
341 2716 575
1937 2717 274
761 2718 255
1296 2718 418
2671 2718 249
1489 2719 573
830 2720 279
1706 2721 429
487 2722 618
1800 2722 351
924 2723 284
2200 2724 163
2339 2724 190
603 2725 515
1357 2725 466
504 2726 709
600 2726 399
2679 2727 342
251 2728 207
1631 2728 400
2528 2728 482
327 2729 351
2442 2729 994
178 2730 120
2039 2730 808
151 2731 278
1078 2731 486
1422 2731 172
541 2732 230
2625 2732 348
82 2734 377
2546 2734 341
499 2736 279
517 2737 367
778 2737 185
512 2738 237
54 2739 499
1160 2739 191
1481 2739 206
466 2740 566
30 2741 525
2650 2741 463
1130 2743 263
1430 2744 941
10 2745 210
1416 2745 377
22 2746 561
823 2746 457
1479 2746 821
1493 2746 432
1953 2746 124
2427 2746 593
750 2747 197
1289 2747 542
1883 2748 498
2220 2748 264
2385 2748 218
810 2749 165
2198 2750 770
1990 2752 338
2503 2753 318
271 2754 389
1230 2754 317
1795 2754 213
1898 2754 204
266 2755 390
1006 2755 274
1224 2755 124
1002 2757 187
2056 2757 879
410 2758 548
724 2758 225
884 2759 234
771 2760 286
2738 2760 817
265 2761 385
2090 2761 168
2326 2762 266
874 2763 292
2274 2763 295
1015 2764 437
2681 2764 278
444 2765 236
946 2766 643
1317 2766 894
2566 2766 271
456 2767 509
520 2767 597
664 2767 410
1740 2767 132
1939 2767 249
507 2768 616
1937 2768 439
2171 2768 310
206 2769 229
261 2769 332
968 2769 254
2187 2770 333
1077 2771 269
1388 2772 309
1644 2773 655
1693 2773 111
558 2774 236
677 2774 402
2481 2774 287
487 2775 181
1738 2775 423
2247 2775 749
1517 2776 289
33 2777 239
2614 2777 462
1579 2778 207
1782 2779 261
1243 2780 363
1644 2780 344
254 2781 177
2158 2781 411
2476 2782 396
157 2783 130
709 2783 251
782 2784 211
2511 2784 238
1018 2785 472
1940 2786 291
2706 2786 776
1876 2787 402
233 2788 280
1048 2788 335
1525 2788 396
93 2789 283
1011 2789 728
169 2790 436
135 2791 347
1082 2791 330
1145 2792 685
2472 2792 566
248 2793 538
1698 2793 598
1591 2794 317
2598 2794 332
678 2795 396
305 2796 253
1482 2796 467
2745 2796 199
1496 2797 240
841 2798 375
1983 2798 957
791 2800 260
2006 2800 197
1206 2801 423
2215 2801 230
199 2802 992
2504 2802 791
4 2803 801
132 2803 336
756 2804 598
1183 2804 242
874 2805 391
2767 2806 380
1143 2807 311
1233 2807 393
1558 2807 263
903 2808 175
1242 2808 234
2588 2808 234
1296 2809 196
1084 2811 355
275 2812 227
1287 2813 365
2306 2813 244
852 2814 626
1096 2814 633
1144 2814 111
1223 2814 510
1905 2814 310
1745 2815 571
501 2816 311
503 2816 669
2749 2817 126
2632 2818 310
2758 2819 232
7 2820 183
2445 2820 541
1820 2821 286
8 2822 304
29 2822 298
2136 2822 110
558 2823 271
706 2823 200
1523 2823 361
2236 2823 237
2753 2823 744
179 2824 105
658 2825 236
1248 2825 593
1989 2825 297
2387 2825 218
2729 2825 174
405 2826 425
1723 2826 281
2140 2826 106
337 2827 240
1423 2827 890
1833 2828 244
53 2829 298
1491 2829 273
439 2830 272
618 2830 273
2118 2830 227
2336 2831 701
1825 2832 443
2118 2832 180
1488 2833 380
2228 2833 683
812 2834 122
51 2835 283
295 2835 267
124 2836 371
1299 2836 826
2669 2836 316
2362 2837 194
2216 2838 213
729 2839 165
1598 2839 520
2730 2839 128
2739 2839 314
115 2840 243
878 2840 295
318 2841 408
1435 2842 255
866 2843 435
983 2844 282
1048 2845 355
2638 2845 350
341 2846 313
166 2847 196
194 2847 478
1035 2847 289
1109 2848 257
1952 2848 434
169 2849 238
2293 2849 225
2762 2849 224
841 2850 216
2 2851 236
779 2851 308
80 2852 218
479 2852 697
2734 2852 456
2844 2853 499
1402 2854 319
1055 2855 598
1564 2855 197
1577 2855 124
2419 2855 367
2321 2856 337
432 2857 334
949 2857 911
2484 2858 580
2325 2859 223
622 2860 704
2732 2860 230
1849 2862 242
2132 2862 257
47 2863 158
1382 2863 314
2735 2863 161
1160 2864 418
1927 2864 195
2508 2864 311
2676 2864 688
1834 2865 317
2169 2866 192
1200 2867 369
2050 2867 773
2116 2867 715
268 2868 466
1937 2868 228
279 2869 180
438 2869 222
573 2869 422
2033 2869 358
152 2870 322
1551 2870 408
1593 2870 362
1776 2870 734
1369 2871 302
1993 2871 134
139 2872 100
1265 2872 388
2294 2872 279
2201 2873 467
1212 2874 195
278 2875 506
1132 2876 283
54 2877 132
923 2877 184
1007 2877 899
2411 2877 628
21 2878 850
537 2878 200
1598 2879 356
1994 2879 353
1247 2880 682
1900 2880 491
1016 2881 668
578 2883 202
610 2884 506
1732 2885 304
2056 2885 137
102 2886 420
1092 2886 713
318 2887 281
1999 2887 309
2009 2887 630
499 2888 100
1919 2888 549
2067 2888 127
2138 2888 954
1419 2890 420
1442 2890 434
422 2891 289
597 2891 104
1445 2892 924
2515 2893 110
762 2895 510
1670 2895 134
1745 2896 352
1025 2897 313
1745 2898 560
2386 2898 547
670 2899 178
733 2899 402
2514 2899 371
2800 2899 668
478 2900 263
1221 2902 871
1366 2902 118
815 2903 142
1750 2903 446
1785 2904 327
160 2905 340
585 2905 484
1267 2905 194
1559 2906 538
181 2907 608
1869 2907 170
2567 2907 725
2602 2907 612
610 2908 340
635 2908 108
798 2908 318
2861 2908 288
1249 2909 487
532 2910 379
843 2910 334
920 2911 371
1839 2911 122
2337 2911 347
2394 2911 468
481 2912 247
2249 2912 808
2673 2912 430
2235 2914 402
748 2915 187
1887 2915 275
899 2916 314
2442 2916 280
2721 2916 183
86 2917 180
853 2917 151
2487 2917 633
21 2918 323
1042 2919 113
1119 2919 211
416 2920 134
2241 2920 857
77 2921 641
381 2921 158
1819 2921 340
2723 2921 264
936 2922 174
605 2923 888
2004 2923 772
2233 2923 523
1641 2924 312
1929 2924 710
313 2925 172
494 2926 574
1396 2926 271
952 2927 283
2837 2927 261
1532 2928 191
2397 2929 107
2633 2929 974
616 2930 132
381 2931 115
2348 2931 317
2545 2931 201
58 2932 237
1941 2933 906
398 2934 787
1515 2934 311
2106 2934 313
858 2935 470
2459 2935 126
183 2936 427
1606 2936 363
2202 2937 439
2251 2937 206
2634 2937 575
1278 2938 246
2348 2938 371
674 2939 768
2171 2939 143
2287 2939 400
1440 2940 743
639 2942 352
1434 2942 236
1976 2942 323
1846 2943 260
2665 2944 190
2682 2945 621
1757 2946 103
1286 2947 212
1315 2947 831
442 2948 442
1332 2948 604
2851 2948 245
547 2949 226
2396 2949 137
2370 2950 644
1744 2951 198
2043 2951 205
2467 2951 379
2901 2951 290
1686 2952 582
179 2954 447
1096 2954 280
1427 2955 463
1565 2955 180
1933 2955 637
650 2956 663
1667 2956 294
1220 2957 418
528 2958 224
2603 2958 217
2612 2958 116
963 2959 318
1957 2960 507
2697 2960 550
2951 2960 426
2369 2961 323
1280 2962 479
352 2964 295
1950 2965 341
718 2966 247
2917 2966 498
493 2967 385
1759 2967 479
2494 2967 692
258 2968 306
504 2968 274
1851 2968 723
233 2969 770
1004 2969 279
1081 2971 332
1224 2971 105
1767 2971 725
2658 2971 327
189 2973 573
866 2973 349
1433 2974 418
2008 2975 273
279 2976 534
2217 2977 441
455 2978 378
563 2978 433
2762 2979 130
848 2980 309
1040 2980 213
1877 2980 487
549 2981 420
1721 2981 372
2327 2981 787
2051 2982 538
2547 2982 433
2680 2982 244
975 2983 978
329 2984 272
440 2984 312
1039 2984 271
762 2985 450
1528 2985 396
1794 2985 615
1954 2985 247
1762 2986 338
2049 2986 504
1107 2987 188
219 2988 265
1683 2988 517
1827 2988 138
1426 2989 947
2751 2989 267
426 2990 342
851 2990 718
2180 2990 559
2327 2990 111
667 2991 347
757 2991 233
2370 2991 491
17 2992 723
2298 2992 315
1215 2993 549
1515 2993 332
1484 2994 214
2051 2994 492
2473 2994 305
1623 2995 795
1564 2996 228
252 2997 260
663 2997 343
2794 2997 226
1796 2998 134
1959 2998 371
2946 2998 476
914 2999 114
2537 2999 203
1177 3000 435
2837 3000 449
343 3001 270
11 3002 351
1074 3002 263
2931 3002 438
1489 3003 331
232 3005 782
692 3006 311
824 3006 210
551 3007 375
1184 3007 349
2002 3007 121
2845 3007 217
2556 3008 224
1441 3009 474
1630 3010 518
971 3011 530
1693 3012 530
2832 3012 152
224 3013 362
561 3013 845
1441 3013 112
2027 3013 417
108 3014 235
866 3014 173
1023 3014 610
68 3015 337
273 3015 376
984 3016 593
1136 3016 219
1421 3016 118
682 3017 197
221 3018 362
1962 3018 197
2811 3019 423
791 3020 268
995 3020 207
2792 3020 362
31 3021 398
134 3021 320
708 3021 110
801 3022 449
1984 3023 404
2528 3023 718
23 3024 349
985 3024 783
1312 3024 187
590 3025 766
796 3025 407
1340 3025 304
1080 3027 204
1316 3027 198
2029 3027 331
2882 3027 205
760 3028 204
1471 3028 653
2860 3028 288
36 3029 171
2443 3029 371
2965 3029 791
634 3030 583
1903 3030 239
2230 3030 517
1600 3031 373
1913 3031 214
2367 3031 857
283 3032 253
893 3032 181
1287 3032 280
1694 3032 254
1949 3032 333
289 3034 383
497 3035 225
664 3036 304
1935 3036 486
2162 3036 479
2415 3036 395
1883 3037 745
2112 3037 470
2258 3037 479
615 3038 241
1863 3038 313
2926 3038 299
2234 3039 150
1268 3040 956
1995 3040 829
271 3041 275
1368 3042 325
1879 3042 547
2213 3042 345
2665 3042 449
1640 3043 440
2172 3043 264
2491 3043 133
2111 3044 186
586 3045 178
2058 3045 402
2109 3045 590
1547 3046 295
1873 3046 515
1427 3047 285
1097 3048 133
2518 3048 196
438 3049 201
386 3050 362
1252 3050 323
2278 3051 141
2376 3051 811
2799 3051 324
1345 3052 698
1815 3052 238
1969 3053 496
490 3054 461
2094 3054 217
73 3055 581
625 3055 282
2158 3055 393
2331 3055 223
257 3056 110
2548 3056 239
2676 3056 511
2659 3057 552
1377 3058 189
1191 3059 649
1132 3060 467
2476 3060 684
22 3061 240
223 3061 426
2015 3061 633
2558 3061 505
620 3062 330
1625 3062 462
2630 3062 678
2734 3063 244
2747 3063 289
1468 3064 883
2420 3064 206
1455 3065 614
1690 3065 213
2223 3065 334
2699 3065 322
127 3066 230
2477 3066 210
802 3067 692
1381 3067 216
1871 3067 403
2591 3067 219
1833 3068 595
1238 3069 641
2583 3069 355
2000 3070 759
2855 3070 190
447 3071 410
1634 3072 165
1420 3073 365
1774 3073 319
354 3074 464
683 3074 366
981 3074 133
1378 3074 280
2496 3075 226
1151 3076 223
1872 3076 738
1143 3077 358
1219 3078 386
1773 3078 267
1008 3079 150
2655 3079 293
2867 3079 745
1160 3080 528
40 3081 270
215 3081 366
580 3081 183
1315 3081 540
242 3082 190
2102 3082 177
3033 3082 480
2805 3083 331
766 3084 231
2398 3085 862
1535 3086 348
744 3087 257
2484 3087 256
1698 3089 241
2465 3089 684
2594 3090 302
1866 3092 273
2406 3092 732
2702 3092 434
2400 3093 265
596 3094 225
2054 3094 467
2461 3094 298
570 3095 241
1583 3095 384
1153 3096 331
2805 3096 566
2956 3096 375
1167 3097 419
1201 3097 214
2542 3097 413
885 3098 862
1225 3098 952
45 3099 154
687 3099 308
232 3100 102
713 3100 407
507 3101 879
714 3101 685
2789 3102 948
1214 3103 694
1974 3103 735
2336 3104 191
1925 3105 238
2041 3105 145
2408 3105 213
2965 3105 391
29 3106 306
398 3107 493
881 3108 887
1852 3108 647
1195 3109 318
1693 3109 193
2511 3109 208
1309 3110 783
85 3111 215
1348 3111 403
2783 3112 335
2247 3113 296
2665 3114 477
1650 3115 460
1928 3115 170
3012 3115 190
415 3116 457
664 3117 211
817 3117 104
56 3118 348
1946 3118 278
2119 3118 550
2469 3118 163
1714 3119 684
2615 3119 701
3061 3119 942
468 3120 392
2549 3120 462
332 3121 517
1730 3121 284
1523 3122 252
1963 3122 364
2716 3122 325
649 3123 404
2855 3123 393
64 3124 426
1516 3124 278
1319 3125 660
2083 3125 245
2278 3125 233
2121 3126 300
1425 3127 841
1474 3128 209
1514 3128 188
1725 3128 156
2154 3129 370
2959 3129 497
2970 3129 686
1349 3130 346
2989 3130 301
2824 3131 786
176 3132 272
1563 3132 260
2239 3132 118
2293 3132 146
2777 3132 123
948 3133 680
1995 3133 360
2979 3133 312
177 3134 395
1218 3134 324
1946 3134 486
2012 3134 288
2011 3135 386
548 3136 711
1780 3136 405
2219 3136 442
1253 3137 528
2129 3137 594
3127 3137 289
571 3138 211
1601 3138 397
2082 3138 260
1461 3140 527
2674 3140 263
343 3141 115
1157 3141 563
1371 3141 341
1632 3141 574
351 3142 396
1170 3142 440
2880 3142 214
71 3143 194
1018 3143 510
2128 3143 233
372 3144 957
775 3145 667
1492 3145 304
2712 3145 246
3026 3145 450
2790 3146 452
707 3147 319
1810 3147 726
1932 3147 365
2813 3148 587
675 3149 397
1370 3149 100
2762 3149 404
1030 3150 212
1497 3150 278
111 3151 231
393 3152 349
734 3152 596
1451 3152 301
2642 3153 319
2694 3153 296
3073 3153 195
218 3154 268
1101 3154 882
2784 3154 247
1809 3155 803
2248 3155 330
1730 3156 213
2178 3157 684
2323 3157 160
268 3158 292
2264 3158 335
2756 3158 401
2399 3159 206
148 3160 340
509 3160 429
1677 3160 233
1119 3161 490
2474 3161 460
1094 3162 576
1244 3162 324
2180 3162 428
1939 3163 720
2517 3163 326
1738 3164 338
483 3165 200
2196 3165 505
578 3166 473
394 3167 868
940 3167 276
42 3168 377
1443 3168 215
1902 3168 106
701 3169 223
1895 3169 325
2269 3169 565
1380 3170 212
3110 3170 130
3127 3170 246
3136 3171 440
288 3172 312
835 3172 451
1000 3172 198
1771 3172 307
479 3173 210
510 3173 480
2158 3173 258
1612 3174 178
867 3175 338
2098 3175 133
1462 3176 381
2489 3176 110
168 3177 384
1208 3178 266
1931 3178 332
2114 3178 767
2146 3178 378
3174 3179 819
2260 3180 388
1668 3181 444
893 3182 339
924 3182 617
2801 3182 934
1497 3183 891
2320 3183 267
527 3184 379
815 3184 237
2363 3185 480
2679 3185 639
1901 3186 282
1894 3187 278
121 3188 288
655 3188 601
367 3189 261
563 3190 225
608 3191 240
3158 3191 257
1050 3192 204
3099 3192 150
3138 3192 229
209 3193 277
1748 3193 616
2295 3193 325
583 3194 828
662 3194 522
2962 3195 207
895 3196 193
2554 3196 724
2639 3196 283
121 3197 427
1756 3197 289
575 3198 117
1594 3198 483
2540 3198 186
94 3199 170
260 3199 266
1094 3200 491
3088 3200 853
1729 3201 310
3126 3202 186
132 3203 472
2577 3203 705
2905 3204 295
2913 3204 385
1461 3205 482
1835 3205 349
595 3206 555
905 3206 302
2149 3207 177
519 3208 425
675 3208 477
1524 3208 177
2179 3208 504
2411 3208 415
1909 3209 221
2380 3209 347
1593 3210 318
601 3211 319
1637 3211 453
307 3212 325
266 3213 614
1615 3213 808
2695 3213 283
988 3214 372
2197 3214 611
1443 3215 370
2701 3215 728
1008 3216 380
1645 3216 200
2693 3217 262
2126 3218 155
2651 3218 209
2764 3218 454
261 3219 245
2742 3219 282
152 3220 416
1844 3220 181
28 3221 250
859 3222 771
1549 3222 601
1832 3222 418
3106 3223 318
1723 3225 743
2411 3225 903
962 3226 263
2505 3226 472
108 3227 222
1906 3227 228
2101 3227 109
46 3228 238
588 3228 488
2355 3228 211
768 3229 240
1672 3229 330
1716 3229 736
2277 3230 886
914 3231 276
1221 3231 405
2778 3231 291
2911 3231 327
174 3232 385
1171 3232 576
1083 3233 844
701 3234 245
3200 3235 263
1287 3236 341
2583 3236 447
677 3237 247
143 3238 240
66 3239 250
451 3239 461
1106 3239 211
1594 3240 839
1236 3242 459
1289 3242 134
1763 3242 405
3005 3242 413
701 3243 470
2739 3243 646
3058 3243 871
622 3244 199
918 3244 364
2507 3244 324
156 3245 993
1529 3245 271
1793 3245 979
508 3246 108
1531 3246 457
2973 3246 286
2400 3247 942
2422 3248 315
2875 3248 438
3151 3248 341
3205 3248 403
839 3249 260
1467 3249 720
62 3250 400
1966 3250 453
2578 3250 583
292 3251 266
2460 3251 701
1460 3252 658
1575 3252 918
972 3253 963
1283 3255 415
1891 3255 686
3045 3255 445
85 3256 307
449 3256 614
1960 3256 255
103 3258 513
3048 3258 193
1461 3259 361
2714 3259 310
3008 3259 387
3082 3259 685
1904 3260 268
2611 3260 385
910 3261 112
2549 3261 518
101 3262 188
453 3262 198
1657 3262 320
354 3263 206
2422 3264 696
2708 3264 458
767 3265 469
1174 3266 448
1341 3266 339
2292 3266 264
1482 3267 228
2963 3267 233
475 3268 142
1270 3268 272
2436 3268 232
841 3269 611
1547 3269 325
2264 3269 177
968 3270 206
894 3271 248
1137 3271 990
1465 3271 399
2589 3271 489
457 3272 632
1048 3272 324
470 3273 583
1069 3273 643
1960 3274 732
2234 3274 233
2589 3274 601
2690 3274 238
254 3275 381
1209 3275 289
2020 3275 316
2672 3275 282
3254 3275 458
13 3276 202
1592 3276 423
254 3277 322
1478 3277 523
2122 3277 170
1367 3278 125
1845 3278 188
290 3279 725
2874 3279 552
281 3280 267
982 3280 490
1539 3280 812
2677 3280 437
2915 3280 971
1916 3281 351
2639 3281 321
2654 3281 669
1738 3282 652
1507 3283 212
1977 3283 453
2100 3283 207
2960 3283 216
2285 3284 208
2535 3284 199
3277 3284 102
2408 3285 359
2937 3285 481
1275 3286 578
1973 3287 773
2946 3287 485
2063 3288 303
3246 3288 213
2552 3289 345
3083 3289 121
2267 3290 284
3202 3290 162
2446 3291 310
244 3292 706
2380 3292 288
279 3293 689
1839 3294 271
2016 3295 219
1952 3296 385
2244 3296 222
666 3297 482
1743 3297 566
675 3298 274
2266 3298 422
2571 3298 600
2261 3299 102
902 3300 191
1385 3300 192
2325 3301 342
920 3302 335
1068 3302 522
1284 3303 190
2374 3304 207
881 3305 854
1136 3305 280
286 3306 271
389 3306 286
1976 3307 234
3163 3308 248
166 3309 963
2482 3309 393
1331 3310 230
2827 3310 302
2953 3310 942
713 3311 530
2306 3311 329
2418 3311 235
242 3312 617
360 3312 270
1987 3312 252
754 3313 652
1053 3313 208
1136 3313 183
1684 3313 827
2413 3313 563
1507 3314 527
2022 3315 349
2419 3315 149
181 3316 232
481 3316 377
661 3316 256
200 3317 213
1181 3317 306
1906 3318 483
3124 3318 159
100 3319 534
1929 3319 390
541 3320 216
1196 3321 394
2424 3321 193
2584 3321 699
1559 3322 275
26 3323 786
2467 3323 219
1746 3324 477
2833 3325 402
247 3326 393
1838 3326 316
2283 3326 243
1238 3327 747
3289 3327 252
1207 3328 963
1633 3328 704
3241 3328 209
519 3329 407
908 3329 226
1517 3329 154
3167 3329 890
377 3330 378
2563 3330 387
2641 3330 514
3091 3330 244
3215 3330 591
452 3331 363
2980 3331 249
2369 3332 326
464 3333 209
2972 3333 106
2977 3333 173
3076 3334 184
2390 3335 176
3178 3336 492
312 3337 178
601 3337 675
744 3337 612
1515 3337 200
524 3338 219
1196 3338 348
2909 3339 931
3136 3339 473
1650 3340 257
2160 3340 148
2359 3340 305
974 3341 576
2382 3341 479
247 3342 201
3319 3342 917
1710 3343 197
2488 3344 495
148 3345 269
1291 3345 104
499 3346 200
957 3346 251
2345 3346 358
896 3347 879
1013 3347 383
52 3348 435
537 3348 459
1131 3348 498
1298 3348 264
1647 3348 213
1871 3348 100
2521 3348 249
155 3349 391
388 3349 392
1234 3349 204
1770 3349 425
438 3350 133
1758 3350 919
2194 3350 432
801 3351 525
935 3351 256
1329 3351 270
2272 3352 230
1614 3353 480
3211 3354 543
1502 3355 245
1652 3355 198
2435 3355 474
136 3356 511
724 3356 208
2557 3356 208
1259 3357 311
868 3358 732
1450 3359 322
1812 3359 365
2501 3359 216
3224 3359 622
1116 3360 192
1838 3360 283
3338 3360 124
25 3361 209
1550 3361 241
165 3362 319
322 3362 164
392 3362 388
2299 3362 220
3245 3362 407
2296 3363 589
2632 3363 389
781 3364 217
581 3365 275
2946 3365 362
3207 3365 202
1805 3366 199
623 3367 777
853 3367 188
2509 3367 929
151 3368 182
1719 3369 383
203 3370 291
2319 3370 436
2648 3370 215
97 3371 328
941 3371 752
1035 3371 318
2143 3371 258
3144 3371 233
279 3372 237
2733 3372 364
212 3373 197
3185 3373 512
1475 3374 301
2205 3374 432
3255 3374 885
1077 3375 187
98 3376 125
214 3376 911
50 3377 506
795 3377 942
1288 3377 216
2061 3377 227
1648 3378 220
2699 3378 649
2865 3378 198
3303 3378 222
741 3379 897
1399 3379 360
2117 3379 386
61 3380 312
1447 3380 376
961 3381 636
2189 3381 351
2579 3381 401
1161 3382 281
1761 3382 283
2558 3383 850
1961 3384 430
550 3385 258
159 3386 561
182 3386 287
695 3386 536
1387 3386 866
57 3387 740
1100 3387 871
1953 3388 250
2983 3388 885
2189 3389 211
1554 3390 541
3120 3391 305
3339 3391 259
201 3392 469
610 3392 408
2560 3392 370
3214 3392 109
3312 3392 195
480 3393 371
1743 3393 304
2146 3393 152
2590 3393 435
3159 3393 214
873 3394 920
1759 3394 382
2810 3394 111
933 3395 302
2706 3395 636
2459 3396 194
2678 3396 818
2907 3396 535
3238 3396 287
1704 3397 260
2977 3397 312
3342 3397 334
285 3398 316
893 3398 197
1579 3398 342
2046 3398 120
2894 3398 121
142 3399 149
2418 3399 413
3029 3399 545
1818 3400 272
2381 3400 180
2395 3400 255
3129 3400 285
1357 3401 287
2702 3401 692
661 3402 108
1349 3402 429
1181 3403 458
2238 3403 223
2413 3403 588
660 3404 261
228 3405 101
416 3405 304
1152 3405 471
1699 3405 226
1980 3405 804
2162 3405 130
584 3406 566
3164 3406 138
2197 3407 274
3227 3407 685
1006 3408 286
3348 3408 309
251 3409 159
361 3409 700
460 3409 416
1295 3409 115
442 3410 421
1421 3411 487
2852 3411 432
1705 3412 203
2921 3412 222
2093 3413 871
2921 3413 656
2962 3414 146
3408 3414 265
2280 3415 217
2433 3415 903
2780 3415 704
467 3416 174
2593 3416 334
991 3417 303
1695 3417 363
1638 3418 527
2280 3418 191
2710 3418 733
3212 3419 202
1828 3420 269
2395 3420 323
3345 3421 542
182 3422 888
3304 3422 461
337 3423 293
478 3423 738
3341 3423 344
2250 3424 263
2327 3424 199
2777 3424 589
822 3425 231
1835 3426 193
494 3427 108
2192 3427 205
3044 3428 555
361 3429 214
2697 3429 475
1268 3430 424
2912 3430 882
3061 3430 116
2175 3431 401
1621 3432 271
3291 3432 297
899 3433 390
1595 3433 235
958 3434 536
2152 3434 385
3331 3434 671
237 3435 889
1670 3435 281
2064 3435 387
811 3436 825
1849 3436 287
2175 3436 188
3004 3436 495
401 3437 525
778 3437 210
2610 3437 250
598 3438 592
319 3439 218
1681 3439 401
960 3440 215
1035 3440 266
969 3441 850
146 3442 472
228 3442 335
234 3442 402
1073 3442 236
2391 3442 190
1789 3443 323
2423 3443 275
37 3444 376
2560 3444 432
397 3445 414
2343 3445 248
208 3446 240
2346 3446 132
2524 3446 681
899 3447 127
1432 3447 204
1021 3448 530
2898 3448 525
295 3449 384
484 3449 219
774 3449 847
1845 3449 368
1889 3449 393
502 3450 571
1255 3450 266
2271 3450 260
2356 3450 263
1638 3451 107
2889 3451 176
3139 3451 251
2268 3452 930
2926 3452 353
3267 3452 242
1532 3453 133
1678 3453 351
448 3454 233
2647 3454 272
163 3455 602
260 3455 214
660 3456 399
2733 3456 670
286 3457 415
804 3457 187
3374 3457 116
1111 3458 735
1696 3458 254
2398 3458 491
1034 3459 243
2283 3460 655
2773 3460 630
2224 3461 315
3315 3462 530
2152 3463 192
2957 3463 256
346 3464 255
485 3464 417
593 3464 478
1658 3464 469
2015 3464 196
761 3465 218
1035 3465 206
1736 3465 195
2265 3465 256
2823 3465 224
3261 3465 314
122 3466 356
1943 3467 190
2064 3468 440
2155 3468 730
2289 3468 446
3131 3468 367
3344 3468 215
239 3469 447
1888 3469 642
2941 3469 646
2552 3470 257
3097 3470 214
2099 3471 193
1321 3472 256
1669 3472 232
3257 3472 487
2498 3473 811
2637 3474 431
1225 3475 116
3013 3475 238
3178 3475 129
3448 3476 322
616 3477 238
781 3477 209
2578 3477 115
261 3478 271
1194 3478 313
1380 3479 386
1458 3479 243
2378 3479 289
2499 3480 341
1534 3481 277
1958 3481 386
2020 3482 156
29 3483 346
397 3484 300
749 3485 400
913 3485 404
2393 3485 188
2749 3486 784
2924 3487 474
474 3488 546
947 3489 329
1787 3489 281
1373 3490 565
364 3491 264
1188 3492 533
552 3493 330
969 3493 248
1163 3494 302
1722 3494 313
1979 3494 256
3148 3494 516
406 3495 553
557 3495 389
1093 3495 394
717 3496 484
2328 3496 257
2946 3496 386
270 3497 353
1420 3497 232
1885 3497 641
3434 3498 137
1848 3499 483
3126 3499 909
1293 3500 195
2728 3500 581
