1
0
1
1
1000000
0
0
0
0
1
16 18 234
1 24 404
19 34 286
22 45 137
50 68 130
2 79 272
19 107 552
75 119 756
99 135 602
96 139 398
43 140 101
23 145 555
42 151 149
118 154 803
102 159 996
64 171 109
115 173 214
73 183 491
88 184 329
168 184 276
62 200 349
190 201 272
166 202 202
47 203 248
46 206 124
78 207 731
16 209 301
18 209 106
116 210 472
85 213 416
115 213 674
60 221 231
7 228 706
53 232 106
36 243 171
158 245 435
127 251 350
86 258 149
219 261 883
234 268 612
100 269 199
80 270 306
96 271 338
74 272 354
1 284 964
24 284 285
137 284 222
28 285 322
61 285 359
42 287 132
151 287 122
247 294 298
282 294 170
274 297 845
108 303 536
233 303 369
269 304 877
247 305 320
127 307 638
21 310 256
123 311 592
266 312 992
187 318 130
160 319 730
190 319 314
168 320 188
4 325 785
14 338 369
42 340 198
200 343 275
108 345 340
24 346 538
314 346 396
165 347 954
337 350 121
168 352 177
35 354 537
23 357 318
81 365 273
2 366 158
105 378 369
246 378 293
339 381 213
189 389 484
142 393 401
73 396 879
22 398 358
87 402 422
111 405 397
60 412 218
254 418 853
286 421 447
104 423 174
69 425 387
47 433 482
144 433 239
271 434 419
155 435 335
202 438 529
53 443 315
232 443 449
171 447 339
300 448 300
121 453 443
26 455 191
153 458 236
35 462 201
160 464 210
195 464 445
215 464 802
49 465 359
235 465 722
266 466 100
445 467 948
195 470 130
149 472 450
297 475 344
18 479 544
463 482 336
307 483 805
414 484 725
70 487 535
143 487 668
399 488 104
463 489 553
199 490 266
47 491 115
144 491 336
433 491 830
429 492 143
20 493 380
414 493 137
12 495 531
31 496 135
382 497 439
30 499 215
347 501 491
220 508 209
84 511 400
327 511 222
503 513 457
87 517 379
380 517 347
402 517 372
226 520 136
290 521 823
131 523 304
483 523 854
391 525 465
257 531 335
392 531 267
21 532 260
370 533 381
528 533 242
11 534 476
131 534 120
270 535 407
489 537 766
157 538 167
132 541 210
436 544 272
437 545 295
78 548 316
21 549 108
15 551 210
273 551 176
413 552 583
183 553 351
37 554 478
13 559 560
151 559 378
456 561 385
25 562 230
82 563 386
5 565 150
66 567 587
366 568 682
558 569 258
481 570 467
471 573 153
279 580 153
54 581 116
526 581 283
567 582 137
103 583 676
234 584 150
268 584 103
104 585 149
72 586 232
315 587 233
205 588 277
2 590 338
394 595 782
292 600 128
57 601 365
479 601 838
516 603 173
359 604 380
177 605 281
187 606 329
435 606 251
498 606 527
282 607 589
236 608 592
246 610 549
222 611 119
441 611 103
18 612 191
307 614 616
192 616 445
263 617 874
357 619 232
29 621 374
393 623 839
192 624 564
447 625 553
554 627 418
1 628 757
567 629 215
8 631 531
112 635 303
401 636 326
94 638 187
637 639 494
361 640 321
402 643 778
45 645 135
301 646 176
298 650 319
190 651 846
319 651 667
337 652 396
469 652 127
289 653 489
474 653 165
37 655 216
224 656 372
350 657 476
73 658 334
216 660 808
77 663 619
382 664 437
85 665 415
97 666 161
384 666 269
407 666 498
268 669 123
456 669 864
583 671 317
199 672 188
250 672 259
118 673 323
528 677 571
533 677 170
612 678 151
67 679 510
295 679 412
576 683 437
61 684 935
514 685 246
217 686 297
495 686 134
167 689 136
40 690 637
65 692 213
218 692 621
411 692 183
432 693 379
5 695 135
441 695 103
399 696 138
488 696 428
610 701 221
246 703 127
207 704 340
411 704 196
285 706 210
385 708 686
479 712 597
27 713 482
663 713 901
198 714 206
245 717 287
707 718 360
31 720 636
85 723 832
294 725 310
682 725 301
639 726 356
536 727 148
404 728 644
425 729 431
557 730 200
610 730 150
93 731 590
51 733 566
1 734 371
137 734 162
392 739 450
452 739 239
82 740 352
573 740 237
118 741 263
557 741 146
172 742 184
570 743 478
147 746 141
284 749 612
628 749 521
277 750 100
598 751 152
533 754 500
508 756 393
627 757 416
129 758 659
244 758 801
108 760 180
233 760 221
364 762 102
332 764 461
238 765 286
491 766 448
647 768 594
197 769 107
569 769 163
98 770 519
185 770 440
324 771 219
724 771 851
596 772 633
707 773 365
187 774 740
86 776 310
641 776 408
663 777 986
313 778 116
521 778 169
106 779 444
571 779 255
722 779 339
649 780 658
401 782 368
765 783 271
54 784 153
266 786 107
503 787 390
513 787 265
293 789 334
732 789 512
680 790 401
377 791 493
503 792 465
413 793 326
709 794 632
732 794 218
53 795 239
289 795 305
314 795 255
265 798 590
397 798 231
393 799 369
166 800 169
291 806 439
178 809 162
215 810 367
19 811 264
107 811 507
346 812 235
796 812 337
102 813 122
123 813 158
566 814 381
478 817 853
622 818 295
574 819 124
244 821 283
716 822 230
680 826 101
790 826 287
125 827 343
748 827 514
72 831 190
212 832 596
519 833 160
306 834 235
339 835 345
59 836 240
320 836 233
337 840 731
55 841 178
153 842 317
286 846 309
335 846 161
479 847 230
456 848 540
561 848 134
79 849 112
568 849 486
576 850 362
89 852 310
102 853 450
113 853 775
485 854 105
468 855 252
497 857 300
16 859 372
322 859 316
479 859 385
712 859 517
847 859 574
810 861 118
548 863 326
747 864 458
266 865 151
427 867 752
164 869 326
489 869 189
590 870 265
799 870 141
717 873 241
388 874 424
865 874 301
118 875 819
295 876 152
311 877 513
739 877 151
803 879 231
805 879 346
110 880 825
698 880 931
236 881 976
630 882 812
128 883 315
225 884 171
450 884 251
33 885 175
750 885 341
476 891 446
772 893 716
227 894 806
24 896 675
734 896 199
251 897 145
887 897 273
618 898 404
653 900 310
871 900 176
485 903 253
245 904 119
764 904 162
622 906 306
647 907 157
729 910 259
853 910 192
530 912 391
731 913 294
45 914 185
578 915 382
95 916 222
499 917 223
380 918 147
434 920 161
91 922 512
414 922 752
733 922 476
279 923 235
628 924 447
749 924 316
374 925 179
663 926 273
206 928 328
334 929 243
180 930 251
841 930 171
249 931 203
419 931 256
696 932 420
425 933 674
729 933 119
877 933 208
350 936 403
645 937 222
807 937 178
422 938 197
94 941 198
805 944 120
579 945 380
809 947 317
212 948 337
506 948 118
628 950 425
656 950 120
29 956 704
321 957 742
580 957 169
319 959 314
486 959 299
596 961 203
907 961 138
753 962 503
246 963 216
673 963 109
703 963 307
395 964 304
403 965 393
759 965 705
117 966 179
842 966 158
823 967 684
965 967 306
791 968 725
403 969 168
449 969 241
759 969 188
218 971 428
399 972 287
235 973 237
161 974 210
360 974 622
400 974 802
25 975 224
194 975 456
12 976 154
495 976 218
686 976 188
949 976 165
480 978 540
82 979 435
301 979 168
435 979 114
183 980 473
254 980 480
166 982 164
202 982 881
57 983 351
161 983 282
478 985 185
174 987 331
744 987 539
481 988 369
746 989 282
800 990 220
74 991 187
474 993 888
656 993 362
658 994 680
282 997 540
409 997 332
388 998 702
680 998 340
805 999 721
822 1000 255
985 1002 962
46 1004 550
139 1006 809
981 1006 243
358 1007 267
1001 1007 168
678 1008 791
763 1008 436
681 1009 141
365 1010 195
493 1011 308
965 1012 457
250 1013 294
312 1013 159
263 1014 276
706 1014 745
218 1018 392
972 1018 240
891 1019 225
108 1020 139
233 1020 189
681 1022 912
729 1023 393
877 1023 813
913 1024 975
602 1025 169
536 1027 894
442 1028 439
426 1029 187
521 1030 215
845 1030 275
395 1031 466
588 1031 138
88 1032 190
138 1033 142
336 1033 144
592 1033 252
797 1034 434
781 1035 126
88 1036 446
187 1037 137
318 1037 261
776 1037 177
438 1038 884
119 1039 158
763 1039 120
347 1040 524
204 1041 907
588 1041 686
630 1041 156
708 1042 121
270 1045 115
86 1047 970
925 1048 119
705 1049 560
30 1052 190
947 1052 611
291 1053 481
297 1054 621
475 1054 772
865 1056 378
543 1057 232
580 1057 635
957 1057 101
497 1058 303
834 1058 919
962 1058 745
895 1059 783
812 1060 293
1032 1060 580
450 1061 375
617 1061 524
503 1063 336
511 1063 300
804 1064 867
594 1065 116
367 1066 364
902 1066 659
745 1068 730
472 1069 195
223 1070 273
410 1070 146
403 1073 114
668 1074 302
705 1074 119
1029 1076 365
415 1078 389
518 1078 148
765 1078 150
618 1079 172
304 1080 634
926 1080 455
109 1082 327
239 1082 284
3 1084 278
772 1086 374
934 1086 480
964 1086 405
851 1087 408
103 1088 452
745 1088 270
1000 1089 697
374 1090 516
973 1090 396
525 1091 612
90 1092 529
647 1092 578
516 1095 153
74 1096 188
991 1096 248
766 1099 272
101 1100 242
359 1100 105
28 1104 294
120 1105 385
710 1105 887
844 1106 106
139 1107 195
164 1107 340
734 1108 350
268 1109 615
300 1109 142
418 1109 345
316 1110 244
396 1110 978
417 1110 213
329 1111 261
254 1112 237
268 1112 355
333 1112 310
418 1112 244
448 1112 191
1055 1114 495
599 1115 199
570 1116 681
743 1116 281
159 1119 822
425 1119 812
128 1120 391
1065 1120 396
37 1121 376
903 1121 202
30 1122 708
458 1122 139
293 1124 370
927 1124 206
282 1125 103
294 1125 645
719 1126 570
1105 1126 577
917 1127 156
164 1128 477
147 1129 315
909 1129 556
408 1131 132
784 1131 668
718 1133 324
506 1134 362
547 1134 892
1009 1135 288
613 1137 387
636 1137 445
891 1137 258
1135 1137 139
548 1138 438
863 1138 187
724 1140 323
1065 1141 258
64 1142 252
693 1142 594
687 1145 534
141 1146 185
303 1146 136
938 1146 716
114 1147 145
768 1148 102
411 1149 219
358 1150 691
162 1151 506
243 1151 620
44 1152 923
639 1152 469
232 1154 101
105 1155 342
119 1155 747
761 1156 180
842 1156 505
371 1157 129
610 1157 121
198 1158 391
714 1158 483
793 1158 451
803 1158 876
909 1159 249
461 1161 228
833 1162 164
116 1163 103
691 1163 167
737 1165 545
954 1165 193
1152 1166 162
494 1167 272
25 1168 320
1021 1169 104
862 1170 711
697 1172 205
810 1172 357
619 1173 112
929 1173 290
202 1174 288
451 1174 934
484 1174 308
1038 1174 222
1097 1174 324
832 1175 351
743 1176 384
920 1176 336
425 1178 554
546 1178 131
877 1178 124
577 1180 310
975 1180 926
911 1181 731
450 1182 278
139 1183 432
578 1183 135
981 1183 598
240 1184 112
404 1184 255
681 1185 527
453 1187 422
63 1188 777
728 1189 232
892 1189 273
1095 1191 291
159 1192 159
1091 1192 343
39 1193 136
976 1193 160
489 1194 800
825 1195 525
1083 1195 493
671 1196 867
1017 1197 611
1186 1198 723
486 1200 785
845 1200 434
598 1201 951
1085 1201 223
276 1203 243
335 1204 178
618 1204 107
527 1205 599
215 1206 308
810 1206 328
1045 1207 304
1160 1207 792
926 1208 231
195 1209 590
464 1209 182
204 1210 695
153 1211 272
1144 1212 422
93 1213 671
687 1214 989
901 1214 271
790 1215 951
470 1216 227
960 1217 382
1062 1218 554
325 1219 372
1150 1219 117
146 1220 372
608 1220 325
76 1221 403
709 1222 557
935 1222 504
540 1223 444
840 1223 677
830 1225 776
428 1226 791
751 1226 662
941 1227 429
1153 1229 281
463 1230 249
467 1231 387
418 1232 480
448 1232 311
685 1233 942
655 1234 597
1212 1234 113
940 1235 567
302 1236 162
379 1236 369
953 1236 759
414 1237 250
484 1237 186
121 1238 795
241 1238 205
1235 1239 322
127 1240 198
481 1240 396
62 1242 766
860 1242 164
960 1242 947
1 1244 248
597 1246 435
272 1247 216
308 1247 181
693 1247 889
176 1248 128
487 1248 281
615 1248 169
426 1249 979
123 1251 337
1147 1251 350
341 1252 500
456 1254 342
755 1254 488
549 1255 145
436 1256 381
1044 1256 758
876 1258 426
220 1260 282
372 1260 221
1179 1262 798
392 1263 195
1026 1265 812
1145 1265 441
963 1266 912
40 1267 258
379 1267 327
462 1267 255
690 1267 433
872 1267 266
558 1269 313
1146 1270 136
210 1271 569
1258 1271 381
106 1273 497
1072 1275 195
1129 1275 493
208 1276 461
1081 1276 117
606 1277 103
509 1278 528
264 1279 577
634 1279 561
148 1280 257
1203 1280 199
6 1281 452
330 1281 273
741 1283 438
1193 1283 199
13 1286 247
984 1286 317
583 1288 116
817 1289 130
1173 1290 333
473 1291 352
377 1292 513
565 1293 664
1261 1293 512
188 1294 372
266 1295 165
312 1295 248
874 1295 470
251 1296 129
434 1296 529
915 1296 109
233 1297 306
345 1297 612
1146 1297 158
958 1298 307
109 1300 470
175 1300 284
463 1301 351
555 1301 813
384 1302 211
466 1302 352
851 1303 195
1284 1303 263
536 1305 382
213 1307 156
831 1307 100
992 1308 298
108 1309 221
408 1310 176
955 1310 255
718 1311 550
1216 1312 322
1011 1313 345
586 1315 290
831 1315 227
1274 1319 184
1175 1320 730
229 1321 205
547 1322 282
39 1323 632
880 1324 131
1143 1324 217
562 1325 981
376 1326 128
1253 1326 322
520 1327 548
528 1327 335
893 1327 132
234 1328 265
1089 1329 892
1293 1329 308
1038 1330 187
1097 1330 246
1174 1330 101
1237 1330 320
1123 1331 200
1285 1331 297
1233 1333 129
1272 1335 218
352 1336 325
498 1337 456
606 1337 339
440 1338 816
589 1338 246
72 1339 270
230 1339 322
1170 1339 206
777 1340 243
946 1340 265
1117 1340 153
1317 1340 261
504 1341 255
839 1341 114
179 1342 201
281 1342 172
288 1343 142
1098 1343 442
169 1345 401
747 1345 279
355 1346 161
390 1346 429
1048 1348 899
518 1349 291
699 1350 347
857 1350 209
278 1351 107
95 1352 759
207 1353 163
832 1353 178
971 1353 970
1071 1354 159
1316 1354 188
571 1355 424
1272 1355 237
260 1356 141
987 1356 326
1167 1356 163
977 1357 255
736 1358 379
1190 1358 333
63 1359 767
356 1360 398
1276 1360 180
780 1361 850
135 1362 283
585 1362 873
923 1362 104
1057 1362 688
944 1363 298
722 1364 288
1272 1364 579
1335 1364 350
629 1365 289
916 1365 124
369 1366 342
32 1367 229
1334 1367 535
1085 1368 441
309 1369 326
697 1369 263
1183 1370 174
1318 1371 373
348 1372 143
196 1373 679
1323 1373 260
470 1375 107
301 1376 153
273 1377 482
691 1377 106
805 1378 273
76 1380 369
169 1380 631
1202 1382 329
58 1383 157
727 1383 651
735 1383 228
125 1384 233
1176 1384 347
1183 1384 404
1370 1384 122
700 1385 775
1326 1385 591
353 1386 458
1043 1386 499
413 1388 543
1299 1389 122
1298 1390 188
115 1391 452
253 1391 565
457 1392 185
518 1393 346
765 1393 361
783 1393 108
227 1394 279
555 1395 342
360 1397 146
320 1399 815
203 1402 365
524 1402 360
1305 1402 378
572 1404 523
342 1405 459
1379 1405 980
379 1406 127
710 1406 198
775 1406 255
1105 1406 160
1348 1407 436
989 1408 242
1192 1408 334
25 1409 397
1180 1409 115
1181 1410 195
1347 1411 340
802 1412 101
144 1413 237
1241 1413 594
222 1415 135
558 1415 581
611 1415 992
715 1415 131
1227 1415 147
178 1417 100
990 1417 739
47 1418 352
203 1418 308
648 1419 233
756 1419 281
819 1420 229
254 1421 173
268 1421 229
1383 1422 576
249 1423 188
670 1425 234
996 1426 417
107 1427 274
919 1427 352
938 1429 439
986 1429 277
1103 1429 120
1153 1430 381
1181 1430 201
53 1431 110
314 1431 153
795 1431 306
427 1432 297
1050 1432 872
96 1434 122
226 1435 521
520 1435 377
1327 1435 121
80 1436 204
1123 1437 145
1167 1440 109
87 1441 705
517 1441 823
1187 1442 106
504 1443 301
871 1445 177
514 1446 500
610 1448 136
963 1448 483
322 1449 110
383 1449 498
479 1449 103
1118 1449 205
754 1450 591
946 1450 973
512 1451 965
1400 1452 186
439 1453 334
828 1454 322
1049 1454 276
529 1455 811
228 1456 753
728 1456 197
32 1458 261
577 1458 370
409 1459 331
507 1459 425
1078 1460 238
512 1461 595
163 1462 502
586 1462 397
831 1462 143
1180 1463 217
335 1464 140
618 1464 412
773 1464 764
898 1464 204
1079 1464 542
371 1465 282
900 1466 277
1205 1466 174
1425 1466 283
83 1467 254
395 1467 173
1086 1467 201
38 1468 233
1207 1469 314
541 1470 315
1101 1471 418
495 1472 451
1283 1472 877
419 1473 112
830 1474 524
5 1475 853
94 1475 189
214 1475 267
941 1475 427
1301 1476 581
237 1477 390
1016 1478 217
1017 1478 540
14 1479 206
540 1479 734
840 1479 422
1223 1479 112
373 1481 708
1392 1481 712
738 1482 112
90 1483 110
740 1483 798
1177 1483 362
1454 1483 274
1344 1486 242
340 1487 143
456 1488 590
553 1488 698
208 1489 241
243 1489 376
797 1489 593
1190 1489 321
1276 1489 254
474 1490 423
871 1490 529
319 1492 654
1369 1492 253
8 1493 413
785 1493 742
424 1494 448
1128 1494 841
988 1495 270
248 1497 422
604 1497 540
873 1497 654
1468 1498 485
1321 1499 273
1144 1500 839
92 1501 855
1439 1501 923
256 1503 914
403 1503 354
1274 1503 145
92 1504 698
1000 1504 322
241 1505 440
844 1505 273
834 1506 541
247 1507 207
282 1507 437
1345 1509 256
235 1510 362
430 1510 128
1349 1511 804
1194 1512 995
569 1513 216
219 1514 453
261 1514 478
618 1514 551
773 1514 521
1463 1514 954
157 1515 502
395 1515 494
429 1515 122
1411 1516 490
958 1517 813
1070 1517 413
632 1518 277
276 1519 648
970 1519 162
459 1521 537
1163 1521 455
338 1522 305
654 1523 362
75 1524 475
1179 1524 654
725 1525 589
960 1525 302
1320 1526 105
460 1527 371
1387 1527 215
387 1528 117
860 1528 299
301 1529 132
1036 1530 374
1205 1530 698
393 1532 104
522 1532 438
623 1532 912
133 1533 194
843 1533 176
946 1533 338
1027 1533 522
562 1535 263
1531 1535 400
267 1536 369
862 1536 225
446 1537 681
1214 1537 313
670 1538 639
694 1538 740
734 1538 385
1108 1538 384
606 1539 207
774 1539 319
1337 1539 195
333 1540 504
418 1540 351
448 1540 251
1223 1541 792
1424 1541 121
1479 1541 268
282 1542 211
294 1542 187
40 1543 329
1393 1544 676
446 1546 888
1351 1547 906
926 1548 161
1208 1548 529
895 1549 625
381 1550 328
555 1550 444
1170 1550 486
1395 1550 345
743 1551 753
472 1553 238
1002 1553 649
1458 1554 338
1386 1555 126
1520 1555 149
815 1556 130
839 1557 578
1426 1557 412
464 1558 340
582 1559 120
1293 1559 557
138 1560 510
84 1561 290
1268 1561 493
224 1562 378
883 1562 309
1314 1562 212
298 1563 774
397 1564 507
182 1565 280
599 1565 125
360 1566 246
519 1566 599
1397 1566 361
260 1567 295
267 1567 103
482 1567 780
1239 1567 334
1537 1568 218
888 1569 651
1273 1569 770
64 1570 126
539 1570 376
113 1571 145
622 1571 944
818 1571 429
444 1572 328
677 1572 310
758 1572 270
1552 1572 420
177 1573 452
343 1573 358
391 1574 559
1224 1575 297
1292 1575 743
1004 1576 464
1221 1576 206
1259 1576 297
1115 1577 545
1499 1577 942
323 1579 724
1117 1579 490
1340 1579 506
1533 1579 737
264 1580 604
904 1580 429
531 1583 459
381 1584 572
586 1584 212
1015 1584 223
1462 1584 201
755 1585 996
805 1587 740
1252 1587 417
1378 1587 433
149 1589 258
752 1590 837
56 1591 216
940 1592 139
1534 1592 258
803 1593 876
944 1593 890
1378 1593 252
1412 1593 252
182 1594 311
846 1594 192
1078 1594 248
1304 1595 529
40 1597 284
107 1598 827
811 1598 131
1369 1598 663
1382 1599 384
1064 1600 450
1399 1600 525
661 1601 214
685 1601 112
1212 1602 165
1231 1602 115
362 1603 779
454 1603 160
417 1605 122
461 1605 559
848 1605 900
1254 1605 258
1444 1605 148
878 1606 284
1491 1607 828
1578 1607 495
925 1608 476
1048 1608 340
163 1609 487
494 1609 159
586 1609 388
1015 1609 200
1167 1609 385
43 1610 396
687 1610 288
19 1611 611
34 1611 273
309 1611 211
919 1611 360
1560 1611 528
1334 1612 224
1554 1612 245
27 1613 121
52 1613 280
533 1613 337
663 1613 125
581 1614 242
700 1614 230
1039 1614 626
1588 1614 191
759 1615 512
823 1615 140
1012 1615 367
1073 1615 454
714 1616 338
596 1618 151
1185 1618 223
992 1620 286
1080 1621 501
1305 1621 558
1272 1622 252
460 1624 247
1098 1624 520
1285 1624 571
413 1625 214
552 1625 338
674 1625 442
550 1626 295
790 1626 923
925 1628 495
1438 1629 512
1619 1629 261
1361 1630 531
1598 1630 527
179 1631 871
256 1631 250
1503 1631 345
43 1632 322
299 1632 377
556 1633 220
1351 1633 126
994 1634 658
1114 1634 826
277 1635 287
1076 1635 772
1132 1636 680
1289 1636 111
48 1637 429
171 1637 248
1089 1638 789
1439 1638 497
1501 1638 525
626 1639 297
572 1640 281
1316 1640 185
1354 1640 103
91 1641 648
761 1641 595
98 1642 597
193 1642 242
467 1642 129
1388 1642 405
1625 1642 247
570 1643 896
1116 1643 387
1495 1643 497
1103 1644 984
1438 1646 152
1402 1647 582
244 1648 397
478 1649 341
817 1649 567
1394 1650 523
816 1651 113
399 1652 264
704 1652 617
801 1653 189
354 1654 731
462 1654 268
882 1654 772
1394 1655 464
1620 1655 354
178 1656 281
575 1656 326
1052 1656 292
413 1658 363
150 1659 489
1003 1659 341
1627 1659 121
662 1660 603
1121 1660 856
164 1661 674
869 1661 688
1198 1661 301
925 1662 729
388 1663 407
591 1663 705
1404 1663 578
828 1664 444
1473 1664 404
1037 1665 891
262 1666 418
423 1666 387
1304 1666 895
1595 1666 332
1189 1667 267
971 1668 621
1018 1668 101
678 1669 869
1385 1669 300
1410 1670 180
324 1671 332
431 1672 389
676 1672 133
1358 1672 189
468 1673 293
1477 1673 121
139 1674 168
1587 1674 268
1004 1675 238
1197 1675 832
1294 1675 845
1118 1676 179
1133 1676 530
1449 1676 144
1358 1677 121
342 1678 683
1324 1678 128
1503 1679 333
1307 1680 241
196 1681 226
1266 1681 146
1566 1681 222
752 1682 360
1474 1682 304
428 1683 322
549 1683 264
1264 1683 478
848 1684 373
1345 1684 265
173 1685 102
899 1686 309
1282 1686 664
1347 1686 199
126 1687 582
630 1688 768
1177 1688 308
682 1689 389
1688 1690 472
1556 1691 631
611 1692 145
156 1693 200
1405 1693 331
1371 1694 499
1374 1695 393
1536 1696 140
1021 1697 740
1348 1697 669
951 1698 213
1202 1698 594
513 1699 991
284 1700 650
628 1700 796
1244 1700 688
1025 1702 174
1329 1703 298
1501 1703 628
1080 1704 201
1548 1704 104
191 1705 577
297 1705 297
1595 1706 496
224 1707 176
747 1707 166
1509 1707 158
1562 1707 120
1634 1707 209
1329 1708 266
375 1709 876
1474 1709 236
712 1710 499
1449 1710 774
478 1711 214
985 1711 241
1002 1711 248
1636 1711 544
58 1712 358
344 1712 266
1428 1712 419
620 1713 211
431 1714 516
209 1715 795
574 1715 785
200 1716 220
1325 1716 324
594 1718 199
1016 1718 406
11 1719 852
887 1719 416
572 1720 155
762 1720 190
1404 1720 788
1640 1720 238
894 1721 793
1394 1721 278
1650 1721 593
275 1722 711
654 1722 893
106 1723 484
849 1723 100
1287 1723 381
864 1724 357
123 1725 282
1581 1725 331
1306 1727 600
1597 1727 378
118 1728 362
741 1728 152
616 1729 108
42 1730 533
1265 1730 344
838 1731 846
886 1731 308
445 1732 799
597 1733 412
202 1734 309
1330 1734 134
9 1735 563
530 1736 112
912 1736 109
1313 1736 278
359 1737 484
1191 1737 702
1696 1737 323
223 1738 555
591 1738 509
1334 1739 361
1612 1739 431
849 1740 242
265 1741 176
1125 1741 149
1441 1741 775
1101 1742 386
843 1743 593
886 1745 512
1596 1745 700
242 1746 213
952 1746 126
1005 1746 426
1481 1747 795
426 1748 116
1379 1748 504
233 1750 951
303 1750 266
1140 1750 429
1270 1750 266
851 1751 207
1087 1751 218
1531 1751 358
1582 1751 261
351 1752 197
1332 1752 330
1626 1752 579
354 1753 705
368 1753 122
462 1753 265
630 1753 388
882 1753 742
1457 1753 497
204 1754 290
1031 1754 842
1502 1754 126
1274 1755 923
1503 1755 253
1162 1756 514
1278 1756 149
473 1757 236
496 1757 376
943 1757 528
986 1757 422
196 1758 532
1373 1758 245
1655 1759 788
1484 1760 888
218 1761 698
297 1762 626
510 1762 231
1054 1762 690
274 1763 150
1054 1763 464
403 1764 467
967 1764 136
124 1766 229
441 1766 460
560 1766 169
686 1767 251
709 1767 641
1327 1767 413
1308 1768 465
1536 1769 314
445 1770 359
1602 1770 106
1303 1771 166
1409 1771 418
1666 1772 866
449 1773 310
759 1773 161
823 1773 537
1764 1773 609
741 1774 811
465 1775 573
477 1775 355
1303 1775 903
1531 1775 503
1400 1776 334
402 1777 390
643 1777 259
1257 1777 648
85 1778 231
723 1778 612
1307 1778 282
815 1779 799
1185 1779 701
247 1780 152
1125 1780 574
1535 1780 504
275 1781 452
446 1781 371
1546 1781 639
1722 1781 844
524 1782 418
1243 1782 309
56 1783 454
1138 1784 627
1735 1784 523
836 1785 195
1011 1785 261
1038 1785 495
134 1786 781
1414 1786 523
1541 1786 168
1657 1786 653
1755 1786 160
1377 1787 198
726 1788 173
1336 1788 883
1490 1788 328
2 1789 158
571 1789 430
1106 1789 134
1604 1790 503
1066 1791 527
1520 1791 528
663 1792 217
1623 1792 222
1743 1792 171
270 1793 696
532 1793 966
1255 1793 306
1765 1793 372
1403 1794 152
1510 1794 808
144 1795 114
1208 1795 673
139 1796 264
981 1796 277
1370 1796 735
1434 1796 761
1674 1796 461
14 1797 410
126 1797 188
1541 1797 120
1687 1797 843
297 1798 366
806 1799 603
1111 1799 106
1027 1801 124
1396 1801 340
1075 1803 162
279 1804 409
1057 1804 656
1552 1804 173
1572 1804 296
1772 1804 202
742 1805 106
939 1805 108
1216 1806 204
1114 1807 888
635 1808 123
1072 1809 368
1301 1810 329
1606 1810 468
545 1811 761
1246 1811 157
1204 1813 109
1771 1813 258
169 1814 576
329 1814 253
1130 1814 106
675 1815 269
1059 1815 438
232 1816 169
289 1816 183
1319 1817 208
1679 1817 108
1687 1817 654
56 1818 419
1033 1818 747
1035 1819 332
1184 1819 140
1661 1819 293
287 1820 528
340 1820 608
796 1820 123
1083 1820 452
230 1821 234
38 1822 225
138 1822 588
651 1822 309
852 1823 564
202 1824 200
800 1825 547
1245 1825 249
699 1826 407
1350 1826 234
627 1827 834
837 1827 643
492 1828 127
935 1828 163
151 1829 118
654 1829 658
1136 1829 398
1148 1830 284
1690 1831 258
1240 1832 503
1153 1833 452
1229 1833 539
1410 1833 238
1670 1833 274
141 1834 708
237 1834 463
473 1834 264
943 1834 693
1748 1835 234
648 1836 326
1351 1837 671
1633 1837 106
1433 1838 464
1714 1838 342
1815 1838 725
1401 1840 182
1831 1840 640
302 1841 550
609 1841 422
716 1842 286
796 1842 891
1044 1842 230
524 1843 444
1782 1843 715
569 1844 241
715 1844 791
822 1844 218
314 1845 136
924 1845 479
1154 1845 106
280 1846 177
708 1846 611
712 1846 219
409 1847 262
1257 1847 748
1441 1847 376
1544 1847 307
1069 1848 134
1333 1848 126
459 1849 699
1129 1849 672
435 1850 137
681 1850 674
66 1851 289
1285 1851 259
840 1852 483
1687 1852 741
809 1853 287
1671 1854 332
396 1855 212
41 1856 420
389 1856 182
162 1857 171
243 1857 105
661 1857 225
1034 1857 237
1601 1857 455
363 1858 348
565 1858 394
582 1858 325
1482 1859 800
134 1860 474
449 1860 119
967 1860 348
1012 1860 990
1424 1860 320
739 1861 257
877 1861 367
218 1863 514
971 1863 233
490 1864 323
650 1864 446
958 1864 502
542 1867 135
835 1867 214
1715 1868 286
1213 1869 104
41 1870 728
372 1870 380
1373 1871 240
1191 1872 196
1680 1872 293
1268 1873 273
1403 1873 123
108 1874 261
419 1874 515
1020 1874 220
1477 1874 705
101 1875 654
136 1875 642
717 1875 318
1100 1875 176
1535 1876 177
1302 1877 296
538 1878 208
1067 1878 565
569 1879 207
1236 1880 140
1800 1880 132
190 1882 815
296 1882 123
959 1882 211
1375 1882 175
1620 1882 115
796 1883 153
1195 1883 784
892 1884 116
1456 1884 280
1735 1884 439
724 1885 883
1423 1885 162
915 1886 332
762 1887 959
1354 1887 216
1080 1888 106
1413 1888 204
1704 1888 169
278 1889 610
510 1889 450
866 1889 980
1054 1889 152
1705 1889 912
430 1890 901
465 1890 158
1063 1890 210
850 1891 534
480 1892 944
1645 1892 482
1822 1892 143
1548 1893 156
44 1894 202
398 1894 238
563 1895 327
838 1895 622
566 1896 512
1596 1896 149
1733 1896 124
50 1897 914
1051 1897 246
820 1898 226
1202 1898 310
430 1899 333
33 1900 355
121 1900 335
952 1900 596
1770 1901 151
135 1902 120
262 1902 899
1469 1902 405
1264 1903 289
1586 1903 227
928 1904 354
1713 1904 263
1845 1904 487
31 1905 773
633 1905 304
953 1905 201
1450 1906 355
899 1907 372
133 1908 457
999 1909 239
1388 1909 453
1901 1909 404
425 1910 256
933 1910 413
667 1911 363
1127 1911 282
122 1912 347
129 1913 285
423 1913 448
532 1913 250
1085 1913 426
1595 1913 376
122 1914 284
638 1914 387
1887 1914 118
97 1915 534
312 1915 368
1071 1915 688
1404 1915 188
1140 1916 690
1477 1916 134
1484 1916 164
1760 1916 577
1680 1917 273
10 1918 174
809 1918 340
348 1919 381
193 1920 468
714 1920 343
1607 1920 237
468 1921 408
1484 1921 325
1760 1921 513
484 1922 649
1040 1923 525
1390 1923 328
305 1924 389
415 1924 381
1101 1924 851
404 1925 640
1342 1925 374
1381 1925 920
975 1926 382
1180 1926 122
1 1927 340
284 1927 251
449 1928 499
1012 1928 267
1073 1928 111
1764 1928 462
586 1929 111
1462 1929 872
1495 1930 112
1643 1930 892
657 1931 757
936 1931 588
1342 1931 420
748 1932 105
856 1932 411
1321 1933 462
1460 1933 246
1199 1934 405
1923 1934 692
495 1935 181
1193 1935 900
1657 1936 197
331 1938 575
977 1938 173
1357 1938 186
1480 1938 201
1000 1939 390
1089 1939 889
1638 1939 418
140 1940 375
807 1940 378
3 1941 431
233 1942 200
303 1942 311
383 1943 168
500 1943 481
1253 1943 558
1326 1943 204
1669 1943 196
684 1944 386
1795 1944 616
493 1945 989
912 1945 215
4 1946 135
1646 1946 323
93 1947 491
448 1947 457
553 1947 580
1232 1947 973
657 1948 299
939 1948 876
1342 1948 277
451 1949 821
484 1949 295
1330 1949 884
833 1950 280
1359 1950 267
457 1951 267
1512 1951 567
1086 1952 114
1467 1952 244
41 1953 127
1749 1953 461
1798 1953 218
1922 1954 274
394 1955 110
626 1956 204
587 1957 107
702 1957 260
1744 1957 218
317 1958 860
410 1958 105
251 1959 391
1607 1959 595
1627 1959 269
1747 1960 282
1812 1960 897
401 1961 260
1135 1961 712
136 1962 121
1819 1962 290
938 1963 141
1146 1963 176
564 1965 272
632 1965 217
983 1966 235
1681 1966 245
597 1968 163
605 1969 114
175 1970 935
814 1970 676
31 1971 202
326 1971 857
855 1971 456
1760 1971 479
162 1972 338
243 1972 385
661 1972 111
797 1972 617
231 1973 855
1211 1973 453
680 1974 306
786 1974 558
874 1974 796
506 1975 404
926 1976 514
1548 1976 235
509 1977 589
951 1977 249
1131 1977 105
1407 1978 328
1448 1979 116
1871 1979 359
1072 1980 157
1221 1980 865
455 1981 517
748 1981 291
1685 1981 194
1967 1981 580
1884 1982 357
649 1983 817
688 1983 392
341 1984 846
662 1984 339
658 1985 574
994 1985 371
1855 1985 432
802 1986 252
837 1986 258
137 1987 186
628 1987 166
394 1988 476
644 1988 250
1603 1988 375
1080 1989 628
1893 1989 251
8 1990 144
631 1990 838
176 1991 115
25 1992 709
348 1992 165
7 1994 503
399 1994 814
1054 1994 388
464 1995 493
810 1995 515
1102 1995 364
1096 1996 179
336 1997 424
106 1998 332
387 1999 168
1372 1999 168
1288 2000 158
553 2001 330
1985 2001 104
406 2002 526
1217 2002 112
2000 2003 859
1028 2004 726
1457 2004 191
181 2005 122
216 2005 761
773 2006 235
1204 2006 694
884 2007 171
42 2008 605
1083 2008 809
1096 2009 107
1247 2009 828
1996 2009 153
852 2010 103
1392 2010 606
663 2011 135
1792 2011 259
962 2012 526
1447 2012 483
1721 2012 327
113 2013 212
853 2013 121
1571 2013 457
804 2014 361
924 2014 483
1862 2014 171
431 2015 328
1358 2015 287
1677 2015 854
1865 2015 480
280 2016 340
1357 2016 512
227 2017 233
642 2017 785
1498 2017 359
1655 2017 692
1721 2017 232
1759 2017 569
219 2018 113
213 2019 481
1128 2019 417
1486 2020 253
1559 2020 445
290 2021 251
1768 2021 210
902 2022 473
1110 2022 327
1585 2022 439
699 2023 450
648 2024 479
1366 2024 966
1754 2025 449
145 2026 437
1973 2026 258
365 2027 856
200 2028 910
1455 2028 290
1859 2028 506
255 2029 603
1547 2029 190
1417 2030 711
1954 2030 430
1322 2031 524
356 2032 113
1351 2033 606
1749 2033 296
289 2034 381
1158 2035 110
1412 2035 245
104 2036 395
1255 2036 279
962 2037 817
2012 2037 147
369 2038 718
259 2039 388
1695 2039 108
1323 2040 582
2038 2041 216
473 2042 691
1834 2042 427
693 2043 739
1570 2043 138
462 2044 393
1654 2044 846
1292 2045 303
1586 2045 119
515 2046 386
1508 2046 623
1949 2047 255
76 2048 261
1072 2048 828
1275 2048 255
96 2049 237
386 2050 388
671 2050 142
747 2050 114
928 2050 336
1196 2050 538
1724 2050 394
1239 2051 442
1823 2051 372
722 2052 142
779 2052 446
1364 2052 362
747 2053 409
1196 2053 685
1345 2053 883
1724 2053 326
294 2054 636
409 2054 466
607 2054 140
997 2054 115
1511 2054 332
543 2055 855
580 2055 119
1362 2055 140
980 2056 661
468 2057 149
1921 2057 562
524 2058 444
1031 2058 540
1402 2058 392
1647 2058 120
957 2059 622
1804 2059 243
1661 2060 267
1962 2060 387
442 2061 307
719 2061 499
1046 2061 377
1181 2061 303
1305 2062 289
1782 2062 299
6 2063 457
702 2063 788
385 2064 385
719 2065 421
889 2065 217
1220 2066 118
1284 2066 511
1803 2066 122
1993 2067 366
881 2068 547
1455 2068 810
294 2069 457
607 2069 101
167 2070 638
1499 2070 802
68 2071 375
1292 2072 817
1368 2072 420
646 2073 611
891 2073 886
73 2074 861
183 2074 114
658 2074 546
1381 2075 387
630 2076 238
775 2076 170
513 2077 298
265 2078 282
69 2079 428
159 2079 454
546 2079 431
933 2079 807
1119 2079 101
1204 2080 440
1464 2080 265
180 2081 194
1001 2081 683
512 2082 834
1026 2082 222
1136 2082 442
1461 2082 731
1114 2083 969
1120 2083 210
1171 2083 626
1807 2083 463
1176 2084 316
1495 2084 628
727 2085 270
1651 2085 102
1161 2086 243
96 2087 348
656 2088 206
1466 2088 419
1713 2088 218
2 2089 151
849 2089 368
1723 2089 270
1740 2089 146
1489 2090 242
824 2091 388
925 2091 768
1803 2091 312
1688 2092 599
1757 2092 484
788 2093 296
825 2093 248
1195 2093 667
1914 2093 595
317 2094 209
384 2094 268
501 2094 132
550 2094 121
55 2095 518
133 2095 329
1048 2096 121
1284 2096 132
1582 2096 918
2077 2096 344
69 2097 518
933 2097 120
247 2098 652
1393 2098 286
1689 2099 929
226 2100 140
1839 2100 792
1104 2101 358
1891 2101 236
1894 2102 275
431 2103 611
801 2103 314
945 2103 977
1394 2104 615
1447 2104 236
1721 2104 191
1744 2104 212
2099 2105 269
840 2106 668
1479 2106 114
1522 2106 549
1797 2106 244
1852 2106 174
1821 2108 287
1465 2109 500
1599 2109 156
893 2110 209
2100 2110 107
123 2111 402
1725 2111 945
288 2112 218
544 2112 110
830 2113 662
1828 2113 277
1969 2114 142
2105 2114 229
1727 2115 520
317 2117 495
914 2117 243
356 2118 491
941 2119 334
1504 2119 426
176 2120 346
926 2120 256
1077 2120 966
1893 2120 244
252 2121 239
956 2121 286
1049 2122 533
1800 2122 704
621 2123 339
868 2123 376
1401 2123 132
315 2124 882
1998 2124 296
247 2125 311
305 2125 103
1494 2126 355
348 2127 253
1367 2127 581
1496 2127 731
1671 2128 726
2122 2128 264
1053 2129 755
1197 2129 289
1612 2130 390
2127 2130 441
170 2131 145
689 2131 779
2067 2131 439
420 2132 175
501 2132 186
762 2132 341
688 2133 598
697 2133 652
970 2133 406
2 2134 447
849 2134 184
1789 2134 246
1063 2135 551
320 2136 245
1094 2136 631
1593 2137 138
280 2138 469
1357 2138 362
2016 2138 123
1143 2139 619
1759 2139 181
1998 2139 198
1278 2140 205
67 2141 816
1053 2141 613
1389 2141 512
633 2142 385
943 2142 593
1309 2142 206
435 2143 815
1277 2143 236
1337 2143 181
359 2144 479
411 2144 726
692 2144 699
1863 2144 282
102 2145 636
622 2145 235
824 2146 663
1608 2146 418
1662 2146 879
1803 2146 468
2091 2146 936
440 2147 364
677 2147 206
1619 2147 183
1093 2148 201
1933 2149 106
508 2150 130
1762 2150 959
471 2151 633
1246 2151 278
1361 2152 161
2027 2152 124
699 2153 971
2012 2153 600
156 2154 274
1645 2154 732
1701 2155 105
2056 2155 343
416 2156 166
502 2156 944
446 2157 290
1546 2157 431
1829 2157 120
1067 2158 290
1210 2158 459
766 2159 530
1418 2159 489
1050 2160 205
2148 2160 180
523 2161 141
1516 2161 304
1147 2162 127
2079 2162 570
1093 2163 913
1149 2163 791
369 2164 360
1547 2164 892
1633 2164 128
1729 2164 316
2043 2164 119
197 2165 654
569 2165 121
1415 2165 777
1844 2165 302
1879 2165 250
769 2166 193
1269 2166 102
1344 2166 190
1513 2166 120
2165 2166 268
80 2167 441
1160 2167 895
1207 2167 420
1436 2167 380
99 2168 519
816 2168 119
529 2169 331
1794 2169 175
1537 2170 205
1722 2170 214
502 2171 774
1022 2171 736
1376 2171 824
2156 2171 425
26 2172 908
136 2172 382
634 2172 387
292 2173 332
1986 2173 173
442 2174 332
1618 2174 188
2065 2174 431
192 2175 942
677 2176 218
1243 2176 118
1317 2176 725
1647 2176 550
1141 2177 301
1799 2177 576
5 2178 692
1352 2178 886
1523 2178 109
1944 2179 753
1956 2179 701
145 2180 285
667 2180 561
1417 2180 540
653 2181 644
2082 2181 155
328 2182 627
266 2183 186
388 2183 306
680 2183 911
874 2183 110
1056 2183 257
125 2184 127
153 2184 569
1127 2184 267
1508 2184 368
926 2185 383
56 2186 298
336 2186 128
1591 2186 792
1997 2186 184
139 2187 161
1279 2187 454
1551 2187 209
1796 2187 100
2049 2187 922
495 2188 468
949 2188 400
1153 2188 181
1193 2188 263
71 2189 226
1018 2189 142
698 2190 353
1042 2190 623
1170 2191 197
1606 2191 169
234 2192 379
1444 2192 319
625 2193 561
1374 2193 179
1836 2193 332
704 2194 596
1138 2194 445
1825 2195 174
80 2196 671
321 2196 325
1436 2196 210
1902 2196 219
1183 2197 514
1434 2197 390
448 2198 607
755 2198 772
99 2199 720
328 2199 382
644 2200 161
799 2200 469
1249 2200 105
1532 2200 417
910 2201 295
1299 2201 604
1574 2201 250
219 2202 270
541 2202 331
1168 2202 427
215 2203 678
697 2203 301
861 2203 479
1102 2203 487
1172 2203 644
1676 2204 181
1507 2205 110
2054 2205 252
303 2206 436
760 2206 632
1214 2207 780
296 2208 954
845 2208 669
1427 2208 290
1617 2208 413
267 2209 976
537 2209 732
148 2210 829
1250 2210 184
421 2211 215
689 2211 270
17 2212 269
812 2212 571
1968 2213 567
675 2214 542
676 2214 888
888 2215 182
154 2216 144
1323 2216 138
1758 2216 338
1866 2216 181
269 2217 174
1182 2217 211
700 2218 310
763 2218 467
1485 2218 348
736 2219 102
1002 2219 511
1601 2219 527
110 2220 533
1385 2220 548
1427 2221 829
370 2222 541
1613 2222 663
840 2223 443
936 2223 508
1120 2224 933
1294 2224 498
1576 2224 864
618 2225 220
2080 2225 170
1814 2226 372
2003 2226 700
240 2227 224
1050 2227 724
1975 2227 229
45 2228 412
512 2228 383
638 2228 328
1026 2228 720
2207 2228 511
382 2229 483
2200 2229 821
105 2230 400
592 2230 830
1318 2230 115
435 2231 519
979 2231 543
1148 2231 881
1337 2231 426
186 2232 102
883 2232 863
1937 2232 197
670 2233 307
942 2233 116
1416 2233 115
114 2234 138
551 2234 345
691 2234 840
520 2235 708
588 2235 250
1139 2235 216
1839 2235 242
6 2236 974
1693 2236 442
642 2237 460
1394 2237 365
2012 2237 455
191 2238 266
255 2238 265
274 2238 144
1054 2238 458
1138 2238 290
1798 2238 166
1953 2238 193
1819 2239 125
358 2240 195
377 2240 360
32 2241 325
177 2241 280
1079 2241 291
519 2242 562
875 2242 830
2216 2242 305
721 2243 205
870 2243 100
1142 2244 148
2029 2244 340
152 2245 153
721 2245 345
2229 2245 288
1801 2246 154
2081 2246 715
281 2247 686
172 2248 183
51 2249 185
59 2249 106
564 2250 345
1645 2250 186
185 2251 754
1500 2251 448
176 2252 343
2120 2252 463
1350 2253 216
17 2254 771
1862 2254 254
666 2255 388
680 2255 225
337 2256 455
469 2256 254
1657 2256 231
2248 2256 809
142 2257 971
394 2257 125
568 2257 188
1287 2257 479
1955 2257 587
2089 2257 236
380 2258 205
1777 2258 187
1610 2259 388
2207 2259 160
72 2260 512
2209 2260 793
496 2261 399
953 2261 231
2116 2261 482
1372 2262 549
1771 2262 685
897 2263 346
1282 2263 108
96 2264 140
905 2264 575
1627 2264 532
2087 2264 463
1103 2265 564
1868 2266 239
2064 2266 863
373 2267 551
2108 2267 270
683 2268 572
1061 2268 260
1041 2269 154
335 2270 118
1204 2270 355
1458 2270 703
2099 2270 224
675 2271 306
1113 2271 146
1636 2271 685
1714 2271 874
1512 2272 193
1534 2272 274
89 2273 410
339 2273 335
593 2274 592
2073 2274 110
1661 2275 196
1778 2275 390
671 2276 428
1055 2276 729
1380 2276 375
1809 2276 161
375 2277 180
927 2277 138
1221 2278 266
81 2279 719
1620 2279 689
27 2280 358
1647 2280 245
1946 2280 108
908 2281 613
1536 2281 196
1567 2281 702
1769 2281 209
1274 2282 210
239 2283 252
1961 2283 111
2213 2283 632
393 2284 253
571 2284 287
484 2285 171
1734 2285 350
252 2286 311
1126 2286 565
1691 2286 713
893 2287 554
1124 2287 135
1193 2287 238
1935 2287 324
387 2288 229
767 2288 105
243 2289 644
1698 2289 347
1972 2289 241
111 2290 507
461 2290 347
856 2291 207
890 2291 168
1411 2291 552
699 2292 296
857 2292 189
1468 2292 832
717 2293 162
1778 2293 362
332 2294 389
1051 2294 749
747 2295 310
2053 2295 128
431 2296 931
1360 2296 199
229 2297 217
380 2297 407
1460 2297 400
1881 2297 164
851 2298 323
1284 2298 566
1303 2298 493
580 2299 410
1057 2299 550
334 2300 308
1059 2300 551
299 2301 337
839 2301 371
2102 2301 822
78 2302 136
207 2302 475
548 2302 238
1735 2302 109
20 2303 191
349 2303 563
1244 2303 151
1824 2303 187
2030 2303 305
2009 2304 267
2031 2304 363
2075 2304 971
251 2305 330
434 2305 408
2047 2305 308
337 2306 605
657 2306 341
2248 2306 383
382 2307 229
721 2307 350
750 2307 209
230 2308 267
542 2308 393
74 2309 245
1749 2309 572
1123 2310 239
1523 2310 137
921 2311 755
1400 2311 255
2189 2311 452
57 2312 163
360 2312 312
983 2312 359
1397 2312 397
56 2313 215
1262 2313 740
2220 2313 156
1459 2315 745
1564 2315 678
701 2316 782
1545 2316 303
1898 2316 107
367 2317 422
405 2317 284
874 2318 333
2183 2318 106
1043 2319 548
1869 2319 211
1094 2320 849
330 2321 252
857 2321 273
1518 2321 104
221 2322 606
660 2322 295
1014 2322 200
462 2323 737
868 2323 332
872 2323 456
1654 2323 422
7 2324 441
692 2324 243
1153 2325 996
2076 2325 222
733 2326 198
929 2326 217
138 2327 351
480 2327 563
857 2327 356
766 2328 546
1182 2328 170
1964 2328 356
2007 2328 621
1290 2329 101
1446 2329 123
914 2330 794
1199 2330 638
291 2331 273
1068 2331 375
1702 2331 178
1503 2332 189
1219 2333 387
1908 2333 340
1536 2334 196
1609 2334 899
213 2335 198
516 2335 507
1737 2335 394
486 2336 105
2203 2336 692
1586 2337 127
1941 2337 527
2085 2337 249
527 2338 133
637 2338 252
559 2339 446
1443 2339 108
555 2340 914
878 2340 249
1395 2340 249
1606 2340 204
1854 2341 144
2092 2341 375
18 2342 971
601 2342 121
859 2342 182
209 2343 295
280 2343 276
500 2343 551
1480 2343 115
158 2344 324
245 2344 126
411 2344 762
781 2344 987
1186 2344 519
1819 2344 310
1917 2344 596
361 2345 342
439 2345 457
1095 2345 517
305 2346 172
76 2347 124
1380 2347 929
2048 2347 216
1318 2348 631
1420 2348 674
513 2349 457
1063 2349 713
1090 2349 320
1210 2350 413
1225 2350 409
1159 2351 508
767 2352 506
1876 2352 233
1938 2352 518
42 2353 288
796 2353 263
1195 2353 225
1487 2353 273
1563 2353 293
1820 2353 216
1228 2354 184
1992 2354 338
1999 2354 489
313 2355 438
1010 2355 232
1280 2355 267
1453 2356 637
1897 2356 539
1967 2356 815
48 2357 222
2041 2357 331
1149 2358 634
1526 2358 181
939 2359 128
1342 2359 439
2247 2359 317
434 2360 775
2305 2360 267
253 2361 328
640 2361 110
158 2362 358
781 2362 139
1198 2362 287
1819 2362 341
1962 2362 197
2239 2362 468
101 2363 349
248 2363 560
1100 2363 305
1497 2363 645
355 2364 952
1075 2364 327
1346 2364 137
1699 2364 649
2091 2364 437
716 2365 288
1437 2365 294
135 2366 205
580 2366 199
1362 2366 204
579 2367 351
1549 2367 109
659 2368 318
890 2368 134
195 2369 682
482 2370 235
711 2370 104
1194 2370 502
126 2371 282
189 2371 517
1374 2371 161
1694 2372 161
1208 2373 474
2120 2373 506
146 2374 201
1978 2374 464
72 2375 148
163 2375 198
172 2376 307
1503 2376 366
1805 2376 809
1948 2376 120
2306 2376 240
243 2377 173
733 2377 681
1553 2377 511
1972 2377 496
2090 2377 488
984 2378 461
1166 2378 632
218 2379 186
1863 2379 293
1662 2380 608
2091 2380 635
1413 2381 262
1418 2381 889
113 2382 222
551 2382 586
858 2382 508
906 2382 939
336 2383 193
1744 2383 322
1997 2383 355
995 2384 628
2192 2384 622
631 2385 157
802 2385 309
1990 2385 547
170 2386 101
1164 2386 136
359 2387 111
692 2388 146
1761 2388 169
1863 2388 358
785 2389 112
1587 2389 231
1658 2389 831
2385 2389 274
1013 2390 133
1604 2390 836
1126 2391 868
1406 2391 442
2004 2391 412
1555 2392 737
2182 2393 443
36 2394 325
701 2394 408
820 2394 215
974 2394 142
321 2395 739
1224 2395 606
2393 2395 152
217 2396 111
934 2396 530
976 2396 350
1428 2396 182
1472 2396 203
1712 2396 341
181 2397 710
1639 2397 324
1888 2397 304
18 2398 200
322 2398 324
1011 2399 507
1313 2399 107
1736 2399 375
1918 2399 185
1106 2400 152
2215 2400 329
418 2401 263
1112 2401 337
421 2402 380
2078 2402 321
215 2403 262
861 2403 404
1040 2404 119
1877 2404 346
2132 2404 396
100 2405 197
615 2405 226
635 2405 109
2007 2405 311
2101 2405 140
32 2406 354
1334 2406 298
1367 2406 651
1018 2407 996
2189 2407 333
1589 2408 558
1653 2408 446
2326 2408 257
600 2409 754
1252 2409 453
206 2410 553
1114 2410 391
1120 2410 799
2092 2411 528
39 2412 264
964 2412 185
2269 2412 193
805 2413 635
1158 2413 393
1363 2413 105
1412 2413 191
1593 2413 780
2137 2413 178
734 2414 372
1713 2414 788
676 2415 846
1857 2415 113
242 2416 182
1273 2416 362
2384 2417 400
823 2418 258
969 2418 474
1073 2418 418
1860 2418 116
698 2419 288
1689 2419 378
2230 2419 124
27 2420 409
52 2420 215
77 2420 362
370 2420 709
528 2420 109
1613 2420 937
507 2421 692
1993 2421 920
117 2422 480
1816 2422 524
229 2423 375
1349 2423 383
947 2424 156
1954 2424 812
8 2425 674
1493 2425 106
166 2426 683
1165 2427 343
1346 2427 855
2135 2427 194
505 2428 259
1726 2428 346
1743 2428 311
79 2429 772
2089 2429 433
273 2430 474
295 2430 763
1251 2430 336
1263 2430 184
1725 2430 282
636 2431 859
641 2431 135
1022 2431 475
1970 2431 116
2156 2431 900
544 2432 217
1504 2432 241
1513 2432 845
2166 2432 282
1749 2433 285
1996 2433 386
2009 2433 255
2150 2433 441
1622 2434 311
2052 2434 113
2245 2434 112
2314 2434 334
1701 2435 260
2086 2435 549
2392 2435 128
215 2436 959
810 2436 596
1558 2436 154
1630 2436 297
368 2437 511
1267 2437 529
1654 2437 478
912 2438 461
1918 2438 826
1169 2439 968
2028 2439 269
696 2440 225
892 2440 137
921 2440 218
1322 2440 146
1994 2440 202
589 2441 648
2240 2441 109
327 2442 175
881 2442 155
231 2443 442
836 2443 129
1628 2444 310
2146 2444 695
2364 2444 453
65 2445 567
1018 2445 183
1863 2445 447
609 2446 271
2411 2446 173
445 2447 289
631 2447 253
2107 2447 184
1126 2448 596
1597 2448 938
122 2449 437
1195 2450 263
2082 2450 147
536 2451 325
1906 2451 114
2246 2451 557
483 2452 745
1240 2452 661
1886 2452 962
646 2453 674
886 2453 181
1539 2453 376
196 2454 388
526 2454 213
1188 2454 271
2259 2455 647
817 2456 156
2219 2456 126
331 2457 133
1802 2457 228
2016 2457 410
2218 2457 456
283 2458 538
616 2458 588
866 2458 219
1889 2458 938
1080 2459 209
1548 2459 131
2185 2459 229
1079 2460 753
1514 2460 390
58 2461 680
395 2461 323
557 2462 504
1717 2462 321
2025 2462 300
593 2463 389
1019 2463 814
1529 2463 401
2274 2463 583
620 2464 371
1130 2464 104
1466 2464 583
1713 2464 493
1062 2465 155
1319 2465 383
1679 2465 539
2376 2465 258
187 2466 401
2171 2466 652
1005 2467 262
1249 2467 284
646 2468 328
2073 2468 346
2274 2468 505
1157 2469 647
2140 2469 743
820 2470 140
1979 2470 500
396 2471 299
349 2472 589
808 2472 223
1417 2472 831
2303 2472 288
1820 2473 497
2353 2473 384
796 2474 264
1166 2474 743
2157 2474 789
1759 2475 526
1783 2475 381
2023 2475 877
2383 2475 480
130 2476 763
407 2476 114
666 2476 477
2094 2476 161
1294 2477 379
1849 2477 733
2141 2477 472
100 2478 194
635 2478 119
1077 2478 815
1241 2478 352
1808 2478 402
353 2479 442
1398 2479 411
2053 2479 312
77 2480 104
533 2480 447
386 2481 835
1707 2481 182
2053 2481 515
154 2482 156
797 2482 909
1373 2482 340
211 2483 490
296 2483 134
1030 2483 821
1024 2484 176
2056 2484 240
118 2485 579
1373 2485 164
1866 2485 645
2040 2485 659
2216 2485 252
2242 2485 143
417 2486 893
829 2486 777
902 2486 381
5 2487 660
941 2487 407
1486 2487 352
1133 2488 227
1385 2488 733
1434 2489 700
1493 2489 859
2447 2489 301
515 2490 313
1551 2490 341
1907 2490 177
98 2491 276
757 2491 562
72 2492 996
1339 2492 371
1462 2492 281
226 2493 195
2100 2493 498
591 2494 926
1790 2494 855
350 2495 850
652 2495 348
2223 2495 305
1231 2496 200
155 2497 384
187 2497 176
1337 2497 256
907 2498 114
956 2498 261
868 2499 470
1410 2499 827
1670 2499 231
2076 2499 618
481 2500 599
