1
0
1
1
1000000
0
0
0
0
1
42 52 313
51 55 171
14 58 154
76 78 327
107 108 273
40 123 157
93 130 201
1 133 849
127 135 218
70 143 302
154 172 108
111 173 177
128 177 202
136 177 344
14 179 349
53 185 951
142 195 263
148 197 178
62 204 200
44 208 239
49 212 735
96 215 136
100 228 998
214 241 183
125 245 214
40 247 178
139 261 127
174 262 525
110 263 177
199 268 160
18 272 235
71 278 362
266 282 189
285 295 228
89 296 133
118 298 144
167 300 193
208 310 165
267 315 268
146 323 191
165 331 245
141 335 243
224 336 220
18 343 228
258 344 108
79 346 553
213 348 168
254 352 258
43 365 191
117 367 287
284 370 319
343 371 908
81 373 334
329 376 321
276 378 126
255 380 620
113 382 368
191 384 154
260 391 229
290 399 342
73 404 251
364 404 189
163 405 356
67 406 119
381 409 187
301 413 152
10 414 102
306 414 175
108 415 315
299 417 698
328 418 194
408 423 204
131 427 183
126 429 475
232 432 215
394 432 268
35 437 144
166 438 348
208 440 101
35 447 225
342 450 330
378 456 568
162 465 102
135 466 235
218 469 322
303 471 374
66 476 246
49 486 980
406 486 864
393 491 360
407 492 333
416 495 137
304 497 227
326 501 218
237 502 228
374 506 153
100 509 111
355 513 295
25 515 174
4 519 289
360 520 203
425 521 158
124 523 109
417 524 257
259 525 137
377 525 232
192 526 151
26 529 108
189 534 735
210 537 341
462 540 240
459 543 125
350 545 213
274 549 189
320 555 162
12 556 119
106 558 269
31 559 364
444 565 101
183 570 134
152 571 130
212 573 113
25 574 223
373 575 269
155 579 253
111 584 231
256 588 195
499 588 250
276 593 389
592 597 123
274 598 835
124 599 113
48 600 236
271 602 233
582 605 863
530 606 215
73 607 110
178 608 781
510 611 296
97 612 126
304 612 192
168 613 208
11 615 118
444 616 268
156 617 179
345 618 257
15 620 178
34 623 356
590 624 356
211 630 337
500 630 232
470 633 178
180 634 189
402 634 332
360 636 768
259 640 696
181 645 116
615 645 236
586 649 247
530 651 316
648 653 263
47 655 107
453 659 268
501 659 134
114 660 252
88 661 246
412 663 383
351 664 268
552 669 774
641 671 357
437 674 277
504 675 304
87 676 132
208 676 969
240 678 207
278 679 868
98 680 253
610 681 256
427 682 362
445 682 283
314 684 281
488 690 118
15 691 290
627 693 297
28 695 294
412 696 267
626 697 173
608 698 295
93 700 338
190 701 455
301 701 260
57 702 210
115 702 226
687 705 232
568 708 310
44 710 837
33 711 157
67 711 274
550 714 224
428 717 157
65 719 264
458 720 197
258 722 217
36 726 185
251 734 272
730 741 127
597 743 123
503 745 155
340 749 223
573 750 168
206 751 110
621 752 267
631 755 143
202 756 329
159 757 300
532 758 239
491 761 296
517 761 182
424 766 238
429 768 124
551 770 201
253 771 573
375 774 555
136 775 660
299 775 278
217 782 250
583 782 150
759 784 166
7 787 252
704 787 265
181 788 135
326 789 234
574 789 192
102 791 300
784 792 134
179 793 155
688 794 204
535 797 250
151 805 108
118 807 244
805 808 551
55 809 242
731 810 341
624 811 104
802 813 342
10 815 467
136 815 124
220 817 274
718 817 203
672 819 168
63 820 271
417 820 321
758 822 293
448 824 172
56 831 320
387 836 241
269 837 100
313 837 110
151 841 170
289 841 191
238 845 354
414 848 307
12 849 263
22 852 200
776 852 310
170 856 242
398 856 213
712 857 129
383 858 261
493 858 132
300 859 186
37 860 290
440 861 271
689 862 201
305 863 207
69 865 156
514 866 235
308 867 232
361 867 219
352 868 279
806 870 208
223 871 198
194 873 933
475 873 124
11 883 215
209 884 203
98 885 146
395 889 856
458 890 296
749 891 184
876 893 237
680 896 226
632 897 200
604 898 223
564 900 240
219 902 195
392 904 101
137 906 129
2 908 184
815 909 246
869 909 225
268 910 113
201 911 314
23 912 238
705 915 152
594 917 304
16 919 297
374 921 190
769 921 182
433 923 303
10 926 310
426 929 243
622 930 237
316 932 167
818 932 466
146 936 709
755 936 366
446 938 177
275 941 315
627 942 230
512 943 101
429 944 108
724 944 208
864 945 216
84 949 243
329 952 345
353 954 344
691 954 819
562 955 263
272 957 272
420 959 143
879 961 321
83 964 185
768 965 211
347 969 103
596 971 144
173 974 954
652 977 153
546 978 186
589 978 718
891 979 288
103 982 281
209 982 181
417 989 170
524 989 201
903 990 238
839 993 129
587 994 138
26 995 100
499 997 201
865 997 225
321 1000 222
487 1003 325
703 1005 201
846 1005 205
30 1006 268
421 1007 847
532 1008 164
10 1011 108
136 1011 148
775 1011 175
869 1011 268
909 1011 199
382 1012 222
580 1013 659
160 1014 280
739 1014 152
553 1015 957
628 1015 148
716 1019 288
127 1021 144
238 1021 243
217 1025 174
252 1025 251
963 1026 246
523 1027 387
556 1029 169
1026 1030 171
115 1031 287
81 1034 186
869 1034 338
909 1034 101
976 1034 226
287 1035 332
417 1035 263
524 1035 311
695 1037 128
226 1039 186
563 1040 207
420 1041 207
59 1043 932
901 1043 329
498 1046 213
927 1046 342
1020 1049 307
174 1050 275
1041 1051 166
568 1052 201
821 1052 152
143 1053 244
872 1054 835
186 1058 173
337 1059 204
85 1061 308
188 1062 193
495 1066 375
309 1069 244
459 1069 203
66 1071 941
913 1071 196
992 1072 269
868 1073 162
41 1074 178
396 1075 326
796 1076 160
958 1078 239
893 1079 238
54 1080 198
958 1080 159
966 1081 163
5 1082 291
808 1082 130
80 1083 945
1019 1090 199
744 1091 729
332 1092 214
1010 1092 321
439 1094 176
922 1094 297
184 1095 167
1056 1098 383
1038 1101 151
288 1103 803
566 1104 119
540 1106 171
643 1106 349
777 1107 210
183 1108 165
1067 1109 136
1017 1110 186
293 1111 286
436 1114 171
429 1115 128
881 1115 126
566 1118 266
46 1119 144
792 1121 202
1112 1121 120
249 1123 239
47 1124 315
980 1124 145
9 1125 929
619 1126 349
571 1127 120
125 1130 582
657 1132 787
734 1133 280
369 1134 225
86 1135 191
445 1136 217
827 1136 129
19 1138 245
607 1138 286
154 1139 208
1057 1140 203
733 1143 230
650 1144 128
790 1144 240
980 1145 369
1028 1147 245
620 1149 129
810 1150 295
36 1151 339
77 1151 174
851 1153 117
1035 1154 133
748 1155 371
971 1156 374
902 1160 219
358 1161 798
337 1162 249
775 1162 141
909 1162 851
1011 1162 321
21 1163 139
276 1163 872
716 1163 305
559 1164 291
21 1167 199
56 1167 314
943 1169 254
35 1171 143
880 1172 373
934 1172 297
405 1173 201
854 1173 197
362 1174 255
779 1175 190
772 1176 230
380 1178 174
350 1181 332
1105 1182 192
284 1183 560
860 1183 184
484 1184 924
162 1187 286
460 1188 266
664 1189 308
538 1192 326
261 1195 167
732 1196 265
1128 1196 804
371 1198 355
296 1199 344
603 1200 250
903 1201 381
1085 1202 128
994 1204 262
1011 1206 200
533 1207 225
1141 1208 237
666 1209 322
773 1210 185
1120 1211 178
10 1212 647
652 1212 201
236 1213 268
855 1213 359
928 1214 141
1163 1214 187
141 1215 271
204 1215 259
246 1217 245
915 1220 271
1156 1221 121
90 1222 136
388 1222 175
338 1223 254
857 1223 305
795 1224 320
224 1226 185
776 1226 176
885 1227 925
1193 1228 888
1195 1230 206
156 1231 217
279 1233 235
935 1234 187
850 1236 287
983 1237 167
345 1238 135
57 1239 321
1035 1239 243
838 1240 232
863 1241 243
644 1242 207
422 1243 257
477 1243 788
1078 1244 145
149 1245 210
959 1245 212
718 1246 267
10 1248 109
75 1248 182
552 1248 209
572 1248 666
694 1249 154
104 1250 306
190 1251 332
1065 1251 284
366 1252 219
1048 1255 178
1065 1257 195
507 1258 816
160 1259 237
1142 1261 187
468 1263 144
234 1265 101
105 1267 182
347 1267 137
729 1268 161
396 1269 180
781 1269 155
345 1271 295
780 1273 146
963 1273 231
1219 1275 165
7 1277 890
336 1278 148
71 1279 599
772 1281 160
431 1282 139
261 1283 138
496 1283 315
1187 1284 229
129 1285 306
277 1286 196
440 1287 325
926 1287 231
4 1289 226
864 1289 313
9 1290 176
3 1291 181
379 1291 181
947 1292 204
1247 1292 287
698 1293 131
941 1294 145
1155 1295 241
139 1296 215
398 1296 269
1283 1296 890
293 1297 270
1068 1297 710
1232 1298 139
372 1300 172
23 1302 303
531 1302 217
823 1303 165
837 1304 158
931 1307 121
924 1308 378
356 1309 283
757 1310 788
1077 1311 101
403 1313 248
134 1314 346
163 1314 254
393 1315 220
1230 1317 192
815 1318 110
869 1318 241
909 1318 128
1162 1318 369
1287 1318 193
364 1322 814
737 1323 933
974 1323 235
610 1325 743
592 1326 341
1178 1327 254
286 1328 272
354 1328 283
812 1330 186
248 1332 398
282 1333 308
665 1335 157
694 1335 364
875 1336 119
249 1338 991
1206 1338 104
70 1340 190
647 1342 289
408 1344 119
265 1345 286
196 1346 242
358 1346 184
327 1348 202
853 1349 163
795 1350 284
1018 1351 165
1098 1352 639
13 1353 289
401 1353 745
314 1354 230
411 1356 302
1045 1356 218
389 1358 139
59 1359 126
763 1360 225
1286 1360 319
1060 1361 126
1290 1361 125
312 1362 182
769 1363 178
207 1364 853
908 1366 387
260 1367 342
786 1368 167
1218 1372 186
270 1373 377
939 1375 268
308 1376 172
518 1376 187
735 1377 197
292 1378 257
439 1378 783
816 1380 152
635 1381 236
147 1382 208
490 1383 319
726 1383 258
1271 1384 210
1162 1385 198
835 1386 267
746 1387 220
447 1388 286
842 1391 238
1371 1392 121
1058 1393 245
1129 1393 724
1056 1395 112
811 1396 349
488 1397 222
500 1399 212
50 1400 177
692 1401 156
871 1401 230
113 1402 264
1075 1402 231
511 1403 244
315 1405 383
229 1406 131
894 1406 257
1148 1407 171
830 1408 102
507 1409 130
696 1409 163
1260 1410 212
48 1411 138
63 1411 184
417 1411 104
986 1412 276
323 1413 270
1053 1416 723
420 1417 130
782 1417 140
782 1418 187
357 1419 878
447 1419 405
1070 1422 176
79 1423 143
53 1424 153
140 1426 136
237 1427 277
283 1427 178
616 1428 203
1367 1428 328
478 1429 236
979 1429 646
1370 1430 168
1201 1431 143
596 1432 298
1159 1433 262
1282 1433 169
489 1434 167
1324 1436 122
961 1437 122
1307 1437 118
438 1438 332
454 1438 101
265 1439 122
1029 1439 450
699 1440 133
1105 1440 120
221 1441 268
1313 1441 115
1421 1442 262
895 1443 312
1278 1443 111
996 1444 218
1009 1446 269
685 1447 148
419 1450 197
443 1451 324
402 1452 305
1116 1453 120
485 1455 237
45 1456 261
999 1458 276
505 1459 353
1076 1460 111
1124 1460 158
1244 1461 150
802 1462 294
255 1463 259
463 1463 289
748 1465 344
1117 1466 314
175 1467 372
567 1467 247
669 1468 138
831 1468 239
928 1468 144
536 1469 211
184 1470 277
1186 1470 202
413 1471 270
775 1471 195
815 1471 159
869 1471 999
169 1473 376
1456 1475 285
420 1476 346
959 1476 236
1051 1476 295
1410 1476 168
210 1477 329
1012 1477 248
904 1478 195
956 1479 151
10 1480 292
815 1480 214
198 1483 347
1018 1483 112
1212 1486 111
1261 1487 247
800 1489 912
833 1489 169
109 1491 215
483 1491 261
585 1492 158
103 1493 357
1197 1496 254
490 1497 118
1036 1497 118
939 1498 357
1011 1498 105
1162 1498 205
1318 1498 361
1471 1498 285
1480 1498 183
505 1499 284
832 1500 170
178 1501 240
1288 1501 242
966 1502 246
61 1504 227
225 1504 174
68 1506 882
926 1506 255
988 1506 193
362 1507 150
862 1507 121
456 1508 792
834 1508 210
1063 1509 639
619 1510 722
1397 1510 751
394 1511 174
637 1511 219
1025 1512 257
1369 1513 269
1425 1514 200
770 1515 352
753 1516 981
1166 1516 778
668 1517 305
719 1518 187
177 1519 172
850 1520 825
646 1521 152
822 1521 268
1115 1522 133
280 1523 230
565 1523 110
572 1523 257
281 1527 189
742 1527 145
628 1528 135
948 1529 280
158 1530 266
658 1530 887
205 1531 216
82 1532 163
614 1533 249
1010 1533 241
303 1534 197
601 1534 219
700 1535 774
976 1535 145
721 1537 222
962 1538 113
1315 1540 206
317 1541 109
1306 1541 277
1150 1542 162
913 1544 187
309 1545 257
1132 1545 396
271 1546 143
1040 1547 204
144 1549 322
835 1553 235
1549 1553 148
239 1555 443
1229 1555 221
668 1556 278
576 1558 238
21 1559 387
496 1559 268
669 1559 193
1163 1559 222
1167 1559 143
704 1560 172
398 1561 352
708 1561 380
535 1562 795
985 1563 270
318 1564 318
1472 1564 113
431 1565 217
642 1565 120
78 1566 126
467 1566 420
233 1567 337
1208 1567 403
194 1569 195
905 1569 202
923 1570 238
1224 1570 139
1 1571 149
539 1571 259
107 1573 176
589 1573 192
56 1574 178
831 1574 839
928 1574 863
1214 1574 145
75 1575 285
959 1576 150
981 1576 361
1158 1576 227
1245 1576 197
1061 1577 305
17 1578 142
1096 1580 136
1352 1581 283
471 1582 283
1339 1583 180
1538 1583 317
812 1584 151
1199 1584 954
289 1585 205
233 1588 771
900 1588 106
92 1589 186
939 1589 927
161 1590 174
1300 1590 264
390 1591 943
426 1591 321
169 1592 198
1400 1592 122
472 1593 151
1004 1594 341
1425 1595 232
186 1596 210
561 1597 184
910 1597 392
222 1598 199
207 1599 270
743 1600 376
527 1602 939
886 1602 202
481 1603 160
1493 1603 305
1262 1605 275
716 1606 251
1176 1607 285
1341 1607 230
16 1608 127
1197 1608 116
82 1609 170
673 1610 776
722 1611 135
823 1611 213
1035 1612 131
1296 1612 312
1411 1612 336
1486 1612 308
1509 1612 149
101 1613 295
752 1614 153
927 1614 346
72 1616 101
263 1616 293
738 1617 205
872 1617 260
1464 1618 234
572 1621 332
1212 1621 169
1398 1622 261
299 1623 177
989 1623 222
1486 1623 208
1617 1624 118
1013 1625 217
1133 1625 193
468 1626 254
42 1628 291
729 1628 195
1599 1629 238
909 1631 653
1024 1631 125
660 1632 301
1627 1632 572
144 1633 268
89 1634 998
196 1634 164
1298 1635 259
826 1639 237
1340 1640 305
20 1641 154
1158 1643 145
585 1644 133
1556 1644 354
248 1645 557
64 1646 405
1164 1646 357
928 1647 346
1163 1647 206
1468 1647 264
1471 1647 257
1559 1647 248
235 1648 207
613 1648 914
653 1649 553
981 1649 285
1436 1649 280
330 1650 266
1645 1651 858
485 1653 155
914 1653 117
1180 1653 267
561 1654 212
988 1655 263
1442 1655 322
140 1658 321
243 1658 185
632 1661 173
97 1663 886
132 1663 155
128 1664 265
132 1665 103
946 1665 164
29 1668 149
1322 1668 200
1434 1668 601
292 1671 958
1099 1672 262
547 1673 160
1086 1674 274
1389 1674 328
222 1675 312
699 1676 716
1309 1676 280
925 1678 312
443 1680 357
884 1680 162
266 1681 125
1310 1682 173
241 1683 371
1016 1683 628
230 1684 312
525 1684 655
1011 1684 182
1054 1684 108
672 1685 103
10 1686 305
63 1686 192
136 1686 212
831 1686 278
869 1686 964
1011 1686 979
1162 1686 322
1480 1686 346
1392 1687 147
171 1688 330
1403 1688 113
953 1689 166
1205 1689 168
232 1690 893
598 1693 308
231 1694 117
1487 1694 308
840 1695 227
553 1696 208
421 1697 653
899 1697 126
437 1698 229
585 1699 286
105 1700 976
1088 1701 120
570 1702 364
786 1702 125
116 1703 202
416 1703 312
311 1704 254
838 1704 307
1194 1705 226
474 1706 877
1526 1706 101
947 1707 254
1454 1708 149
1610 1708 244
518 1709 155
1122 1711 276
587 1712 118
1631 1712 255
888 1713 224
442 1714 254
1017 1715 198
1354 1715 276
740 1716 923
1321 1717 781
145 1718 535
960 1718 323
197 1719 407
1652 1721 181
563 1723 678
1216 1723 328
359 1724 199
39 1725 183
1184 1726 142
1190 1728 732
756 1729 122
831 1730 268
1180 1730 132
1214 1730 277
1468 1730 185
892 1731 275
517 1732 216
987 1733 252
1149 1733 220
985 1734 193
1482 1734 691
337 1735 281
567 1735 228
286 1736 298
560 1736 140
1305 1737 323
114 1738 151
1095 1738 298
1444 1739 352
1656 1739 207
92 1741 883
928 1741 137
343 1742 221
600 1742 229
851 1742 324
878 1742 275
1317 1742 732
433 1743 109
1301 1743 284
226 1744 158
1003 1746 363
1033 1746 239
291 1747 326
1022 1748 102
376 1749 135
602 1750 260
689 1750 239
1321 1751 225
787 1752 185
1274 1752 110
595 1753 224
909 1754 240
1334 1754 250
991 1755 277
724 1758 183
479 1759 196
1247 1760 192
1229 1761 326
121 1762 328
654 1762 221
24 1763 292
1064 1763 657
494 1764 293
200 1765 356
1232 1765 143
101 1766 229
1299 1766 278
548 1767 262
1343 1767 125
397 1768 140
1496 1768 315
441 1770 879
56 1771 205
1374 1772 236
590 1773 261
899 1776 113
1084 1777 328
975 1778 226
973 1779 580
507 1780 837
1431 1780 257
1192 1781 158
244 1782 139
1336 1782 201
1312 1783 486
318 1785 190
1710 1785 234
1579 1786 157
145 1787 233
957 1787 143
1085 1788 142
925 1789 183
333 1790 248
591 1790 217
41 1791 894
1546 1792 139
1696 1792 294
584 1793 561
829 1794 212
1755 1794 171
132 1795 248
1760 1795 365
186 1796 135
261 1796 375
550 1797 454
1550 1798 246
1288 1799 272
1788 1800 209
83 1801 270
1551 1803 218
851 1804 249
171 1805 147
614 1805 181
506 1806 328
250 1807 172
429 1807 276
1198 1807 317
800 1809 145
1687 1809 248
1673 1810 202
998 1811 204
1344 1812 858
1227 1813 203
131 1814 327
457 1814 347
294 1815 171
803 1815 232
783 1816 195
1544 1817 293
765 1818 170
1784 1818 258
1004 1820 150
1233 1821 125
1626 1821 332
497 1822 188
578 1824 136
1578 1824 140
1127 1825 249
1377 1825 120
684 1826 108
221 1827 180
935 1827 114
666 1828 211
1311 1829 171
1432 1829 296
330 1830 281
335 1831 265
1720 1831 128
138 1832 159
1729 1832 128
764 1833 210
1659 1833 815
834 1834 287
434 1835 220
10 1836 340
576 1836 147
1162 1836 243
1471 1836 248
1480 1836 204
1498 1836 118
1648 1837 160
1266 1838 194
1798 1838 227
1140 1839 181
1260 1839 205
707 1840 196
1468 1840 270
992 1841 192
423 1843 142
1719 1844 355
356 1845 309
1640 1845 268
1259 1846 340
1264 1848 353
1492 1848 226
1368 1849 309
86 1850 330
1316 1850 104
317 1851 294
713 1851 348
349 1852 314
1347 1852 157
646 1853 117
1485 1853 123
683 1857 196
1316 1857 193
1051 1859 276
251 1860 275
1394 1861 228
50 1862 239
1258 1862 199
1324 1863 764
1596 1863 135
849 1864 337
1817 1864 155
774 1865 141
1046 1865 313
1175 1866 352
474 1867 188
946 1867 159
1096 1868 109
1317 1869 478
253 1870 358
1745 1870 352
1613 1871 333
744 1872 245
29 1873 102
120 1873 309
577 1874 308
1779 1875 245
1789 1875 157
843 1876 180
1503 1878 265
1615 1878 199
548 1879 212
119 1880 209
1089 1880 100
1375 1881 255
6 1882 190
435 1882 273
767 1883 189
1342 1884 255
425 1885 172
434 1886 332
674 1886 189
959 1886 229
981 1886 191
1576 1886 187
1859 1886 359
1033 1887 230
1554 1889 204
1343 1890 319
34 1892 865
1705 1892 342
370 1893 232
120 1894 169
1757 1895 209
470 1896 264
150 1897 107
1791 1897 127
6 1898 221
473 1898 161
1293 1899 644
147 1900 214
287 1901 160
1191 1901 276
110 1902 327
287 1903 976
395 1904 289
870 1905 231
1481 1905 250
1166 1907 140
1559 1907 322
245 1908 221
453 1908 332
661 1909 233
94 1910 123
677 1911 147
368 1912 126
1404 1912 146
833 1913 327
897 1913 173
1051 1914 205
1157 1914 313
1886 1914 328
153 1915 206
1421 1915 438
572 1916 334
831 1916 330
472 1917 171
888 1918 337
387 1919 182
1304 1920 186
583 1921 147
944 1921 155
1891 1921 104
122 1922 613
10 1923 213
626 1923 186
869 1923 340
909 1923 717
1053 1923 338
1471 1923 194
1686 1923 836
322 1924 298
1460 1924 289
1074 1925 252
454 1926 377
625 1927 163
1691 1927 240
528 1928 175
735 1929 816
1387 1929 172
1101 1930 556
1225 1930 213
1408 1931 197
1858 1931 194
334 1932 346
134 1934 243
1654 1934 392
434 1935 203
451 1935 306
152 1936 163
1858 1936 151
448 1937 228
1495 1937 953
1269 1938 296
1480 1938 358
1188 1939 551
670 1940 224
1170 1940 211
1753 1942 319
21 1943 286
56 1943 873
669 1943 580
1468 1943 799
1559 1943 102
1341 1944 351
1455 1945 217
1563 1946 272
804 1947 204
1656 1948 173
1800 1948 712
803 1949 794
1027 1949 120
1448 1950 200
1819 1950 866
1536 1951 220
1657 1951 303
1775 1952 254
62 1953 281
580 1954 295
231 1957 285
366 1957 116
1161 1958 670
1057 1959 358
1679 1959 159
469 1960 184
832 1960 190
32 1961 308
665 1961 175
381 1962 928
1955 1962 107
609 1963 143
369 1964 253
74 1965 197
1756 1965 103
185 1966 125
1484 1966 157
277 1967 271
951 1967 206
273 1969 241
1659 1970 176
72 1971 104
1093 1971 239
1536 1972 204
1764 1974 170
801 1976 226
20 1977 201
95 1978 294
1337 1978 123
1748 1980 193
339 1981 314
1254 1981 223
688 1982 256
1143 1982 253
172 1984 208
1268 1984 181
557 1985 274
996 1986 329
1677 1986 317
545 1987 319
269 1988 152
287 1988 845
1435 1988 558
357 1989 233
1102 1990 201
1621 1990 247
1624 1990 471
656 1991 786
779 1991 183
1711 1992 320
359 1993 165
720 1993 148
1944 1994 170
1250 1995 573
1505 1995 131
901 1996 583
1601 1996 174
1826 1997 200
1028 1998 134
1772 1998 232
1228 2000 976
375 2001 351
950 2002 164
1322 2002 118
828 2003 224
1802 2003 305
28 2004 287
1395 2004 123
1619 2005 508
609 2007 164
75 2008 206
1122 2008 318
60 2009 145
1539 2009 280
745 2010 219
235 2011 928
1975 2012 277
541 2013 166
1593 2013 213
91 2014 237
464 2016 397
652 2016 130
1023 2017 829
203 2019 184
569 2019 263
368 2020 172
514 2020 210
367 2021 251
1001 2021 342
401 2022 163
1834 2022 140
297 2023 278
1364 2023 274
793 2024 354
1747 2024 531
840 2025 296
1526 2025 571
875 2026 273
1108 2026 130
39 2027 148
606 2027 192
384 2028 347
1956 2028 307
104 2030 125
461 2030 298
933 2031 126
635 2032 209
1757 2032 238
410 2033 107
1088 2033 751
991 2034 229
1179 2035 137
1980 2035 133
581 2036 288
1840 2036 168
806 2037 175
1775 2037 210
508 2039 164
531 2039 197
1773 2040 379
918 2041 503
1350 2042 173
333 2043 184
1365 2043 188
1983 2044 206
1035 2045 226
1154 2045 351
1968 2046 147
1911 2047 134
285 2048 539
945 2048 216
764 2049 299
928 2050 139
1163 2050 271
1167 2050 329
1283 2050 263
1574 2050 172
215 2051 183
2029 2051 323
1701 2052 593
2038 2052 174
504 2053 228
1552 2053 116
816 2054 250
981 2054 100
1490 2054 419
455 2055 210
392 2056 248
155 2057 187
986 2057 307
1650 2058 125
1976 2058 159
270 2059 181
481 2060 185
1883 2060 207
1974 2061 261
21 2062 649
56 2062 309
1214 2062 203
1730 2062 211
1943 2062 247
257 2063 251
2059 2063 220
765 2064 168
1771 2065 263
442 2067 201
725 2067 208
940 2068 148
1423 2069 188
831 2070 349
1118 2070 304
1941 2070 281
1462 2071 255
1488 2071 247
1129 2072 218
500 2073 215
1529 2073 213
753 2074 245
1191 2074 240
591 2076 255
1720 2076 306
1784 2077 344
449 2078 115
1568 2079 273
56 2080 132
669 2080 256
831 2080 188
1167 2080 153
1730 2080 231
1943 2080 182
298 2081 319
1256 2081 317
1325 2082 301
1692 2082 253
385 2083 154
2007 2083 267
496 2084 292
740 2084 159
1869 2084 190
741 2086 257
890 2086 774
728 2087 213
1810 2087 160
1100 2089 160
1204 2089 146
1047 2090 270
2029 2091 194
187 2093 173
56 2094 225
669 2094 241
928 2094 211
1468 2094 179
1574 2094 226
1730 2094 240
2062 2094 215
48 2095 221
68 2095 276
392 2095 358
1907 2095 989
1435 2096 244
973 2097 255
528 2098 219
1113 2099 317
473 2100 188
636 2100 127
321 2101 211
714 2101 168
649 2103 195
898 2105 207
2049 2105 276
1778 2106 251
206 2107 182
1116 2107 222
887 2108 303
1301 2108 280
264 2109 156
879 2109 119
1458 2110 127
379 2111 280
1210 2112 670
68 2113 209
742 2113 115
203 2114 546
508 2114 942
842 2115 182
1380 2116 297
1415 2116 429
1776 2116 228
723 2117 158
1837 2117 219
1972 2120 240
522 2121 159
824 2121 267
302 2122 172
1102 2122 291
1369 2123 223
2104 2124 817
80 2125 216
513 2126 196
918 2127 204
1390 2127 978
529 2128 265
686 2128 293
484 2129 257
1958 2129 165
214 2130 665
1414 2131 133
498 2132 298
1032 2132 184
1799 2133 357
81 2134 278
227 2134 251
984 2135 398
1686 2136 205
1977 2137 329
208 2138 216
1877 2138 142
1999 2138 154
1203 2139 202
1099 2140 142
38 2141 294
1594 2141 260
417 2142 210
669 2142 698
928 2142 295
1558 2142 244
1559 2142 140
1647 2142 141
2050 2142 223
348 2143 952
892 2144 221
1426 2144 288
962 2145 451
1633 2145 133
1938 2146 980
2062 2146 309
658 2147 205
1847 2147 307
159 2148 194
8 2149 234
1803 2150 143
1830 2151 792
931 2152 134
526 2153 297
1276 2153 145
1528 2154 128
2110 2154 154
1245 2155 149
981 2156 324
1576 2156 225
1614 2156 162
1461 2157 363
799 2158 420
1554 2158 129
161 2159 174
827 2159 290
1390 2160 238
709 2161 315
983 2161 252
1844 2162 244
2018 2162 320
1181 2163 107
279 2164 265
1384 2165 316
10 2166 932
1034 2166 132
1329 2167 144
1813 2168 225
1964 2168 129
153 2169 136
1604 2170 277
1999 2170 239
220 2171 116
510 2171 944
1691 2172 240
938 2173 305
1209 2173 290
22 2174 197
2069 2174 217
679 2175 309
1670 2175 360
1500 2176 283
463 2177 277
1410 2179 152
1270 2180 189
1112 2181 335
1479 2181 313
956 2182 205
1808 2183 235
1868 2183 231
1871 2184 245
1679 2185 131
1835 2185 179
1070 2186 210
1906 2186 165
290 2187 144
2182 2187 129
783 2188 185
937 2188 231
1457 2189 198
372 2190 158
307 2191 312
1091 2191 245
1643 2192 197
788 2193 225
1661 2194 387
1182 2195 816
2102 2195 301
771 2196 356
796 2196 100
331 2197 317
1797 2197 279
920 2198 120
1669 2199 125
1777 2199 275
87 2200 276
419 2201 162
703 2201 165
1308 2202 139
1888 2202 215
149 2203 186
434 2203 262
1041 2203 198
1158 2203 247
1576 2203 815
91 2204 151
1009 2205 248
650 2207 238
1895 2207 350
877 2208 691
137 2209 251
791 2209 746
229 2210 217
533 2210 182
257 2211 169
725 2211 153
31 2212 270
809 2212 122
621 2214 191
1490 2214 671
1190 2215 205
1502 2215 224
549 2216 254
424 2217 302
2092 2217 149
1280 2218 186
94 2219 214
452 2220 196
1333 2220 245
195 2221 272
919 2222 223
1168 2222 158
1131 2223 135
344 2224 340
446 2224 243
952 2225 230
33 2226 122
1135 2226 162
964 2227 149
1104 2227 162
1446 2229 328
1727 2229 518
1866 2230 139
1388 2231 238
2167 2231 193
654 2232 122
1231 2232 200
537 2233 108
1351 2233 370
629 2234 170
269 2235 116
847 2238 604
1395 2238 220
583 2239 118
1740 2240 201
88 2241 164
250 2242 226
539 2242 252
1167 2243 197
1218 2243 207
1559 2243 857
1624 2243 146
1870 2243 858
2080 2243 131
2084 2243 855
2142 2243 221
21 2244 243
56 2244 204
669 2244 369
1167 2244 277
2050 2244 311
2094 2244 191
2142 2244 321
1137 2245 126
38 2246 161
1619 2247 229
670 2248 254
192 2249 252
1064 2249 154
64 2250 121
948 2250 240
223 2251 219
1953 2251 291
1381 2252 172
342 2253 268
1846 2253 192
1922 2254 264
1385 2255 121
1399 2255 860
2146 2255 127
2235 2255 790
1509 2256 201
2172 2256 220
940 2257 139
1847 2257 239
216 2258 164
721 2258 173
1131 2259 109
1146 2259 157
656 2260 169
1191 2260 176
1776 2260 134
363 2261 190
1450 2261 249
2011 2262 345
1347 2263 134
2106 2263 127
1083 2265 318
1579 2265 338
307 2266 252
577 2266 325
2088 2267 184
2117 2267 581
301 2268 241
831 2268 116
1163 2268 304
1180 2268 194
1214 2268 319
1468 2268 159
1574 2268 193
1647 2268 266
1943 2268 375
2062 2268 126
544 2269 977
1111 2269 255
1690 2270 341
428 2271 101
2111 2271 939
44 2272 236
1006 2272 236
1938 2272 348
799 2273 148
1416 2274 138
1077 2275 155
1174 2276 263
1582 2276 241
1295 2277 235
968 2278 285
339 2279 173
1362 2279 166
1146 2280 231
1157 2280 146
10 2281 130
144 2281 638
1154 2281 115
476 2282 244
1412 2282 169
1087 2283 233
1319 2283 975
1137 2284 229
1542 2284 210
1695 2285 195
417 2286 294
955 2287 111
1277 2287 114
1391 2288 187
2126 2289 102
1749 2290 234
2148 2290 121
874 2291 170
1109 2291 315
63 2292 169
287 2292 276
299 2292 232
1122 2292 162
1411 2292 100
2286 2292 189
2140 2293 619
1808 2294 270
906 2295 315
1586 2295 147
1217 2296 162
2091 2296 155
710 2297 228
976 2297 282
1054 2297 116
1560 2298 267
2213 2298 493
1637 2299 184
1841 2299 256
611 2300 206
677 2300 200
1409 2301 169
1008 2302 204
1592 2302 186
675 2303 235
1669 2303 147
338 2304 835
1917 2304 298
1620 2305 206
2179 2305 117
1666 2307 196
157 2308 187
1828 2309 371
2164 2309 165
280 2310 115
1752 2310 174
825 2311 198
949 2311 227
629 2312 778
1153 2312 282
975 2314 118
1372 2314 328
878 2315 131
1355 2315 156
2176 2315 126
1159 2316 264
557 2317 116
1194 2317 237
723 2318 274
2001 2318 365
1454 2319 300
1989 2319 169
1279 2320 212
2237 2320 130
1253 2321 194
1820 2321 166
844 2322 335
895 2323 208
1770 2323 215
264 2324 689
1945 2324 149
1575 2325 240
1823 2325 258
2142 2325 319
489 2326 322
1896 2326 142
84 2327 110
461 2327 352
1660 2328 300
1861 2328 237
673 2329 347
730 2329 197
193 2330 204
1177 2330 237
65 2331 133
1722 2331 234
1072 2332 207
1207 2333 206
1049 2334 350
1586 2334 195
136 2335 140
775 2335 559
1162 2335 244
1471 2335 207
1498 2335 846
1923 2335 190
2272 2335 156
522 2337 237
830 2337 159
138 2339 219
167 2340 108
1093 2340 194
2112 2341 928
2332 2341 236
1107 2342 784
418 2343 235
876 2343 239
1329 2344 126
436 2345 292
2079 2345 186
2095 2346 248
534 2347 167
989 2348 226
1166 2348 230
2235 2348 208
275 2350 252
780 2350 137
2163 2351 226
219 2352 888
843 2353 177
246 2354 211
1087 2354 373
122 2355 258
798 2355 257
1910 2356 210
341 2357 192
2338 2357 164
1235 2358 183
311 2359 301
1879 2359 321
554 2360 248
995 2361 118
1596 2361 141
683 2362 236
1189 2362 334
562 2363 171
306 2364 274
732 2364 133
216 2365 213
848 2365 191
351 2366 128
564 2366 289
1639 2367 267
1946 2367 233
1274 2368 277
1774 2368 266
319 2369 163
667 2369 796
2047 2370 316
2344 2371 610
516 2372 244
267 2373 824
536 2374 193
2135 2374 889
859 2375 258
1206 2375 274
1059 2376 423
386 2377 114
450 2377 480
554 2378 194
715 2379 217
1123 2379 123
1379 2380 185
130 2381 249
1272 2381 199
1345 2382 478
2136 2382 350
2235 2383 105
17 2384 284
1355 2384 182
638 2385 354
2184 2385 331
1332 2386 254
831 2387 265
1163 2387 776
1167 2387 211
1574 2387 253
1647 2387 199
2050 2387 271
2243 2387 264
1086 2388 996
1371 2389 218
548 2390 346
1191 2390 157
690 2391 204
2246 2391 267
1884 2392 331
655 2393 259
2306 2393 182
965 2394 190
2239 2394 259
180 2396 262
399 2396 342
288 2397 359
2213 2398 191
715 2399 834
1684 2399 193
2131 2399 155
157 2400 285
1002 2400 551
2206 2401 358
1038 2402 281
1370 2402 269
205 2403 117
509 2403 196
644 2404 110
960 2405 129
316 2406 201
1327 2406 251
599 2407 167
2241 2407 596
595 2408 293
1023 2409 158
1179 2410 204
1920 2411 224
243 2412 287
1373 2412 179
1933 2413 275
2238 2413 259
191 2414 224
480 2414 216
1152 2415 242
1523 2416 180
325 2417 298
1876 2417 319
492 2418 293
390 2419 314
2416 2419 330
648 2420 892
1050 2420 349
1090 2421 567
1165 2421 316
291 2422 286
254 2423 328
1007 2423 186
1933 2424 150
1039 2425 857
1769 2425 228
521 2426 182
1193 2426 988
302 2427 240
1629 2428 159
2351 2428 232
1363 2429 238
1374 2429 169
1068 2430 112
1357 2430 164
388 2431 713
503 2431 144
2042 2432 147
1730 2433 221
1890 2433 216
2119 2433 292
1366 2434 326
2293 2434 180
846 2435 868
1152 2435 276
262 2436 265
1234 2436 119
400 2437 157
1806 2437 200
847 2438 250
1276 2438 238
148 2439 261
2098 2439 333
182 2440 153
1783 2440 183
1474 2441 189
142 2442 139
1721 2442 159
1319 2443 173
2038 2443 243
1405 2444 275
2223 2444 195
1120 2445 173
1167 2446 318
1466 2446 256
1605 2446 352
27 2447 113
169 2447 153
542 2447 332
2149 2448 214
165 2449 810
760 2449 314
502 2450 149
363 2451 989
1819 2451 291
1854 2452 225
642 2453 203
2411 2453 567
555 2454 104
1331 2454 186
778 2455 960
1257 2456 142
2392 2456 134
785 2457 249
967 2458 112
1475 2459 193
1860 2460 254
2353 2460 217
970 2461 213
2015 2461 240
1097 2462 147
1299 2462 294
175 2463 318
2228 2463 279
1448 2464 400
605 2465 324
2031 2466 275
403 2467 359
2192 2467 207
821 2468 250
1997 2468 119
136 2469 527
909 2469 191
1163 2469 139
1318 2469 158
1498 2469 160
1836 2469 186
43 2470 205
1636 2470 264
586 2471 340
2120 2471 201
198 2472 311
483 2472 308
247 2473 736
2404 2473 229
639 2474 184
814 2474 343
332 2475 337
2124 2475 105
794 2476 343
1630 2476 272
1170 2477 299
280 2478 182
1473 2478 172
168 2479 189
1737 2479 148
2125 2480 247
797 2481 203
1955 2481 212
2292 2481 312
807 2482 224
2360 2482 191
1386 2483 597
1802 2483 389
261 2484 212
878 2484 312
1399 2484 127
2441 2484 162
1296 2485 250
1638 2485 232
639 2486 214
2034 2486 307
74 2487 205
2277 2487 205
1320 2488 254
1740 2488 277
170 2489 360
1474 2490 234
1901 2490 137
2146 2490 202
2363 2491 153
1447 2492 264
2005 2492 933
1551 2493 197
1717 2493 136
637 2494 309
2465 2494 700
61 2495 117
2085 2495 228
452 2496 237
1801 2496 316
1216 2498 138
1407 2498 339
993 2499 127
1963 2499 162
1537 2500 261
2104 2500 127
739 2501 308
1478 2501 345
622 2502 575
1587 2503 170
2240 2503 123
60 2504 147
228 2504 113
341 2505 245
2388 2505 193
762 2506 252
21 2507 152
669 2507 152
1730 2507 288
2062 2507 160
2080 2507 108
2243 2507 101
2244 2507 133
2286 2507 200
2399 2507 240
340 2508 195
2278 2508 250
1769 2509 192
1540 2510 267
2151 2511 195
2395 2511 350
1677 2512 336
2208 2512 219
633 2514 187
520 2515 240
2380 2515 239
777 2517 246
2516 2517 290
1002 2518 175
1707 2518 244
1045 2519 187
2395 2519 788
51 2520 212
119 2520 231
515 2521 244
626 2521 265
717 2522 889
819 2522 180
1979 2522 972
176 2523 366
460 2523 169
90 2524 168
546 2524 104
2118 2525 166
2245 2525 345
322 2526 204
2139 2526 115
1001 2527 211
498 2528 309
953 2528 168
552 2529 131
738 2529 663
1163 2529 327
1916 2529 116
1990 2529 285
35 2530 164
2006 2530 205
479 2531 312
1823 2531 132
129 2532 181
1637 2532 282
815 2533 204
869 2533 199
909 2533 639
1034 2533 166
1471 2533 195
1480 2533 138
1836 2533 589
2335 2533 156
874 2534 314
475 2535 155
2497 2535 171
667 2536 207
1141 2536 219
911 2537 173
2333 2537 165
1148 2538 179
594 2539 199
2247 2539 140
1465 2540 216
1939 2540 321
1642 2541 133
1044 2542 252
1906 2542 844
538 2543 127
2308 2543 297
85 2544 190
2346 2544 308
2236 2545 280
465 2546 189
1692 2546 825
193 2547 768
2066 2547 353
10 2548 260
775 2548 891
869 2548 251
1346 2548 343
1480 2548 239
1923 2548 168
2255 2548 278
2335 2548 273
2469 2548 200
641 2549 289
1284 2549 223
63 2550 168
261 2550 103
299 2550 214
1730 2550 125
1903 2550 100
1126 2551 297
937 2552 266
1550 2552 224
1666 2553 350
2491 2553 920
1379 2554 726
2157 2554 495
2534 2555 291
377 2556 219
1889 2556 281
430 2557 321
477 2557 232
200 2558 235
2068 2558 163
930 2559 263
1128 2559 272
922 2560 161
1203 2560 347
324 2561 191
2316 2561 318
972 2562 156
1547 2562 879
558 2563 141
1759 2563 278
1660 2564 109
1947 2564 207
1084 2565 123
1525 2566 178
1698 2566 674
1699 2566 246
1396 2567 187
1469 2567 190
99 2568 719
713 2568 197
415 2569 264
839 2570 300
1220 2570 325
751 2571 143
1398 2571 299
1638 2572 702
685 2573 297
872 2573 227
133 2574 341
1147 2574 264
819 2575 173
2477 2575 205
1899 2576 281
77 2577 243
1020 2577 630
166 2578 157
112 2579 226
324 2579 920
1048 2580 292
1113 2580 209
2410 2581 215
217 2582 203
944 2582 280
1146 2582 869
990 2583 291
1249 2583 128
1266 2584 156
1548 2584 131
24 2585 126
116 2586 231
560 2586 327
1568 2587 373
2088 2588 238
2189 2588 143
467 2589 177
1453 2589 187
123 2590 188
747 2590 225
2160 2591 278
1062 2592 179
1494 2592 287
697 2593 229
1622 2593 159
2097 2594 148
2398 2594 155
389 2595 690
1420 2595 206
1280 2596 214
1349 2596 207
1055 2597 666
1919 2597 174
95 2598 166
1771 2599 267
2415 2599 250
970 2600 759
1941 2600 447
202 2601 333
1239 2601 870
1652 2602 739
1713 2602 231
1044 2603 219
2466 2603 212
1464 2604 347
2136 2604 204
828 2605 217
1714 2605 232
2010 2606 180
709 2607 200
2506 2607 164
1627 2608 420
1888 2608 168
327 2609 265
855 2609 185
1457 2610 132
1918 2610 237
1531 2611 212
1202 2612 120
354 2613 154
951 2613 213
1657 2614 190
2085 2614 253
1102 2615 242
2358 2616 292
2464 2616 174
1055 2617 233
2274 2617 703
256 2618 938
1664 2618 519
662 2619 217
1722 2619 169
724 2620 265
2329 2620 195
1983 2621 174
2072 2621 225
813 2622 151
826 2622 983
2221 2623 209
2288 2623 240
976 2624 264
1180 2624 190
2281 2624 213
1524 2625 191
1726 2625 247
1241 2626 207
2585 2626 248
2370 2627 276
2378 2627 198
281 2628 107
1165 2628 532
8 2629 334
494 2629 201
2538 2630 169
1985 2631 103
2092 2631 316
1157 2632 211
1238 2632 270
2445 2632 163
2204 2633 345
2264 2633 239
1221 2634 894
1682 2634 261
1459 2635 164
1389 2636 114
2 2637 902
663 2637 645
896 2638 237
1312 2638 325
582 2639 170
1414 2639 779
1382 2640 362
1698 2640 665
2582 2640 325
1643 2641 120
2165 2641 197
1032 2642 254
2513 2642 151
844 2643 185
1240 2643 253
242 2644 195
1177 2644 267
1932 2645 499
2064 2645 132
2509 2646 305
2565 2646 184
578 2647 303
2275 2647 169
651 2648 231
929 2648 102
1543 2649 275
1881 2649 114
158 2650 255
2313 2650 202
798 2651 973
2205 2651 201
1089 2653 129
1667 2653 159
420 2654 231
2133 2654 158
2615 2654 594
1973 2655 290
541 2656 149
2301 2656 133
1856 2657 212
2000 2657 155
907 2658 172
1973 2659 323
2236 2659 192
1601 2660 113
1942 2660 822
441 2661 925
1042 2661 725
1505 2662 267
1600 2662 161
1063 2663 248
1732 2663 220
547 2664 197
712 2664 304
187 2665 160
1700 2665 242
74 2666 160
548 2666 273
1855 2666 137
269 2667 997
299 2667 242
926 2667 185
2119 2668 292
2178 2668 224
1484 2669 208
1874 2669 312
2198 2670 302
2655 2670 219
818 2671 132
1294 2671 259
845 2672 342
1067 2672 216
1716 2673 183
2510 2673 302
1539 2674 175
2014 2674 927
1168 2675 226
2322 2675 191
631 2676 274
1822 2676 315
763 2677 280
869 2677 183
1394 2678 170
766 2679 180
1225 2680 228
1843 2680 216
1034 2681 240
2244 2681 205
831 2682 220
928 2682 800
1214 2682 367
1647 2682 243
1730 2682 338
2243 2682 195
2387 2682 310
998 2683 258
1006 2683 197
1812 2684 720
76 2685 139
2225 2685 215
880 2686 174
1642 2686 169
1200 2687 106
1488 2687 391
762 2688 337
984 2689 957
1357 2689 113
480 2690 237
1042 2690 756
576 2691 281
1916 2691 270
1031 2692 288
2190 2692 979
1435 2693 101
1767 2693 276
754 2694 122
917 2695 121
1904 2695 239
1236 2696 164
2103 2696 180
2254 2697 257
2598 2697 224
2090 2698 243
2401 2698 281
657 2699 325
2152 2699 997
681 2700 864
1517 2700 141
1709 2701 244
643 2702 199
2397 2702 260
164 2703 249
2338 2703 194
1535 2704 594
2289 2704 182
139 2705 254
1195 2705 362
640 2706 225
2349 2706 219
218 2707 138
2424 2707 270
487 2708 135
1725 2708 151
1139 2709 141
2432 2709 275
383 2710 164
1577 2710 131
1219 2711 115
1641 2711 251
305 2712 236
422 2712 173
1979 2713 312
2234 2713 260
283 2714 274
1359 2715 229
2684 2715 112
328 2716 183
1774 2716 162
1518 2717 232
1142 2718 171
1580 2718 188
164 2719 258
1134 2719 764
1672 2720 194
2077 2720 302
2252 2721 403
2485 2721 249
242 2722 185
1662 2722 129
2581 2723 146
2612 2723 125
1671 2724 104
1415 2725 136
1987 2725 229
457 2726 136
478 2726 154
601 2727 226
1047 2727 128
1110 2728 176
1675 2728 175
733 2729 136
2422 2729 279
1647 2730 187
1887 2730 167
1781 2731 226
2270 2731 128
740 2732 290
1430 2733 248
1524 2734 104
1495 2735 228
2055 2735 107
1326 2736 126
2376 2736 188
294 2737 204
1281 2737 168
1685 2738 235
1969 2738 130
2383 2739 104
2734 2740 224
2206 2741 139
2740 2741 279
2285 2742 316
361 2743 274
1744 2743 353
1348 2744 234
2694 2744 675
814 2745 226
2386 2745 117
576 2746 424
883 2746 108
1554 2746 300
1877 2746 912
3 2747 109
1604 2747 304
1727 2748 126
617 2749 250
1994 2749 287
2502 2750 219
1514 2751 102
1618 2751 119
1811 2752 180
2733 2752 242
1562 2753 250
2237 2753 840
1303 2754 203
1339 2754 242
1902 2755 208
2587 2755 189
58 2756 950
1283 2756 157
2046 2756 365
19 2757 148
1382 2757 214
2194 2758 110
2578 2758 332
950 2759 186
1620 2759 312
934 2760 683
2678 2760 288
411 2761 187
706 2761 324
334 2762 512
1956 2762 169
1185 2763 133
1587 2763 286
353 2764 887
27 2765 225
2513 2765 241
693 2766 131
1265 2766 193
2075 2767 323
2409 2767 178
877 2768 255
2356 2768 262
727 2769 164
2230 2769 225
493 2770 112
1205 2770 128
785 2771 269
1816 2771 254
297 2772 263
686 2772 206
1000 2773 382
1263 2773 258
998 2774 368
1532 2774 243
759 2775 266
889 2775 625
933 2776 132
727 2777 345
2408 2777 283
516 2778 150
2273 2778 335
706 2779 277
1218 2779 177
1185 2780 162
1564 2780 192
692 2781 160
801 2781 297
295 2782 191
623 2782 132
1320 2783 126
1445 2783 254
2138 2783 167
790 2784 139
2216 2784 206
728 2785 488
1756 2785 782
886 2786 310
1598 2786 118
244 2787 150
662 2787 173
409 2788 157
1413 2788 324
1804 2789 237
999 2790 107
2550 2790 246
781 2791 229
866 2792 537
1275 2792 258
5 2793 373
2352 2793 126
2458 2794 115
2780 2794 169
1970 2795 145
2044 2795 185
2264 2796 211
2480 2796 203
1125 2797 165
1992 2797 161
519 2798 278
1952 2798 202
2306 2799 163
2405 2799 697
2294 2800 259
2551 2800 594
883 2801 283
2730 2801 170
99 2802 216
2373 2802 347
397 2803 268
1097 2803 223
647 2804 183
1786 2804 209
2349 2805 176
2606 2805 254
1255 2806 151
2688 2806 302
1100 2807 250
189 2808 292
365 2808 222
1306 2809 192
1522 2809 227
2346 2810 238
435 2811 937
1169 2811 573
1186 2812 211
2078 2812 119
551 2813 333
1160 2814 332
2313 2814 293
464 2815 222
1420 2815 303
767 2816 198
1665 2816 173
2748 2817 449
1572 2818 246
2679 2818 216
1452 2819 217
451 2820 125
2248 2820 295
1103 2821 735
2018 2821 193
1211 2822 337
2611 2822 100
46 2823 786
1016 2823 308
737 2824 187
2572 2824 170
455 2825 119
2093 2825 185
1285 2826 309
2445 2826 129
45 2827 178
829 2827 168
236 2828 236
2137 2828 191
747 2829 292
604 2830 231
882 2830 222
603 2831 683
1365 2831 255
1030 2832 123
2372 2832 262
245 2833 450
277 2833 224
1988 2833 266
1975 2834 760
2115 2834 827
273 2835 152
775 2836 148
2118 2836 972
2448 2836 334
894 2837 245
2180 2837 141
1117 2838 287
1731 2838 275
1337 2839 174
2015 2839 356
482 2841 260
1330 2841 136
2813 2842 165
736 2843 181
1264 2843 277
1751 2844 164
736 2845 107
1513 2845 227
182 2846 190
2130 2846 331
907 2847 242
1999 2847 281
579 2848 161
1954 2848 299
1595 2849 105
2652 2849 236
2658 2850 261
2776 2850 113
1909 2851 299
2040 2851 124
239 2852 214
1037 2853 155
2336 2853 334
136 2854 254
775 2854 161
1318 2854 186
1480 2854 168
1836 2854 200
1923 2854 179
2469 2854 110
2548 2854 191
102 2855 147
687 2855 231
861 2856 165
1754 2856 274
413 2857 153
977 2857 312
1481 2858 240
2545 2858 212
967 2859 148
2842 2859 203
1252 2860 175
225 2861 238
2143 2861 446
1272 2862 302
1552 2862 129
69 2863 340
1609 2863 593
1235 2864 166
1424 2864 126
1262 2865 284
2555 2865 129
37 2866 343
887 2866 199
750 2867 170
2219 2867 222
430 2868 210
1237 2868 226
1651 2869 463
2630 2869 230
1472 2870 216
1891 2870 181
117 2871 230
544 2871 216
1548 2872 187
2840 2872 235
881 2873 777
1879 2874 100
1728 2875 247
1761 2875 217
201 2876 254
1842 2876 163
968 2877 220
2860 2877 157
1894 2878 161
2750 2878 263
754 2879 203
2427 2879 333
2267 2880 155
2807 2880 202
625 2881 355
2017 2881 975
2228 2882 276
346 2883 138
2790 2883 223
1073 2884 250
2389 2884 153
2307 2885 207
2677 2885 752
52 2886 208
1572 2886 191
1024 2887 269
2514 2887 327
1710 2888 281
199 2889 322
2065 2889 239
1060 2890 130
1485 2890 169
1968 2891 405
2636 2891 401
575 2892 197
2200 2892 914
96 2893 216
2418 2893 296
1585 2894 178
2873 2894 332
2193 2895 241
2576 2895 134
1928 2896 356
2497 2896 204
121 2897 323
638 2897 229
410 2898 143
912 2898 119
1081 2899 245
2789 2899 312
1796 2900 195
1872 2900 321
760 2901 167
1925 2901 156
2455 2902 204
2724 2902 215
511 2903 135
2874 2903 169
1494 2904 131
1678 2904 109
618 2905 177
2717 2905 127
320 2906 291
2218 2906 144
676 2907 468
2061 2907 308
234 2908 119
773 2908 169
1557 2908 157
466 2909 299
1358 2909 181
542 2910 251
1130 2910 184
2041 2911 112
2457 2911 288
731 2912 886
2342 2912 705
678 2913 306
942 2913 219
211 2914 355
2573 2914 777
2339 2915 229
2591 2915 208
1022 2916 267
1741 2916 102
1793 2917 218
836 2918 227
1670 2918 254
106 2919 191
1515 2919 151
1422 2920 222
1856 2920 215
1145 2921 392
1900 2921 231
188 2922 311
2569 2922 218
914 2923 747
2917 2923 202
312 2924 768
1849 2924 136
1451 2925 197
2123 2925 134
1079 2926 261
2835 2926 302
543 2927 254
2732 2927 144
319 2928 144
1893 2928 164
965 2929 653
1635 2929 135
235 2930 977
1662 2930 227
882 2931 271
2178 2931 154
261 2932 351
496 2932 262
1230 2932 148
1248 2932 207
1869 2932 915
2286 2932 107
1449 2933 175
2882 2933 177
1519 2934 172
2262 2934 316
400 2935 255
853 2935 781
32 2936 116
213 2936 196
755 2936 245
349 2937 151
1449 2937 222
482 2938 180
2150 2938 304
177 2939 104
1054 2939 291
1385 2939 234
1557 2939 207
1543 2940 363
2489 2940 818
527 2941 152
1254 2941 154
1926 2942 242
2099 2942 176
2541 2943 825
2102 2944 231
1724 2945 271
2336 2945 260
905 2946 253
1482 2946 178
2117 2946 215
21 2947 597
1054 2947 849
1163 2947 169
1214 2947 252
1411 2947 770
2050 2947 195
2142 2947 830
2243 2947 264
2507 2947 347
2682 2947 196
778 2948 246
1036 2948 230
54 2949 223
1242 2949 514
1305 2950 243
2371 2950 184
920 2951 193
1114 2951 193
1119 2952 160
2943 2952 329
1681 2953 116
916 2954 194
2347 2954 144
2177 2955 258
2516 2955 192
391 2956 231
2635 2956 235
1667 2957 275
1693 2957 213
227 2958 186
355 2958 212
512 2959 119
1885 2959 127
581 2960 226
2302 2960 221
1745 2961 219
2652 2961 205
804 2962 194
2012 2962 313
176 2963 303
854 2963 228
1404 2964 214
2075 2964 475
2939 2964 188
1684 2965 161
407 2966 136
1256 2966 269
2169 2967 160
2450 2967 682
593 2968 100
2819 2968 210
1486 2969 906
1842 2969 226
2810 2969 918
109 2970 125
1253 2970 195
462 2971 890
2701 2971 136
112 2972 229
2844 2972 113
385 2973 333
2452 2973 182
325 2974 303
449 2974 309
1066 2975 175
2459 2975 227
746 2976 480
2817 2976 272
240 2977 927
2066 2977 238
2742 2978 121
2888 2978 195
618 2979 537
1636 2979 122
386 2980 179
987 2980 131
825 2981 259
2829 2981 281
13 2982 237
924 2983 129
1270 2983 253
1606 2984 272
1854 2984 257
1855 2985 199
2548 2985 120
2833 2985 290
313 2986 211
2714 2986 311
10 2987 257
30 2987 311
136 2987 149
310 2987 253
775 2987 275
815 2987 145
1318 2987 141
1624 2987 285
1686 2987 120
2469 2987 212
2533 2987 219
671 2988 255
1520 2988 148
2944 2989 598
2953 2989 161
1630 2990 737
2056 2990 162
1445 2991 545
2791 2991 180
1069 2992 281
1331 2992 110
1581 2992 197
972 2993 365
1503 2993 260
150 2994 126
969 2994 199
916 2995 213
2527 2995 185
2096 2996 147
2852 2996 856
569 2997 151
707 2997 217
2764 2998 289
2982 2998 203
1615 2999 866
2840 2999 226
1246 3000 234
1499 3000 148
