1
0
1
1
1000000
0
0
0
0
1
19 52 223
33 82 195
79 87 315
67 90 377
54 92 753
71 92 476
6 101 177
78 105 213
77 106 543
69 118 300
47 120 325
42 121 457
23 126 168
45 127 284
99 134 221
44 139 239
98 153 433
64 170 384
160 171 507
105 172 164
157 175 568
75 177 276
59 184 262
76 195 936
188 196 533
44 197 574
139 197 411
164 203 228
215 216 157
211 224 225
203 225 651
80 226 807
6 234 849
51 235 109
171 237 793
204 241 561
139 246 853
197 246 795
158 247 220
115 248 251
187 255 770
140 259 172
232 266 108
127 268 221
96 272 625
249 272 116
137 275 274
111 276 424
241 280 400
61 285 363
217 290 286
179 291 510
50 292 409
23 297 872
136 297 198
97 302 513
114 302 506
223 304 129
16 305 413
208 306 342
41 307 206
104 308 188
280 309 165
32 318 215
283 325 754
307 326 531
254 328 141
117 331 226
283 334 285
232 336 132
299 336 902
55 341 107
162 341 121
141 343 582
166 344 143
314 345 174
287 348 511
262 349 205
168 350 165
100 351 135
258 351 141
288 355 345
308 358 337
20 360 708
268 361 270
272 364 292
154 365 275
309 365 622
48 368 100
62 368 338
317 368 137
227 371 136
343 377 407
40 378 185
78 379 152
56 380 282
70 381 181
208 384 150
21 389 926
384 389 203
83 390 910
11 391 214
332 395 775
21 396 213
84 403 356
266 405 356
361 406 738
219 408 199
198 409 100
167 411 167
204 412 127
297 413 347
383 413 672
232 415 659
340 415 878
111 417 394
284 419 180
252 423 285
334 424 239
151 425 268
247 425 963
243 426 763
132 429 171
133 429 260
318 431 350
174 432 304
121 433 207
375 434 449
14 436 336
27 436 602
412 436 155
109 437 297
412 437 182
285 438 804
254 439 333
429 441 170
366 442 674
224 443 210
304 445 188
42 446 504
146 447 266
376 447 543
353 450 677
250 453 537
262 455 163
344 456 477
274 458 332
107 459 206
405 459 232
323 464 412
426 466 618
388 470 152
467 470 269
159 471 399
251 472 307
433 472 161
399 473 331
434 473 155
309 475 569
224 476 198
451 477 867
155 478 293
139 481 421
197 481 170
246 481 834
98 482 427
108 482 373
24 485 591
255 485 906
40 487 434
251 488 548
278 489 418
89 491 324
300 492 170
323 493 424
195 494 517
329 494 992
468 496 644
286 498 370
405 498 113
157 500 179
461 500 206
24 501 910
491 502 701
301 504 103
113 508 336
225 508 311
67 511 343
226 512 371
434 514 252
466 517 272
178 518 273
324 520 123
63 521 363
195 523 694
228 525 196
293 525 113
499 525 255
55 527 523
75 528 506
196 531 385
287 532 963
117 533 393
428 537 102
446 538 447
375 539 241
115 540 295
47 541 313
448 541 115
473 543 406
64 544 397
360 547 334
546 550 182
283 552 147
433 552 229
466 555 225
29 556 395
103 556 867
373 558 903
53 561 909
347 561 252
521 562 188
278 564 387
371 565 122
483 567 833
81 571 361
28 574 100
15 575 387
458 575 148
4 577 145
240 577 106
150 578 259
571 582 427
577 582 170
173 583 242
201 584 297
160 587 908
269 588 120
300 590 195
312 590 739
38 591 342
522 591 221
11 593 481
165 595 993
270 597 158
39 598 325
362 598 189
403 600 420
69 601 173
337 601 228
375 602 299
355 604 955
549 605 221
430 606 354
47 607 305
542 607 280
596 607 236
437 609 466
76 611 888
93 612 428
225 615 160
549 616 247
141 618 423
213 618 335
242 618 587
545 619 410
371 623 386
366 624 887
585 624 301
82 625 259
349 625 515
179 626 527
209 626 400
319 626 456
37 627 401
349 627 155
624 627 167
469 628 162
387 629 595
509 629 107
321 630 502
139 631 123
197 631 176
4 632 200
613 632 424
60 633 218
354 633 187
475 634 902
430 635 413
457 635 195
189 636 228
486 636 393
148 638 296
386 639 348
455 639 115
566 639 722
163 640 183
610 643 270
568 644 133
150 645 140
147 646 272
302 646 284
22 648 392
394 648 149
12 649 182
26 651 923
562 652 185
324 653 131
549 653 285
587 654 789
393 657 145
350 658 112
119 660 501
550 662 584
214 666 434
505 666 678
506 666 218
291 667 294
396 667 264
471 668 359
192 669 893
200 669 651
658 670 602
325 672 101
342 673 407
17 674 197
61 674 214
628 675 156
347 677 443
548 677 123
296 681 882
256 683 364
127 686 619
669 687 228
374 688 450
178 689 371
240 689 278
81 690 400
210 690 529
606 691 354
258 692 129
378 692 362
615 692 284
191 693 323
330 693 354
56 697 562
257 697 242
122 699 315
321 701 436
152 703 114
322 703 114
393 703 147
270 704 118
230 707 142
645 711 913
709 712 163
563 713 322
685 713 154
663 714 116
503 715 494
56 716 503
706 716 595
345 717 151
64 718 176
111 719 295
392 719 152
617 719 377
37 720 877
427 720 112
312 721 109
305 722 225
565 723 310
507 726 137
576 726 666
73 727 384
362 727 171
708 727 478
498 728 375
136 729 145
335 732 403
52 733 552
280 733 183
119 734 209
211 734 234
147 736 931
140 737 123
667 738 240
699 738 983
2 740 537
643 740 332
220 742 215
190 744 869
409 744 484
193 745 145
50 746 697
44 748 319
197 748 722
246 748 788
388 748 473
481 748 754
631 748 141
135 749 374
465 749 799
665 749 209
444 750 122
491 753 877
642 753 385
217 754 589
670 754 281
153 758 508
234 759 348
314 759 524
685 759 409
455 760 153
535 761 154
79 762 220
144 763 250
148 763 225
132 764 368
319 764 156
763 764 187
239 765 208
557 765 332
687 765 329
175 768 314
36 771 248
71 771 172
694 771 636
355 772 146
135 773 647
259 773 229
115 774 240
366 775 445
460 777 235
742 778 116
178 779 191
725 779 954
487 780 222
91 781 785
58 782 761
715 782 495
165 784 113
503 787 303
243 788 142
169 789 224
220 791 274
136 792 293
761 792 147
345 794 193
52 796 864
265 797 406
563 797 953
188 798 521
411 799 101
518 800 332
367 802 209
584 802 360
678 802 443
59 804 108
681 806 905
320 807 922
324 807 320
729 807 202
735 808 984
776 809 496
760 812 357
790 814 186
201 815 289
332 817 319
523 818 220
633 819 137
312 821 216
6 822 158
370 823 717
777 824 166
307 827 252
649 827 423
814 827 273
640 828 384
496 829 541
777 829 222
144 831 130
162 832 786
444 833 183
128 834 527
332 835 852
398 837 242
739 837 246
243 838 293
402 840 489
552 841 186
837 841 106
657 842 636
798 842 488
408 843 628
660 845 387
419 846 478
238 848 279
34 849 378
485 849 451
267 850 477
321 851 283
500 852 726
649 853 437
137 854 445
38 855 123
153 857 212
589 857 175
613 859 315
790 859 146
842 859 954
66 860 811
504 860 600
735 860 243
130 861 392
785 861 339
145 862 253
289 862 248
423 864 225
862 864 190
74 865 110
329 866 241
696 866 264
716 868 553
353 869 215
554 869 516
823 870 242
700 871 240
17 872 104
220 873 160
787 873 373
811 873 294
642 875 746
419 876 460
732 876 719
60 877 212
110 877 167
180 877 181
356 880 257
733 880 493
13 882 104
165 886 109
752 890 329
576 891 187
118 893 113
44 894 920
246 894 523
481 894 140
631 894 199
748 894 490
100 895 258
571 896 231
683 897 103
174 900 136
690 901 485
785 903 273
289 904 120
440 904 807
277 906 213
8 909 110
301 909 320
867 909 112
705 911 170
422 912 211
811 912 469
279 915 492
435 915 806
854 915 401
230 916 123
438 916 550
805 916 353
573 917 587
770 918 461
287 919 272
520 919 544
615 922 951
171 923 210
518 924 236
448 926 433
490 926 492
593 926 507
162 927 324
458 928 117
205 929 180
565 929 171
782 930 694
474 931 256
221 932 112
268 932 168
614 933 128
206 935 757
695 935 193
74 936 206
698 937 384
157 938 211
887 938 155
338 939 284
553 939 481
124 940 918
184 941 314
790 941 734
745 942 215
248 943 192
409 943 352
737 943 142
241 945 128
392 945 150
613 945 203
515 946 149
617 946 112
803 946 471
347 947 273
776 947 232
887 947 517
18 948 703
145 948 308
395 948 817
680 949 410
820 949 212
244 950 217
420 950 467
861 950 219
850 951 254
714 952 620
260 954 127
421 954 329
5 955 502
595 956 105
417 957 404
953 958 191
98 959 376
641 959 259
132 960 429
202 960 476
145 963 179
922 963 463
2 964 443
563 964 237
44 965 573
139 965 412
246 965 797
631 965 176
748 965 724
929 965 379
320 966 910
448 966 374
893 966 616
44 967 241
197 967 416
481 967 426
631 967 123
894 967 327
965 967 416
37 968 422
914 968 841
13 969 180
826 969 460
235 971 163
336 972 309
13 973 403
418 973 114
249 974 154
595 974 111
737 974 116
118 975 589
212 975 599
693 975 566
687 976 305
291 977 693
883 977 628
647 978 974
583 979 301
973 980 251
484 981 687
601 982 306
78 983 419
793 985 365
276 988 117
503 990 132
981 990 798
968 991 501
175 993 717
223 994 689
718 994 380
23 995 246
91 996 494
352 997 140
761 998 503
236 1000 379
380 1000 364
212 1002 305
512 1003 424
44 1004 188
246 1004 436
481 1004 286
631 1004 108
965 1004 281
967 1004 870
76 1006 298
123 1007 427
844 1007 273
700 1008 860
644 1009 740
369 1010 305
510 1010 364
559 1010 120
894 1010 669
650 1011 148
105 1012 196
166 1012 710
472 1012 311
893 1013 481
986 1014 834
130 1016 454
236 1016 236
670 1016 170
288 1017 350
526 1017 139
987 1017 108
575 1018 317
674 1020 450
872 1020 532
992 1020 330
270 1021 141
69 1022 191
892 1022 263
334 1023 190
83 1024 473
689 1024 394
767 1024 669
179 1025 837
758 1025 515
186 1026 389
676 1026 278
647 1027 242
657 1027 140
303 1028 111
962 1028 349
677 1030 188
629 1031 254
714 1031 430
938 1031 886
745 1032 433
463 1033 315
490 1033 166
702 1033 197
896 1034 327
83 1036 814
149 1037 195
1019 1037 600
1037 1039 485
151 1040 366
688 1040 350
913 1040 198
189 1041 472
1000 1041 384
80 1042 999
411 1042 187
102 1043 445
462 1043 255
50 1046 119
122 1046 582
305 1046 332
44 1047 446
139 1047 518
197 1047 200
481 1047 226
894 1047 866
965 1047 201
1004 1047 327
172 1048 862
519 1049 219
572 1049 100
388 1050 362
723 1050 138
507 1053 183
415 1054 292
4 1055 101
406 1055 135
787 1055 238
917 1056 966
1044 1056 163
471 1057 203
477 1057 207
86 1058 143
854 1059 176
999 1059 116
453 1060 137
614 1061 137
976 1061 423
673 1062 268
183 1063 908
289 1063 714
743 1063 808
866 1064 161
474 1065 133
941 1065 517
523 1066 658
185 1067 113
662 1067 290
1038 1067 452
779 1068 517
671 1069 169
496 1070 321
344 1071 137
989 1073 844
62 1074 990
905 1074 531
1052 1074 229
172 1075 346
589 1076 625
438 1077 508
565 1077 258
872 1077 930
117 1078 685
378 1078 332
954 1078 393
86 1079 210
888 1079 501
809 1080 782
514 1081 709
545 1081 577
791 1082 162
475 1083 604
848 1086 319
80 1087 325
488 1087 849
928 1087 745
129 1088 228
222 1088 106
681 1088 549
879 1089 141
910 1089 306
1081 1089 263
17 1090 646
884 1090 277
467 1091 129
992 1091 273
1050 1091 216
18 1092 430
372 1092 127
981 1093 181
161 1094 783
554 1094 114
63 1096 193
34 1097 350
263 1097 453
560 1097 641
911 1098 288
216 1099 295
994 1099 161
587 1101 342
333 1102 148
617 1102 476
1001 1102 492
651 1103 179
31 1105 629
68 1105 933
999 1105 518
207 1106 576
786 1106 153
216 1109 194
956 1111 201
248 1112 708
592 1112 198
661 1112 222
63 1113 574
958 1115 101
640 1116 567
855 1116 892
99 1117 115
911 1117 224
805 1118 144
929 1118 170
605 1119 253
671 1120 551
598 1121 347
1044 1123 214
194 1124 221
245 1124 291
656 1124 321
365 1126 267
75 1127 953
258 1127 152
318 1127 849
632 1129 489
150 1130 190
46 1131 129
795 1131 257
754 1132 510
961 1132 765
161 1133 122
483 1135 965
406 1136 120
726 1136 166
59 1137 214
298 1138 192
1094 1138 186
116 1139 203
188 1139 243
684 1139 308
488 1140 593
888 1140 611
1059 1140 212
222 1141 319
848 1142 166
1073 1142 560
912 1143 180
274 1145 250
269 1146 791
382 1147 272
679 1147 527
95 1148 195
181 1148 198
1138 1149 262
316 1150 212
570 1150 308
253 1151 153
889 1151 559
72 1152 439
397 1152 757
1027 1152 199
33 1153 424
106 1153 321
408 1153 207
413 1154 924
637 1156 377
881 1156 254
956 1157 167
847 1159 123
1005 1159 263
1042 1159 164
82 1160 654
662 1160 125
551 1161 668
769 1161 168
1065 1161 180
129 1162 366
713 1162 168
734 1162 342
308 1163 214
541 1163 649
1131 1163 530
474 1164 186
274 1165 259
773 1166 396
986 1166 104
140 1167 539
625 1167 205
558 1168 199
918 1168 236
1160 1168 720
1092 1169 499
906 1170 427
255 1171 142
346 1172 374
857 1172 198
166 1173 616
830 1173 787
550 1174 589
723 1175 247
805 1175 130
151 1176 251
554 1176 401
738 1176 156
644 1177 496
1106 1177 135
1136 1177 177
137 1178 951
920 1179 261
1079 1179 250
314 1180 196
315 1180 181
341 1181 108
547 1181 295
40 1182 114
138 1182 248
513 1182 184
262 1184 624
700 1184 409
1151 1184 748
311 1185 100
147 1187 408
24 1188 256
711 1189 273
797 1189 460
882 1189 868
95 1190 677
1107 1190 929
95 1191 175
392 1191 506
851 1191 207
135 1192 565
327 1192 773
454 1192 202
352 1193 309
1013 1193 152
139 1194 182
246 1194 232
631 1194 380
748 1194 225
894 1194 418
967 1194 183
1004 1194 151
1047 1194 282
51 1195 739
259 1195 429
249 1196 262
530 1196 383
655 1196 172
141 1197 396
597 1197 288
203 1198 793
840 1198 764
21 1199 161
88 1199 211
362 1199 494
329 1200 129
825 1200 429
1045 1200 180
883 1201 430
1129 1201 360
621 1202 321
869 1202 109
1134 1202 250
226 1203 344
741 1203 238
156 1204 370
1044 1205 606
1073 1206 299
589 1207 982
264 1208 946
395 1208 452
757 1208 271
10 1209 493
628 1209 917
616 1210 660
487 1211 530
960 1212 142
300 1213 112
66 1214 268
944 1216 166
1186 1216 442
1203 1217 217
593 1218 881
730 1218 403
751 1218 655
43 1219 110
425 1219 952
594 1219 300
1072 1220 361
1116 1220 936
211 1221 234
766 1221 183
616 1222 273
561 1223 721
1172 1224 194
130 1225 211
174 1225 102
1026 1225 158
396 1226 128
514 1226 291
855 1226 464
313 1227 434
479 1227 263
990 1227 305
520 1228 151
793 1228 903
949 1228 807
229 1229 743
1099 1229 128
462 1230 117
60 1231 253
240 1231 103
430 1231 224
121 1232 101
444 1232 402
142 1233 143
234 1233 307
222 1234 233
610 1235 342
1156 1235 330
504 1236 805
740 1236 424
251 1237 670
304 1237 132
977 1237 348
156 1238 171
935 1238 570
5 1239 807
323 1239 491
1041 1239 828
10 1240 581
184 1241 183
1122 1241 280
809 1243 254
149 1244 442
622 1244 149
591 1246 386
102 1247 552
976 1247 615
793 1249 773
636 1250 289
586 1251 122
1061 1251 191
545 1255 294
103 1256 383
559 1256 376
969 1257 308
79 1258 838
671 1259 162
1013 1259 653
659 1260 342
1252 1260 534
265 1261 266
876 1261 209
1057 1261 149
128 1263 198
660 1264 261
71 1265 708
643 1265 137
762 1265 287
445 1266 310
1032 1266 521
599 1268 401
682 1268 145
864 1268 117
381 1269 567
164 1270 151
281 1270 166
562 1271 142
182 1272 197
953 1272 162
582 1273 539
646 1273 480
1142 1273 486
149 1274 411
685 1274 300
1238 1274 206
113 1275 233
231 1275 165
1248 1275 585
823 1276 342
850 1276 781
208 1277 956
99 1278 231
497 1279 208
762 1279 406
1155 1279 214
470 1280 156
884 1280 116
483 1281 315
709 1281 221
928 1281 209
913 1283 156
798 1284 193
1049 1284 226
1147 1284 270
278 1285 493
1195 1285 189
66 1286 279
93 1287 247
1129 1288 105
1167 1288 770
744 1289 101
34 1290 511
1114 1290 435
1158 1290 134
1241 1291 225
576 1292 212
917 1293 109
11 1294 203
558 1295 226
1229 1296 139
311 1297 392
752 1297 219
814 1297 322
614 1298 255
28 1299 144
711 1299 167
209 1300 213
521 1300 119
1252 1300 161
507 1301 281
86 1302 137
311 1303 160
33 1304 282
74 1304 439
447 1304 821
605 1305 242
204 1306 708
648 1306 211
907 1306 275
1244 1308 101
92 1309 240
709 1310 651
350 1311 569
1148 1312 143
25 1313 420
194 1313 128
880 1314 310
760 1315 198
393 1316 102
908 1316 203
1128 1316 276
91 1317 539
508 1317 455
673 1317 438
360 1318 580
758 1319 590
1117 1319 347
1209 1319 419
1032 1320 161
1125 1320 563
198 1321 913
1180 1322 147
1179 1323 274
477 1324 720
161 1325 111
495 1326 111
1216 1327 859
792 1328 340
1108 1328 210
1262 1328 690
932 1329 180
55 1330 904
446 1332 138
428 1333 928
767 1334 104
918 1335 216
1251 1336 538
112 1337 372
209 1337 124
338 1337 358
606 1338 123
61 1339 357
467 1339 152
707 1339 419
38 1340 280
282 1340 295
902 1340 757
635 1341 911
103 1342 181
131 1342 385
801 1342 155
273 1343 364
338 1343 234
603 1343 846
122 1344 379
403 1344 446
1011 1344 117
404 1345 866
899 1345 683
1166 1345 257
88 1346 433
233 1346 103
310 1346 105
94 1347 162
449 1347 245
944 1347 631
189 1348 566
452 1348 530
840 1349 468
1034 1350 296
651 1351 123
698 1351 961
697 1352 350
529 1353 207
851 1353 852
1267 1353 186
907 1354 428
581 1355 352
664 1355 275
919 1355 151
85 1356 150
569 1356 161
1252 1356 816
123 1358 121
319 1358 172
426 1358 813
783 1359 835
874 1359 412
1232 1359 271
288 1360 412
590 1360 778
1043 1360 246
223 1361 472
499 1361 199
1351 1361 704
385 1362 227
620 1362 250
1193 1362 316
1034 1363 974
198 1364 580
579 1365 365
1095 1365 815
1235 1365 159
1233 1366 170
384 1367 227
534 1367 230
1035 1367 118
647 1368 900
112 1369 450
608 1369 762
921 1369 114
217 1370 148
81 1371 428
199 1371 143
710 1371 283
100 1372 172
1190 1373 200
214 1374 193
878 1374 416
885 1374 253
1348 1375 870
1272 1377 151
752 1378 217
512 1379 272
1320 1380 171
929 1381 245
992 1381 316
120 1382 368
1221 1383 296
1022 1384 119
939 1385 322
120 1386 286
904 1387 319
35 1388 181
261 1388 694
597 1388 293
1 1389 389
351 1389 533
580 1389 365
883 1390 245
964 1390 431
30 1391 116
301 1391 564
718 1392 112
925 1392 197
1100 1392 134
1051 1393 357
1299 1393 184
1357 1393 192
715 1394 327
755 1394 178
1183 1394 456
65 1395 211
841 1395 637
970 1395 250
106 1396 328
247 1397 126
325 1398 234
1260 1399 177
720 1400 128
51 1401 551
294 1401 177
984 1401 308
958 1402 806
753 1403 303
944 1403 209
1247 1403 303
119 1404 486
363 1404 784
934 1404 289
143 1405 127
401 1405 295
547 1405 358
339 1406 136
645 1406 683
898 1406 273
698 1407 143
1132 1408 477
2 1409 529
887 1409 799
642 1410 133
1029 1411 124
1110 1411 136
732 1412 101
18 1413 706
1104 1413 431
1282 1413 908
352 1414 562
986 1415 928
148 1416 501
67 1417 258
940 1417 551
1266 1417 206
128 1418 232
269 1418 303
882 1418 186
731 1419 141
856 1419 418
1230 1419 508
688 1420 398
196 1421 382
789 1422 753
482 1423 237
959 1424 500
478 1425 347
610 1425 203
1150 1425 171
462 1426 159
1028 1426 247
559 1427 224
747 1427 353
1253 1427 278
57 1428 535
407 1428 206
353 1429 329
201 1430 628
156 1431 163
93 1432 514
389 1432 316
789 1432 323
388 1434 192
1118 1434 223
1381 1434 372
1270 1435 476
3 1436 492
42 1436 116
176 1436 178
359 1437 100
658 1437 378
1085 1437 363
410 1438 136
1230 1438 164
1254 1438 404
320 1439 425
922 1439 656
1390 1439 803
62 1440 130
214 1440 112
445 1440 212
940 1441 194
102 1442 309
236 1442 789
1288 1442 112
1220 1443 119
5 1444 725
276 1445 258
129 1446 252
254 1446 231
453 1446 264
205 1447 267
863 1447 448
1198 1447 562
400 1448 155
810 1448 415
858 1448 239
1011 1449 117
361 1450 174
381 1450 110
683 1450 368
160 1451 235
699 1451 155
810 1451 194
829 1452 918
1056 1452 924
1236 1452 471
380 1453 309
583 1453 342
1428 1453 699
756 1454 496
776 1454 270
1307 1454 324
271 1455 260
896 1455 201
1245 1455 583
88 1456 595
414 1456 310
839 1456 504
235 1457 872
28 1458 908
144 1459 548
494 1460 398
849 1460 241
1409 1460 122
164 1461 229
1144 1461 427
478 1462 246
113 1463 461
218 1463 347
357 1463 293
417 1464 857
1391 1465 261
1461 1466 153
907 1467 391
7 1468 253
816 1468 166
1259 1468 263
735 1469 290
1313 1470 599
9 1471 189
480 1471 560
490 1471 165
459 1472 194
1007 1473 202
585 1474 363
516 1475 936
536 1475 920
810 1475 397
963 1476 436
1181 1476 103
1256 1476 537
343 1477 205
266 1478 154
1025 1478 161
1197 1478 368
791 1479 126
811 1480 227
1215 1480 547
1331 1480 471
416 1481 367
813 1481 331
999 1481 368
585 1482 526
495 1483 280
1015 1483 226
1173 1483 158
10 1484 662
913 1485 235
125 1486 209
499 1486 377
1084 1486 456
194 1487 132
729 1487 198
1276 1487 908
836 1488 203
1242 1488 179
1285 1488 867
428 1489 119
653 1489 173
1411 1489 812
49 1490 168
1376 1490 319
1426 1490 479
265 1491 371
584 1491 157
953 1491 121
212 1492 409
371 1493 589
888 1493 100
906 1493 333
767 1494 512
742 1495 804
123 1496 137
524 1496 356
1433 1496 225
556 1497 219
785 1498 238
112 1499 191
295 1499 199
724 1499 484
423 1500 125
