1
0
1
1
1000000
0
0
0
0
1
23 28 174
16 34 148
18 37 700
44 47 275
8 48 215
15 48 233
4 49 244
36 50 338
39 52 849
23 56 610
6 59 310
41 59 220
25 64 420
32 69 698
40 73 388
64 73 255
62 79 186
28 81 623
16 85 179
52 87 557
80 89 294
47 93 204
70 93 278
92 96 176
46 101 411
86 101 421
57 103 310
2 104 101
6 105 258
41 105 193
16 106 121
20 108 675
89 110 311
56 114 125
23 115 853
53 115 146
1 117 176
66 118 429
81 122 777
102 122 658
10 124 187
69 126 187
15 127 324
59 131 178
39 136 743
75 138 104
6 143 927
92 143 886
39 145 342
80 146 297
110 146 315
118 146 152
42 147 955
7 150 454
55 152 146
81 156 526
126 156 623
65 158 289
35 159 130
86 160 692
43 161 391
64 161 158
150 165 339
134 167 364
129 168 150
92 169 809
9 173 577
54 173 662
174 175 493
121 176 584
67 178 246
5 180 133
155 180 143
159 181 415
54 183 237
38 184 381
172 186 502
100 190 254
58 191 609
23 192 755
71 192 834
63 194 104
47 195 849
125 196 635
161 199 245
90 201 194
119 201 250
134 202 558
46 204 174
162 204 136
189 206 151
150 208 715
194 210 216
135 211 241
167 211 104
12 212 790
63 212 386
201 212 192
210 212 421
145 213 170
44 214 655
138 215 150
110 216 231
118 216 339
3 217 133
12 217 333
63 217 817
115 218 218
192 218 163
118 219 722
107 221 117
134 222 356
32 223 112
103 225 897
24 226 112
42 226 112
111 226 131
164 226 917
220 226 366
60 228 822
96 229 475
74 230 218
109 231 614
10 232 154
201 233 671
210 234 137
97 235 719
130 236 442
20 238 812
79 238 281
24 239 455
75 239 471
151 239 155
220 239 633
67 240 239
162 240 457
94 242 235
88 243 153
164 243 916
220 243 364
9 244 262
10 244 182
22 244 133
97 245 363
227 245 291
94 246 249
189 247 834
69 248 290
78 248 290
223 248 249
81 249 527
54 251 190
160 252 146
138 253 348
14 254 180
157 254 448
50 255 200
20 256 548
109 256 580
182 257 131
252 260 124
121 263 809
195 263 298
171 264 177
38 265 160
212 265 978
168 266 358
210 269 180
25 270 828
28 270 288
73 270 604
26 271 571
97 272 308
227 272 100
164 273 742
175 273 525
214 274 132
262 274 162
197 275 455
28 277 302
73 277 216
88 278 768
111 278 706
164 278 573
175 278 434
26 280 195
82 280 229
203 280 135
21 281 718
163 284 718
243 285 193
83 287 221
121 287 791
200 288 348
267 288 143
35 290 346
209 290 426
93 291 544
210 291 380
181 292 187
63 293 124
204 294 287
72 295 192
229 297 520
161 298 374
15 299 191
213 299 142
37 300 539
124 300 102
147 303 857
241 303 942
249 304 525
13 305 707
44 305 242
61 305 224
195 305 152
284 305 556
101 306 460
271 306 356
247 308 425
298 308 590
245 309 609
246 309 785
25 310 484
237 311 286
264 311 330
47 312 144
119 312 123
234 312 117
263 312 414
110 314 372
26 316 987
82 316 106
21 317 839
74 318 265
236 319 108
239 319 492
75 320 382
168 321 127
269 321 350
291 321 152
163 322 646
315 322 164
148 323 323
9 324 145
240 324 873
240 325 944
121 326 551
195 326 412
123 328 112
140 328 197
250 328 232
1 329 401
122 329 236
313 329 458
171 330 381
311 330 288
208 331 224
241 332 899
19 333 278
193 333 372
232 334 155
251 334 173
324 334 194
78 335 700
223 335 112
27 336 250
57 336 204
84 336 168
270 337 416
275 337 771
310 337 176
9 338 961
4 339 408
204 340 182
320 340 150
91 341 255
2 343 433
207 344 685
113 345 355
162 345 598
260 346 121
95 347 324
9 348 597
101 348 848
271 348 786
316 348 230
47 349 209
276 349 245
326 349 166
83 350 151
145 350 166
200 350 779
132 351 821
154 352 301
227 352 280
13 353 978
99 353 278
139 353 113
195 353 375
34 354 167
106 354 133
315 354 153
68 355 466
74 355 562
267 355 128
56 357 562
316 357 590
1 358 177
313 358 102
23 359 414
38 359 706
212 360 662
233 360 118
269 360 139
289 360 110
150 361 786
158 361 350
207 361 263
18 363 166
54 363 187
65 364 366
163 365 325
185 365 233
7 366 333
165 366 267
248 367 101
112 368 156
199 368 307
283 369 211
295 369 583
338 372 618
348 372 444
51 373 179
169 373 567
155 374 695
83 375 155
183 376 678
251 376 395
205 377 458
230 378 216
355 378 563
326 381 640
31 382 561
149 382 361
5 383 417
64 383 272
155 383 104
199 383 959
236 384 116
52 385 931
43 387 239
137 388 145
276 388 174
90 389 350
233 389 997
69 390 316
187 390 681
367 390 211
132 391 822
281 392 415
317 392 562
362 392 158
103 393 574
95 394 323
352 394 726
381 396 362
196 397 125
231 397 388
270 397 136
96 398 137
388 398 131
176 399 726
287 399 107
332 399 164
350 399 138
99 400 359
238 400 638
103 401 336
253 402 286
296 402 498
339 402 646
390 403 636
49 404 702
170 404 109
296 404 147
339 404 457
376 405 385
279 406 111
242 407 306
45 408 376
311 408 227
21 409 404
224 409 828
309 410 862
136 412 667
297 412 576
105 413 200
136 413 472
297 413 222
351 415 334
386 415 423
11 416 385
33 416 147
242 416 324
21 417 141
110 417 614
85 419 102
108 419 508
351 419 414
81 420 356
126 420 686
248 420 691
37 421 763
124 421 232
183 421 268
43 423 308
298 423 297
149 424 393
167 424 391
235 424 289
184 425 911
211 426 122
341 426 255
30 427 218
412 427 717
32 428 417
58 429 340
130 429 587
306 429 283
384 429 339
214 430 531
184 431 273
67 432 306
172 432 320
325 432 676
406 432 174
377 433 353
43 434 522
288 434 444
102 435 265
142 435 282
211 436 152
341 436 409
424 436 444
300 438 110
14 439 170
244 439 370
83 440 249
381 441 858
178 442 3267
379 442 676
313 443 880
253 444 295
113 445 382
310 445 466
37 446 676
130 446 518
41 447 133
131 447 117
203 447 101
346 449 115
228 450 211
258 450 322
395 450 208
232 452 220
379 452 128
76 453 285
77 453 294
95 453 239
50 454 830
166 455 568
388 455 188
281 456 344
314 456 536
417 456 124
51 457 719
70 458 474
194 458 427
362 458 137
77 459 262
231 459 295
238 459 345
256 459 286
262 460 328
286 460 415
48 461 255
233 462 771
289 462 157
36 463 680
49 463 424
132 464 289
359 464 851
415 464 472
8 465 157
230 465 158
375 465 128
166 466 125
178 467 269
215 467 346
396 467 226
137 468 254
344 468 944
455 468 421
466 468 708
62 469 290
108 469 111
238 469 154
267 470 951
423 470 140
434 470 172
229 471 168
290 471 154
412 471 174
42 473 840
111 473 147
83 474 230
121 474 781
200 474 944
388 474 429
59 475 613
216 476 238
332 476 134
409 476 256
417 476 469
78 477 321
367 477 211
380 477 685
9 478 110
10 478 135
18 478 132
54 478 146
271 478 198
334 478 136
421 478 157
123 479 366
250 479 531
261 480 339
343 480 152
101 481 435
191 481 104
429 481 443
297 482 266
239 483 522
320 483 185
70 484 158
194 484 164
291 484 123
147 486 638
241 486 683
343 486 766
473 486 156
93 487 106
139 487 580
195 487 175
302 487 647
477 488 634
19 489 993
366 490 432
257 491 442
301 491 445
96 492 173
169 492 804
376 493 235
345 494 257
349 494 325
3 496 800
12 496 615
266 496 348
400 496 200
157 497 130
66 498 518
90 498 314
146 498 203
485 498 544
263 499 331
287 499 363
317 499 879
409 499 414
286 500 355
258 501 325
395 501 208
461 501 153
199 503 167
344 503 219
366 503 179
231 504 411
101 505 208
148 505 251
372 505 737
130 506 159
336 506 130
57 507 376
393 507 848
265 508 544
360 508 430
274 509 862
419 509 942
430 509 438
49 510 309
279 510 456
116 511 573
57 512 348
111 512 151
151 512 271
220 512 867
9 513 140
18 513 178
22 513 287
507 514 893
104 515 177
147 515 938
261 515 225
343 515 124
29 516 117
4 517 229
113 517 247
463 517 381
333 519 672
344 520 125
466 520 840
21 521 104
379 522 122
174 523 456
76 524 407
163 524 102
185 524 104
107 525 719
268 526 909
283 526 433
457 526 124
475 526 837
468 527 353
60 528 383
450 528 996
102 529 932
84 530 126
222 530 149
67 531 277
172 531 267
259 531 182
338 531 107
411 532 815
40 534 378
277 534 213
295 534 333
491 534 301
68 535 300
166 535 415
190 535 246
63 536 559
265 536 197
434 537 680
437 537 459
228 538 311
395 538 249
15 539 293
395 539 152
461 539 208
66 540 397
106 540 125
119 540 137
203 540 112
335 541 246
78 542 186
249 542 639
420 542 686
29 543 271
422 543 882
45 544 296
538 544 367
244 545 672
259 545 648
338 545 147
196 546 339
102 547 443
231 547 450
464 547 645
71 548 200
252 548 361
346 548 358
240 549 105
452 549 759
186 550 250
341 550 203
180 551 448
526 551 459
120 553 156
182 553 158
491 553 469
37 554 268
186 554 216
197 554 197
531 554 442
161 555 505
395 555 128
118 556 189
399 556 143
476 556 153
499 556 197
24 557 114
172 558 128
173 558 493
338 558 749
189 559 286
330 559 500
90 560 125
362 560 184
485 560 240
181 561 285
207 562 204
364 562 968
468 562 110
309 563 228
342 563 212
472 563 137
46 564 775
285 564 138
294 564 102
46 565 755
162 565 852
324 565 763
348 565 895
122 566 278
156 566 245
335 567 416
153 568 518
262 568 203
286 568 883
128 569 282
33 570 514
401 570 268
98 571 450
497 571 738
367 572 156
548 572 196
25 573 103
66 573 895
397 573 550
400 573 703
459 573 760
87 574 847
35 575 162
374 575 934
413 575 377
372 576 377
445 576 550
531 576 510
276 577 281
373 577 109
398 577 182
492 577 253
65 578 307
323 579 215
444 579 233
505 579 181
506 579 127
576 579 665
89 580 393
417 580 104
521 580 141
317 581 144
521 581 219
141 582 642
209 582 921
489 582 518
86 583 723
384 583 637
481 583 114
26 584 123
119 584 114
176 584 127
203 584 960
357 584 669
140 585 750
250 585 114
165 586 341
370 586 795
24 587 230
75 587 278
56 588 741
192 588 966
316 588 790
460 589 205
524 589 267
56 590 550
132 590 930
265 590 180
359 590 385
33 591 133
502 591 308
61 592 435
212 593 210
289 593 790
293 593 150
255 594 459
414 594 615
454 594 346
503 594 180
223 595 868
541 595 149
72 596 105
534 596 653
553 596 285
152 598 211
578 598 830
529 599 564
141 600 391
209 600 461
437 600 436
24 601 396
111 601 416
151 601 148
319 601 423
316 602 102
345 602 481
565 602 343
53 603 633
295 603 521
410 604 674
563 604 212
119 605 726
212 605 218
234 605 703
357 605 501
590 605 491
198 606 340
32 607 246
595 607 149
30 608 179
39 608 294
213 608 158
385 608 303
50 609 112
128 609 518
327 609 617
93 610 156
201 610 229
210 610 139
312 610 118
458 610 203
501 611 308
538 611 130
578 611 585
71 612 346
348 612 424
588 612 152
117 613 101
329 613 459
552 613 872
566 613 647
177 614 306
510 614 534
511 615 573
224 616 199
365 616 258
120 617 129
304 617 515
491 617 441
241 618 869
155 619 245
551 619 194
574 619 727
30 620 212
193 620 321
385 620 414
100 621 162
133 621 695
466 621 131
527 621 519
535 621 166
156 622 524
257 622 516
377 622 146
13 623 964
17 624 279
391 624 255
464 624 329
287 625 376
326 625 351
440 625 463
441 625 900
197 626 221
38 627 142
431 627 751
536 627 545
224 628 224
476 628 156
500 628 266
44 629 222
274 629 268
312 629 128
322 629 164
18 630 221
271 630 492
280 630 752
429 630 362
446 630 198
88 631 356
111 631 253
130 631 589
220 631 104
306 631 286
319 631 282
43 632 816
179 632 197
154 633 132
46 634 105
86 634 264
483 634 191
8 635 187
208 635 180
461 635 309
63 636 137
201 636 208
458 636 176
560 636 558
71 637 436
157 637 601
218 637 208
346 637 352
368 638 103
370 638 490
544 638 115
302 639 114
581 639 552
165 640 238
207 640 344
368 640 304
370 640 396
503 640 166
97 641 307
47 642 315
99 642 142
234 642 209
291 642 771
494 642 675
66 643 692
90 643 899
119 643 217
153 643 377
176 643 271
263 643 937
556 643 322
92 644 251
137 644 207
373 644 108
398 644 179
457 644 441
225 645 789
371 645 514
495 645 136
597 646 388
275 647 764
310 647 221
446 647 159
506 647 201
554 647 347
576 647 744
235 648 607
310 648 424
401 648 571
437 649 386
570 649 384
591 649 172
243 650 546
278 650 402
512 650 247
11 651 380
90 651 135
146 651 109
317 651 141
417 651 132
556 651 315
73 652 377
161 652 331
308 652 490
200 653 307
209 653 156
471 653 210
489 653 483
301 654 132
617 654 128
16 655 124
540 655 129
593 655 203
605 655 701
122 656 278
249 656 244
313 656 647
164 657 139
25 658 152
97 658 106
570 658 376
648 658 146
322 659 208
448 659 759
137 660 144
234 660 124
357 660 725
494 660 209
602 660 152
557 661 787
601 661 342
214 662 145
262 662 473
305 662 174
592 662 975
623 662 513
369 663 210
603 663 147
500 664 383
188 665 710
252 665 778
572 665 278
84 666 161
323 666 210
506 666 126
533 666 237
176 667 207
350 667 580
474 667 192
482 667 244
11 668 375
90 668 129
263 668 180
317 668 134
362 668 717
487 668 684
610 668 863
10 669 166
18 669 162
22 669 248
300 669 960
42 670 434
220 670 118
396 670 469
187 671 109
367 671 238
380 671 109
665 671 713
7 672 151
288 672 636
455 672 191
474 672 444
290 673 337
600 673 119
241 674 272
399 674 479
473 674 840
114 675 517
283 675 224
295 675 592
294 676 148
323 676 970
633 678 130
7 679 880
276 679 112
326 679 352
440 679 461
474 679 400
27 680 373
57 680 106
151 680 178
480 681 185
98 682 968
186 682 379
197 682 326
48 683 168
299 683 145
378 683 168
465 683 130
3 684 299
198 684 202
484 684 266
113 685 230
381 685 314
467 685 206
99 686 746
139 686 450
168 686 491
291 686 796
496 686 472
684 686 237
43 687 188
64 687 269
658 687 146
76 688 450
502 688 113
37 689 531
183 689 106
186 689 360
363 689 948
292 690 261
561 690 505
107 691 135
366 691 505
679 691 877
245 692 291
410 692 160
641 692 100
317 693 711
487 693 142
639 693 271
159 694 688
561 694 105
70 695 774
362 695 553
487 695 533
81 696 191
277 696 144
304 696 191
433 696 582
491 696 180
622 696 191
98 697 184
223 697 149
428 697 463
567 697 447
38 698 271
196 698 195
329 698 469
285 699 160
294 699 931
340 699 107
93 700 219
302 700 944
321 700 375
129 701 253
392 702 227
693 702 209
695 702 820
37 703 672
438 703 186
7 704 903
276 704 846
344 704 111
361 704 557
455 704 128
188 705 352
275 705 515
506 705 145
533 705 314
572 705 198
460 706 742
144 707 100
407 707 893
416 707 107
591 707 559
149 708 705
235 708 429
272 708 161
77 709 311
95 709 250
245 709 125
352 709 439
633 709 840
533 710 492
572 710 257
179 711 156
414 712 166
490 712 170
503 712 302
520 712 217
27 713 334
188 713 383
236 713 376
444 713 319
506 713 150
190 714 175
447 714 120
450 714 256
555 714 106
423 715 240
451 715 440
632 715 467
711 715 439
546 716 137
698 716 262
641 717 269
13 718 734
99 718 298
238 718 996
250 718 182
470 719 156
537 719 483
388 720 113
447 720 105
584 720 994
667 720 142
274 721 794
419 721 951
568 721 880
60 722 124
237 722 479
364 722 131
255 723 660
569 723 284
609 723 526
174 724 649
278 724 552
41 725 164
268 725 303
398 725 145
482 725 193
720 725 123
236 726 851
601 726 382
293 727 681
485 727 219
636 727 458
135 728 965
436 728 295
495 728 601
183 729 388
405 729 671
480 729 295
121 730 361
381 730 397
670 730 529
2 731 464
597 731 307
5 732 152
357 732 717
422 733 139
7 734 736
208 734 180
318 734 222
440 734 228
124 735 902
232 735 818
371 735 368
379 735 646
261 736 136
376 736 138
729 736 850
40 737 390
64 737 256
155 737 843
574 737 396
575 737 643
418 738 437
449 738 738
548 738 305
710 738 481
427 739 386
343 740 100
681 740 113
703 740 103
59 741 227
143 741 836
180 741 167
526 741 636
644 741 215
675 741 171
725 741 167
61 742 110
195 742 819
499 742 112
625 742 124
693 742 952
262 743 328
286 743 271
592 743 233
91 744 121
149 744 105
436 744 153
136 745 649
427 745 387
608 745 278
102 746 669
142 746 790
599 746 584
656 746 173
233 747 258
269 747 195
610 747 148
700 747 202
280 748 612
310 748 337
446 748 211
144 749 207
416 749 345
472 749 136
9 750 584
439 750 466
612 750 117
606 751 701
701 751 513
139 752 320
684 752 195
695 752 305
26 753 161
602 753 171
730 753 605
302 754 584
389 754 976
581 754 938
668 754 393
747 754 135
288 755 639
350 755 192
355 755 417
461 755 988
683 755 387
53 756 283
171 756 151
206 756 884
559 756 189
347 757 733
678 757 320
692 757 274
709 757 440
502 758 130
706 758 657
451 759 155
632 759 195
717 759 314
234 760 154
509 760 312
629 760 173
659 760 223
30 761 164
193 761 223
375 761 146
739 761 244
139 762 439
168 762 477
302 762 476
219 763 212
286 763 171
664 763 266
178 764 336
432 764 201
493 764 103
330 765 382
408 765 695
331 766 249
578 766 288
635 766 196
100 767 206
131 767 144
527 767 330
528 767 267
714 767 150
83 768 248
333 768 383
761 768 227
3 769 154
94 769 351
125 769 119
485 769 767
159 770 665
68 771 454
74 771 546
166 771 474
267 771 127
672 771 407
408 772 175
532 772 207
677 772 207
11 773 722
749 773 145
754 773 232
179 774 314
272 774 272
561 774 722
101 775 235
160 775 494
418 775 320
548 775 243
612 775 139
215 776 912
676 776 162
52 777 345
333 777 262
489 777 973
620 777 236
147 778 571
226 778 628
273 778 540
557 778 632
114 779 861
527 779 182
559 779 150
72 780 837
603 780 492
65 781 325
258 781 842
361 781 403
455 781 106
562 781 726
64 782 324
145 782 190
447 782 834
555 782 214
667 782 105
189 783 865
621 783 650
779 783 494
213 784 114
216 784 147
332 784 996
618 784 959
229 785 613
282 785 114
492 785 975
525 785 126
153 786 171
185 786 326
219 786 251
286 786 199
556 786 155
589 786 813
628 786 167
201 787 103
462 787 129
498 787 274
540 787 236
593 787 712
727 787 136
106 788 139
119 788 153
153 788 219
315 788 160
629 788 160
721 788 265
393 789 897
401 789 425
649 789 815
301 790 100
369 790 128
534 790 485
153 791 353
163 791 191
185 791 144
315 791 222
98 792 208
197 792 146
223 792 911
529 793 564
225 794 116
436 794 550
495 794 876
550 794 438
554 794 342
645 795 832
86 796 644
306 796 280
319 796 277
384 796 335
483 796 408
229 797 583
282 797 406
412 797 654
739 797 799
768 797 637
518 798 420
518 799 379
30 800 549
39 800 275
350 800 367
412 800 599
482 800 323
653 800 145
768 800 650
777 800 739
134 801 248
336 801 169
382 801 248
424 801 835
530 801 126
65 802 292
228 802 432
258 802 654
611 802 535
722 802 144
167 803 699
235 803 428
641 803 161
299 804 218
378 804 273
45 805 140
652 805 661
765 805 198
133 806 101
199 806 495
298 806 163
712 806 153
681 807 164
689 807 916
703 807 143
729 807 245
161 808 267
368 808 342
387 808 186
395 808 393
544 808 535
805 808 445
246 809 351
410 809 243
345 810 324
349 810 258
381 810 743
753 810 207
288 811 286
461 811 340
598 811 428
240 812 879
334 812 197
452 812 313
44 813 283
430 813 257
448 813 740
642 813 325
718 813 140
760 813 208
25 814 641
66 814 285
176 814 259
203 814 155
748 814 151
782 814 116
28 815 213
192 815 820
337 815 948
420 815 558
36 816 746
255 816 183
517 816 401
224 817 176
500 817 201
743 817 171
247 818 232
277 818 275
433 818 206
559 818 151
652 818 250
765 818 506
80 819 612
389 819 678
462 819 665
498 819 558
68 820 103
190 820 592
298 820 100
555 820 324
75 821 121
215 821 469
220 821 218
340 821 406
396 821 574
58 822 467
88 822 488
285 822 138
306 822 365
40 823 930
575 823 144
596 823 251
377 824 160
677 824 816
129 825 188
198 825 379
686 825 526
751 825 892
103 826 835
336 826 347
424 826 544
647 826 530
648 826 376
794 826 435
243 827 172
657 827 491
699 827 809
776 827 196
821 827 648
5 828 957
112 828 533
133 828 675
199 828 222
527 828 206
281 829 866
733 829 675
102 830 667
566 830 173
793 830 595
25 831 411
383 831 762
400 831 230
445 831 396
732 831 232
111 832 648
175 832 412
486 832 457
523 832 386
661 832 485
778 832 421
204 833 474
215 833 628
253 833 263
339 833 541
579 833 213
676 833 921
11 834 144
33 834 817
263 834 707
556 834 618
589 834 253
731 834 318
205 835 183
247 835 179
307 835 183
433 835 163
127 836 568
538 836 221
539 836 479
13 837 312
284 837 278
41 838 416
87 838 580
268 838 251
475 838 202
4 839 136
67 839 126
113 839 142
162 839 169
467 839 132
576 839 160
833 839 327
618 840 114
674 840 155
748 840 257
334 841 684
376 841 878
421 841 733
670 841 182
735 841 490
61 842 688
284 842 828
365 842 466
158 843 419
207 843 234
364 843 601
370 843 215
107 844 106
577 844 215
679 844 319
785 844 295
11 845 263
242 845 233
362 845 394
435 846 194
504 846 261
547 846 276
624 846 195
2 847 164
124 847 993
371 847 383
438 847 106
79 848 570
453 848 258
459 848 233
504 848 300
2 849 145
438 849 381
740 849 143
86 850 287
444 850 653
505 850 362
173 851 725
363 851 248
513 851 277
282 852 230
440 852 507
519 852 116
768 852 505
844 852 340
85 853 352
106 853 181
721 853 477
143 854 589
180 854 910
374 854 542
30 855 133
213 855 121
332 855 104
350 855 119
375 855 121
683 855 123
99 856 130
113 856 336
494 856 183
816 856 703
831 856 164
401 857 205
674 857 245
730 857 225
94 858 663
309 858 815
416 858 298
472 858 242
246 859 352
251 860 277
325 860 466
493 860 187
812 860 342
232 861 218
244 861 135
324 861 302
549 861 742
26 862 240
176 862 257
674 862 910
730 862 690
748 862 145
150 863 215
501 863 140
578 863 184
635 863 263
672 863 931
781 863 178
811 863 333
57 864 317
84 864 240
514 864 620
650 864 791
266 865 142
472 865 113
546 865 125
819 865 152
493 866 238
736 866 773
259 867 297
300 867 312
495 867 303
554 867 197
626 867 220
58 868 815
88 868 821
130 868 379
666 868 233
724 868 579
255 869 840
383 869 632
503 869 298
691 869 438
856 869 113
101 870 254
148 870 321
191 870 654
418 870 358
564 870 616
822 870 676
4 871 174
67 871 159
177 871 331
406 871 280
510 871 205
185 872 133
616 872 238
628 872 274
872 873 345
19 874 232
221 874 293
519 874 456
844 874 234
461 875 188
598 875 134
611 875 801
766 875 333
836 875 640
507 876 197
680 876 825
523 877 523
661 877 722
726 877 926
367 878 222
403 878 754
488 878 750
710 878 501
326 879 113
353 879 268
685 879 399
691 879 206
856 879 882
204 880 878
253 880 354
320 880 152
634 880 151
354 881 958
791 881 119
848 881 371
446 882 106
473 882 324
703 882 105
840 882 116
111 883 101
130 883 437
523 883 492
724 883 725
726 883 834
882 883 770
39 884 216
41 884 120
87 884 131
413 884 123
482 884 136
737 884 476
782 884 782
166 885 489
520 885 560
704 885 128
1 886 190
125 886 772
627 886 342
698 886 159
316 887 896
372 887 142
445 887 757
732 887 122
46 888 974
220 888 346
285 888 217
306 888 644
340 888 130
483 888 227
116 889 471
759 889 572
356 890 248
454 890 576
35 891 156
181 891 262
209 891 843
687 891 380
737 891 355
14 892 156
71 892 159
157 892 324
571 892 458
750 892 375
792 892 147
146 893 352
314 893 424
485 893 442
23 894 468
53 894 250
114 894 218
277 894 166
295 894 230
559 894 107
77 895 480
256 895 570
633 895 165
706 895 622
42 896 225
396 896 687
441 896 729
181 897 285
717 897 721
770 897 106
19 898 451
268 898 711
398 898 267
457 898 229
121 899 204
200 899 391
399 899 219
570 899 184
834 899 445
857 899 152
196 900 106
496 900 544
498 900 815
573 900 120
769 900 169
858 900 781
865 900 167
486 901 569
523 901 463
618 901 692
740 901 691
882 901 702
82 902 529
348 902 846
481 902 158
513 902 450
630 902 879
731 903 357
68 904 298
501 904 443
555 904 143
667 904 239
672 904 169
755 904 171
571 905 221
672 905 332
798 905 923
34 907 279
62 907 110
315 907 329
391 907 524
659 907 231
79 908 262
448 908 212
479 908 185
718 908 245
837 908 169
38 909 303
425 909 242
508 909 221
716 909 133
173 910 497
571 910 107
750 910 223
40 911 732
574 911 755
790 911 128
516 912 663
646 912 446
829 912 524
36 913 967
328 913 192
751 913 109
256 914 640
568 914 237
763 914 273
853 914 193
19 915 414
87 915 484
268 915 182
482 915 548
777 915 381
392 916 153
456 916 142
560 916 177
651 916 724
845 916 391
893 916 132
225 917 597
405 917 641
550 917 302
906 917 572
27 918 316
31 918 351
202 918 350
801 918 196
153 919 163
163 919 308
262 919 213
263 919 416
305 919 120
589 919 794
629 919 128
287 920 159
303 920 111
332 920 105
375 920 122
409 920 168
51 921 772
577 921 442
874 921 645
898 921 187
152 922 107
387 922 262
511 922 580
544 922 319
67 923 389
177 923 150
259 923 629
442 923 670
549 923 151
411 924 279
433 924 541
765 924 972
772 924 310
824 924 276
16 925 140
132 925 268
419 925 121
469 925 407
605 925 750
760 925 178
788 925 165
907 925 313
17 926 926
386 926 127
464 926 183
728 927 963
744 927 217
522 928 297
866 928 629
896 928 400
162 929 822
340 929 157
396 929 641
810 929 677
812 929 605
44 930 385
284 930 888
322 930 238
448 930 795
178 931 958
379 931 229
396 931 571
493 931 462
812 931 400
841 931 107
928 931 226
227 932 161
309 932 858
342 932 677
859 932 250
225 933 258
371 933 220
405 933 404
841 933 258
271 934 129
334 934 326
565 934 128
670 934 165
753 934 271
888 934 209
929 934 286
292 935 261
897 935 505
96 936 135
105 936 164
143 936 770
297 936 179
725 936 143
258 937 342
455 937 238
527 937 331
535 937 206
714 937 153
720 937 129
904 937 205
14 938 119
595 938 108
626 938 156
792 938 114
12 939 140
400 939 947
469 939 177
605 939 605
732 939 950
271 940 562
421 940 323
446 940 209
473 940 643
631 940 405
670 940 198
862 940 157
33 941 151
76 941 444
77 941 467
502 941 109
589 941 593
706 941 600
82 942 155
131 942 122
203 942 105
357 942 714
655 942 120
71 943 316
248 943 251
275 943 598
572 943 707
792 943 336
815 943 134
48 944 302
127 944 474
875 944 524
356 945 117
370 945 280
42 946 157
515 946 152
736 946 350
841 946 706
928 946 225
28 947 626
122 947 222
359 947 290
397 947 374
547 947 140
698 947 418
237 948 329
330 948 315
779 948 668
51 949 128
221 949 216
619 949 985
185 950 112
219 950 476
873 950 791
881 950 134
42 951 178
287 951 244
303 951 147
441 951 393
674 951 133
730 951 911
33 952 916
77 952 256
245 952 276
573 952 474
658 952 555
858 952 133
152 953 262
387 953 149
434 953 225
811 953 176
109 954 995
415 954 462
529 954 130
547 954 626
150 955 495
158 955 970
331 955 938
578 955 989
586 955 499
19 956 165
229 956 492
398 956 152
474 956 789
482 956 206
653 956 116
768 956 628
844 956 158
414 957 226
454 957 121
97 958 983
181 958 261
632 958 113
687 958 378
717 958 583
774 958 585
137 959 335
276 959 547
344 959 103
373 959 135
494 959 120
869 959 402
99 960 110
250 960 144
816 960 639
825 960 681
913 960 796
355 961 511
804 961 549
820 961 108
145 962 288
299 962 215
539 962 352
555 962 246
755 962 401
961 962 530
169 963 241
374 963 238
525 963 263
569 963 185
179 964 572
615 964 470
170 965 441
339 965 881
676 965 527
200 966 506
209 966 989
434 966 112
437 966 686
570 966 113
687 966 407
61 967 289
224 967 189
365 967 241
499 967 604
743 967 184
786 967 147
919 967 141
80 968 114
389 968 969
580 968 104
581 968 931
651 968 338
773 968 232
7 969 703
318 969 194
490 969 136
771 969 590
885 969 254
20 970 975
430 970 142
585 970 740
623 970 142
718 970 972
5 971 444
114 971 360
131 971 127
137 971 113
357 971 503
527 971 644
720 971 145
741 971 110
8 972 264
766 972 282
944 972 408
112 973 548
638 973 196
722 973 782
66 974 153
106 974 837
153 974 107
219 974 134
459 974 324
881 974 672
914 974 862
435 975 282
830 975 788
304 976 145
307 976 458
411 976 160
433 976 353
121 977 489
312 977 953
349 977 120
388 977 100
584 977 895
660 977 998
753 977 108
329 978 287
443 978 147
552 978 146
716 978 106
292 979 225
574 979 382
582 979 356
891 979 344
72 980 616
143 980 586
675 980 221
118 981 281
145 981 222
399 981 114
784 981 135
814 981 844
840 981 174
216 982 511
219 982 252
628 982 626
664 982 221
873 982 118
112 983 845
258 983 107
527 983 559
528 983 115
562 983 105
722 983 114
948 983 453
55 984 688
537 984 617
953 984 218
387 985 125
511 985 170
632 985 199
889 985 160
964 985 160
382 986 356
530 986 149
225 987 682
393 987 606
795 987 315
906 987 876
103 988 368
473 988 585
512 988 423
670 988 485
857 988 217
933 988 791
799 989 531
905 989 183
343 990 593
421 990 674
473 990 982
703 990 602
729 990 730
847 990 485
933 990 250
946 990 651
327 991 775
723 991 222
949 991 707
173 992 736
251 992 266
324 992 317
325 992 437
74 993 176
83 993 166
465 993 135
635 993 157
672 993 172
734 993 156
755 993 191
115 994 113
184 994 225
359 994 471
926 994 248
12 995 595
266 995 341
360 995 520
226 996 142
587 996 403
657 996 304
821 996 339
896 996 389
594 997 301
640 997 263
890 997 460
945 997 108
104 998 194
522 998 199
735 998 811
847 998 884
946 998 164
257 999 129
301 999 131
107 1000 369
155 1000 422
373 1000 366
723 1000 307
869 1000 574
949 1000 718
963 1000 195
