1
0
1
1
1000000
0
0
0
0
1
12 13 178
14 21 199
22 23 225
37 60 206
21 71 214
28 77 330
56 85 656
74 122 329
95 139 109
102 139 211
30 147 168
104 148 360
24 156 127
9 160 232
114 165 324
46 168 194
152 169 131
76 174 206
111 180 856
177 183 130
10 186 125
178 197 985
50 200 252
84 200 475
10 210 129
43 212 170
63 218 344
25 221 840
108 231 287
106 239 218
3 245 159
104 246 184
240 246 253
194 248 256
93 265 147
99 266 155
253 269 832
169 272 277
64 276 181
151 278 492
62 279 208
8 282 174
97 282 107
146 286 188
96 288 140
163 288 155
178 291 157
289 292 201
44 304 383
279 305 362
111 306 225
224 312 244
186 316 237
127 317 152
130 319 348
49 320 275
171 320 503
6 325 221
21 332 273
162 332 274
38 333 290
129 337 162
223 340 138
52 350 126
248 353 177
51 355 252
268 356 296
146 357 193
218 357 306
46 366 270
135 366 298
111 370 110
222 373 261
211 377 238
121 381 200
137 383 137
57 393 174
150 396 160
314 397 689
64 398 237
176 399 172
234 399 204
29 400 321
98 400 143
192 403 233
52 413 151
209 414 685
32 415 255
310 415 192
409 416 270
149 417 254
62 418 373
74 418 277
241 419 279
385 421 336
69 429 222
378 431 226
350 439 159
413 439 240
223 440 273
94 443 280
428 447 200
67 448 204
214 448 260
271 453 306
327 454 258
450 455 159
244 456 328
141 457 224
382 461 198
93 462 302
115 469 135
161 472 307
443 474 212
268 475 342
402 476 976
121 477 371
163 477 256
255 477 652
421 477 255
469 477 260
273 479 207
419 479 372
474 481 180
43 485 291
203 490 324
324 493 121
17 495 147
327 496 242
209 500 559
252 502 133
179 507 233
123 508 225
348 511 375
66 516 160
404 516 300
30 517 113
165 519 131
294 520 133
73 521 132
232 521 337
338 523 144
334 527 172
193 529 191
235 531 314
494 535 181
63 536 230
359 538 411
181 539 128
462 540 245
442 542 170
466 543 669
352 545 178
491 545 153
505 546 713
420 548 130
393 550 162
339 552 349
35 553 367
224 553 268
500 554 248
405 556 287
205 557 120
526 557 109
369 558 269
477 559 151
430 560 230
36 561 304
399 562 181
274 563 133
411 564 197
96 565 146
457 568 192
123 569 101
391 569 226
387 570 189
494 571 250
527 571 296
481 573 324
88 578 694
237 578 127
466 578 345
263 580 251
568 580 174
211 581 837
81 582 171
205 582 310
302 582 560
393 582 269
294 583 221
416 583 286
508 584 882
569 584 179
274 586 130
258 588 693
265 589 178
462 589 161
574 589 272
145 591 217
508 591 168
453 594 796
400 595 148
208 596 509
584 596 354
166 597 225
438 597 277
311 599 200
131 600 179
183 600 207
148 603 141
408 604 162
602 604 173
271 605 275
426 605 271
594 605 298
76 606 116
209 607 278
174 608 262
266 608 135
5 610 130
178 610 129
251 611 170
235 616 273
254 616 250
7 617 265
50 617 266
489 618 143
277 624 139
170 625 157
293 625 179
502 626 737
433 627 483
11 628 145
485 629 128
556 630 218
260 631 138
302 633 242
423 633 227
465 634 251
147 636 318
362 637 220
135 639 197
27 641 218
207 641 204
559 645 128
250 646 140
382 646 367
327 649 113
266 650 893
560 650 131
517 654 323
511 655 160
257 656 493
314 656 323
358 656 208
543 657 364
550 657 357
437 659 218
76 660 230
262 660 119
608 660 115
275 663 331
388 663 201
389 663 360
635 665 241
422 666 277
93 668 227
540 668 715
367 670 656
319 671 131
110 672 292
568 672 388
334 674 128
571 674 266
67 676 365
616 678 222
454 679 195
477 679 286
565 679 107
31 680 157
264 681 195
507 681 182
453 684 182
605 684 653
197 685 106
291 685 155
430 685 154
650 685 190
461 686 914
559 687 111
145 688 205
237 688 184
508 688 635
136 689 249
326 690 348
622 691 298
352 694 272
613 695 102
1 696 991
404 696 179
239 697 269
37 701 226
74 701 385
139 706 257
360 707 270
156 711 171
587 713 328
648 714 109
158 715 109
571 715 777
223 716 113
22 717 148
203 717 175
449 718 276
713 721 155
395 722 339
82 723 147
112 723 143
599 723 207
258 727 448
337 727 264
114 728 271
519 728 396
623 728 261
334 729 238
535 729 293
571 729 270
622 729 262
613 730 130
205 732 180
208 732 308
216 732 240
302 732 326
423 732 269
107 734 205
313 734 219
503 735 976
237 736 196
393 736 243
232 737 187
686 737 157
30 738 314
92 739 929
133 740 165
357 740 147
383 741 232
391 742 239
533 742 244
360 743 231
44 745 108
38 746 629
296 749 201
569 750 279
657 750 264
269 751 329
136 752 226
498 752 264
256 754 141
149 757 764
534 757 945
484 758 144
556 760 217
714 761 758
642 763 275
438 764 205
55 766 111
339 767 666
312 768 367
374 769 764
102 770 337
319 774 133
159 775 317
557 776 317
207 778 199
667 779 108
342 782 159
523 782 125
500 784 192
356 785 178
718 786 201
275 787 146
511 787 694
203 788 891
509 788 131
169 789 204
270 793 266
619 794 295
458 796 141
487 796 284
201 797 203
39 799 217
496 799 256
717 799 181
301 801 303
435 801 252
158 803 193
629 803 294
543 805 946
550 805 118
578 805 148
603 809 240
237 810 316
76 811 318
99 811 528
262 811 180
608 811 907
578 814 243
776 814 207
810 814 208
271 815 300
382 815 242
426 815 340
594 815 257
684 815 174
618 817 351
121 818 156
469 818 244
9 819 245
401 819 355
626 821 149
772 823 186
545 826 297
262 829 200
608 829 165
266 830 152
560 830 238
660 830 325
137 831 742
253 831 259
741 831 224
51 834 352
97 835 139
420 836 192
426 836 752
594 836 130
684 836 233
62 839 284
611 839 285
307 840 263
432 840 343
7 841 164
318 841 302
349 842 302
473 842 609
120 844 143
182 846 243
75 848 162
128 848 219
73 849 184
77 849 315
457 852 214
705 852 141
190 853 983
58 855 188
328 855 191
516 855 151
253 858 218
703 858 318
733 858 294
54 859 215
677 860 179
523 861 236
724 861 334
531 863 258
683 865 544
259 866 113
433 867 211
647 868 147
321 870 170
328 870 237
609 870 150
678 871 111
846 871 213
349 872 117
401 872 187
725 873 920
664 874 235
446 875 117
494 875 286
527 875 302
613 875 177
104 876 152
173 876 232
626 878 187
379 879 174
53 881 266
487 881 143
253 883 203
703 883 135
741 883 109
751 883 931
121 885 262
99 886 143
437 886 441
417 887 670
596 888 273
633 888 208
732 888 927
286 890 379
220 894 207
781 894 318
70 897 233
844 897 215
133 899 177
357 899 151
836 899 166
225 900 226
902 905 136
621 906 237
52 908 641
413 910 232
283 911 294
208 912 302
584 912 588
567 914 891
277 915 269
1 918 223
66 918 927
110 921 243
207 921 276
607 921 269
811 922 193
136 924 134
390 925 309
889 925 170
160 926 195
15 928 132
536 928 333
157 930 196
424 930 142
82 931 242
113 932 225
214 933 125
131 935 302
724 935 174
731 937 207
217 939 191
838 941 311
671 942 137
39 943 327
121 943 165
477 943 167
885 943 307
450 944 186
206 945 251
162 946 137
85 949 711
289 949 219
91 950 161
630 950 235
882 951 770
904 951 359
466 952 122
805 952 233
814 952 303
700 953 214
415 954 314
690 954 235
369 958 392
468 958 176
396 959 168
199 962 221
410 962 238
686 962 156
917 963 142
687 964 157
744 965 255
621 966 158
465 968 191
842 968 849
926 968 366
259 969 201
382 969 200
503 970 550
418 971 212
895 971 247
245 972 178
20 974 325
61 974 178
87 974 164
609 974 357
740 975 201
58 976 278
122 977 185
529 978 309
541 978 148
124 979 233
186 979 261
94 980 225
306 980 776
835 981 750
854 983 874
166 984 263
256 984 373
652 985 383
716 985 298
310 987 332
707 987 184
408 988 257
394 990 222
963 991 256
845 992 212
252 993 203
394 994 251
738 994 218
695 995 518
706 995 318
870 995 149
200 996 236
546 996 649
706 997 259
308 998 874
948 1000 285
795 1001 271
808 1002 149
525 1005 338
5 1006 285
178 1006 346
659 1006 993
886 1006 202
281 1008 215
880 1009 351
463 1010 145
548 1012 317
815 1012 199
836 1012 218
35 1013 337
350 1014 213
193 1015 179
441 1016 329
470 1016 212
192 1017 252
509 1018 147
510 1020 239
368 1021 332
762 1022 116
727 1025 260
1000 1025 250
81 1026 204
145 1026 296
508 1026 759
600 1028 255
558 1029 883
694 1029 355
601 1032 196
614 1033 354
800 1033 190
578 1034 354
888 1034 217
41 1035 180
654 1035 229
392 1036 263
400 1036 296
688 1037 102
736 1037 184
1026 1037 723
43 1038 252
584 1039 168
591 1039 189
688 1039 189
810 1039 375
35 1040 952
507 1041 233
624 1041 218
43 1043 348
770 1043 333
598 1044 241
362 1045 300
504 1047 140
689 1047 154
37 1048 322
717 1049 183
845 1049 311
619 1050 345
723 1051 275
780 1051 156
208 1052 246
216 1052 205
423 1052 107
543 1052 183
1003 1053 131
16 1054 319
482 1054 132
869 1054 384
804 1055 204
165 1056 922
623 1056 268
959 1057 258
923 1059 319
996 1060 136
117 1061 215
798 1061 141
60 1063 167
551 1064 244
724 1064 187
803 1065 183
922 1065 345
343 1066 210
157 1067 153
780 1067 164
359 1068 193
887 1068 826
1061 1070 248
20 1071 961
61 1071 243
321 1071 193
468 1074 122
292 1075 270
569 1075 173
596 1075 242
742 1075 389
912 1075 140
1007 1076 189
131 1077 215
364 1078 230
663 1078 182
211 1080 207
483 1080 182
234 1081 112
315 1081 184
12 1084 780
102 1085 156
212 1085 155
1011 1086 288
73 1087 359
77 1087 109
415 1088 208
987 1088 233
699 1089 557
1019 1089 314
344 1091 269
981 1091 109
521 1092 155
862 1092 228
683 1093 217
928 1093 216
103 1094 259
725 1095 616
453 1097 224
548 1097 213
605 1097 298
836 1097 521
636 1098 898
875 1099 814
700 1100 217
1046 1100 152
189 1102 180
198 1102 310
1041 1103 185
434 1104 178
555 1104 191
800 1105 892
547 1106 262
567 1107 240
231 1108 170
280 1108 273
330 1109 135
857 1109 606
534 1111 210
246 1112 128
982 1112 101
679 1113 109
790 1113 189
1015 1115 335
487 1116 185
873 1116 168
397 1117 338
943 1117 103
361 1118 735
77 1119 232
605 1119 168
836 1119 293
333 1120 646
66 1122 231
829 1122 208
412 1123 287
49 1124 344
572 1124 321
661 1126 158
990 1126 196
312 1127 175
455 1127 156
219 1128 244
876 1128 986
13 1129 817
24 1130 239
310 1131 199
674 1132 306
413 1133 116
915 1133 278
530 1138 998
834 1138 568
432 1139 316
498 1140 113
527 1141 262
606 1141 330
531 1145 268
48 1146 320
273 1147 295
1090 1147 257
90 1148 266
451 1148 201
801 1149 164
255 1150 195
818 1150 172
845 1150 170
490 1152 120
274 1153 133
692 1155 121
1131 1155 200
446 1156 193
629 1156 235
1065 1156 359
1055 1157 240
985 1158 145
410 1159 307
1065 1161 124
4 1162 904
381 1163 398
565 1163 293
788 1163 379
439 1164 139
939 1164 144
461 1165 126
153 1166 301
476 1166 141
701 1167 124
1004 1168 833
80 1170 181
304 1170 334
604 1170 535
521 1171 109
737 1171 985
962 1171 247
313 1172 135
239 1173 227
218 1174 199
536 1174 351
899 1174 189
1144 1175 230
804 1176 266
986 1176 170
889 1177 192
720 1180 305
254 1181 130
529 1181 258
604 1182 325
698 1182 138
1060 1183 187
334 1184 127
439 1185 134
973 1186 154
818 1187 311
992 1187 143
602 1188 281
730 1189 287
224 1190 202
681 1190 185
1177 1191 320
1085 1192 221
306 1193 126
652 1195 232
716 1195 143
338 1196 162
452 1196 132
979 1198 181
721 1199 800
1121 1199 879
793 1200 899
537 1201 126
561 1202 190
1126 1202 209
24 1203 359
296 1203 292
81 1204 250
302 1204 311
393 1204 231
601 1205 561
666 1206 236
296 1207 173
243 1208 154
1198 1208 213
1098 1209 157
113 1210 196
1109 1210 158
213 1211 128
655 1211 214
515 1212 238
956 1212 230
270 1213 170
237 1214 109
393 1214 166
805 1214 262
814 1214 150
223 1215 219
1195 1215 238
919 1216 145
1016 1218 259
907 1221 235
972 1221 263
620 1222 237
682 1222 209
902 1222 221
874 1225 124
1217 1226 253
103 1228 126
143 1228 148
962 1228 154
719 1229 243
158 1230 176
629 1230 266
507 1231 225
825 1231 173
289 1232 310
1046 1232 963
755 1233 278
887 1233 180
297 1234 150
472 1236 250
411 1237 702
659 1238 194
918 1238 271
378 1239 125
226 1240 308
669 1240 240
346 1241 176
1137 1241 290
57 1242 113
391 1242 219
550 1242 297
750 1242 346
1075 1242 235
436 1243 152
746 1244 270
137 1245 343
740 1245 198
232 1246 184
521 1246 197
522 1246 304
726 1246 281
1030 1246 190
1179 1247 172
120 1248 185
244 1249 237
677 1249 321
20 1250 228
1043 1250 216
553 1251 291
891 1251 350
19 1252 102
403 1252 347
1111 1253 159
115 1254 315
725 1254 125
881 1254 121
1208 1255 185
1195 1257 314
431 1258 251
1239 1258 197
922 1260 190
154 1261 162
861 1261 369
1002 1262 225
422 1263 167
782 1263 503
893 1264 234
109 1265 165
680 1265 173
1224 1265 222
808 1267 284
873 1268 330
929 1268 746
717 1269 171
23 1270 237
1148 1270 176
1150 1270 221
114 1272 234
519 1272 194
623 1272 438
1199 1273 453
219 1274 268
486 1274 268
1019 1274 183
23 1275 301
260 1275 239
989 1275 138
1055 1275 206
46 1276 140
1014 1276 228
895 1277 102
145 1278 138
508 1278 716
912 1278 199
772 1279 121
569 1280 148
596 1280 248
1034 1280 139
1052 1280 282
435 1281 129
773 1281 197
896 1281 288
69 1283 238
658 1283 496
199 1284 296
168 1285 172
548 1286 271
815 1286 261
309 1287 160
737 1288 110
1106 1288 153
1216 1288 118
282 1289 153
112 1290 923
1051 1290 151
204 1291 111
709 1291 900
596 1292 165
633 1292 106
732 1292 145
805 1292 119
1034 1292 201
1052 1292 199
82 1293 230
1248 1294 328
359 1296 150
1062 1297 182
1035 1299 113
542 1300 309
601 1300 190
981 1300 243
162 1301 157
443 1302 269
506 1302 104
728 1303 175
1056 1303 257
1272 1303 392
307 1304 292
1220 1305 337
892 1306 321
1042 1307 197
519 1309 180
728 1309 247
1056 1309 786
434 1310 379
555 1311 313
503 1312 206
1310 1312 234
595 1313 157
525 1314 262
467 1315 173
577 1317 102
925 1317 104
929 1320 289
121 1322 341
203 1322 291
1150 1322 120
180 1323 313
1003 1323 168
541 1324 287
124 1325 129
1186 1326 207
760 1327 232
40 1328 287
761 1329 163
353 1330 242
236 1331 108
1145 1331 366
277 1332 279
461 1333 278
737 1333 247
1000 1333 206
1197 1333 234
532 1334 160
1217 1334 290
640 1335 210
81 1336 300
145 1336 214
393 1336 230
1037 1336 226
1205 1337 207
222 1338 388
1042 1338 356
78 1339 167
705 1339 188
336 1340 280
444 1340 391
1215 1341 149
1257 1341 331
499 1342 193
1331 1342 233
1021 1343 155
1266 1343 714
262 1344 192
691 1344 230
803 1344 927
922 1344 217
470 1345 223
673 1345 243
792 1345 165
781 1346 296
1142 1346 268
292 1347 514
1069 1347 144
269 1348 228
866 1348 812
25 1349 167
405 1349 117
1250 1350 216
203 1351 166
295 1351 330
569 1352 314
657 1352 254
1052 1352 550
807 1353 188
1226 1354 207
662 1355 231
956 1355 148
118 1356 176
402 1357 217
566 1358 270
1307 1358 202
11 1359 335
341 1359 283
7 1360 287
354 1361 305
441 1361 317
470 1361 123
792 1361 106
241 1362 250
579 1362 122
850 1363 184
837 1364 225
1178 1365 367
205 1366 235
208 1366 174
216 1366 221
591 1366 242
1278 1366 168
174 1368 247
1184 1368 295
1260 1368 152
216 1369 100
423 1369 756
888 1369 139
1280 1369 203
494 1371 340
674 1371 917
1189 1371 243
179 1372 252
349 1372 220
401 1372 245
82 1373 128
1179 1373 104
71 1375 286
323 1377 167
115 1378 494
1116 1378 160
453 1380 110
548 1380 245
47 1381 107
427 1381 122
843 1381 239
285 1382 123
832 1383 730
351 1384 117
1111 1384 197
1358 1384 146
956 1385 179
543 1386 204
578 1386 181
750 1386 117
1280 1386 166
1352 1386 193
882 1387 235
258 1388 142
726 1388 885
1025 1388 496
25 1389 325
644 1389 167
1271 1391 305
317 1392 342
363 1393 357
764 1394 375
975 1395 335
647 1397 263
1227 1397 263
639 1398 311
1328 1398 270
589 1399 155
961 1399 117
890 1400 204
425 1401 221
1014 1401 248
1337 1401 213
940 1402 313
298 1403 181
284 1406 169
354 1406 302
688 1407 115
736 1407 244
1026 1407 234
1204 1407 241
947 1408 250
877 1410 225
909 1410 209
937 1410 330
778 1411 259
95 1412 308
185 1412 114
706 1412 105
976 1412 209
390 1413 271
433 1413 248
1031 1414 125
1364 1414 283
58 1418 967
516 1418 155
696 1418 110
918 1418 453
46 1420 195
1353 1420 149
373 1421 127
911 1421 247
516 1422 740
650 1422 182
718 1423 265
631 1424 253
1163 1424 203
955 1425 277
537 1426 443
1320 1426 183
542 1427 367
895 1427 231
146 1428 142
740 1428 362
1395 1428 217
492 1429 100
583 1429 199
451 1431 122
565 1431 266
943 1431 186
624 1432 138
915 1432 194
29 1433 232
1036 1433 188
1120 1434 663
588 1435 903
195 1436 177
845 1436 130
1049 1436 120
446 1437 199
527 1437 984
606 1437 181
1184 1437 347
1260 1437 243
1266 1438 969
1425 1439 251
464 1440 274
338 1441 170
861 1441 360
926 1442 316
937 1443 312
196 1444 307
1169 1444 218
187 1445 600
824 1445 171
773 1446 322
75 1447 269
117 1447 158
588 1448 663
831 1448 266
1388 1448 220
933 1450 280
334 1451 221
480 1451 159
622 1451 204
1132 1451 756
1141 1451 118
496 1452 258
818 1452 238
817 1454 187
524 1455 199
1252 1455 201
336 1457 238
664 1457 149
1321 1458 247
877 1459 217
909 1459 186
291 1460 168
430 1460 100
609 1460 292
432 1461 209
837 1461 109
1414 1461 123
383 1462 244
975 1462 352
1090 1462 112
1245 1462 208
1023 1463 385
960 1464 465
973 1465 313
1223 1465 244
18 1466 969
1080 1466 265
1199 1466 177
884 1467 272
1086 1467 116
1335 1467 130
87 1468 239
494 1468 940
715 1468 311
68 1469 269
1025 1469 258
1335 1470 311
309 1471 311
525 1471 156
832 1471 247
927 1472 442
1195 1472 395
782 1474 207
448 1475 311
163 1476 254
790 1476 122
286 1477 269
357 1477 225
26 1478 931
563 1478 152
1208 1478 178
125 1479 211
1165 1479 111
678 1480 176
65 1482 171
242 1482 336
167 1483 336
535 1484 186
1071 1484 530
301 1485 260
1168 1487 250
164 1488 266
1022 1488 191
1096 1488 334
442 1489 161
854 1490 677
386 1492 139
477 1493 177
885 1493 112
444 1494 703
704 1494 175
1305 1494 245
83 1495 101
110 1495 272
1209 1495 220
291 1496 297
609 1496 317
1350 1496 265
768 1497 178
797 1497 312
1127 1497 298
535 1498 287
1371 1498 245
1468 1498 251
622 1499 333
1132 1499 177
1144 1501 174
53 1502 188
1458 1502 279
218 1503 231
890 1503 195
1477 1503 218
113 1504 176
265 1504 199
828 1505 253
1409 1505 136
422 1506 129
86 1507 334
566 1507 218
1463 1507 183
940 1508 148
1489 1508 150
1177 1509 297
336 1510 616
841 1510 822
392 1512 220
1433 1512 338
515 1513 296
774 1513 557
233 1514 298
931 1515 106
89 1516 153
229 1516 131
547 1516 926
577 1517 285
925 1517 336
461 1518 144
646 1518 254
1197 1518 217
333 1519 659
611 1519 351
574 1520 241
837 1520 159
425 1521 165
833 1521 214
884 1523 129
57 1524 231
582 1524 292
736 1524 836
904 1524 191
1204 1524 309
832 1525 507
555 1526 111
785 1526 194
1289 1526 280
475 1527 151
320 1528 236
1172 1528 172
569 1529 182
596 1529 958
805 1529 132
1034 1529 168
1242 1529 217
1386 1529 173
302 1530 283
888 1530 250
1407 1530 164
1524 1530 205
1143 1531 131
1210 1532 272
1504 1532 209
139 1533 732
1085 1533 879
865 1534 783
1093 1534 205
68 1535 144
261 1536 131
1120 1537 264
290 1538 327
982 1539 172
642 1540 154
681 1540 238
541 1541 333
957 1541 119
746 1542 770
852 1542 266
1160 1542 904
175 1543 192
592 1543 242
469 1544 186
1431 1544 187
998 1545 283
1440 1545 217
75 1546 146
524 1546 204
698 1547 246
745 1547 234
1194 1547 271
195 1548 592
1229 1548 308
202 1549 266
708 1549 544
420 1550 208
426 1550 202
684 1550 143
1012 1550 254
1119 1550 221
1286 1550 110
1380 1550 183
1014 1551 176
867 1552 185
1507 1552 361
395 1553 177
923 1553 102
136 1554 183
651 1554 250
695 1555 281
870 1555 368
974 1555 236
1071 1555 192
347 1556 164
395 1556 178
1064 1556 167
329 1557 233
1302 1557 838
287 1558 176
818 1558 279
885 1558 115
1157 1558 126
1270 1558 254
407 1559 752
607 1559 772
96 1560 381
469 1560 239
687 1560 135
204 1562 175
998 1562 252
92 1563 700
121 1563 378
1431 1563 290
710 1564 200
857 1564 930
1364 1564 159
1520 1564 244
534 1565 305
682 1565 130
1299 1565 266
88 1566 224
533 1566 108
633 1566 245
1034 1566 946
1369 1566 156
1530 1566 111
1536 1569 326
145 1570 227
237 1570 151
466 1570 149
1037 1570 555
501 1571 338
1276 1571 182
331 1572 220
440 1572 260
716 1572 272
1158 1572 238
40 1573 105
614 1573 220
1032 1573 137
242 1574 227
345 1575 237
1398 1575 194
754 1576 199
458 1578 211
1261 1578 187
326 1579 253
737 1580 303
1171 1580 328
1216 1580 268
1246 1580 165
81 1581 188
393 1581 316
657 1581 111
1037 1581 479
229 1583 219
241 1583 273
547 1583 217
579 1583 258
901 1583 181
346 1584 124
1531 1585 157
806 1586 721
953 1586 266
63 1587 102
1106 1587 106
1216 1587 187
346 1588 299
364 1589 183
707 1589 250
1481 1589 250
89 1591 227
241 1591 327
547 1591 283
1587 1591 241
250 1592 187
259 1592 220
382 1592 317
478 1592 291
748 1593 285
1183 1593 154
1118 1595 237
1211 1595 123
69 1596 142
94 1597 167
699 1598 354
710 1599 132
857 1599 293
1568 1599 310
631 1600 656
790 1600 249
885 1600 270
1049 1600 103
950 1601 472
1173 1601 319
514 1602 367
690 1603 211
991 1603 215
1133 1603 280
1579 1603 150
92 1604 139
260 1604 319
510 1604 175
1269 1604 862
1092 1605 635
804 1606 230
964 1606 123
756 1607 206
1277 1607 218
123 1608 207
208 1608 763
216 1608 243
584 1608 161
591 1608 200
1278 1608 221
1280 1608 221
1352 1608 117
105 1609 295
1297 1609 236
1193 1610 277
1316 1610 192
1375 1610 171
653 1612 221
942 1612 149
301 1613 152
289 1614 106
1347 1614 150
323 1615 108
1367 1615 122
449 1617 341
505 1618 238
144 1619 259
482 1620 257
1425 1621 253
665 1622 337
947 1622 150
1143 1622 649
181 1623 443
824 1623 156
845 1624 316
910 1625 295
929 1626 194
1374 1626 203
68 1627 245
232 1627 444
1030 1627 127
1118 1628 244
274 1630 281
1483 1631 211
1577 1631 610
238 1632 318
1226 1632 224
420 1633 221
536 1633 158
594 1633 369
684 1633 200
1012 1633 165
102 1634 224
185 1634 265
212 1634 197
706 1634 247
1043 1634 270
755 1635 164
802 1635 368
1125 1636 266
1470 1636 112
1253 1637 210
310 1638 189
402 1638 295
1166 1638 112
15 1639 364
949 1639 181
1365 1639 241
766 1640 137
355 1641 219
1318 1641 212
1237 1642 222
1390 1642 292
121 1643 119
451 1643 595
1027 1643 347
335 1644 207
940 1645 231
1308 1645 310
1083 1646 224
1327 1647 236
1561 1647 188
1631 1647 225
268 1648 178
802 1648 255
106 1649 222
1136 1649 354
1456 1649 298
1066 1651 251
1403 1651 320
83 1653 136
826 1653 514
1434 1653 235
182 1654 301
1539 1654 186
88 1655 165
533 1655 176
633 1655 118
805 1655 230
814 1655 109
1034 1655 203
691 1656 170
715 1656 107
729 1656 205
803 1656 262
1230 1656 279
1340 1657 168
63 1658 198
1106 1658 198
1503 1658 274
552 1659 284
767 1659 185
695 1660 219
730 1660 246
1192 1660 123
1533 1660 106
271 1661 222
684 1661 243
1012 1661 222
1097 1661 138
1119 1661 227
1286 1661 140
89 1662 176
330 1662 626
806 1662 859
1516 1662 903
1614 1662 195
443 1663 277
618 1663 277
432 1664 259
574 1664 967
837 1664 318
3 1665 116
277 1665 194
898 1665 223
936 1666 359
505 1667 477
546 1667 231
748 1667 211
720 1668 272
1013 1668 267
637 1669 250
1045 1669 172
256 1671 411
1576 1671 234
713 1672 248
761 1673 377
57 1674 100
557 1674 169
582 1674 943
904 1674 218
412 1675 149
941 1675 366
1112 1675 292
88 1676 319
466 1676 140
1034 1676 194
1052 1676 179
1286 1676 193
1369 1676 253
1386 1676 843
248 1678 936
1167 1678 195
1678 1679 340
795 1680 235
1114 1680 128
192 1681 126
809 1681 236
1637 1681 196
463 1682 216
984 1682 282
121 1683 281
818 1683 132
1187 1683 185
161 1684 198
163 1684 225
992 1684 819
744 1685 262
1376 1685 164
108 1686 849
336 1686 184
708 1686 221
726 1687 151
919 1687 303
1165 1687 907
1333 1687 290
1580 1687 970
413 1689 138
1185 1689 220
1625 1689 649
1611 1690 343
292 1691 278
497 1691 194
1069 1691 160
899 1692 146
1477 1692 123
816 1693 282
789 1694 176
1190 1694 455
1293 1694 112
1373 1694 147
1191 1695 807
431 1696 831
1443 1696 244
1500 1696 300
943 1697 230
1295 1697 116
1683 1697 142
262 1698 237
691 1698 394
1122 1698 105
894 1699 208
1341 1700 615
1081 1701 176
119 1702 294
377 1702 228
1619 1702 302
427 1703 270
843 1703 331
189 1704 227
593 1704 205
68 1705 317
726 1705 977
1030 1705 148
345 1706 441
549 1706 135
1609 1706 466
580 1707 235
1330 1707 483
1470 1707 986
1567 1707 332
1431 1708 161
274 1709 169
822 1710 307
1032 1713 242
56 1714 848
292 1714 165
949 1714 292
431 1715 338
1500 1715 173
685 1716 671
1496 1716 234
142 1717 258
317 1717 808
473 1717 246
533 1718 861
633 1718 271
961 1719 204
688 1720 151
736 1720 335
810 1720 171
1204 1720 317
1214 1720 212
1336 1720 101
299 1721 269
1374 1721 140
1652 1721 478
744 1722 263
970 1722 256
98 1723 163
235 1724 176
460 1724 181
756 1724 138
1612 1725 189
428 1726 256
1328 1726 162
72 1727 303
353 1728 180
112 1729 327
599 1729 210
67 1730 248
1648 1730 352
32 1731 143
1088 1731 345
1354 1731 642
510 1732 259
1152 1732 281
297 1733 250
360 1734 719
765 1734 317
233 1735 236
637 1735 336
719 1736 565
1544 1736 304
290 1737 280
1455 1737 191
362 1738 103
493 1738 255
1735 1738 155
1178 1739 206
1534 1739 151
693 1740 120
1408 1740 471
446 1741 340
613 1741 186
644 1742 255
86 1743 215
938 1745 246
172 1747 318
175 1747 241
224 1747 196
592 1747 257
1215 1747 157
858 1748 315
1479 1748 342
1008 1749 204
142 1750 204
493 1751 149
1514 1751 144
1735 1751 245
919 1752 315
948 1752 177
1288 1752 288
1333 1752 236
1028 1753 359
120 1754 458
127 1754 829
897 1754 270
1134 1754 152
165 1755 120
623 1755 247
1309 1755 227
1023 1756 232
1641 1756 241
208 1757 286
543 1757 354
550 1757 256
1075 1757 361
1292 1757 839
1352 1757 116
1529 1757 248
775 1758 103
965 1758 243
1385 1758 162
44 1759 193
1131 1759 123
1745 1759 341
16 1760 377
868 1760 251
47 1761 209
1118 1761 222
1247 1762 152
1339 1763 196
1637 1763 209
927 1764 125
936 1764 332
212 1765 229
1161 1765 300
1533 1765 264
166 1766 186
1682 1766 372
368 1767 165
281 1768 206
965 1768 256
780 1769 125
1491 1769 306
403 1770 864
1478 1772 129
840 1773 231
1004 1773 147
1304 1773 191
408 1774 129
269 1775 148
866 1775 194
969 1775 203
87 1778 336
494 1778 161
613 1778 870
1189 1778 257
1484 1778 204
1555 1778 189
210 1779 299
1114 1779 163
1478 1779 145
370 1781 128
485 1782 260
1038 1782 216
1230 1782 139
1498 1782 126
904 1784 191
1369 1784 119
1530 1784 249
45 1785 391
199 1785 146
410 1785 210
518 1785 338
776 1786 189
810 1786 586
952 1786 299
1214 1786 214
1336 1786 179
1570 1786 152
828 1787 177
180 1788 421
1091 1788 263
132 1789 168
300 1789 873
575 1789 249
128 1790 280
5 1791 666
606 1791 194
886 1791 160
1176 1792 218
1558 1792 126
554 1793 355
1677 1793 229
696 1794 270
1412 1794 267
221 1796 253
1538 1796 168
234 1797 181
562 1797 294
1213 1797 201
789 1798 542
1293 1798 273
1711 1798 290
669 1799 125
976 1800 188
1238 1800 112
1418 1800 129
1794 1800 246
2 1801 323
228 1801 212
165 1803 101
571 1803 260
886 1803 333
1272 1803 163
1309 1803 148
423 1804 175
543 1804 241
952 1804 247
1292 1804 325
1655 1804 249
1676 1804 146
1718 1804 207
57 1805 317
550 1805 193
557 1805 116
582 1805 190
1581 1805 235
745 1806 255
1759 1806 167
481 1807 259
1799 1807 202
8 1808 159
934 1808 258
1545 1808 170
95 1809 216
185 1809 111
610 1809 259
1350 1809 201
193 1810 237
759 1811 100
638 1812 354
857 1812 267
1568 1812 133
226 1814 214
757 1814 183
1051 1815 251
1067 1815 813
249 1816 173
620 1816 231
712 1817 172
1360 1817 197
451 1818 291
930 1819 166
1067 1819 124
1769 1819 254
506 1821 275
949 1822 162
1023 1822 121
1106 1822 204
1587 1822 193
890 1823 180
1178 1823 377
1658 1823 582
406 1824 795
903 1824 124
800 1826 229
980 1827 322
1376 1827 207
663 1828 175
690 1828 322
174 1829 105
266 1829 162
886 1829 179
114 1830 120
519 1830 217
623 1830 273
1303 1830 254
1755 1830 166
1803 1830 270
730 1831 215
1161 1831 244
1533 1831 277
1741 1831 264
666 1832 384
808 1832 285
1417 1833 227
1478 1833 229
144 1834 249
1109 1835 238
1532 1835 135
1719 1835 284
999 1836 784
236 1837 285
447 1837 284
1110 1837 216
573 1838 161
1807 1838 368
597 1839 363
764 1839 784
344 1840 156
901 1841 271
287 1842 107
1426 1843 903
1561 1843 255
363 1844 181
366 1844 223
1019 1844 232
371 1845 141
786 1846 165
1150 1846 999
1416 1846 149
499 1847 123
714 1847 430
644 1848 239
1066 1848 188
1137 1848 308
579 1849 159
901 1849 297
549 1850 951
1796 1850 887
624 1851 195
1670 1852 181
33 1853 228
994 1854 214
1042 1854 350
1640 1854 229
524 1855 282
661 1855 282
847 1855 228
793 1856 191
1221 1856 174
81 1858 192
302 1858 239
423 1858 256
1718 1858 152
1008 1859 220
1733 1859 291
389 1860 260
1078 1860 764
145 1861 131
557 1861 168
1366 1861 348
1786 1861 471
436 1862 332
1138 1862 284
1389 1862 185
699 1863 186
945 1863 744
199 1865 327
382 1865 218
478 1865 284
686 1865 350
1284 1865 289
562 1866 756
793 1866 190
1213 1866 101
399 1867 126
898 1867 163
386 1868 274
1233 1868 201
103 1870 231
143 1870 840
1282 1870 505
1206 1871 177
1356 1872 147
324 1873 288
1751 1873 123
142 1874 214
109 1875 243
939 1876 261
1239 1876 226
1382 1876 159
116 1877 290
1186 1877 223
1223 1877 901
1465 1877 196
245 1878 107
1221 1878 427
1665 1878 578
196 1879 823
1044 1880 160
1105 1880 269
1105 1881 139
1677 1881 809
1102 1882 119
139 1883 299
770 1883 257
1250 1883 284
1634 1883 213
1765 1883 107
1809 1883 275
1415 1884 139
1420 1884 206
147 1885 281
373 1885 909
1852 1885 159
608 1886 137
922 1886 197
1368 1886 101
105 1887 310
1173 1887 219
1423 1888 272
1712 1888 149
753 1889 153
1774 1889 121
276 1890 218
398 1890 141
1514 1890 257
437 1891 315
480 1891 953
1791 1891 249
1829 1891 245
88 1892 345
466 1892 333
1804 1892 147
671 1893 168
1509 1894 257
1552 1894 194
228 1895 110
514 1895 127
31 1897 379
1316 1898 253
1632 1899 270
140 1900 240
1094 1900 158
1869 1900 203
34 1901 139
318 1901 202
1813 1901 480
1151 1902 167
1473 1902 138
1590 1902 265
422 1903 215
1201 1904 114
17 1906 170
216 1907 233
584 1907 147
591 1907 773
888 1907 238
1280 1907 323
1784 1907 207
188 1908 302
33 1909 217
791 1909 198
945 1910 105
57 1911 303
550 1911 679
578 1911 195
736 1911 216
750 1911 257
1214 1911 593
1529 1911 211
95 1912 174
102 1912 243
185 1912 264
976 1912 285
315 1913 212
1701 1913 665
27 1914 332
36 1914 180
1450 1914 307
512 1915 249
41 1916 197
763 1917 369
1354 1917 193
1632 1917 216
284 1918 106
354 1918 196
792 1918 203
1547 1919 158
1559 1920 151
1690 1920 426
1840 1920 198
1311 1921 983
97 1922 256
80 1923 298
304 1923 473
745 1923 180
851 1924 924
1009 1924 131
865 1925 205
1739 1925 388
115 1926 367
454 1926 904
332 1927 195
1299 1927 216
1152 1928 156
1697 1928 215
1708 1928 174
1736 1928 208
1058 1929 354
1537 1929 435
1868 1930 151
1329 1931 212
1910 1931 321
1307 1932 335
1475 1932 114
1070 1933 161
1611 1933 223
70 1935 105
387 1935 318
1787 1935 292
278 1936 162
1742 1936 198
1799 1936 250
222 1937 281
308 1937 169
621 1938 270
1781 1938 153
24 1940 932
711 1940 810
422 1941 139
905 1942 216
977 1942 312
1893 1942 341
157 1943 154
1815 1943 343
173 1945 148
1588 1945 264
427 1947 931
1010 1947 724
1682 1947 356
1 1948 246
480 1948 193
623 1948 184
1238 1948 173
1794 1948 152
741 1949 681
1435 1949 147
1448 1949 223
1155 1950 148
1896 1951 660
1082 1952 111
1926 1952 143
620 1953 212
971 1953 271
1814 1953 171
851 1954 254
856 1954 372
1029 1954 887
45 1955 256
140 1955 261
199 1955 224
478 1955 156
705 1956 109
537 1958 293
1240 1958 187
8 1959 300
902 1959 184
574 1960 227
1048 1961 312
998 1962 228
1206 1962 106
1834 1962 272
1642 1963 169
298 1964 219
822 1964 177
133 1965 355
975 1965 232
47 1966 270
427 1966 221
574 1966 316
29 1967 488
720 1967 224
1346 1968 242
178 1969 332
770 1969 803
1496 1969 818
1809 1969 202
1912 1969 123
1124 1970 198
1513 1970 155
485 1971 192
803 1971 191
1161 1971 272
905 1972 278
364 1973 125
598 1974 299
1816 1974 707
1244 1975 306
1411 1975 316
213 1976 426
343 1977 157
847 1977 196
1123 1977 123
376 1978 254
849 1978 298
412 1979 150
812 1979 224
1938 1979 277
845 1980 885
964 1980 199
1684 1980 328
1727 1981 310
1934 1981 366
1219 1982 127
1763 1982 304
1327 1983 137
1342 1983 184
168 1984 148
1058 1984 223
445 1985 477
513 1985 179
516 1986 206
696 1986 136
1800 1986 655
149 1987 121
676 1987 238
625 1988 199
1481 1988 131
453 1989 254
548 1989 117
836 1989 179
865 1989 171
1633 1989 181
1661 1989 228
281 1990 914
826 1990 113
917 1991 160
1224 1991 356
1946 1991 197
103 1992 123
916 1992 274
1282 1992 302
1774 1993 839
850 1994 372
1711 1995 373
1259 1996 222
1442 1996 103
58 1997 161
696 1997 224
995 1997 227
1412 1997 130
820 1998 282
1828 1998 150
1302 2000 292
753 2001 313
988 2001 197
1774 2001 225
931 2002 241
1293 2002 285
1711 2002 236
1026 2003 182
1369 2003 330
1530 2003 223
1858 2003 188
784 2004 118
1193 2004 267
1922 2004 206
1125 2005 149
1291 2005 275
1930 2005 548
709 2006 106
1070 2006 153
1916 2006 315
374 2008 126
348 2009 214
787 2009 839
885 2010 129
1295 2010 118
176 2011 124
763 2011 631
918 2012 304
1122 2012 226
1499 2012 248
585 2013 683
724 2013 238
260 2014 289
1359 2014 240
1430 2014 122
1792 2014 197
187 2015 240
892 2015 227
1076 2015 293
1760 2015 129
305 2016 265
513 2016 219
1253 2016 192
137 2017 172
919 2017 258
948 2017 884
1053 2019 203
1403 2019 176
139 2020 175
328 2020 608
995 2020 241
1660 2020 211
491 2021 127
1426 2021 285
1703 2022 287
253 2023 106
1165 2023 216
1748 2023 158
1775 2023 119
219 2024 171
1728 2024 184
57 2025 330
736 2025 266
750 2025 186
904 2025 174
1581 2025 150
767 2026 753
1217 2026 155
1354 2026 303
19 2027 188
1017 2027 242
1026 2028 177
1204 2028 191
1278 2028 192
1336 2028 160
1858 2028 331
687 2029 186
317 2030 201
473 2030 163
695 2031 167
1071 2031 343
1192 2031 431
299 2032 666
2007 2032 308
828 2033 110
1072 2033 212
1409 2033 367
191 2035 515
957 2035 231
1904 2035 249
1922 2036 256
189 2037 176
1405 2037 996
1187 2038 158
1864 2038 308
171 2039 312
72 2040 195
896 2040 591
1672 2040 115
125 2041 251
686 2041 175
962 2041 685
1165 2041 948
1284 2041 225
1580 2041 275
9 2042 263
370 2043 252
933 2043 287
576 2044 432
768 2044 299
1459 2044 216
759 2045 118
1001 2045 897
1646 2045 545
1779 2045 882
771 2046 275
1453 2046 938
283 2047 525
414 2047 989
1063 2047 217
878 2048 231
1264 2048 278
1511 2048 181
195 2050 104
882 2052 793
651 2053 281
329 2054 186
1302 2054 250
66 2056 160
266 2056 124
829 2056 644
1422 2056 228
1842 2057 138
152 2058 203
272 2058 245
89 2059 140
229 2059 234
241 2059 200
479 2059 141
779 2061 255
828 2061 324
1072 2061 159
1494 2062 131
612 2064 265
1743 2064 504
521 2065 106
522 2065 727
862 2065 272
780 2066 256
1290 2066 495
1491 2066 453
123 2067 186
208 2067 299
1075 2067 297
1278 2067 193
1352 2067 504
471 2068 205
17 2069 142
189 2069 228
293 2069 219
790 2070 227
566 2071 152
735 2071 337
1411 2071 349
1279 2072 235
48 2073 435
72 2073 209
1149 2073 925
891 2074 194
1313 2074 734
1764 2074 263
1966 2074 202
450 2075 135
872 2075 194
1127 2075 213
19 2076 175
130 2076 337
669 2076 140
665 2077 265
766 2077 193
369 2078 148
693 2078 144
125 2079 324
143 2079 864
962 2079 188
1159 2079 208
459 2080 115
574 2080 111
458 2081 328
2007 2081 399
1836 2082 197
967 2083 134
1174 2083 206
1503 2083 150
1692 2083 358
866 2084 217
1592 2084 142
1661 2084 955
140 2086 842
199 2086 234
1094 2086 242
1228 2086 257
783 2087 176
1198 2087 166
1425 2087 254
347 2088 306
1 2089 270
66 2089 206
1238 2089 324
1986 2089 180
233 2090 212
637 2090 238
1701 2090 297
538 2091 362
1975 2091 198
494 2092 193
728 2092 286
1056 2092 192
1272 2092 266
1755 2092 163
1803 2092 187
759 2093 178
1621 2093 103
1357 2094 346
1853 2094 111
548 2095 337
1090 2095 154
1508 2096 236
1679 2096 332
769 2097 382
1207 2097 194
226 2098 260
2060 2098 134
655 2099 268
787 2099 242
1595 2099 246
1628 2099 170
532 2100 229
1217 2100 167
649 2101 285
1351 2101 213
1558 2101 297
806 2102 234
953 2102 204
1100 2102 138
1219 2104 211
2036 2104 312
264 2105 210
552 2105 220
553 2105 118
1190 2105 198
1410 2105 167
2011 2105 164
818 2106 200
989 2106 135
1152 2106 182
1618 2108 342
1650 2108 221
986 2109 190
88 2110 376
391 2110 191
533 2110 191
814 2110 175
99 2111 243
262 2111 211
623 2111 240
830 2111 170
2056 2111 317
332 2112 210
643 2112 606
1201 2112 273
526 2113 195
742 2113 260
1718 2113 235
1892 2113 123
2067 2113 315
1645 2114 190
1790 2114 233
1669 2116 189
1913 2116 231
2090 2116 119
174 2117 183
606 2117 210
811 2117 286
886 2117 377
1260 2117 123
51 2118 167
630 2118 124
1670 2118 117
597 2119 109
891 2119 202
1766 2119 830
155 2120 304
1370 2120 227
310 2121 967
954 2121 211
1265 2121 387
1487 2121 284
1828 2121 158
228 2122 104
229 2123 207
479 2123 190
1121 2124 153
178 2125 102
659 2125 180
1800 2125 243
1912 2125 180
1433 2126 117
1062 2127 187
1296 2127 106
1956 2127 218
1267 2128 182
2040 2128 249
384 2129 231
1413 2129 289
986 2130 145
1818 2130 788
303 2131 154
1677 2131 209
380 2132 214
1353 2132 862
1644 2132 128
1074 2133 194
1598 2133 943
38 2134 262
1308 2134 197
271 2135 858
420 2135 233
426 2135 922
461 2135 283
594 2135 287
1012 2135 188
1097 2135 120
1380 2135 110
747 2136 224
1305 2136 233
599 2137 150
1481 2137 115
283 2138 644
798 2138 155
1096 2139 245
411 2140 246
59 2141 206
1700 2141 258
95 2142 308
855 2142 254
976 2142 222
1803 2142 895
1986 2142 140
1997 2142 684
2020 2142 206
1528 2143 214
1790 2143 191
1881 2143 654
877 2144 171
394 2145 196
1635 2145 214
1737 2145 189
1172 2146 322
1685 2146 243
106 2147 343
863 2147 180
1607 2147 215
173 2148 173
891 2148 190
1099 2148 104
934 2149 937
121 2150 197
1024 2150 313
189 2151 152
314 2151 372
885 2152 170
1939 2152 199
60 2153 143
171 2153 191
447 2153 917
777 2154 199
1771 2154 299
851 2156 317
2060 2156 357
206 2157 163
1318 2157 143
1636 2157 351
889 2158 260
1191 2158 410
1317 2158 187
797 2159 303
839 2159 953
863 2159 254
1265 2160 101
1875 2160 153
2011 2160 211
296 2161 247
2097 2161 199
756 2162 736
1742 2162 211
1334 2163 215
1659 2163 388
2026 2163 104
548 2164 145
605 2164 131
815 2164 377
1550 2164 240
1633 2164 145
526 2165 255
742 2165 266
776 2165 981
1242 2165 136
1674 2165 269
1805 2165 216
2110 2165 211
779 2166 125
1917 2166 197
378 2167 164
1715 2167 346
122 2168 247
697 2168 165
1588 2168 344
194 2169 239
648 2169 564
1780 2169 228
1551 2170 719
1921 2170 176
297 2171 964
911 2171 118
407 2172 204
641 2172 185
1074 2172 181
615 2173 257
1458 2173 139
1704 2173 244
549 2174 313
1770 2174 885
2107 2174 662
127 2175 280
1392 2175 361
1473 2176 432
1159 2177 146
653 2178 453
958 2178 673
1456 2178 216
167 2179 298
2064 2179 337
198 2180 177
913 2180 154
1906 2180 248
1594 2181 257
838 2182 117
1611 2182 235
54 2183 293
1536 2183 323
1879 2183 182
1302 2184 186
1821 2184 163
2000 2184 307
313 2185 268
2149 2185 211
868 2186 267
1002 2186 228
1096 2186 662
1902 2186 256
1137 2187 154
1234 2187 256
117 2188 253
871 2188 237
1840 2188 371
161 2189 113
477 2189 798
1248 2189 144
1643 2189 143
2109 2189 102
224 2190 247
768 2190 134
823 2191 230
1355 2191 988
833 2192 146
856 2192 187
1104 2193 340
1577 2193 192
121 2194 233
231 2194 177
372 2194 200
943 2194 677
1939 2194 277
573 2195 185
2133 2195 134
520 2196 153
2048 2196 343
134 2197 935
459 2197 175
574 2197 304
42 2198 202
997 2198 109
153 2199 182
1432 2199 181
1851 2199 185
739 2200 152
788 2200 183
1736 2200 322
386 2201 144
1311 2201 166
2114 2201 530
1506 2202 582
2045 2202 114
653 2203 103
1244 2203 122
776 2204 158
810 2204 304
1674 2204 241
2110 2204 175
31 2205 253
1381 2205 348
423 2206 383
1566 2206 974
1676 2206 125
1718 2206 197
1892 2206 282
2003 2206 264
169 2207 189
553 2207 793
2190 2207 146
1136 2208 260
1402 2208 997
1440 2208 234
627 2209 157
668 2209 157
1889 2210 377
1905 2210 983
1993 2210 275
1055 2212 171
2101 2212 212
49 2213 183
1050 2213 666
1308 2214 138
2049 2214 174
575 2216 192
1321 2216 141
1578 2216 288
214 2217 981
1537 2217 631
242 2218 234
172 2219 221
1215 2219 219
1218 2219 268
1825 2219 296
982 2220 204
2096 2220 258
435 2221 155
339 2222 234
1304 2223 777
2022 2223 116
822 2224 271
1970 2224 116
1982 2224 238
175 2225 151
354 2225 165
441 2225 274
1534 2226 709
1594 2226 135
1822 2226 271
2102 2226 166
101 2227 299
1597 2227 199
2203 2227 325
61 2229 217
321 2229 274
328 2229 279
609 2229 512
1716 2229 206
562 2230 840
637 2230 351
1665 2230 148
1867 2230 201
1033 2231 126
1316 2231 171
2043 2231 189
927 2232 233
2055 2232 293
1048 2233 889
1235 2233 227
749 2234 145
1203 2234 264
1940 2234 239
847 2235 107
1597 2235 122
2039 2235 614
640 2236 184
1044 2236 244
1843 2236 266
404 2237 298
560 2237 167
1422 2237 101
1460 2237 208
2111 2237 159
428 2238 252
1003 2238 269
1115 2238 218
81 2239 179
1037 2239 197
1407 2239 258
1524 2239 201
1784 2239 112
2003 2239 146
2025 2239 266
774 2240 103
848 2240 148
1094 2241 339
1869 2241 275
1992 2241 270
308 2242 293
300 2243 119
1378 2243 158
1072 2244 168
1294 2244 164
116 2245 265
733 2245 155
1223 2245 165
1326 2245 246
1877 2245 210
869 2246 111
1227 2246 153
1298 2246 280
1941 2246 310
125 2247 334
686 2247 190
2079 2247 354
867 2248 223
1177 2248 135
1894 2248 114
330 2249 184
1210 2249 117
823 2250 253
1015 2250 165
506 2251 182
486 2252 143
682 2252 226
709 2252 139
33 2253 269
663 2253 289
2094 2253 222
84 2254 974
1360 2254 165
20 2255 566
61 2255 286
1038 2255 708
1043 2255 312
1716 2255 260
1243 2256 169
1985 2256 355
1156 2257 256
1368 2257 151
372 2258 274
1396 2258 204
1939 2258 145
449 2259 561
628 2259 256
1683 2259 328
879 2260 223
812 2261 302
1391 2261 296
1431 2262 174
280 2263 207
1668 2264 202
1967 2264 138
530 2265 162
619 2265 235
661 2265 177
36 2266 210
159 2266 176
802 2266 136
702 2267 311
1443 2267 804
1500 2267 160
1031 2268 370
1589 2268 389
1973 2268 275
2137 2268 236
543 2269 373
550 2269 165
952 2269 199
1214 2269 172
1336 2269 214
1570 2269 202
1581 2269 121
485 2270 370
1161 2270 210
799 2271 216
1818 2271 279
2050 2271 180
361 2272 241
1761 2272 306
648 2273 294
906 2273 216
1279 2273 164
68 2275 200
232 2275 104
337 2275 200
726 2275 240
1025 2275 171
1333 2275 771
76 2276 277
99 2276 259
830 2276 140
1791 2276 402
1829 2276 257
264 2277 250
652 2277 184
1257 2277 326
305 2278 136
1521 2278 258
2024 2278 221
1643 2279 189
1697 2279 305
1926 2279 173
206 2280 170
1527 2280 128
596 2281 174
732 2281 140
912 2281 171
1039 2281 363
1366 2281 154
1907 2281 308
932 2282 126
1695 2282 166
627 2283 148
867 2283 165
938 2284 170
1759 2284 193
1967 2284 249
579 2285 170
72 2286 152
651 2286 205
2155 2286 120
1262 2287 667
1425 2287 127
820 2288 272
1603 2288 154
1828 2288 312
76 2289 139
922 2289 173
1156 2289 279
1368 2289 259
1437 2289 265
463 2290 729
984 2290 328
1671 2290 324
71 2291 124
697 2291 135
158 2292 135
1468 2292 242
1782 2292 128
1971 2292 319
2270 2292 159
73 2293 154
1978 2293 300
2065 2293 323
127 2294 157
1078 2294 260
1973 2294 149
312 2295 147
1190 2295 289
2075 2295 337
1099 2296 265
1733 2296 259
2072 2296 250
444 2297 150
1813 2297 235
99 2298 205
291 2298 170
650 2298 228
1006 2298 275
2237 2298 174
1472 2299 328
2232 2299 200
88 2300 155
123 2300 317
391 2300 270
533 2300 639
2113 2300 208
2206 2300 844
58 2301 305
321 2301 930
430 2301 192
1776 2302 679
526 2303 150
742 2303 244
776 2303 330
952 2303 361
1655 2303 293
1718 2303 137
1892 2303 224
2110 2303 231
460 2304 288
1880 2304 994
408 2305 196
1182 2305 259
1993 2305 170
205 2306 285
216 2306 292
591 2306 189
1784 2306 186
1861 2306 168
132 2307 184
2243 2307 335
857 2308 269
1520 2308 133
2197 2308 355
254 2309 117
501 2309 153
576 2310 208
1239 2310 280
29 2311 339
1472 2311 634
1764 2311 205
2126 2311 935
79 2312 197
1666 2312 147
169 2313 282
311 2313 296
1162 2313 159
799 2314 178
1157 2314 159
126 2315 275
860 2315 322
1007 2315 143
1923 2315 632
717 2316 287
1926 2316 117
91 2317 121
813 2317 194
190 2318 154
295 2318 202
717 2318 278
818 2318 231
1269 2318 206
1683 2318 370
2150 2318 885
1167 2319 176
1710 2319 235
350 2320 848
908 2320 131
1640 2321 120
1826 2321 291
920 2322 208
1223 2322 243
954 2323 651
1860 2323 228
2294 2323 151
229 2324 121
901 2324 281
1234 2325 205
1585 2325 730
87 2326 352
1038 2326 230
2292 2326 193
29 2327 150
98 2327 886
1472 2327 263
509 2328 162
1615 2328 127
124 2329 208
733 2330 832
920 2330 356
973 2330 206
1877 2330 310
18 2331 218
264 2332 217
1016 2332 206
824 2333 219
1054 2333 123
1895 2333 341
2103 2333 231
2128 2333 760
351 2334 229
1577 2334 129
275 2335 104
389 2335 266
638 2335 156
694 2336 149
2217 2336 294
118 2338 236
136 2338 257
247 2338 196
1040 2339 278
1170 2339 244
142 2340 138
275 2340 339
360 2340 250
765 2340 215
1729 2340 285
879 2341 175
1057 2341 146
743 2342 140
1734 2342 191
2161 2342 363
707 2343 273
743 2343 212
1481 2343 305
2288 2343 237
885 2344 106
1795 2344 124
2279 2344 369
48 2345 121
979 2345 239
1379 2345 159
1783 2347 228
2315 2347 143
1561 2348 169
1679 2348 151
142 2349 171
473 2349 983
2085 2350 988
2347 2350 200
1444 2351 232
160 2352 259
1442 2352 187
2042 2352 321
1223 2353 146
2330 2353 169
70 2354 284
461 2355 257
1479 2355 132
2247 2355 185
211 2356 522
1199 2356 230
602 2357 153
1182 2357 295
1851 2357 289
263 2358 339
1421 2358 175
1584 2358 132
2046 2360 403
990 2361 206
1937 2361 313
1313 2362 168
2223 2362 185
326 2363 190
767 2363 358
1354 2363 282
2166 2363 224
2222 2363 964
595 2364 131
2274 2364 163
2362 2364 171
162 2365 197
79 2366 197
1666 2366 210
1764 2366 206
2126 2366 220
1062 2367 251
2304 2367 158
422 2368 285
1760 2368 630
1895 2368 690
2015 2368 167
1518 2369 140
2355 2369 281
477 2370 154
645 2370 718
1152 2370 208
1436 2370 131
2050 2370 206
352 2371 154
1541 2371 188
217 2372 357
1164 2372 823
1185 2372 241
2284 2372 110
691 2373 123
715 2373 258
1122 2373 247
1499 2373 495
834 2374 267
2325 2374 170
454 2375 143
477 2375 258
799 2375 158
845 2375 118
1351 2375 210
1643 2375 119
1683 2375 150
1846 2375 185
2014 2375 130
2038 2375 335
2057 2375 490
2262 2375 612
91 2376 225
2171 2376 201
2348 2376 251
547 2377 393
579 2377 619
1046 2377 136
159 2378 190
314 2378 179
2136 2378 305
194 2379 222
1945 2379 164
2146 2379 233
78 2380 318
405 2380 363
1957 2380 366
515 2381 152
1859 2381 179
2336 2381 301
460 2382 656
1310 2382 931
693 2383 248
1480 2383 181
1073 2384 196
1153 2384 607
1746 2384 180
2329 2384 108
446 2385 268
1065 2385 244
1260 2385 236
1831 2385 236
2257 2385 144
948 2386 997
1477 2386 267
1753 2387 277
1875 2388 248
2274 2388 255
1050 2389 240
1123 2389 342
2078 2389 174
270 2390 290
276 2390 245
1081 2390 283
166 2391 169
256 2391 770
438 2391 195
635 2392 209
1788 2392 293
1406 2393 548
1543 2393 102
2225 2393 116
461 2394 168
969 2394 646
1000 2394 238
2023 2394 260
675 2395 267
689 2396 162
1702 2396 762
1744 2396 191
1068 2397 215
2192 2397 382
1298 2398 638
1727 2398 155
1312 2399 456
2240 2399 236
205 2400 114
302 2400 170
888 2400 340
1524 2400 362
1674 2400 305
1784 2400 208
2281 2400 300
771 2401 130
1596 2401 147
2034 2401 120
469 2402 136
496 2402 251
844 2403 303
1248 2403 112
2061 2403 186
2244 2403 199
491 2404 846
884 2404 902
191 2405 256
489 2405 205
513 2405 273
341 2406 206
1436 2406 854
1798 2407 254
1995 2407 195
27 2408 774
1125 2408 179
2162 2408 143
205 2410 120
776 2410 217
810 2410 174
1674 2410 539
1861 2410 248
2281 2410 800
237 2411 298
466 2411 144
657 2411 299
1037 2411 172
1386 2411 204
1911 2411 181
2025 2411 661
2269 2411 265
384 2412 520
627 2412 131
1413 2412 337
2249 2412 125
167 2413 245
436 2413 169
530 2413 297
613 2414 770
1189 2414 347
1484 2414 180
2031 2414 162
986 2415 838
2081 2415 262
2194 2415 123
1856 2416 262
1866 2416 165
1878 2416 271
2230 2416 153
544 2417 227
2122 2417 211
263 2418 177
643 2418 236
2382 2418 188
135 2419 278
475 2419 242
670 2419 122
344 2420 182
854 2420 186
1058 2420 194
900 2421 237
1931 2421 248
2091 2421 220
1298 2422 288
1556 2422 356
396 2423 233
909 2424 228
937 2424 156
1258 2424 563
1696 2424 839
1571 2425 279
1781 2425 303
959 2426 209
1944 2426 279
2346 2426 239
69 2427 949
777 2427 190
979 2427 176
159 2428 689
1480 2428 316
908 2429 154
2115 2429 183
1079 2430 108
107 2431 131
1110 2431 217
2215 2431 234
157 2432 106
424 2432 201
1251 2433 151
1839 2433 588
2119 2433 127
445 2434 222
572 2434 194
1958 2434 881
979 2435 225
1629 2436 222
2232 2436 132
775 2437 250
1271 2437 240
1287 2438 470
1915 2438 171
742 2439 229
912 2439 177
1718 2439 189
2028 2439 163
2067 2439 208
506 2440 301
2054 2440 160
520 2441 362
864 2441 303
292 2442 176
497 2442 110
1232 2442 101
109 2443 237
917 2443 762
991 2443 285
1224 2443 316
909 2444 196
1258 2444 276
2044 2444 842
2310 2444 253
48 2445 371
1149 2445 112
1845 2445 363
1095 2446 400
1374 2446 116
1578 2446 220
215 2447 206
1149 2447 230
1688 2447 109
197 2448 571
650 2448 177
1006 2448 260
1829 2448 225
230 2449 223
1964 2449 357
2242 2449 288
820 2450 218
410 2451 322
1092 2451 194
1171 2451 258
1594 2451 183
212 2452 157
695 2452 228
706 2452 224
1192 2452 189
1533 2452 264
1741 2452 333
983 2453 269
1393 2453 906
249 2454 187
662 2454 208
1205 2454 661
1089 2455 131
1531 2455 231
1810 2455 189
154 2456 261
1546 2456 186
1847 2456 214
1983 2456 227
842 2457 207
960 2457 139
2349 2457 260
274 2458 216
1746 2458 303
1777 2458 318
272 2459 139
865 2460 241
953 2460 245
2181 2460 264
2226 2460 158
444 2461 188
2180 2461 194
2378 2461 204
402 2462 210
825 2462 335
1259 2462 147
129 2463 102
1197 2463 202
1535 2463 180
2275 2463 223
927 2464 351
936 2464 254
2055 2464 241
57 2465 358
391 2465 179
750 2465 327
904 2465 108
2165 2465 264
2204 2465 209
59 2467 209
340 2467 217
2436 2467 167
676 2468 240
798 2468 250
1110 2468 117
667 2469 313
2166 2469 175
2222 2469 277
1493 2470 359
763 2471 196
944 2471 113
2075 2471 173
1387 2472 186
2409 2472 822
523 2473 197
410 2474 216
518 2474 247
2177 2474 300
830 2475 298
918 2475 234
2056 2475 206
427 2476 892
2022 2476 194
2074 2476 200
2362 2476 289
1749 2477 266
2392 2477 215
731 2478 197
1410 2478 219
2144 2478 326
966 2479 104
1023 2479 213
2437 2479 202
907 2480 196
1200 2480 111
1856 2480 340
1553 2481 145
2337 2481 325
163 2482 101
628 2482 314
1367 2482 158
174 2483 135
606 2483 547
1184 2483 221
1451 2483 198
1891 2483 325
2228 2484 277
2341 2484 481
279 2485 250
880 2485 913
2039 2485 155
770 2486 211
974 2486 197
1250 2486 214
1496 2486 153
2255 2486 221
2326 2486 239
598 2487 281
1447 2487 320
1538 2487 122
977 2488 246
1375 2488 139
1725 2488 207
160 2489 322
819 2489 223
1372 2489 190
198 2490 187
335 2490 318
1522 2490 345
1857 2490 154
138 2491 227
2302 2491 101
388 2492 229
1130 2492 220
1203 2492 289
1207 2492 169
2471 2492 247
495 2493 201
2069 2493 206
2263 2493 273
265 2494 276
384 2494 137
1399 2494 168
1532 2494 286
1719 2494 184
93 2495 189
932 2495 329
1504 2495 296
2209 2495 248
264 2496 497
1540 2496 121
185 2497 184
197 2497 224
1043 2497 192
1350 2497 798
1716 2497 213
1969 2497 249
186 2498 258
210 2498 126
452 2498 197
1501 2498 119
2063 2498 118
818 2499 357
2189 2499 101
45 2500 259
518 2500 261
176 2501 180
1897 2501 198
2245 2502 764
2322 2502 309
2330 2502 231
1098 2503 235
1330 2503 236
1827 2503 604
1060 2504 314
1108 2504 131
1650 2504 314
2254 2504 898
152 2505 177
789 2505 234
1665 2505 170
2407 2505 252
843 2506 342
1487 2506 205
5 2507 184
560 2507 273
2276 2507 180
2298 2507 370
2448 2507 256
572 2508 338
1651 2508 119
6 2509 276
642 2510 148
681 2510 280
2295 2510 269
2471 2510 339
364 2511 131
663 2511 200
707 2511 230
2340 2511 318
295 2512 353
1322 2512 358
2 2513 201
398 2514 122
1514 2514 117
1873 2514 149
562 2515 160
1731 2515 259
1875 2515 201
2011 2515 677
2274 2515 192
156 2516 179
903 2516 282
1130 2516 258
437 2517 208
480 2517 343
1141 2517 273
1791 2517 138
343 2518 209
1160 2518 229
1629 2519 290
130 2520 320
345 2520 284
941 2520 233
506 2521 278
965 2521 147
1154 2521 243
1302 2521 195
1404 2521 127
1557 2521 129
2054 2521 235
2251 2521 184
1904 2522 376
1723 2523 338
2299 2523 244
2327 2523 168
227 2524 243
1298 2524 263
1474 2524 202
488 2525 109
561 2525 793
2170 2525 256
300 2526 949
2007 2526 238
1750 2527 275
1874 2527 173
52 2528 217
910 2528 805
1410 2528 162
2429 2528 161
182 2529 215
942 2529 109
1128 2529 265
658 2530 169
773 2530 263
240 2531 198
558 2531 204
1219 2531 115
224 2532 145
340 2532 302
440 2532 171
2436 2532 346
2519 2532 348
311 2533 276
723 2533 296
1815 2533 203
367 2534 257
1011 2534 197
2049 2534 139
5 2535 323
659 2535 834
1891 2535 525
1948 2535 903
2448 2535 264
437 2536 853
480 2536 320
1132 2536 228
1238 2536 246
2012 2536 190
488 2537 221
1924 2537 246
2193 2537 231
287 2538 207
375 2538 271
790 2538 255
2050 2538 154
2328 2538 739
685 2539 241
855 2539 150
1422 2539 540
1460 2539 992
2229 2539 279
2301 2539 939
1295 2540 288
1322 2540 909
1600 2540 181
1256 2541 264
1273 2541 148
2427 2541 179
2189 2542 144
1748 2543 166
2355 2543 146
2394 2543 368
327 2544 330
1152 2544 263
270 2545 235
1057 2545 189
1879 2545 191
1915 2545 831
88 2546 236
237 2546 199
466 2546 237
814 2546 936
2204 2546 318
477 2547 141
1024 2547 723
1736 2547 264
2045 2548 197
2122 2548 226
2387 2548 213
470 2549 295
673 2549 223
2332 2549 299
138 2550 193
1101 2550 295
1776 2550 144
2048 2551 189
521 2552 206
1030 2552 134
1087 2552 772
1605 2552 151
1627 2552 255
153 2553 197
476 2553 106
1133 2553 250
1432 2553 191
2323 2553 109
1709 2554 242
1727 2554 175
20 2555 141
87 2555 248
1038 2555 511
1484 2555 148
2221 2556 281
2 2557 175
2466 2557 136
53 2558 303
1320 2558 170
1652 2558 182
751 2559 319
1348 2559 308
907 2560 158
972 2560 782
1934 2561 180
1388 2562 347
1469 2562 198
1705 2562 295
210 2563 284
1429 2563 288
61 2564 284
87 2564 137
1038 2564 188
1189 2564 209
1484 2564 289
1498 2564 278
309 2565 231
467 2565 152
2120 2565 213
1727 2566 262
489 2567 250
1722 2567 224
1910 2567 207
1080 2568 970
1363 2568 219
1780 2569 283
2191 2569 146
1820 2570 201
2009 2570 730
113 2571 253
2249 2571 315
2282 2571 225
407 2572 257
755 2572 219
1202 2572 321
179 2573 154
349 2573 271
1041 2573 291
43 2574 299
770 2574 219
1085 2574 228
1765 2574 240
2270 2574 295
2326 2574 278
2409 2575 276
1085 2576 190
1831 2576 110
2257 2576 207
2270 2576 151
414 2577 204
978 2577 291
1463 2577 109
1552 2578 193
2283 2578 211
512 2579 138
771 2579 166
781 2579 122
55 2580 276
1475 2580 190
1519 2580 129
1523 2582 234
1673 2582 192
1959 2582 111
1247 2583 202
1373 2583 200
109 2584 226
991 2584 309
1950 2584 305
2388 2584 691
1320 2585 252
1652 2585 206
2081 2585 110
20 2586 237
321 2586 315
430 2586 280
609 2586 185
1350 2586 214
1716 2586 282
255 2587 276
1176 2587 329
2473 2588 979
22 2589 231
190 2589 233
1600 2589 243
874 2590 168
1225 2590 201
1813 2590 983
1021 2591 238
1767 2591 269
232 2592 266
337 2592 176
522 2592 126
2065 2592 185
2367 2593 262
2397 2593 136
2477 2593 135
1905 2594 249
1993 2594 651
2359 2595 836
2387 2595 318
464 2596 343
1523 2596 180
702 2597 242
731 2597 200
1443 2597 151
508 2598 193
912 2598 250
1039 2598 120
1407 2598 172
1720 2598 115
2028 2598 226
2176 2599 707
967 2600 297
1400 2600 244
1503 2600 262
1841 2600 272
350 2601 695
1164 2601 992
1876 2601 107
134 2602 148
1812 2602 743
2308 2602 102
184 2603 148
1644 2603 110
331 2604 192
440 2604 186
2519 2604 194
816 2605 253
243 2606 298
483 2606 306
812 2607 229
1017 2607 144
1323 2607 742
526 2608 253
657 2608 228
742 2608 361
1242 2608 181
1757 2608 344
1805 2608 130
2067 2608 349
1129 2609 167
571 2610 264
622 2610 133
1132 2610 420
1141 2610 319
2373 2610 254
1197 2611 193
1752 2611 349
1841 2611 232
1059 2612 207
1445 2612 898
1466 2612 942
1895 2613 364
926 2614 178
1231 2614 237
1996 2614 328
2462 2614 288
151 2615 182
1145 2615 360
1181 2615 105
2051 2616 252
123 2617 787
391 2617 204
533 2617 201
584 2617 154
1075 2617 218
2439 2617 258
2598 2617 155
691 2618 462
1230 2618 206
1499 2618 269
115 2619 265
141 2619 253
445 2619 365
1053 2619 118
146 2620 281
218 2620 889
890 2620 219
527 2621 246
1949 2621 196
355 2622 142
1780 2622 113
2242 2622 259
1306 2623 131
2331 2623 996
1887 2624 678
1046 2625 161
1362 2625 280
1591 2625 201
2377 2625 164
105 2626 970
204 2626 160
1826 2626 235
897 2627 177
1134 2627 117
2354 2627 643
1227 2628 313
2557 2628 138
397 2629 226
59 2630 363
340 2630 225
1215 2630 135
1700 2630 225
275 2631 261
638 2631 172
765 2631 167
114 2632 269
165 2632 847
623 2632 104
1303 2632 190
1309 2632 275
2092 2632 176
590 2633 206
2052 2633 820
2409 2633 232
1133 2634 280
1853 2634 253
1909 2634 222
2305 2634 114
28 2635 235
376 2635 226
849 2635 276
916 2635 263
1630 2636 193
289 2637 233
547 2637 562
1046 2637 225
1591 2637 226
1662 2637 181
1822 2637 276
2102 2637 996
471 2638 317
1639 2638 289
1714 2638 299
151 2639 238
1598 2639 106
506 2640 339
772 2640 359
1393 2640 249
1770 2640 263
2522 2641 224
123 2642 250
1026 2642 253
1278 2642 234
1858 2642 311
2113 2642 161
2206 2642 163
2439 2642 168
946 2643 215
1135 2643 121
1319 2643 111
453 2644 247
605 2644 254
1106 2644 347
1633 2644 164
44 2645 216
2264 2645 198
2284 2645 137
833 2646 611
2060 2646 871
2107 2646 340
1302 2647 302
2054 2647 108
293 2648 241
380 2648 251
2151 2648 231
331 2649 118
1158 2649 111
341 2650 277
718 2650 263
1049 2650 242
1377 2650 934
1615 2650 287
1643 2650 213
1939 2650 610
643 2651 366
1893 2651 229
2104 2651 956
356 2652 215
735 2652 191
1136 2652 283
904 2653 365
1039 2653 260
1907 2653 249
2204 2653 199
2306 2653 228
2400 2653 198
2410 2653 361
285 2654 727
938 2654 199
1180 2654 259
1967 2654 194
692 2655 261
1131 2655 176
1998 2655 231
2121 2655 128
61 2656 396
328 2656 183
1189 2656 886
1555 2656 387
1660 2656 143
2031 2656 872
1211 2657 127
1976 2657 257
680 2658 330
1224 2658 231
1946 2658 243
2205 2658 156
455 2659 301
1497 2659 204
230 2660 144
662 2660 299
841 2661 298
1225 2661 194
1423 2661 213
79 2662 125
1512 2662 205
2126 2662 259
2645 2662 291
1486 2663 728
1756 2663 138
2383 2663 693
506 2664 292
2019 2664 127
2214 2664 233
3 2665 177
898 2665 392
1873 2665 327
451 2666 935
1431 2666 185
1083 2667 309
1196 2667 205
1693 2667 929
26 2668 129
1767 2668 141
451 2669 298
1846 2669 234
2070 2669 101
1905 2670 185
565 2671 352
1236 2671 240
1013 2672 124
1040 2672 316
2264 2672 314
538 2673 230
636 2673 129
1575 2673 276
43 2674 216
1250 2674 155
1765 2674 191
1971 2674 216
2326 2674 153
2555 2674 229
467 2675 501
1324 2676 217
1338 2676 141
1673 2676 135
2509 2676 247
278 2677 223
1483 2677 209
1527 2677 172
1157 2678 136
2258 2678 244
640 2679 280
1063 2679 286
2664 2679 211
419 2680 189
1583 2680 820
2123 2680 666
2285 2680 215
2386 2680 324
477 2681 119
1560 2681 296
1846 2681 112
303 2682 127
1932 2682 207
1984 2682 184
846 2683 347
1490 2683 127
1690 2683 239
95 2684 297
610 2684 167
1794 2684 248
1986 2684 160
2125 2684 142
132 2685 270
675 2685 180
1101 2685 205
1494 2685 111
388 2686 903
769 2686 197
1207 2686 276
2008 2686 125
70 2687 299
844 2687 481
1787 2687 229
2061 2687 104
50 2688 318
708 2688 307
748 2688 248
1863 2689 182
1961 2689 248
2334 2689 305
2521 2689 127
387 2690 166
1505 2690 196
1787 2690 182
148 2691 200
906 2691 911
1448 2692 287
2562 2692 190
2621 2692 149
258 2693 224
337 2693 945
522 2693 161
726 2693 725
127 2694 256
1717 2694 191
1874 2694 218
730 2695 178
1192 2695 231
1741 2695 145
2414 2695 282
2576 2695 281
1605 2696 289
526 2697 163
657 2697 185
1805 2697 205
2025 2697 157
2465 2697 203
554 2698 297
2107 2698 201
2361 2698 100
212 2699 147
485 2699 192
1156 2699 891
1161 2699 329
1741 2699 202
2576 2699 181
420 2700 287
594 2700 144
1097 2700 139
1119 2700 100
1286 2700 124
1380 2700 476
1989 2700 867
2644 2700 110
1478 2702 312
1616 2702 266
2701 2702 169
83 2703 204
1143 2703 111
934 2704 198
947 2704 154
2280 2704 146
56 2705 162
916 2705 132
507 2706 303
825 2706 229
1103 2706 125
107 2707 215
517 2707 315
1713 2707 180
477 2708 208
845 2708 149
1643 2708 468
1404 2709 230
338 2710 349
456 2710 181
1582 2710 179
465 2711 208
842 2711 278
2030 2711 172
1539 2712 284
1898 2712 154
2179 2712 289
377 2713 163
2430 2713 509
2581 2713 294
1077 2714 294
1744 2714 120
164 2715 331
1263 2715 212
1273 2715 301
1256 2716 235
2530 2716 298
787 2717 222
1628 2717 266
2570 2717 382
1567 2718 928
2015 2718 242
447 2719 221
1404 2719 154
1837 2719 136
2521 2719 266
593 2720 594
1626 2720 210
2307 2720 184
791 2721 219
1332 2721 289
1960 2721 151
2115 2721 242
456 2722 203
2013 2722 220
2581 2722 383
908 2723 186
2115 2723 544
1226 2724 824
1294 2724 226
1899 2724 223
2100 2724 210
210 2725 201
677 2725 150
1281 2725 202
2513 2725 250
5 2726 126
659 2726 179
1948 2726 258
2089 2726 260
2517 2726 272
2684 2726 272
2484 2727 141
1198 2728 185
2581 2728 199
2077 2729 210
1628 2730 262
1761 2730 282
221 2731 118
1011 2731 352
2624 2731 123
34 2732 905
1906 2732 187
1212 2733 306
1726 2733 231
1972 2733 214
1820 2734 264
2362 2734 307
2717 2734 168
2730 2734 338
791 2735 224
915 2735 186
1332 2735 213
2634 2735 251
831 2736 206
1000 2736 275
1388 2736 103
1687 2736 248
2017 2736 877
2023 2736 117
604 2737 300
988 2737 113
1188 2737 217
22 2738 206
1024 2738 271
7 2739 123
1618 2739 315
1220 2740 277
1419 2740 134
2018 2740 235
2082 2740 202
230 2741 132
1235 2741 238
1241 2741 185
390 2742 252
433 2742 131
889 2742 279
2248 2742 308
482 2743 193
1129 2743 172
615 2744 100
1776 2744 272
1802 2744 155
1160 2745 226
2131 2745 315
1 2746 376
66 2746 315
404 2746 175
1698 2746 237
2111 2746 259
2475 2746 258
1593 2747 224
2108 2747 115
2688 2747 306
635 2748 104
1951 2748 152
2404 2748 333
499 2749 205
1115 2749 367
1670 2749 222
390 2750 268
1517 2750 171
2129 2750 165
357 2751 246
419 2751 757
1245 2751 272
2017 2751 255
2386 2751 183
687 2752 307
1082 2752 206
1377 2752 165
84 2753 239
712 2753 227
1650 2753 200
1122 2754 141
2089 2754 913
2517 2754 313
2536 2754 226
2610 2754 263
526 2755 222
1892 2755 188
2110 2755 184
2300 2755 189
2465 2755 334
2546 2755 268
612 2756 340
835 2756 267
1852 2756 182
809 2757 416
1713 2757 854
1957 2757 164
73 2758 413
85 2758 188
1171 2758 202
1228 2758 581
251 2759 301
501 2759 207
1402 2759 198
101 2760 350
670 2760 329
672 2760 136
1728 2761 951
1896 2761 148
2319 2761 311
78 2762 230
778 2762 291
2745 2762 242
1423 2763 681
1657 2763 269
2297 2763 135
957 2764 272
1927 2764 367
1621 2765 291
2498 2765 213
179 2766 281
926 2766 153
1231 2766 219
2489 2766 244
381 2767 211
469 2767 130
1018 2767 227
1396 2767 130
4 2768 224
1943 2768 167
2313 2768 341
2533 2768 223
1762 2769 151
2459 2769 215
2583 2769 349
535 2770 222
1468 2770 205
1656 2770 283
1782 2770 304
1971 2770 264
2555 2770 110
191 2771 879
2215 2771 151
2641 2771 212
1271 2772 560
2321 2772 223
2660 2772 332
158 2773 908
829 2773 140
1344 2773 162
1886 2773 947
2373 2773 196
2618 2773 248
41 2774 189
124 2775 195
2095 2776 322
1289 2778 221
2215 2778 303
2309 2778 305
438 2779 179
1394 2779 791
2295 2779 128
1086 2780 139
2729 2780 221
271 2781 836
426 2781 291
1012 2781 760
1097 2781 178
1119 2781 277
1286 2781 177
1380 2781 166
2644 2781 161
817 2782 224
1929 2782 135
2036 2782 168
593 2783 322
1449 2783 208
1502 2783 380
63 2784 767
928 2784 154
1178 2784 157
1534 2784 345
1639 2784 195
1658 2784 270
1822 2784 150
1176 2785 225
1708 2785 202
1349 2786 219
1768 2786 242
2780 2786 219
274 2787 177
471 2788 371
1691 2788 146
1714 2788 206
2705 2788 150
81 2789 901
205 2789 370
216 2789 188
302 2789 269
423 2789 292
1784 2789 275
2003 2789 268
267 2790 235
864 2790 197
189 2791 184
318 2791 339
1510 2791 326
1657 2791 174
425 2792 244
1408 2792 302
1838 2792 244
710 2793 199
1031 2793 263
1364 2793 781
6 2794 649
512 2794 158
2051 2794 207
1385 2795 835
1730 2795 932
2453 2795 267
1218 2796 292
1825 2796 222
2332 2796 207
34 2797 542
444 2797 259
2069 2797 102
225 2798 272
363 2798 223
2317 2798 133
82 2799 348
1179 2799 300
1313 2799 316
1515 2799 531
32 2800 264
326 2800 112
954 2800 261
557 2801 724
582 2801 318
904 2801 255
1581 2801 221
2239 2801 246
2306 2801 319
2697 2801 291
2789 2801 189
385 2802 333
1367 2802 137
249 2803 113
1710 2803 179
891 2804 246
1766 2804 205
1947 2804 199
1988 2805 179
2661 2805 189
2777 2805 314
2082 2806 481
1558 2807 208
1846 2807 209
1139 2808 142
1664 2808 295
2080 2808 948
236 2809 178
760 2809 185
1749 2809 297
1273 2810 191
1511 2810 290
56 2811 783
103 2811 118
849 2811 177
916 2811 339
2758 2811 191
1898 2812 235
1916 2812 227
1961 2812 180
287 2813 154
327 2813 216
1027 2813 192
404 2814 227
560 2814 400
1418 2814 252
1422 2814 180
2301 2814 278
2475 2814 106
1209 2815 619
1486 2815 369
2021 2815 319
1151 2816 144
1264 2816 184
1832 2816 213
446 2817 118
1184 2817 103
2257 2817 285
2695 2817 201
698 2818 143
1919 2818 193
2305 2818 257
2594 2818 207
145 2819 236
912 2819 135
1039 2819 192
1366 2819 214
1720 2819 172
1786 2819 266
2028 2819 100
2410 2819 733
660 2820 292
829 2820 300
1698 2820 284
2012 2820 315
2475 2820 336
2618 2820 240
388 2821 998
406 2821 157
903 2821 211
1130 2821 197
2510 2821 118
1585 2822 175
1850 2822 137
2764 2822 269
453 2823 250
548 2823 122
815 2823 168
1633 2823 275
1661 2823 140
2135 2823 314
44 2824 190
932 2824 109
1040 2824 194
1695 2824 227
2209 2824 232
85 2825 215
1171 2825 214
1216 2825 172
1288 2825 523
1594 2825 101
1822 2825 241
2164 2825 315
1365 2826 244
2638 2826 283
338 2827 181
2473 2827 123
55 2828 266
1285 2828 167
2561 2829 228
2181 2830 155
2451 2830 179
2474 2830 263
483 2832 257
1482 2832 742
1501 2832 156
2015 2832 150
2831 2832 234
417 2833 111
1099 2833 205
2399 2833 229
900 2834 126
1456 2834 175
1725 2834 685
382 2835 506
1165 2835 178
1284 2835 150
1775 2835 128
2084 2835 202
923 2836 222
1356 2836 167
2557 2836 322
203 2837 316
1697 2837 130
913 2838 181
1415 2838 193
2461 2838 200
348 2839 148
966 2840 334
1987 2840 170
2256 2840 378
614 2841 217
1434 2841 222
2213 2841 650
634 2842 187
2711 2842 280
1392 2843 380
2030 2843 594
2842 2843 228
1 2844 194
480 2844 366
622 2844 310
1698 2844 177
2012 2844 237
2754 2844 971
785 2845 283
1329 2845 783
1427 2845 352
1196 2846 260
2202 2846 166
2524 2846 100
2701 2846 294
1324 2847 239
2149 2847 274
527 2848 178
674 2848 252
1184 2848 308
1260 2848 824
951 2849 151
1387 2849 239
2067 2849 115
1683 2850 239
2316 2850 153
238 2851 168
1899 2851 227
1919 2852 139
2594 2852 285
2670 2852 196
1154 2853 126
2054 2853 168
2521 2853 249
2709 2853 240
2719 2853 344
14 2854 438
1318 2854 393
1601 2854 187
128 2855 115
1990 2855 357
2291 2855 135
1020 2856 153
1049 2856 492
1864 2856 974
2681 2856 291
196 2857 192
322 2857 204
632 2857 144
154 2858 306
1908 2858 195
375 2859 995
449 2859 206
799 2859 402
1732 2859 363
2189 2859 152
2415 2859 279
2470 2859 165
2678 2859 134
185 2860 184
197 2860 200
610 2860 140
1794 2860 118
2125 2860 124
2535 2860 138
784 2861 171
1454 2861 267
464 2862 265
488 2862 158
2641 2862 244
14 2863 617
1896 2863 130
1956 2863 293
388 2864 321
406 2864 209
2008 2864 331
1549 2866 111
2037 2866 819
692 2867 329
1806 2867 243
1998 2867 241
2450 2867 188
285 2868 166
828 2869 242
960 2869 258
1750 2869 214
2349 2869 230
323 2870 230
477 2870 316
679 2870 211
719 2870 353
845 2870 194
1236 2870 299
1431 2870 288
1928 2870 227
1952 2870 282
2014 2870 269
225 2871 238
1974 2871 336
2374 2871 813
533 2872 270
633 2872 131
1204 2872 200
1530 2872 248
1858 2872 331
2439 2872 244
2598 2872 184
15 2873 237
1223 2873 283
2068 2873 166
2638 2873 161
163 2874 152
260 2874 106
287 2874 231
1163 2874 112
1367 2874 100
2708 2874 175
674 2875 178
715 2875 249
729 2875 112
1230 2875 207
1498 2875 952
1499 2875 263
1198 2876 120
327 2877 209
885 2877 382
1846 2877 229
102 2878 217
706 2878 255
976 2878 168
1192 2878 262
2020 2878 324
508 2879 219
1407 2879 130
1566 2879 219
2003 2879 325
2300 2879 171
2617 2879 817
2642 2879 420
2872 2879 203
202 2880 342
758 2880 198
1106 2881 160
1503 2881 126
1583 2881 846
1752 2881 143
1841 2881 159
2386 2881 203
323 2882 160
1431 2882 753
1548 2882 202
1624 2882 156
536 2883 166
928 2883 205
1658 2883 349
2083 2883 114
1196 2884 180
1450 2885 271
1492 2885 323
2729 2885 276
176 2886 150
680 2886 285
1897 2886 335
2160 2886 268
141 2887 105
1376 2887 283
1490 2887 131
827 2888 110
1446 2888 164
2554 2888 823
838 2889 258
1492 2889 240
1562 2889 259
251 2890 311
2425 2890 263
2624 2890 158
303 2891 351
351 2891 253
2098 2891 143
86 2892 170
2138 2892 279
2250 2892 123
1243 2893 304
1551 2893 971
1793 2893 172
1107 2894 209
1688 2894 746
2728 2894 313
2858 2894 201
1021 2895 346
2198 2895 110
101 2896 324
201 2896 190
1296 2896 160
201 2897 355
2220 2897 177
2428 2897 563
754 2898 127
2391 2898 154
2779 2898 260
763 2899 253
944 2899 309
591 2900 192
688 2900 134
810 2900 360
1570 2900 276
1861 2900 262
2546 2900 143
2653 2900 202
1092 2901 318
2696 2901 130
2830 2901 126
240 2902 259
1297 2902 282
1584 2902 250
603 2903 201
1921 2903 201
2195 2903 200
90 2904 210
385 2904 202
845 2904 373
2542 2904 328
298 2905 955
367 2905 317
474 2905 285
797 2906 252
1489 2906 197
40 2907 300
794 2907 149
1933 2907 208
970 2908 335
1235 2908 167
1810 2908 204
794 2909 238
1654 2909 295
100 2910 316
365 2910 236
2051 2910 240
1168 2911 205
1703 2911 260
2506 2911 289
946 2912 321
1237 2912 112
1287 2912 989
999 2913 895
1836 2913 271
2865 2913 133
238 2914 160
779 2914 336
1917 2914 149
114 2915 474
519 2915 145
1056 2915 325
1303 2915 125
1755 2915 305
1803 2915 188
2860 2915 275
629 2916 676
660 2916 318
1344 2916 674
1886 2916 120
2289 2916 247
2618 2916 180
404 2917 327
855 2917 821
870 2917 157
1460 2917 238
1997 2917 204
2301 2917 291
233 2918 178
1701 2918 195
1890 2918 205
2390 2918 274
271 2919 172
420 2919 289
684 2919 831
1119 2919 197
1286 2919 122
1989 2919 233
2164 2919 278
2644 2919 201
4 2920 138
1943 2920 144
2432 2920 171
123 2921 231
391 2921 364
750 2921 157
1352 2921 271
2113 2921 976
2608 2921 203
2697 2921 185
2755 2921 316
557 2922 176
904 2922 134
2204 2922 264
2306 2922 643
2697 2922 172
2755 2922 233
2900 2922 135
172 2923 305
175 2923 137
441 2923 203
1218 2923 832
299 2924 265
1095 2924 171
2526 2924 281
856 2925 172
1009 2925 198
1337 2925 196
334 2926 111
535 2926 338
875 2926 126
1371 2926 134
2414 2926 133
2817 2926 178
590 2927 173
2472 2927 187
2575 2927 135
1382 2928 231
2320 2928 184
2601 2928 226
2868 2928 243
1946 2929 973
2205 2929 125
58 2930 258
321 2930 225
328 2930 174
995 2930 279
2031 2930 217
2878 2930 248
341 2931 122
943 2931 239
1430 2931 156
1617 2931 139
2650 2931 183
738 2932 146
2774 2932 511
54 2933 295
184 2934 274
617 2934 178
664 2934 830
1183 2934 149
2739 2934 253
63 2935 219
1178 2935 188
1823 2935 237
2620 2935 245
880 2936 592
1957 2936 302
2233 2936 172
968 2937 189
1464 2937 241
2457 2937 384
730 2938 321
875 2938 187
1371 2938 105
2385 2938 124
2817 2938 951
2848 2938 248
304 2939 209
2339 2939 302
2645 2939 629
2672 2939 257
1049 2940 202
1157 2940 820
1236 2940 197
1416 2940 823
1458 2940 276
1697 2940 325
2057 2940 159
600 2941 214
2377 2941 200
2714 2941 293
1277 2942 211
1951 2942 347
2508 2942 301
290 2943 266
2803 2943 232
2909 2943 973
687 2944 141
2314 2944 875
213 2945 327
655 2945 634
1639 2945 345
2323 2945 212
2320 2946 201
2723 2946 123
2868 2946 591
1972 2947 225
2027 2947 160
2522 2947 105
2211 2948 958
2333 2948 261
2498 2948 281
361 2949 292
1595 2949 116
2657 2949 121
307 2950 153
1515 2950 148
2223 2950 226
2364 2950 171
2691 2951 160
2828 2951 250
2906 2951 327
570 2952 461
1935 2952 312
2354 2952 237
983 2953 114
2148 2953 147
2596 2953 263
115 2954 138
796 2954 242
1449 2954 932
987 2955 282
1131 2955 818
1950 2955 381
2911 2955 266
484 2956 276
2263 2956 200
197 2957 311
291 2957 142
430 2957 108
610 2957 301
1350 2957 152
2507 2957 392
813 2958 264
2049 2958 259
2861 2958 671
526 2959 298
776 2959 134
952 2959 161
1570 2959 157
1861 2959 178
1892 2959 510
2546 2959 224
2922 2959 172
1191 2960 197
1509 2960 222
476 2961 200
1133 2961 369
1357 2961 177
1853 2961 869
698 2962 262
1194 2962 222
2357 2962 234
434 2963 100
2072 2963 285
2774 2963 329
218 2964 228
241 2964 157
420 2964 130
919 2964 234
1587 2964 523
2751 2964 302
2881 2964 185
813 2965 169
1740 2965 230
2185 2965 362
158 2966 261
629 2966 342
1065 2966 560
1886 2966 545
2257 2966 203
2270 2966 123
228 2967 332
252 2967 225
395 2967 219
528 2967 151
2287 2967 124
2743 2967 770
419 2968 183
1362 2968 142
2285 2968 195
2776 2968 264
749 2969 656
2161 2969 201
944 2970 343
1745 2970 233
1806 2970 149
437 2971 205
1132 2971 223
1141 2971 300
2117 2971 139
2483 2971 166
2848 2971 313
270 2972 157
1200 2972 177
2735 2972 219
468 2973 277
654 2973 329
1930 2973 200
420 2974 216
426 2974 159
594 2974 160
1119 2974 363
1380 2974 186
1869 2974 255
2164 2974 930
2644 2974 568
2823 2974 325
486 2975 316
639 2975 268
2639 2975 276
478 2976 229
1284 2976 152
1955 2976 282
2084 2976 282
132 2977 262
575 2977 316
2032 2977 135
1813 2978 148
2805 2978 143
1486 2979 987
1743 2979 197
2518 2979 276
1999 2980 165
2561 2980 164
442 2981 401
2703 2981 176
2932 2981 110
23 2982 284
718 2982 192
853 2982 133
2029 2982 383
2251 2982 221
2482 2982 223
2870 2982 147
2904 2982 198
1744 2983 252
862 2984 159
2901 2984 242
420 2985 119
471 2985 976
2826 2985 794
563 2986 375
169 2987 128
562 2987 260
1694 2987 211
2459 2987 223
2583 2987 173
134 2988 253
459 2988 101
943 2989 286
1150 2989 254
2182 2990 233
2569 2990 167
2847 2990 212
385 2991 211
559 2991 537
818 2991 305
943 2991 131
1285 2992 273
2187 2992 257
2371 2992 112
273 2993 246
419 2993 180
1090 2993 275
1245 2993 335
2776 2993 169
612 2994 167
1663 2994 199
2156 2994 352
271 2995 150
426 2995 257
1286 2995 181
1380 2995 312
1989 2995 200
2164 2995 207
2644 2995 146
2823 2995 294
1004 2996 282
1304 2996 167
2022 2996 807
2911 2996 160
511 2997 182
2839 2997 254
2945 2997 200
10 2998 246
183 2998 204
1153 2998 367
1441 2998 314
758 2999 599
1340 2999 222
1988 2999 174
2151 2999 298
734 3000 198
1454 3000 217
2134 3000 187
