1
0
1
1
1000000
0
0
0
0
1
16 32 299
19 77 171
15 91 201
77 94 497
64 105 225
108 109 352
48 121 979
4 129 204
68 135 247
113 136 265
72 141 792
27 142 251
77 142 300
94 142 350
18 143 119
85 144 786
55 152 200
79 159 178
139 163 180
21 165 146
28 165 274
56 165 152
155 166 206
34 169 270
82 170 186
107 172 923
139 174 183
163 174 204
59 180 130
138 180 135
118 182 228
113 185 171
136 185 310
100 187 385
80 190 290
176 190 105
9 191 296
119 191 129
156 192 113
51 193 988
58 193 103
184 195 230
57 196 129
1 198 929
197 207 106
91 210 101
148 213 249
203 215 112
108 225 170
224 227 142
174 228 220
98 237 248
5 238 274
221 240 358
81 242 243
124 242 329
156 244 296
15 247 308
24 248 147
54 252 844
163 257 241
127 260 317
47 262 193
242 262 149
118 264 181
134 267 133
218 269 153
5 270 145
4 271 110
83 272 318
132 274 251
203 274 120
219 279 328
226 279 236
166 280 106
45 283 168
104 284 340
33 288 183
119 298 258
51 299 266
173 299 273
72 302 227
41 303 328
117 307 343
166 308 176
212 308 180
281 309 221
95 311 158
144 314 169
275 316 364
60 318 238
271 319 236
189 332 251
274 334 171
264 335 193
11 337 366
324 339 349
19 342 262
6 348 332
96 348 256
221 350 251
288 351 119
252 352 145
69 353 137
288 354 348
173 356 168
241 357 248
256 358 110
6 359 534
81 360 142
242 360 122
75 361 307
130 364 216
320 365 347
159 367 315
311 367 308
354 369 246
348 370 210
8 371 624
40 371 179
245 371 120
226 372 367
222 373 338
231 374 113
367 374 279
157 375 236
90 376 211
197 376 206
132 377 213
347 377 204
123 378 159
236 379 164
358 381 172
188 382 159
75 383 271
118 383 286
157 383 340
50 385 121
136 389 908
6 391 113
288 394 503
336 394 240
82 398 146
73 401 195
310 401 211
382 401 299
319 402 191
107 405 135
293 405 154
199 408 275
112 410 401
226 410 136
118 411 229
136 414 303
389 414 115
238 420 243
105 421 267
181 421 166
321 422 224
8 423 331
371 423 187
358 425 172
380 425 308
328 430 280
57 433 219
369 433 123
70 435 166
246 439 173
442 443 294
179 444 217
197 445 153
376 445 130
2 448 302
388 450 245
150 454 208
449 457 101
43 458 336
298 458 198
355 458 216
309 459 848
325 460 875
456 461 206
318 463 105
460 463 323
25 464 211
103 464 154
331 467 104
81 469 226
435 471 139
243 472 209
356 473 308
25 474 172
444 475 247
244 479 270
162 482 174
172 482 548
33 484 282
115 485 238
328 486 248
136 487 551
185 487 227
167 488 255
306 496 323
203 500 210
55 501 607
51 505 217
58 505 127
503 506 478
23 507 179
425 508 179
413 509 369
302 510 157
431 510 155
197 511 122
376 511 133
451 511 920
330 513 151
356 513 229
280 514 377
44 515 211
65 516 151
78 516 200
488 516 213
465 518 247
465 522 119
338 523 815
456 524 743
461 524 267
230 525 178
27 526 305
458 527 124
216 528 200
235 530 174
160 531 308
326 532 228
501 533 197
462 534 104
503 535 102
18 536 261
231 536 539
260 537 737
351 537 349
155 538 223
321 538 161
365 538 111
88 539 187
51 540 319
117 540 105
122 540 190
523 541 129
437 542 115
17 543 838
158 546 123
110 547 223
287 548 243
303 549 164
396 550 296
101 551 140
312 551 243
151 552 145
329 554 259
30 555 362
273 556 299
384 556 664
490 556 984
498 556 169
509 556 252
38 558 219
315 558 179
387 558 440
139 560 140
163 560 278
296 561 320
390 562 210
542 562 304
276 565 278
43 569 113
355 569 201
458 569 315
527 569 214
415 570 247
39 575 351
464 575 260
305 577 635
128 580 173
199 580 168
275 580 177
198 581 232
200 581 249
151 582 251
477 582 978
2 583 994
258 583 269
333 584 193
424 584 221
462 584 313
534 584 925
565 584 237
124 591 180
242 591 126
262 591 119
469 591 362
353 592 160
582 593 187
67 594 177
394 595 106
415 595 305
571 596 196
397 597 171
566 597 156
162 598 220
482 598 303
202 599 173
53 600 327
564 600 331
277 606 186
576 607 175
553 608 186
561 608 141
382 609 359
181 611 148
312 611 992
565 612 218
584 612 276
161 613 343
287 613 186
217 614 192
232 615 293
364 618 499
197 619 102
292 619 201
376 619 450
82 620 255
204 621 337
239 621 237
472 622 262
568 626 202
368 631 211
446 632 281
84 633 238
39 634 143
103 634 233
204 634 206
600 634 230
390 635 197
63 637 181
230 637 193
410 637 935
579 637 277
448 638 953
245 641 342
423 641 126
96 642 213
93 644 193
168 644 149
49 645 202
229 645 160
5 647 256
44 647 212
238 647 296
420 647 146
412 648 270
195 649 183
341 650 229
149 651 340
363 651 247
254 652 195
259 653 291
498 654 341
185 656 203
630 656 179
111 657 261
217 657 164
489 658 352
234 659 153
436 659 312
472 659 176
550 660 231
449 662 218
590 663 244
261 665 279
586 666 114
440 667 112
447 667 679
306 669 170
171 670 253
380 670 164
425 670 222
508 670 124
85 671 334
144 671 143
45 672 110
148 673 415
247 674 141
295 675 278
370 675 285
176 676 339
110 677 117
634 677 167
443 678 257
121 679 218
521 679 185
556 681 206
654 681 230
48 685 239
62 685 544
417 688 201
456 688 215
349 690 152
460 690 181
194 691 339
413 692 203
269 693 347
638 693 234
145 694 330
266 694 113
371 695 244
423 695 303
62 698 414
493 700 385
601 700 791
389 702 196
185 703 222
414 703 171
546 704 276
395 705 143
408 705 206
572 706 113
20 707 194
99 707 301
243 708 206
643 708 124
127 710 281
399 711 221
337 712 221
314 714 211
572 716 181
592 718 176
69 719 210
475 719 315
631 719 202
228 720 143
494 720 268
629 723 218
281 724 126
664 725 348
52 727 198
324 727 174
460 727 306
466 727 167
636 728 316
47 730 706
262 730 373
538 731 165
455 733 716
453 735 116
669 735 118
340 736 239
253 737 343
32 739 295
323 739 198
52 740 262
466 740 157
529 740 248
727 740 179
624 741 224
164 742 154
673 744 192
197 748 182
166 749 895
102 750 155
391 751 165
574 751 192
514 752 189
657 752 258
669 753 143
12 754 170
338 754 136
166 755 126
280 755 904
372 756 205
659 756 202
29 757 161
309 758 127
459 758 118
65 760 127
488 760 348
666 761 227
425 762 187
414 763 100
487 763 284
630 763 261
350 764 236
53 765 343
258 766 159
583 766 200
734 768 153
737 768 158
692 770 163
470 771 155
139 773 309
228 773 175
396 774 600
660 774 264
559 776 265
120 777 130
254 777 342
405 778 156
233 779 686
345 779 308
625 780 286
102 781 120
357 781 377
709 782 252
70 783 162
577 783 337
26 784 696
330 784 242
365 785 133
605 786 152
147 787 126
236 787 198
257 787 285
301 788 222
749 788 252
755 788 958
37 789 208
417 789 187
456 789 123
461 789 135
8 790 847
641 790 241
556 791 756
219 792 105
636 792 579
466 795 346
456 796 275
461 796 168
158 797 121
447 797 587
548 798 151
115 799 150
142 803 249
526 803 236
118 804 498
434 805 160
93 806 259
387 806 215
484 806 199
525 806 744
139 807 221
163 807 134
483 807 175
488 808 187
84 809 327
249 809 106
189 810 222
114 811 106
646 811 205
471 812 187
387 813 112
98 814 323
155 814 230
175 814 157
321 814 138
538 814 196
227 815 179
441 816 281
595 816 116
371 817 362
641 817 265
441 818 346
208 819 199
387 819 228
42 820 227
272 820 594
419 820 343
586 820 109
648 821 286
767 821 985
359 822 182
629 823 869
55 824 133
173 824 194
299 824 249
90 825 215
207 825 147
376 825 291
748 825 258
523 826 180
820 827 244
58 828 372
680 828 237
309 829 122
531 830 227
625 830 524
297 831 387
805 831 169
127 832 114
260 832 126
496 832 302
450 833 241
829 833 370
5 834 351
596 834 371
149 835 208
119 836 112
427 836 537
206 837 124
234 837 199
643 837 252
659 837 310
765 837 217
488 839 519
760 839 178
769 839 237
461 841 324
166 842 108
399 842 240
711 842 169
755 842 146
775 842 356
64 844 268
822 845 805
46 846 273
238 846 266
562 846 227
757 847 305
67 848 157
75 848 162
59 850 207
107 850 170
224 850 131
405 850 354
482 850 188
24 851 146
48 852 201
75 852 915
361 852 149
375 852 155
383 852 102
604 852 168
42 853 154
222 854 248
214 856 326
303 857 344
549 857 183
248 861 144
484 862 225
388 863 212
602 865 210
393 866 270
759 867 217
178 869 174
725 869 780
107 870 203
218 870 180
343 870 291
448 870 161
583 870 251
638 870 240
205 872 189
139 873 196
163 873 194
432 874 222
183 875 180
675 875 321
623 876 158
810 876 232
798 878 370
840 878 317
357 879 275
750 879 141
781 879 214
5 881 608
596 881 211
414 882 175
763 882 189
776 884 235
277 885 265
589 885 137
297 886 111
676 887 124
865 887 204
81 888 270
883 888 662
330 889 114
628 889 257
8 890 260
572 890 262
729 890 208
34 891 265
200 891 280
304 891 349
581 891 221
373 892 140
677 892 178
812 893 184
88 894 185
539 894 241
318 895 248
690 895 340
767 896 382
126 899 256
646 901 222
40 905 320
404 906 380
607 906 906
902 906 206
147 907 269
7 908 856
41 908 224
907 909 694
397 910 174
661 910 136
148 911 856
787 912 234
493 913 274
154 914 231
698 914 205
743 915 184
145 916 166
282 916 111
497 916 260
146 917 835
286 917 296
545 917 651
607 917 925
534 918 209
585 918 222
622 921 290
643 921 126
278 922 117
300 922 317
74 924 209
296 925 127
601 926 290
7 927 234
379 928 228
364 929 281
584 931 443
139 932 312
246 932 268
773 932 201
359 933 148
405 933 190
784 933 136
691 935 193
196 937 156
230 937 380
568 938 216
144 939 263
331 940 281
499 940 180
549 940 318
849 940 127
478 942 207
508 942 345
857 943 300
87 945 282
746 945 293
899 945 214
582 947 247
88 948 164
271 948 155
319 948 120
31 949 245
32 950 158
346 952 220
125 953 197
671 954 210
563 955 125
850 957 269
933 957 337
333 958 139
534 958 982
893 958 278
918 958 230
931 958 269
843 960 197
617 962 236
226 963 990
637 963 143
909 963 168
339 964 248
161 965 243
548 965 222
840 965 906
297 967 312
805 967 207
141 968 109
356 968 120
352 969 229
86 970 179
620 970 138
48 972 491
327 972 275
868 972 287
66 973 137
480 974 187
738 974 177
912 974 178
507 975 261
905 975 247
961 976 177
491 977 269
505 977 245
25 978 288
39 978 161
464 978 360
634 978 750
213 979 107
923 979 198
52 981 248
529 982 244
740 982 267
795 982 121
331 983 146
239 985 358
802 985 233
442 986 226
701 986 255
21 988 172
650 988 975
860 988 303
623 989 263
175 991 266
321 991 247
134 992 225
149 993 387
746 993 152
500 994 212
424 995 201
707 995 372
191 996 165
602 996 232
368 997 304
829 997 190
341 998 242
295 1000 283
370 1000 148
109 1001 360
663 1002 341
799 1002 258
67 1003 371
772 1003 178
42 1004 142
544 1004 183
564 1004 168
734 1004 161
853 1004 317
309 1005 264
459 1005 146
151 1006 156
861 1007 343
24 1008 576
248 1008 208
737 1008 224
473 1009 247
513 1009 199
794 1009 236
46 1010 134
238 1010 208
647 1010 282
478 1011 326
213 1013 143
933 1013 136
144 1014 142
310 1014 161
314 1014 295
939 1014 787
137 1015 205
318 1015 294
6 1016 235
391 1016 261
603 1016 181
371 1017 234
423 1017 199
378 1018 173
390 1018 564
387 1020 206
496 1021 220
738 1021 947
432 1022 215
593 1022 111
210 1024 170
971 1024 196
599 1025 143
123 1027 231
390 1027 104
542 1027 349
898 1027 477
144 1028 223
747 1028 147
1014 1028 164
406 1029 207
750 1029 969
900 1029 275
72 1030 289
34 1031 125
304 1031 861
801 1031 221
209 1032 257
684 1032 269
903 1032 186
335 1033 209
736 1033 221
643 1034 237
737 1034 167
479 1035 304
715 1035 315
907 1036 279
927 1037 112
214 1038 256
51 1039 182
122 1039 789
364 1039 176
540 1039 885
984 1039 214
440 1040 211
208 1041 650
668 1041 191
159 1042 631
230 1043 321
525 1043 206
644 1043 133
920 1044 247
1006 1045 680
191 1046 133
217 1046 207
127 1047 127
495 1047 262
952 1047 265
10 1048 297
197 1048 112
214 1051 226
298 1051 246
65 1052 193
839 1052 332
106 1053 101
16 1054 128
950 1054 133
183 1056 178
295 1056 174
310 1057 287
538 1058 878
554 1059 260
215 1060 853
131 1061 959
205 1062 225
590 1063 150
1038 1064 170
358 1065 170
398 1065 212
940 1066 338
500 1067 268
733 1067 139
893 1068 132
944 1068 107
116 1069 197
260 1069 250
452 1069 195
3 1070 379
237 1070 347
700 1070 679
686 1071 273
128 1073 135
564 1074 168
483 1075 148
807 1075 303
822 1076 286
377 1077 129
434 1077 836
789 1077 137
805 1077 189
831 1077 202
610 1078 376
387 1079 167
536 1079 284
558 1079 199
668 1079 243
813 1079 317
819 1079 247
13 1080 237
166 1080 746
481 1081 178
544 1083 257
827 1083 106
118 1084 168
361 1084 203
608 1084 275
395 1086 224
145 1087 220
266 1087 124
306 1089 271
346 1089 142
72 1090 955
957 1090 194
242 1091 149
591 1091 437
863 1091 139
888 1091 225
221 1092 117
240 1092 221
721 1093 134
131 1094 267
486 1095 121
999 1095 133
871 1096 191
75 1097 153
327 1097 183
567 1097 635
852 1097 222
309 1098 203
392 1098 356
459 1098 812
629 1098 319
823 1098 192
710 1099 332
965 1100 127
727 1101 856
740 1101 196
85 1102 166
714 1102 145
1014 1102 351
124 1103 193
469 1103 192
337 1104 187
712 1104 134
919 1105 969
294 1106 269
772 1106 199
1014 1106 163
559 1107 200
686 1107 216
218 1108 234
343 1108 254
583 1108 124
693 1108 205
870 1108 675
655 1109 379
266 1110 209
282 1110 217
12 1111 379
541 1111 115
754 1111 375
586 1112 242
861 1112 171
425 1113 105
520 1113 213
631 1116 235
768 1118 344
419 1119 118
877 1119 313
721 1120 208
34 1121 209
198 1121 329
321 1121 243
581 1121 538
1031 1121 359
251 1122 184
868 1123 157
235 1124 286
14 1125 163
27 1125 223
613 1126 208
840 1126 778
1048 1127 173
12 1128 349
338 1128 158
516 1129 361
769 1129 238
316 1130 366
408 1130 150
707 1131 201
346 1132 314
571 1133 285
1048 1134 157
357 1135 260
1029 1135 126
10 1136 247
934 1136 158
580 1137 930
22 1138 248
259 1138 212
548 1139 114
617 1139 144
840 1139 221
965 1139 141
1100 1139 341
206 1142 165
344 1143 202
403 1143 276
393 1144 504
1037 1144 149
875 1145 169
882 1146 316
71 1147 151
490 1147 112
260 1149 298
452 1149 243
726 1149 288
1069 1149 225
322 1150 195
793 1150 203
227 1151 936
904 1151 161
4 1152 161
715 1152 689
200 1153 131
1023 1153 233
1121 1153 179
118 1154 347
296 1154 419
925 1154 109
480 1155 195
722 1155 161
144 1156 368
594 1156 143
785 1156 873
954 1156 316
1014 1156 195
366 1158 258
98 1160 208
233 1160 889
456 1161 683
688 1161 287
841 1161 837
630 1162 233
476 1163 215
491 1163 307
562 1163 147
867 1163 673
1120 1164 265
347 1165 193
455 1165 327
261 1166 121
163 1167 175
773 1167 176
128 1168 303
408 1168 319
713 1168 270
1130 1168 213
1137 1168 753
13 1169 142
457 1169 645
292 1170 164
451 1170 284
825 1170 328
875 1171 209
801 1172 242
416 1173 727
436 1174 168
952 1175 130
54 1176 220
987 1177 126
12 1178 319
223 1179 138
27 1180 144
342 1180 205
345 1182 149
582 1182 225
947 1182 165
1045 1182 252
24 1183 137
39 1183 177
150 1183 333
454 1183 115
474 1183 188
978 1183 143
100 1184 817
1085 1184 278
88 1185 680
859 1185 220
894 1185 137
411 1186 261
253 1188 229
720 1188 382
291 1189 126
805 1189 224
967 1189 291
26 1190 220
469 1190 203
886 1190 178
563 1191 152
98 1192 164
700 1192 262
880 1192 256
561 1193 264
804 1193 115
76 1194 198
737 1195 121
1008 1195 219
1118 1195 935
875 1196 120
173 1197 124
640 1197 260
794 1197 244
187 1199 133
674 1199 976
638 1200 124
1157 1200 174
796 1201 239
841 1201 127
229 1202 137
300 1203 254
133 1204 346
166 1205 176
788 1205 147
1077 1206 102
1189 1206 171
1181 1207 149
69 1208 245
384 1208 287
856 1208 198
532 1209 200
1181 1209 384
183 1210 174
222 1211 228
362 1212 167
1202 1212 348
22 1213 105
517 1214 215
458 1215 153
952 1216 166
1021 1216 186
90 1217 123
185 1217 223
414 1217 179
318 1218 203
690 1218 127
739 1219 264
653 1220 234
1187 1220 185
41 1221 178
366 1221 324
468 1222 230
682 1222 294
627 1223 200
19 1224 152
1180 1224 225
97 1225 126
41 1226 231
66 1226 294
267 1226 161
303 1226 140
407 1226 327
243 1227 305
472 1227 190
710 1227 204
806 1227 205
921 1227 746
781 1228 290
9 1229 125
171 1229 232
478 1229 225
670 1229 188
762 1229 178
1113 1229 299
624 1230 229
53 1231 207
140 1231 242
774 1231 182
567 1232 143
220 1233 363
808 1234 255
224 1236 254
493 1237 204
367 1238 139
387 1238 114
668 1238 251
110 1239 124
662 1239 328
1185 1240 166
615 1241 346
1062 1241 783
518 1242 148
560 1242 173
970 1243 226
162 1245 196
405 1245 222
933 1245 575
1090 1245 128
363 1247 187
675 1247 164
875 1247 318
1145 1247 156
283 1248 304
337 1248 287
409 1248 262
672 1248 208
523 1249 277
1111 1249 245
699 1250 973
883 1250 150
1085 1251 660
492 1252 156
216 1253 283
661 1253 121
897 1253 289
36 1254 294
1161 1254 167
76 1255 161
390 1255 598
437 1255 239
562 1255 247
296 1256 226
916 1257 723
451 1258 277
511 1258 144
330 1259 841
699 1259 202
1117 1259 157
838 1260 111
660 1261 317
1155 1261 246
133 1262 132
901 1262 263
196 1263 745
802 1263 241
847 1263 200
458 1265 112
552 1266 145
1256 1266 207
209 1267 142
506 1267 206
6 1268 310
391 1268 304
92 1269 202
689 1269 710
1072 1270 194
703 1271 179
56 1273 250
50 1274 158
385 1274 218
781 1274 205
928 1274 210
540 1275 279
929 1275 181
1039 1275 161
603 1276 249
987 1276 166
238 1277 303
699 1277 247
833 1277 220
200 1278 187
1121 1278 358
1108 1279 991
1236 1279 272
990 1280 234
1059 1281 112
1063 1282 976
1200 1282 197
1279 1282 154
137 1283 267
1015 1283 202
928 1284 116
1079 1284 255
1274 1284 312
397 1285 198
519 1285 253
897 1285 295
351 1286 259
862 1286 146
1140 1286 229
529 1287 340
786 1288 175
727 1289 321
740 1289 737
487 1290 217
882 1290 151
668 1291 295
1041 1291 213
275 1292 276
316 1292 180
815 1293 906
930 1293 250
516 1294 203
1234 1294 194
10 1295 193
136 1295 712
185 1295 203
702 1295 200
1146 1295 335
220 1296 216
356 1296 183
329 1297 201
767 1297 879
1248 1297 326
573 1298 138
928 1298 328
687 1299 235
53 1300 283
201 1300 313
250 1300 113
372 1300 238
396 1300 155
464 1300 279
494 1300 349
708 1300 344
1155 1300 255
860 1301 210
1138 1301 506
969 1302 172
915 1303 276
986 1303 225
875 1304 552
1247 1304 344
280 1305 171
1205 1305 352
282 1306 282
1110 1306 249
288 1307 208
284 1308 301
371 1309 249
423 1309 211
697 1309 221
858 1309 214
164 1310 180
1148 1310 154
580 1311 192
1073 1311 253
480 1312 652
819 1312 205
393 1313 115
1221 1313 765
405 1314 197
1236 1314 305
598 1315 264
800 1315 140
1157 1315 145
11 1316 141
462 1317 260
591 1317 167
883 1317 287
919 1317 277
194 1318 259
547 1318 145
616 1319 223
949 1319 158
1008 1319 928
862 1320 345
92 1321 120
562 1321 379
746 1321 255
359 1322 331
1178 1323 173
668 1324 155
1079 1324 300
1122 1324 182
1312 1324 145
818 1325 123
1007 1325 112
1235 1325 135
848 1326 135
170 1327 220
959 1327 294
1069 1328 149
85 1330 139
1014 1330 154
970 1331 188
576 1332 203
1009 1332 173
1068 1332 176
1296 1332 213
1115 1333 210
217 1334 287
1046 1334 229
1082 1334 919
1207 1335 141
320 1336 121
538 1336 202
814 1336 211
618 1337 298
709 1337 170
20 1338 223
293 1339 264
805 1339 284
1077 1339 273
614 1340 161
1046 1340 155
294 1341 956
1224 1341 384
502 1342 180
1093 1342 194
637 1343 194
878 1343 221
907 1343 533
937 1343 272
963 1343 299
950 1344 184
1134 1344 211
255 1345 357
682 1346 157
1176 1346 361
6 1347 125
391 1347 203
26 1348 262
224 1348 185
482 1348 139
778 1348 149
850 1348 213
919 1348 142
957 1348 209
1314 1348 193
626 1349 106
265 1350 218
98 1351 277
237 1351 869
880 1351 104
152 1352 117
429 1352 157
87 1354 163
291 1355 281
805 1355 115
1077 1355 268
199 1356 105
275 1356 141
580 1356 318
713 1356 712
1168 1356 318
1311 1356 369
998 1357 211
136 1358 132
185 1358 198
1271 1358 136
480 1359 226
1244 1359 270
1244 1360 176
655 1361 316
996 1361 232
16 1362 209
32 1362 222
1219 1362 312
340 1363 169
955 1363 196
19 1365 282
27 1365 277
289 1365 325
526 1365 279
1224 1365 316
196 1367 574
1142 1367 273
1066 1368 219
1066 1369 189
37 1370 227
357 1370 952
789 1370 151
1254 1370 170
674 1371 114
1101 1371 165
1287 1371 233
286 1372 231
9 1373 118
754 1373 790
1241 1373 163
785 1374 275
1156 1374 710
373 1375 549
658 1375 158
687 1376 270
89 1377 202
88 1378 309
530 1378 149
859 1378 324
948 1378 322
683 1379 180
264 1380 161
403 1380 149
1012 1381 285
1 1382 310
200 1382 240
581 1382 315
801 1382 155
1172 1382 123
59 1383 306
172 1383 346
462 1383 400
480 1384 893
379 1385 232
988 1385 332
206 1386 199
374 1386 278
745 1386 305
1377 1386 101
463 1387 352
1287 1387 116
287 1388 253
548 1388 311
974 1388 248
36 1389 983
293 1389 190
1077 1389 137
1189 1389 280
1198 1390 160
916 1391 192
153 1392 770
712 1392 647
896 1392 126
436 1394 237
502 1394 250
1043 1394 231
1301 1394 242
866 1395 206
1057 1395 177
50 1396 267
928 1396 296
1256 1397 133
104 1398 953
1064 1398 149
1155 1399 171
1338 1401 195
466 1402 221
838 1403 213
1273 1403 163
716 1404 300
1252 1404 144
873 1405 127
210 1406 206
500 1407 323
1076 1407 276
641 1408 741
790 1408 210
858 1408 104
295 1409 248
363 1409 169
1000 1409 139
1171 1409 328
1196 1409 238
1247 1409 152
575 1410 260
1384 1410 343
455 1411 164
1029 1411 103
1228 1411 340
593 1412 137
1022 1412 337
430 1413 499
509 1414 197
1147 1414 224
1148 1414 792
510 1415 103
999 1415 157
1296 1415 258
222 1416 112
301 1416 225
677 1416 197
1244 1416 187
75 1417 255
432 1417 241
852 1417 104
874 1417 199
1326 1417 294
120 1418 206
800 1418 233
923 1418 159
169 1419 171
609 1419 283
1218 1420 185
938 1421 312
1390 1421 273
55 1422 137
414 1422 162
201 1423 135
372 1423 303
396 1423 123
1155 1423 154
1300 1423 251
81 1424 238
591 1424 244
23 1426 272
1198 1426 203
1179 1427 714
160 1428 255
154 1429 977
552 1429 158
349 1430 227
1015 1430 277
319 1431 150
1185 1431 189
1240 1431 251
426 1432 948
211 1433 181
788 1433 246
47 1434 175
81 1434 310
309 1434 208
863 1434 136
888 1434 159
309 1435 150
459 1435 268
596 1435 293
724 1435 902
73 1436 189
163 1437 163
720 1437 303
728 1437 199
106 1438 314
223 1438 216
179 1439 226
692 1439 288
1087 1439 191
174 1440 199
659 1440 220
1155 1440 288
1167 1440 221
1261 1440 311
58 1441 168
302 1441 181
272 1442 212
285 1442 192
544 1442 236
737 1442 163
820 1442 927
1081 1443 239
1213 1443 146
1359 1443 248
497 1444 206
951 1444 382
466 1445 240
1287 1445 290
1402 1445 368
173 1446 768
356 1446 141
794 1446 101
1009 1446 200
1296 1446 285
773 1447 299
806 1447 130
1291 1447 237
1320 1447 763
793 1448 638
1115 1448 150
240 1449 251
424 1449 103
640 1449 115
355 1450 256
1265 1450 204
85 1451 268
401 1451 394
1028 1451 454
1232 1451 158
241 1452 365
728 1452 512
837 1452 857
1083 1452 327
1411 1452 217
418 1453 244
1019 1454 226
1393 1454 311
246 1455 197
1020 1455 756
864 1456 202
1329 1456 109
40 1457 281
1402 1457 890
38 1458 205
387 1458 130
668 1458 139
101 1459 304
995 1459 130
1068 1459 200
147 1460 224
1036 1460 710
1138 1460 162
1274 1460 844
930 1461 233
166 1462 239
755 1462 185
1369 1463 232
1132 1464 183
1235 1464 263
4 1465 178
894 1465 230
1433 1465 390
543 1466 242
636 1466 186
1069 1467 245
1149 1467 240
221 1468 383
404 1468 151
504 1468 145
764 1468 285
485 1469 105
1001 1469 139
248 1470 184
737 1470 561
851 1470 117
570 1471 886
620 1472 171
990 1472 186
1280 1472 955
426 1473 107
1203 1473 236
103 1474 402
251 1474 140
640 1475 266
528 1476 222
588 1476 287
1285 1476 204
771 1477 270
1401 1477 113
369 1478 293
1174 1478 135
291 1479 425
377 1479 271
904 1479 186
737 1480 186
768 1480 319
1007 1480 187
1034 1480 196
1319 1480 192
1470 1480 342
51 1481 144
618 1481 316
709 1481 866
1150 1481 147
1233 1481 190
849 1482 775
24 1485 252
734 1485 164
768 1485 655
209 1486 225
438 1487 335
1263 1487 214
1286 1487 326
200 1488 319
581 1488 170
163 1489 215
773 1489 279
781 1489 255
1405 1489 201
534 1490 991
958 1490 358
960 1491 308
878 1492 247
1425 1492 206
345 1493 987
1022 1493 155
1182 1493 215
530 1494 168
373 1495 207
28 1496 105
728 1496 209
850 1497 200
1348 1497 190
495 1498 234
952 1498 220
1069 1498 234
1149 1498 156
1232 1499 190
616 1500 204
737 1500 226
1004 1500 533
1288 1500 186
1480 1500 138
97 1501 189
322 1502 227
793 1502 167
1400 1503 711
1455 1503 729
138 1504 333
309 1504 847
96 1505 247
1432 1506 253
8 1507 217
986 1507 210
1408 1507 233
99 1508 131
221 1508 303
404 1508 335
504 1508 151
902 1508 122
956 1508 696
1468 1508 339
55 1509 346
173 1509 238
512 1509 179
855 1509 533
1486 1510 141
870 1511 273
1108 1511 478
1200 1511 269
594 1512 276
1232 1512 350
493 1513 155
913 1513 142
1351 1513 114
276 1514 152
534 1514 320
612 1514 320
958 1514 196
723 1515 225
833 1515 451
1005 1515 182
243 1516 182
643 1516 106
837 1516 305
921 1516 177
301 1517 200
1080 1517 978
1124 1517 208
14 1518 304
1365 1518 188
642 1519 368
790 1519 144
281 1520 886
459 1520 260
723 1520 256
1515 1520 246
267 1521 258
366 1521 897
407 1521 346
992 1521 214
1026 1521 318
425 1522 227
520 1522 201
670 1522 343
197 1523 315
376 1523 155
384 1524 257
490 1524 666
498 1524 305
556 1524 240
791 1524 214
856 1524 168
35 1525 217
42 1526 984
285 1526 103
419 1526 295
820 1526 140
827 1526 281
124 1527 363
1116 1527 354
831 1528 279
968 1528 346
199 1529 186
1130 1529 124
39 1530 164
717 1530 178
978 1530 122
406 1531 181
496 1531 335
1135 1531 272
60 1532 347
318 1532 228
349 1532 223
463 1532 200
690 1532 128
1015 1532 141
1066 1533 370
1368 1533 281
228 1534 231
483 1534 353
773 1534 186
729 1535 741
1095 1535 224
653 1536 172
1399 1536 302
1423 1536 270
1088 1537 257
941 1538 221
1058 1538 183
249 1539 611
1071 1540 130
161 1541 116
946 1541 217
1139 1541 150
1319 1541 194
90 1542 319
511 1542 232
781 1543 198
963 1543 297
1041 1543 276
290 1544 350
439 1545 113
1350 1545 350
58 1546 308
117 1546 184
364 1546 323
505 1546 344
540 1546 219
984 1546 157
718 1547 511
452 1548 238
1328 1548 300
71 1549 280
384 1549 202
3 1550 233
700 1550 111
1056 1551 143
1407 1551 234
787 1552 206
95 1553 103
1099 1553 664
192 1554 185
610 1554 249
1011 1555 198
10 1556 344
619 1556 162
825 1556 333
1170 1556 766
86 1557 674
256 1557 939
175 1558 831
188 1558 211
365 1558 365
731 1558 200
814 1558 181
22 1559 166
717 1559 186
202 1560 325
1501 1560 301
1304 1561 205
1347 1561 310
89 1562 299
135 1562 145
534 1563 274
958 1563 209
68 1564 260
737 1564 185
949 1564 165
1481 1565 204
578 1566 127
959 1566 117
1129 1567 226
1349 1568 252
1457 1568 205
666 1569 207
807 1569 329
932 1569 365
741 1570 536
1094 1571 189
1357 1571 346
843 1572 110
940 1572 301
161 1573 353
798 1573 248
965 1573 125
1410 1573 184
101 1574 124
544 1575 179
827 1575 213
1114 1575 160
1442 1575 411
30 1576 108
934 1576 160
168 1577 320
348 1578 209
391 1578 139
751 1578 288
1276 1578 978
327 1579 268
432 1579 286
567 1579 143
50 1580 747
127 1580 121
416 1580 146
573 1580 226
576 1581 151
425 1582 225
670 1582 180
1011 1582 154
1555 1582 240
317 1583 315
689 1583 114
620 1584 700
624 1584 233
970 1584 212
1127 1584 209
533 1585 349
911 1585 137
288 1586 342
1286 1586 359
174 1587 335
1534 1587 210
160 1588 231
478 1588 210
508 1588 339
1065 1588 134
1229 1588 284
212 1589 277
1058 1589 743
1313 1589 103
709 1590 201
782 1590 221
1502 1590 128
491 1591 238
50 1592 889
1274 1592 281
1298 1592 137
419 1593 374
1008 1594 167
1138 1594 709
1480 1594 178
260 1595 136
726 1595 192
757 1595 224
937 1595 772
1004 1595 156
50 1596 947
732 1596 200
928 1596 102
748 1597 273
971 1597 181
1523 1597 150
143 1599 134
452 1599 349
1525 1599 184
39 1600 197
1223 1600 290
1474 1600 214
488 1601 200
516 1601 267
1567 1601 227
535 1602 237
225 1603 378
1279 1603 772
467 1604 202
983 1604 342
1533 1604 192
339 1606 163
529 1606 842
1101 1606 586
1287 1606 196
569 1607 265
1215 1607 133
1265 1607 282
334 1608 249
1605 1608 342
496 1609 222
879 1609 217
900 1609 207
1119 1609 189
238 1610 127
515 1610 256
571 1610 118
647 1610 230
1133 1610 217
1105 1611 801
1383 1611 236
1544 1612 263
33 1613 605
288 1613 243
379 1613 117
394 1613 179
1140 1613 245
1286 1613 309
1307 1613 135
639 1614 195
1253 1614 123
1285 1614 128
529 1615 242
727 1615 196
981 1615 483
835 1616 276
1591 1616 116
147 1617 953
738 1617 333
787 1617 817
912 1617 175
1061 1617 184
161 1618 184
1139 1618 368
664 1619 800
1158 1619 731
71 1620 220
490 1620 237
1491 1621 267
587 1622 258
986 1622 141
1174 1623 630
770 1624 253
1367 1625 181
756 1626 252
1300 1626 256
17 1627 181
315 1627 142
780 1628 317
1230 1628 282
387 1629 165
1079 1629 266
1291 1629 227
1367 1630 171
1377 1630 244
838 1631 214
928 1631 227
1298 1631 303
65 1632 206
78 1632 235
167 1632 104
516 1632 330
808 1632 173
1129 1632 292
1225 1632 325
1294 1632 138
1159 1633 301
338 1634 117
523 1634 324
826 1634 251
1111 1634 219
318 1635 309
325 1635 314
1251 1635 217
1331 1635 171
1026 1636 244
1506 1636 912
770 1637 355
1055 1637 206
268 1638 235
1000 1638 719
347 1639 343
42 1640 343
272 1640 197
656 1641 284
1574 1641 167
1029 1642 265
99 1643 245
313 1643 182
917 1643 116
912 1644 253
971 1645 219
1570 1645 989
964 1646 118
253 1647 134
1384 1647 373
589 1648 352
1381 1648 424
303 1649 202
499 1649 233
758 1650 276
834 1650 266
899 1650 266
1270 1650 148
112 1651 265
226 1651 102
525 1651 214
963 1651 181
238 1652 272
1049 1652 185
1650 1652 227
63 1653 486
165 1653 286
230 1653 247
410 1653 300
579 1653 296
637 1653 318
909 1653 896
1543 1653 136
246 1654 356
765 1654 364
462 1655 187
918 1655 171
858 1656 749
1309 1656 109
49 1657 313
1621 1657 179
250 1658 235
1173 1658 173
1531 1658 753
431 1659 114
944 1659 474
6 1660 128
1561 1660 235
1578 1660 154
844 1661 166
1162 1661 296
382 1662 112
538 1662 177
814 1662 329
315 1663 252
1243 1664 291
1280 1664 250
999 1665 268
1146 1665 283
1295 1665 199
894 1666 263
948 1666 104
288 1667 658
854 1667 175
1495 1667 913
578 1668 178
1361 1668 910
268 1669 176
651 1669 295
875 1669 226
1247 1669 234
1638 1669 149
126 1670 111
476 1670 202
501 1671 333
652 1671 313
1092 1671 374
1131 1671 175
1598 1671 243
953 1672 253
1246 1672 170
1019 1673 592
1425 1673 313
217 1674 306
400 1674 319
1340 1674 208
1373 1674 169
88 1675 889
271 1675 240
402 1675 302
894 1675 122
1346 1675 147
344 1677 109
36 1678 338
456 1678 214
461 1678 154
63 1679 116
909 1679 300
1042 1679 566
1238 1679 371
1213 1680 254
1320 1680 244
50 1681 236
732 1681 319
1029 1681 310
1274 1681 229
17 1682 144
222 1682 231
892 1682 299
1410 1682 100
1416 1682 146
936 1683 113
1204 1684 257
186 1685 717
1233 1685 909
980 1686 162
1069 1686 257
1175 1686 316
628 1687 287
706 1687 107
1279 1687 160
446 1688 302
1318 1688 139
946 1689 316
965 1689 200
1139 1689 240
61 1690 241
236 1690 138
1460 1690 222
470 1691 232
1299 1691 130
1161 1692 119
1254 1692 222
1678 1692 205
966 1693 248
468 1694 200
580 1694 128
705 1694 408
980 1695 218
1487 1695 326
1599 1695 220
695 1696 240
817 1696 124
279 1697 189
985 1697 193
1653 1697 545
217 1698 189
632 1698 239
657 1698 154
171 1699 257
1582 1699 230
900 1700 168
232 1701 118
554 1701 345
696 1702 629
1313 1702 239
759 1703 107
1666 1704 329
208 1705 249
819 1705 206
920 1706 281
1076 1706 330
820 1707 349
1526 1707 276
386 1708 155
442 1708 190
701 1708 869
743 1708 189
938 1708 161
986 1708 163
1303 1708 105
1622 1708 140
169 1709 211
200 1709 153
1012 1709 101
146 1710 631
517 1710 637
777 1710 829
864 1710 237
130 1711 111
193 1711 189
794 1712 185
831 1712 128
1528 1712 179
473 1713 217
850 1713 191
684 1714 302
394 1715 172
1140 1715 257
428 1716 226
745 1716 260
853 1716 103
1367 1716 213
678 1717 698
790 1717 211
1622 1717 590
924 1718 377
1602 1718 239
332 1719 250
407 1719 244
941 1719 151
529 1720 204
727 1720 350
700 1721 241
405 1722 110
890 1722 304
209 1723 109
308 1723 164
1248 1724 264
354 1725 115
436 1725 152
605 1725 102
98 1726 311
601 1726 325
1510 1726 219
1322 1727 962
1413 1727 210
1333 1728 253
1539 1728 278
1016 1729 236
1276 1729 359
1322 1729 170
1578 1729 138
44 1730 158
596 1730 182
647 1730 173
834 1730 144
846 1730 193
1277 1730 119
994 1731 126
1210 1731 489
1639 1731 224
917 1732 132
1329 1732 226
1372 1732 208
1456 1732 243
118 1733 140
608 1733 191
1186 1733 309
961 1734 113
1639 1734 155
1484 1735 322
1714 1735 447
243 1736 295
643 1736 249
1034 1736 374
177 1737 119
362 1737 919
35 1738 250
643 1738 211
710 1738 277
1594 1738 171
146 1739 225
864 1739 282
118 1740 537
182 1740 208
411 1740 180
553 1740 249
608 1740 141
804 1740 160
1154 1740 121
309 1741 730
1520 1741 173
121 1742 126
1335 1742 208
336 1743 218
394 1743 150
862 1743 280
124 1744 105
388 1744 173
1624 1744 338
658 1745 188
722 1745 175
1467 1745 194
116 1746 237
726 1746 974
952 1746 264
1047 1746 219
1149 1746 334
1328 1746 207
1592 1746 188
27 1747 287
142 1747 257
289 1747 392
1125 1747 618
1180 1747 236
1518 1747 298
612 1748 111
1117 1748 308
1504 1748 161
385 1749 138
547 1750 225
1494 1750 269
120 1751 274
936 1751 214
509 1752 182
1053 1752 191
649 1753 165
935 1753 319
43 1754 290
119 1754 174
1607 1754 189
356 1755 216
1446 1755 116
1713 1755 172
1453 1756 787
1499 1756 171
290 1757 244
1612 1757 954
33 1758 124
816 1758 806
862 1758 535
980 1758 260
1286 1758 316
1725 1758 117
492 1759 265
886 1759 140
75 1760 208
327 1760 253
375 1760 292
604 1760 180
848 1760 237
1579 1760 232
612 1761 171
665 1761 652
893 1761 187
1054 1762 200
1544 1762 139
1757 1762 327
385 1763 319
1284 1763 822
1531 1763 151
257 1764 111
738 1764 212
1036 1764 155
1357 1764 249
1460 1764 244
1552 1764 248
1617 1764 162
444 1765 112
1055 1765 183
1527 1765 269
127 1766 364
550 1766 325
573 1766 153
1577 1766 207
638 1767 353
1108 1767 389
250 1768 191
669 1768 160
1663 1768 220
1235 1769 121
1495 1769 185
1623 1769 167
522 1770 342
683 1770 854
853 1770 220
1061 1770 194
1235 1770 116
1305 1770 241
76 1771 249
270 1771 313
1027 1771 169
1194 1771 261
528 1772 345
331 1773 104
499 1773 146
849 1773 362
940 1773 232
1066 1773 254
1463 1773 149
941 1774 244
1772 1774 138
55 1775 115
152 1775 217
429 1775 237
501 1775 173
557 1775 327
1347 1775 201
1509 1775 540
381 1776 271
1109 1776 103
263 1777 110
1547 1777 193
1475 1778 386
1775 1778 109
1086 1779 127
1302 1779 254
348 1780 385
884 1780 127
1676 1780 262
994 1781 134
1711 1781 325
120 1782 254
146 1782 241
545 1782 219
607 1782 137
917 1782 268
1483 1782 179
1581 1782 327
1732 1782 354
129 1783 249
166 1783 216
301 1783 264
755 1783 145
200 1784 169
581 1784 110
1023 1784 689
633 1785 181
1141 1785 122
163 1786 133
489 1786 261
807 1786 386
1580 1786 248
510 1787 309
845 1787 196
1722 1787 297
502 1788 139
643 1788 279
1516 1788 597
643 1789 152
1516 1789 951
151 1790 325
233 1790 180
477 1790 231
582 1790 143
593 1790 116
1045 1790 205
533 1791 217
652 1791 356
7 1792 205
188 1792 271
1558 1792 116
1589 1792 258
1662 1792 210
95 1793 245
1367 1793 331
1725 1793 263
523 1794 239
554 1794 150
1281 1794 183
1373 1794 187
373 1795 193
854 1795 157
892 1795 255
1211 1795 216
1359 1795 307
1375 1795 242
1495 1795 247
392 1796 285
459 1796 238
1520 1796 156
66 1797 192
216 1797 156
992 1797 218
1026 1797 203
1226 1797 214
1451 1797 187
1521 1797 803
356 1798 148
1446 1798 137
606 1799 581
1633 1799 124
427 1800 858
791 1800 274
1272 1800 312
428 1801 134
1021 1801 280
1377 1801 249
1788 1801 860
1367 1802 187
1377 1802 213
1562 1802 143
385 1803 213
1631 1803 246
1749 1803 193
193 1804 215
871 1804 280
1448 1804 890
216 1805 235
519 1805 261
1253 1805 253
1285 1805 227
1476 1805 154
753 1806 171
1379 1806 133
256 1807 233
970 1807 196
1127 1807 242
1243 1807 836
1280 1807 246
1353 1807 148
764 1808 465
902 1808 307
956 1808 235
1131 1808 303
1468 1808 158
1671 1808 228
86 1809 980
256 1809 182
741 1809 181
1127 1809 191
1280 1809 174
1331 1809 311
1353 1809 122
1807 1809 315
80 1810 332
714 1810 116
1059 1810 119
1693 1810 275
270 1811 179
390 1811 231
1027 1811 236
553 1812 768
1154 1812 100
626 1813 216
704 1813 274
1646 1813 123
265 1814 239
877 1814 224
31 1815 351
102 1815 416
494 1815 132
1114 1815 285
305 1816 154
1050 1816 257
555 1817 690
1246 1817 290
460 1818 151
690 1818 133
1283 1818 207
1387 1818 119
83 1819 186
1654 1819 832
21 1820 217
617 1820 229
1216 1820 343
345 1821 117
582 1821 641
1790 1821 115
28 1822 257
481 1822 117
1007 1822 196
103 1823 896
150 1823 347
204 1823 229
464 1823 166
386 1824 197
678 1824 160
743 1824 134
986 1824 174
1131 1825 309
1468 1825 173
1508 1825 218
1598 1825 265
39 1826 317
441 1826 228
464 1826 442
768 1826 242
1364 1826 104
282 1827 133
1391 1827 246
43 1828 183
153 1829 251
896 1829 124
1248 1829 141
442 1830 793
678 1830 138
1421 1830 284
1824 1830 370
384 1831 134
1549 1831 275
1050 1832 211
1166 1832 288
1355 1833 148
130 1834 184
1044 1834 214
115 1835 120
993 1835 222
1013 1835 281
1441 1835 198
258 1836 247
638 1836 186
1200 1836 282
1446 1836 272
323 1837 300
1544 1837 268
1612 1837 153
1757 1837 245
1096 1838 211
1141 1838 319
145 1839 165
282 1839 205
497 1839 131
692 1839 233
916 1839 218
951 1839 139
1257 1839 168
1260 1840 157
593 1841 294
947 1841 153
523 1842 263
908 1842 159
1634 1842 159
1537 1843 227
1703 1843 211
214 1844 108
1082 1844 288
1111 1844 261
1634 1844 208
760 1845 100
1225 1845 190
1484 1845 223
588 1846 165
1476 1846 124
566 1847 320
1636 1847 148
178 1848 925
1772 1848 172
1427 1849 603
196 1850 299
1164 1850 300
1216 1850 256
1461 1851 278
1605 1851 219
262 1852 219
360 1852 234
1796 1852 348
661 1853 953
1253 1853 571
1366 1853 347
1846 1853 267
259 1854 216
1142 1854 214
1367 1854 137
1377 1854 286
1625 1854 173
1716 1854 245
1793 1854 261
1801 1854 204
243 1855 317
765 1855 239
1516 1855 205
177 1856 196
983 1856 815
1572 1856 210
313 1857 259
1376 1857 176
219 1858 165
1020 1858 152
1069 1858 313
168 1859 616
239 1859 202
561 1860 145
608 1860 862
804 1860 152
1380 1860 187
620 1861 164
1127 1861 175
111 1862 231
1046 1862 286
1340 1862 218
1698 1862 224
1060 1863 180
1692 1863 129
1851 1863 135
318 1864 204
1420 1864 190
1532 1864 330
79 1865 208
1466 1865 667
1196 1866 322
1304 1866 191
361 1867 743
1341 1867 126
1747 1867 843
1024 1868 179
1428 1868 221
745 1869 234
1474 1869 248
1716 1869 840
968 1870 234
1157 1870 301
1332 1870 160
55 1871 724
517 1871 242
1214 1871 270
1732 1871 183
1775 1871 359
283 1872 257
409 1872 182
896 1872 106
1316 1872 154
1392 1872 174
1622 1873 709
1717 1873 640
61 1874 293
250 1874 278
251 1874 175
605 1874 266
1840 1874 385
494 1875 239
660 1875 136
774 1875 229
1423 1875 911
1536 1875 398
1626 1875 180
161 1876 288
613 1876 154
840 1876 195
962 1876 129
186 1877 256
618 1877 281
793 1877 298
1030 1877 256
1481 1877 330
1502 1877 320
239 1878 161
627 1878 366
860 1878 125
1213 1878 802
1088 1879 166
1354 1879 206
186 1880 356
709 1880 193
1013 1880 155
1030 1880 260
1150 1880 640
1233 1880 210
1481 1880 315
1565 1880 257
1804 1880 295
614 1881 271
755 1881 293
775 1881 174
788 1881 224
1123 1882 230
1397 1882 269
337 1883 222
672 1883 866
1248 1883 335
1316 1883 221
1724 1883 159
1829 1883 221
1872 1883 223
940 1884 374
1482 1884 139
71 1885 188
273 1885 157
681 1885 159
856 1885 213
1147 1885 212
1524 1885 470
114 1886 194
1049 1886 647
1611 1886 158
787 1887 353
1617 1887 731
1072 1888 175
1684 1888 197
351 1889 373
1630 1889 208
1793 1889 129
65 1890 249
237 1890 268
700 1890 145
88 1891 114
894 1891 156
1311 1891 115
1704 1891 221
278 1892 281
910 1892 137
1041 1893 206
1629 1893 123
892 1894 330
962 1894 320
1623 1894 257
354 1895 252
436 1895 218
1061 1895 129
788 1896 192
989 1896 259
1723 1896 167
1422 1897 176
1871 1897 175
1122 1898 247
1187 1898 168
787 1899 244
1396 1899 244
1617 1899 423
1725 1899 124
696 1900 111
1774 1900 185
423 1901 199
641 1901 239
697 1901 168
744 1902 164
1683 1902 430
461 1903 265
976 1903 164
1605 1903 501
1863 1903 958
288 1904 169
537 1904 273
1613 1904 149
1793 1904 237
106 1905 327
263 1905 167
413 1905 236
241 1906 330
357 1906 200
406 1906 878
750 1906 235
1029 1906 344
1411 1906 231
1642 1906 270
324 1907 121
769 1908 198
1129 1908 190
478 1909 153
1844 1909 135
1046 1910 227
1340 1910 686
27 1911 246
1747 1911 192
1191 1912 238
1677 1912 127
894 1913 251
948 1913 162
650 1914 159
1288 1914 179
1682 1914 263
29 1915 158
83 1915 384
1019 1915 692
1400 1915 938
438 1916 616
1393 1916 214
1511 1917 213
1836 1917 716
549 1918 306
983 1918 162
1463 1918 186
1604 1918 362
1773 1918 155
1884 1918 250
412 1919 142
872 1919 297
453 1920 174
1410 1920 181
1795 1920 239
548 1921 276
1242 1921 138
1410 1921 967
50 1922 209
1274 1922 218
237 1923 200
493 1923 253
700 1923 238
1192 1923 282
1550 1923 168
1721 1923 157
1792 1923 204
1493 1924 287
1821 1924 266
565 1925 286
585 1925 158
918 1925 156
1273 1926 309
1592 1926 290
1631 1926 116
569 1927 298
1264 1927 731
1607 1927 129
1752 1927 105
346 1928 220
347 1928 141
732 1928 314
765 1928 262
1228 1928 122
1411 1928 374
373 1929 169
1244 1929 534
1360 1929 120
1786 1929 154
1795 1929 584
275 1930 202
713 1930 885
523 1931 238
1178 1931 246
1323 1931 175
1634 1931 874
1909 1931 376
32 1932 292
92 1932 368
1837 1932 197
512 1933 119
999 1933 202
1778 1933 359
257 1934 190
1899 1934 199
512 1935 313
517 1935 164
855 1935 754
1040 1936 222
1390 1936 169
1907 1936 163
211 1937 312
1078 1937 305
184 1938 340
255 1938 129
903 1939 177
1025 1939 541
291 1940 160
1189 1940 235
1441 1940 192
1712 1940 127
1833 1940 261
123 1941 130
476 1941 864
542 1941 155
635 1941 193
898 1941 223
1018 1941 227
1027 1941 166
1771 1941 268
125 1942 590
414 1942 119
1024 1942 204
1344 1942 121
1436 1943 268
41 1944 247
1521 1944 260
1649 1944 104
1797 1944 254
188 1945 287
321 1945 793
422 1945 333
581 1945 350
32 1946 174
1054 1946 917
1612 1946 210
1762 1946 604
55 1947 698
429 1947 218
512 1947 300
557 1947 229
1422 1947 304
1935 1947 286
6 1948 174
391 1948 202
574 1948 122
987 1948 146
1177 1948 327
632 1949 306
1340 1949 252
1345 1949 200
400 1950 889
1046 1950 110
1340 1950 211
129 1951 336
301 1951 136
399 1951 272
788 1951 114
371 1952 151
1519 1952 246
1540 1952 117
237 1953 264
521 1953 186
1025 1953 194
1237 1953 151
1923 1953 211
1442 1954 161
1526 1954 222
1593 1954 978
1642 1954 304
220 1955 197
299 1955 145
330 1955 172
1009 1955 250
1332 1955 213
288 1956 329
621 1956 308
717 1956 240
317 1957 127
977 1957 175
1039 1957 329
1182 1958 922
1790 1958 327
325 1959 174
620 1959 289
1406 1959 116
68 1960 570
83 1960 359
315 1960 207
1700 1960 134
458 1961 462
569 1961 971
966 1961 189
1264 1961 262
1693 1961 228
489 1962 164
1114 1962 129
1526 1962 276
1695 1962 145
931 1963 236
1490 1963 234
1509 1963 165
271 1964 103
580 1964 356
1356 1964 232
461 1965 302
1161 1965 115
85 1966 303
747 1966 210
1374 1966 332
1451 1966 342
543 1967 215
1577 1967 233
1505 1968 233
1676 1968 265
1607 1969 152
1693 1969 171
1754 1969 139
1828 1969 206
609 1970 353
1159 1970 208
857 1971 162
943 1971 308
973 1971 116
1521 1971 760
1797 1971 952
541 1972 312
1842 1972 369
792 1973 206
1074 1973 263
521 1974 196
1160 1974 172
1272 1975 845
1308 1975 226
1839 1976 306
1142 1977 138
1377 1977 237
1386 1977 249
1850 1977 195
587 1978 157
986 1978 323
1824 1978 837
418 1979 229
1867 1979 101
639 1980 268
1285 1980 326
1805 1980 266
661 1981 190
1285 1981 157
1366 1981 281
1805 1981 124
140 1982 338
773 1982 835
1042 1982 148
98 1983 132
326 1983 128
779 1983 241
307 1984 458
540 1984 232
680 1984 150
828 1984 325
1039 1984 173
39 1985 140
978 1985 243
1244 1985 130
1364 1985 258
74 1986 172
926 1986 324
286 1987 122
864 1987 142
917 1987 340
1483 1987 156
1581 1987 226
1710 1987 101
89 1988 158
722 1988 245
306 1989 193
878 1989 342
1175 1989 199
357 1990 229
1029 1990 181
1736 1991 314
1789 1991 369
912 1992 182
1036 1992 832
1644 1992 254
723 1993 342
1005 1993 271
242 1994 741
591 1994 273
846 1994 316
1245 1994 212
761 1995 333
978 1995 259
1138 1995 331
1471 1995 274
1769 1995 198
514 1996 253
752 1996 323
1046 1996 151
1082 1996 298
1340 1996 150
742 1997 237
1849 1997 611
523 1998 148
908 1998 214
1943 1998 142
222 1999 247
373 1999 203
1786 1999 120
266 2000 276
916 2000 133
951 2000 285
1087 2000 190
1391 2000 155
1976 2000 339
