1
0
1
1
1000000
0
0
0
0
1
11 13 1000
12 14 1000
4 15 1000
10 16 1000
11 17 1000
13 17 1000
5 19 1000
1 21 1000
12 21 1000
18 21 1000
4 22 1000
15 22 1000
19 23 1000
1 25 1000
14 25 1000
21 25 1000
7 27 1000
5 28 1000
24 28 1000
3 29 1000
19 29 1000
22 29 1000
1 30 1000
6 31 1000
1 33 1000
25 33 1000
6 34 1000
31 34 1000
3 36 1000
11 36 1000
13 36 1000
3 38 1000
22 38 1000
7 39 1000
6 40 1000
31 40 1000
1 41 1000
18 41 1000
21 41 1000
25 41 1000
30 41 1000
33 41 1000
9 42 1000
9 43 1000
33 43 1000
42 43 1000
34 45 1000
32 46 1000
9 47 1000
42 47 1000
43 47 1000
6 48 1000
16 48 1000
14 49 1000
18 49 1000
3 50 1000
15 50 1000
29 50 1000
36 50 1000
38 50 1000
2 51 1000
20 51 1000
26 51 1000
46 51 1000
18 52 1000
30 52 1000
37 53 1000
35 55 1000
45 55 1000
1 56 1000
14 56 1000
25 56 1000
1 57 1000
14 57 1000
33 57 1000
6 58 1000
10 58 1000
16 58 1000
48 58 1000
5 59 1000
22 59 1000
35 59 1000
44 59 1000
55 59 1000
14 60 1000
25 60 1000
12 61 1000
3 62 1000
17 62 1000
36 62 1000
38 62 1000
12 63 1000
14 63 1000
49 63 1000
57 63 1000
60 63 1000
4 64 1000
15 64 1000
6 65 1000
34 65 1000
40 65 1000
45 65 1000
47 65 1000
55 65 1000
21 66 1000
27 66 1000
21 67 1000
25 67 1000
37 68 1000
53 68 1000
18 69 1000
39 69 1000
52 69 1000
1 70 1000
21 70 1000
25 70 1000
41 70 1000
66 71 1000
67 71 1000
4 72 1000
15 72 1000
22 72 1000
29 72 1000
44 72 1000
50 72 1000
64 72 1000
3 73 1000
15 73 1000
36 73 1000
38 73 1000
50 73 1000
62 73 1000
19 75 1000
23 75 1000
30 76 1000
52 76 1000
69 76 1000
14 77 1000
33 77 1000
57 77 1000
37 78 1000
53 78 1000
68 78 1000
17 80 1000
7 81 1000
27 81 1000
4 82 1000
64 82 1000
65 82 1000
18 83 1000
60 83 1000
70 84 1000
80 85 1000
18 86 1000
21 86 1000
30 86 1000
52 86 1000
12 87 1000
14 87 1000
49 87 1000
60 87 1000
63 87 1000
7 88 1000
27 88 1000
39 88 1000
69 88 1000
81 88 1000
30 89 1000
52 89 1000
69 89 1000
86 89 1000
8 90 1000
24 90 1000
28 90 1000
37 91 1000
53 91 1000
68 91 1000
78 91 1000
56 92 1000
70 92 1000
1 93 1000
66 93 1000
81 93 1000
88 93 1000
12 94 1000
42 94 1000
61 94 1000
20 95 1000
79 95 1000
21 96 1000
25 96 1000
30 96 1000
52 96 1000
60 96 1000
86 96 1000
89 96 1000
21 97 1000
25 97 1000
67 97 1000
70 97 1000
4 98 1000
47 98 1000
82 98 1000
1 99 1000
66 99 1000
77 99 1000
93 99 1000
25 100 1000
41 100 1000
56 100 1000
79 100 1000
92 100 1000
14 101 1000
49 101 1000
60 101 1000
63 101 1000
87 101 1000
9 102 1000
31 102 1000
34 102 1000
40 102 1000
45 102 1000
47 102 1000
55 102 1000
65 102 1000
20 103 1000
51 103 1000
95 103 1000
6 104 1000
31 104 1000
48 104 1000
58 104 1000
102 104 1000
33 105 1000
43 105 1000
47 105 1000
77 105 1000
6 106 1000
10 106 1000
31 106 1000
58 106 1000
3 107 1000
22 107 1000
44 107 1000
59 107 1000
14 108 1000
61 108 1000
94 108 1000
35 109 1000
80 109 1000
85 109 1000
18 110 1000
21 110 1000
83 110 1000
24 111 1000
7 112 1000
9 112 1000
18 112 1000
42 112 1000
47 112 1000
69 112 1000
105 112 1000
21 113 1000
67 113 1000
97 113 1000
26 114 1000
32 114 1000
2 115 1000
46 115 1000
78 116 1000
91 116 1000
65 117 1000
82 117 1000
98 117 1000
13 118 1000
55 118 1000
80 118 1000
85 118 1000
90 118 1000
36 119 1000
62 119 1000
73 119 1000
19 120 1000
23 120 1000
75 120 1000
106 120 1000
18 121 1000
83 121 1000
110 121 1000
21 122 1000
25 122 1000
27 122 1000
41 122 1000
66 122 1000
71 122 1000
79 122 1000
88 122 1000
93 122 1000
1 123 1000
21 123 1000
25 123 1000
57 123 1000
60 123 1000
67 123 1000
70 123 1000
92 123 1000
96 123 1000
101 123 1000
110 123 1000
121 123 1000
37 124 1000
53 124 1000
68 124 1000
78 124 1000
91 124 1000
8 125 1000
28 125 1000
75 125 1000
90 125 1000
1 126 1000
21 126 1000
25 126 1000
33 126 1000
67 126 1000
70 126 1000
77 126 1000
89 126 1000
99 126 1000
105 126 1000
121 126 1000
123 126 1000
11 127 1000
13 127 1000
17 127 1000
62 127 1000
119 127 1000
35 128 1000
24 129 1000
111 129 1000
48 130 1000
111 130 1000
119 130 1000
27 131 1000
69 131 1000
76 131 1000
81 131 1000
88 131 1000
93 131 1000
122 131 1000
9 132 1000
42 132 1000
43 132 1000
45 132 1000
47 132 1000
65 132 1000
105 132 1000
1 133 1000
21 133 1000
25 133 1000
67 133 1000
71 133 1000
97 133 1000
113 133 1000
30 134 1000
33 134 1000
41 134 1000
47 134 1000
70 134 1000
77 134 1000
105 134 1000
122 134 1000
132 134 1000
19 135 1000
28 135 1000
90 135 1000
125 135 1000
35 136 1000
80 136 1000
109 136 1000
1 137 1000
21 137 1000
25 137 1000
33 137 1000
41 137 1000
66 137 1000
67 137 1000
70 137 1000
75 137 1000
83 137 1000
89 137 1000
92 137 1000
97 137 1000
105 137 1000
122 137 1000
123 137 1000
126 137 1000
21 138 1000
41 138 1000
70 138 1000
71 138 1000
75 138 1000
137 138 1000
20 139 1000
95 139 1000
103 139 1000
24 140 1000
111 140 1000
120 140 1000
12 141 1000
14 141 1000
66 141 1000
71 141 1000
79 141 1000
88 141 1000
138 141 1000
57 142 1000
71 142 1000
79 142 1000
103 142 1000
139 142 1000
21 143 1000
70 143 1000
84 143 1000
123 143 1000
137 143 1000
17 144 1000
62 144 1000
104 144 1000
119 144 1000
130 144 1000
37 145 1000
54 145 1000
74 145 1000
78 145 1000
116 145 1000
124 145 1000
109 146 1000
125 146 1000
128 146 1000
136 146 1000
7 147 1000
27 147 1000
39 147 1000
81 147 1000
88 147 1000
122 147 1000
131 147 1000
32 148 1000
46 148 1000
51 148 1000
114 148 1000
16 149 1000
31 149 1000
48 149 1000
58 149 1000
104 149 1000
9 150 1000
12 150 1000
21 150 1000
33 150 1000
42 150 1000
47 150 1000
77 150 1000
105 150 1000
132 150 1000
134 150 1000
5 151 1000
71 151 1000
75 151 1000
137 151 1000
138 151 1000
45 152 1000
65 152 1000
82 152 1000
98 152 1000
117 152 1000
14 153 1000
57 153 1000
71 153 1000
93 153 1000
99 153 1000
126 153 1000
141 153 1000
15 154 1000
22 154 1000
29 154 1000
72 154 1000
73 154 1000
37 155 1000
53 155 1000
68 155 1000
78 155 1000
91 155 1000
124 155 1000
24 156 1000
28 156 1000
90 156 1000
106 156 1000
111 156 1000
135 156 1000
140 156 1000
1 157 1000
33 157 1000
56 157 1000
92 157 1000
93 157 1000
100 157 1000
126 157 1000
137 157 1000
141 157 1000
142 157 1000
5 158 1000
15 158 1000
22 158 1000
29 158 1000
38 158 1000
44 158 1000
59 158 1000
72 158 1000
152 158 1000
154 158 1000
9 159 1000
33 159 1000
42 159 1000
43 159 1000
47 159 1000
65 159 1000
102 159 1000
112 159 1000
132 159 1000
134 159 1000
5 160 1000
19 160 1000
28 160 1000
44 160 1000
59 160 1000
72 160 1000
75 160 1000
37 161 1000
53 161 1000
74 161 1000
145 161 1000
6 162 1000
9 162 1000
34 162 1000
42 162 1000
45 162 1000
65 162 1000
102 162 1000
117 162 1000
149 162 1000
41 163 1000
56 163 1000
71 163 1000
79 163 1000
92 163 1000
93 163 1000
97 163 1000
100 163 1000
113 163 1000
122 163 1000
133 163 1000
141 163 1000
142 163 1000
18 164 1000
60 164 1000
83 164 1000
89 164 1000
126 164 1000
84 165 1000
126 165 1000
137 165 1000
143 165 1000
2 166 1000
32 166 1000
51 166 1000
114 166 1000
60 167 1000
70 167 1000
83 167 1000
110 167 1000
121 167 1000
137 167 1000
164 167 1000
7 168 1000
39 168 1000
52 168 1000
69 168 1000
76 168 1000
86 168 1000
1 170 1000
18 170 1000
41 170 1000
52 170 1000
83 170 1000
110 170 1000
121 170 1000
167 170 1000
1 171 1000
25 171 1000
66 171 1000
93 171 1000
96 171 1000
99 171 1000
122 171 1000
123 171 1000
131 171 1000
141 171 1000
147 171 1000
4 172 1000
22 172 1000
29 172 1000
34 172 1000
64 172 1000
72 172 1000
154 172 1000
36 173 1000
38 173 1000
62 173 1000
73 173 1000
119 173 1000
130 173 1000
37 174 1000
78 174 1000
91 174 1000
116 174 1000
124 174 1000
155 174 1000
161 174 1000
25 175 1000
39 175 1000
52 175 1000
60 175 1000
86 175 1000
89 175 1000
96 175 1000
126 175 1000
164 175 1000
1 176 1000
18 176 1000
33 176 1000
41 176 1000
60 176 1000
96 176 1000
112 176 1000
164 176 1000
170 176 1000
14 177 1000
49 177 1000
57 177 1000
63 177 1000
79 177 1000
87 177 1000
163 177 1000
8 178 1000
109 178 1000
127 178 1000
128 178 1000
136 178 1000
146 178 1000
3 179 1000
36 179 1000
50 179 1000
62 179 1000
119 179 1000
144 179 1000
173 179 1000
11 180 1000
13 180 1000
17 180 1000
119 180 1000
127 180 1000
61 181 1000
112 181 1000
8 182 1000
11 182 1000
17 182 1000
80 182 1000
109 182 1000
118 182 1000
146 182 1000
24 183 1000
28 183 1000
90 183 1000
120 183 1000
140 183 1000
156 183 1000
10 184 1000
16 184 1000
34 184 1000
40 184 1000
149 184 1000
11 185 1000
80 185 1000
118 185 1000
136 185 1000
146 185 1000
179 185 1000
180 185 1000
182 185 1000
7 186 1000
27 186 1000
42 186 1000
66 186 1000
76 186 1000
81 186 1000
88 186 1000
131 186 1000
147 186 1000
16 187 1000
31 187 1000
40 187 1000
48 187 1000
104 187 1000
130 187 1000
144 187 1000
149 187 1000
8 188 1000
28 188 1000
85 188 1000
90 188 1000
109 188 1000
118 188 1000
146 188 1000
182 188 1000
5 189 1000
15 189 1000
22 189 1000
44 189 1000
59 189 1000
107 189 1000
1 190 1000
5 190 1000
19 190 1000
28 190 1000
75 190 1000
85 190 1000
107 190 1000
151 190 1000
160 190 1000
3 191 1000
15 191 1000
29 191 1000
38 191 1000
50 191 1000
73 191 1000
119 191 1000
154 191 1000
158 191 1000
173 191 1000
12 192 1000
14 192 1000
21 192 1000
41 192 1000
43 192 1000
49 192 1000
57 192 1000
61 192 1000
126 192 1000
141 192 1000
27 193 1000
66 193 1000
71 193 1000
88 193 1000
93 193 1000
99 193 1000
122 193 1000
141 193 1000
147 193 1000
163 193 1000
171 193 1000
20 194 1000
56 194 1000
103 194 1000
123 194 1000
142 194 1000
143 194 1000
165 194 1000
78 195 1000
116 195 1000
169 195 1000
174 195 1000
12 196 1000
27 196 1000
70 196 1000
71 196 1000
79 196 1000
87 196 1000
92 196 1000
97 196 1000
100 196 1000
138 196 1000
141 196 1000
153 196 1000
163 196 1000
91 197 1000
174 197 1000
67 198 1000
71 198 1000
123 198 1000
142 198 1000
153 198 1000
163 198 1000
194 198 1000
196 198 1000
10 199 1000
16 199 1000
106 199 1000
70 200 1000
79 200 1000
84 200 1000
137 200 1000
143 200 1000
165 200 1000
196 200 1000
1 201 1000
25 201 1000
41 201 1000
70 201 1000
79 201 1000
84 201 1000
137 201 1000
142 201 1000
165 201 1000
200 201 1000
30 202 1000
39 202 1000
52 202 1000
60 202 1000
69 202 1000
76 202 1000
86 202 1000
89 202 1000
96 202 1000
175 202 1000
10 203 1000
48 203 1000
106 203 1000
120 203 1000
149 203 1000
33 204 1000
43 204 1000
47 204 1000
77 204 1000
105 204 1000
123 204 1000
134 204 1000
137 204 1000
150 204 1000
192 204 1000
8 205 1000
28 205 1000
80 205 1000
85 205 1000
135 205 1000
136 205 1000
182 205 1000
188 205 1000
24 206 1000
90 206 1000
111 206 1000
129 206 1000
144 206 1000
156 206 1000
183 206 1000
6 207 1000
31 207 1000
34 207 1000
48 207 1000
58 207 1000
65 207 1000
102 207 1000
106 207 1000
130 207 1000
184 207 1000
187 207 1000
203 207 1000
24 208 1000
120 208 1000
183 208 1000
27 209 1000
66 209 1000
70 209 1000
88 209 1000
97 209 1000
99 209 1000
122 209 1000
123 209 1000
131 209 1000
163 209 1000
171 209 1000
193 209 1000
196 209 1000
9 210 1000
12 210 1000
33 210 1000
70 210 1000
77 210 1000
134 210 1000
150 210 1000
204 210 1000
3 211 1000
15 211 1000
22 211 1000
36 211 1000
38 211 1000
50 211 1000
73 211 1000
154 211 1000
173 211 1000
191 211 1000
49 212 1000
63 212 1000
87 212 1000
89 212 1000
101 212 1000
137 212 1000
177 212 1000
18 213 1000
21 213 1000
41 213 1000
84 213 1000
105 213 1000
123 213 1000
143 213 1000
165 213 1000
200 213 1000
201 213 1000
12 214 1000
18 214 1000
49 214 1000
63 214 1000
87 214 1000
101 214 1000
105 214 1000
164 214 1000
176 214 1000
177 214 1000
212 214 1000
1 215 1000
7 215 1000
21 215 1000
66 215 1000
71 215 1000
81 215 1000
93 215 1000
99 215 1000
122 215 1000
123 215 1000
131 215 1000
153 215 1000
163 215 1000
171 215 1000
193 215 1000
209 215 1000
20 216 1000
95 216 1000
103 216 1000
139 216 1000
194 216 1000
23 217 1000
140 217 1000
156 217 1000
190 217 1000
208 217 1000
1 218 1000
12 218 1000
14 218 1000
57 218 1000
77 218 1000
101 218 1000
123 218 1000
126 218 1000
137 218 1000
153 218 1000
165 218 1000
181 218 1000
192 218 1000
196 218 1000
16 219 1000
119 219 1000
129 219 1000
130 219 1000
144 219 1000
187 219 1000
12 220 1000
18 220 1000
21 220 1000
25 220 1000
41 220 1000
42 220 1000
49 220 1000
52 220 1000
60 220 1000
83 220 1000
110 220 1000
112 220 1000
121 220 1000
150 220 1000
164 220 1000
167 220 1000
170 220 1000
214 220 1000
57 221 1000
61 221 1000
94 221 1000
108 221 1000
142 221 1000
181 221 1000
25 222 1000
84 222 1000
126 222 1000
143 222 1000
165 222 1000
200 222 1000
201 222 1000
213 222 1000
1 223 1000
12 223 1000
14 223 1000
57 223 1000
77 223 1000
101 223 1000
123 223 1000
126 223 1000
137 223 1000
194 223 1000
198 223 1000
214 223 1000
218 223 1000
221 223 1000
29 224 1000
44 224 1000
59 224 1000
75 224 1000
107 224 1000
154 224 1000
160 224 1000
189 224 1000
190 224 1000
18 225 1000
47 225 1000
79 225 1000
81 225 1000
88 225 1000
108 225 1000
112 225 1000
131 225 1000
132 225 1000
147 225 1000
176 225 1000
177 225 1000
186 225 1000
221 225 1000
40 226 1000
45 226 1000
47 226 1000
65 226 1000
98 226 1000
102 226 1000
128 226 1000
162 226 1000
169 227 1000
195 227 1000
4 228 1000
15 228 1000
64 228 1000
72 228 1000
98 228 1000
117 228 1000
172 228 1000
39 229 1000
52 229 1000
69 229 1000
76 229 1000
168 229 1000
175 229 1000
67 230 1000
71 230 1000
97 230 1000
113 230 1000
123 230 1000
126 230 1000
133 230 1000
198 230 1000
6 231 1000
10 231 1000
31 231 1000
34 231 1000
40 231 1000
45 231 1000
58 231 1000
149 231 1000
162 231 1000
184 231 1000
203 231 1000
207 231 1000
217 231 1000
10 232 1000
16 232 1000
23 232 1000
120 232 1000
140 232 1000
203 232 1000
208 232 1000
217 232 1000
49 233 1000
57 233 1000
79 233 1000
88 233 1000
139 233 1000
141 233 1000
142 233 1000
157 233 1000
192 233 1000
10 234 1000
23 234 1000
104 234 1000
106 234 1000
120 234 1000
184 234 1000
187 234 1000
199 234 1000
203 234 1000
4 235 1000
22 235 1000
38 235 1000
64 235 1000
152 235 1000
154 235 1000
172 235 1000
189 235 1000
228 235 1000
71 236 1000
79 236 1000
95 236 1000
103 236 1000
112 236 1000
142 236 1000
143 236 1000
192 236 1000
194 236 1000
198 236 1000
213 236 1000
214 236 1000
233 236 1000
7 237 1000
30 237 1000
39 237 1000
69 237 1000
76 237 1000
86 237 1000
88 237 1000
96 237 1000
147 237 1000
168 237 1000
229 237 1000
18 238 1000
47 238 1000
79 238 1000
112 238 1000
131 238 1000
132 238 1000
159 238 1000
176 238 1000
225 238 1000
8 239 1000
13 239 1000
17 239 1000
80 239 1000
109 239 1000
118 239 1000
178 239 1000
180 239 1000
182 239 1000
205 239 1000
25 240 1000
41 240 1000
67 240 1000
97 240 1000
113 240 1000
122 240 1000
133 240 1000
163 240 1000
196 240 1000
230 240 1000
6 241 1000
10 241 1000
16 241 1000
48 241 1000
58 241 1000
104 241 1000
149 241 1000
187 241 1000
206 241 1000
208 241 1000
234 241 1000
14 242 1000
61 242 1000
94 242 1000
108 242 1000
181 242 1000
221 242 1000
225 242 1000
4 243 1000
22 243 1000
29 243 1000
59 243 1000
64 243 1000
72 243 1000
82 243 1000
117 243 1000
152 243 1000
158 243 1000
172 243 1000
228 243 1000
235 243 1000
9 244 1000
14 244 1000
21 244 1000
25 244 1000
33 244 1000
57 244 1000
70 244 1000
77 244 1000
134 244 1000
150 244 1000
192 244 1000
204 244 1000
210 244 1000
19 245 1000
23 245 1000
40 245 1000
120 245 1000
160 245 1000
190 245 1000
208 245 1000
217 245 1000
232 245 1000
234 245 1000
5 246 1000
19 246 1000
75 246 1000
107 246 1000
120 246 1000
141 246 1000
160 246 1000
189 246 1000
190 246 1000
208 246 1000
232 246 1000
14 247 1000
20 247 1000
56 247 1000
57 247 1000
60 247 1000
79 247 1000
84 247 1000
100 247 1000
139 247 1000
141 247 1000
142 247 1000
157 247 1000
165 247 1000
192 247 1000
194 247 1000
218 247 1000
222 247 1000
233 247 1000
236 247 1000
242 247 1000
244 247 1000
18 248 1000
21 248 1000
83 248 1000
110 248 1000
121 248 1000
137 248 1000
164 248 1000
167 248 1000
170 248 1000
176 248 1000
1 249 1000
33 249 1000
71 249 1000
107 249 1000
137 249 1000
138 249 1000
151 249 1000
153 249 1000
163 249 1000
190 249 1000
198 249 1000
26 250 1000
148 250 1000
23 251 1000
24 251 1000
28 251 1000
135 251 1000
140 251 1000
156 251 1000
183 251 1000
206 251 1000
245 251 1000
8 252 1000
80 252 1000
118 252 1000
127 252 1000
178 252 1000
182 252 1000
185 252 1000
239 252 1000
33 253 1000
42 253 1000
43 253 1000
47 253 1000
77 253 1000
105 253 1000
134 253 1000
150 253 1000
192 253 1000
204 253 1000
210 253 1000
244 253 1000
31 254 1000
36 254 1000
104 254 1000
129 254 1000
130 254 1000
144 254 1000
173 254 1000
206 254 1000
219 254 1000
241 254 1000
6 255 1000
16 255 1000
31 255 1000
40 255 1000
65 255 1000
102 255 1000
106 255 1000
159 255 1000
184 255 1000
199 255 1000
207 255 1000
226 255 1000
231 255 1000
241 255 1000
8 256 1000
80 256 1000
85 256 1000
90 256 1000
118 256 1000
135 256 1000
188 256 1000
205 256 1000
35 257 1000
45 257 1000
55 257 1000
128 257 1000
146 257 1000
162 257 1000
1 258 1000
14 258 1000
57 258 1000
71 258 1000
93 258 1000
138 258 1000
141 258 1000
142 258 1000
153 258 1000
157 258 1000
163 258 1000
196 258 1000
198 258 1000
215 258 1000
249 258 1000
15 259 1000
22 259 1000
29 259 1000
50 259 1000
72 259 1000
73 259 1000
107 259 1000
154 259 1000
158 259 1000
191 259 1000
224 259 1000
228 259 1000
5 260 1000
23 260 1000
120 260 1000
160 260 1000
183 260 1000
190 260 1000
199 260 1000
208 260 1000
232 260 1000
245 260 1000
251 260 1000
41 261 1000
67 261 1000
71 261 1000
97 261 1000
113 261 1000
133 261 1000
141 261 1000
196 261 1000
230 261 1000
240 261 1000
253 261 1000
25 262 1000
60 262 1000
83 262 1000
110 262 1000
121 262 1000
164 262 1000
167 262 1000
170 262 1000
176 262 1000
220 262 1000
248 262 1000
1 263 1000
18 263 1000
25 263 1000
49 263 1000
60 263 1000
83 263 1000
164 263 1000
167 263 1000
176 263 1000
202 263 1000
212 263 1000
220 263 1000
225 263 1000
238 263 1000
253 263 1000
116 264 1000
195 264 1000
3 265 1000
15 265 1000
29 265 1000
38 265 1000
50 265 1000
62 265 1000
72 265 1000
73 265 1000
191 265 1000
211 265 1000
24 266 1000
111 266 1000
120 266 1000
125 266 1000
129 266 1000
135 266 1000
140 266 1000
156 266 1000
183 266 1000
206 266 1000
208 266 1000
251 266 1000
24 267 1000
111 267 1000
129 267 1000
140 267 1000
144 267 1000
156 267 1000
206 267 1000
34 268 1000
35 268 1000
44 268 1000
55 268 1000
59 268 1000
65 268 1000
102 268 1000
128 268 1000
189 268 1000
226 268 1000
239 268 1000
257 268 1000
54 269 1000
145 269 1000
3 270 1000
11 270 1000
13 270 1000
17 270 1000
36 270 1000
50 270 1000
62 270 1000
73 270 1000
119 270 1000
173 270 1000
179 270 1000
191 270 1000
1 271 1000
56 271 1000
92 271 1000
100 271 1000
126 271 1000
153 271 1000
157 271 1000
194 271 1000
233 271 1000
236 271 1000
99 272 1000
126 272 1000
142 272 1000
153 272 1000
165 272 1000
194 272 1000
200 272 1000
213 272 1000
218 272 1000
233 272 1000
236 272 1000
247 272 1000
271 272 1000
26 273 1000
46 273 1000
51 273 1000
114 273 1000
115 273 1000
148 273 1000
1 274 1000
67 274 1000
97 274 1000
113 274 1000
133 274 1000
230 274 1000
240 274 1000
258 274 1000
261 274 1000
35 275 1000
55 275 1000
65 275 1000
102 275 1000
109 275 1000
128 275 1000
136 275 1000
146 275 1000
257 275 1000
268 275 1000
20 276 1000
95 276 1000
103 276 1000
112 276 1000
139 276 1000
142 276 1000
194 276 1000
216 276 1000
233 276 1000
236 276 1000
9 277 1000
34 277 1000
42 277 1000
43 277 1000
65 277 1000
132 277 1000
150 277 1000
159 277 1000
210 277 1000
11 278 1000
36 278 1000
58 278 1000
129 278 1000
130 278 1000
144 278 1000
187 278 1000
219 278 1000
254 278 1000
67 279 1000
97 279 1000
113 279 1000
123 279 1000
126 279 1000
133 279 1000
153 279 1000
196 279 1000
198 279 1000
230 279 1000
240 279 1000
261 279 1000
272 279 1000
274 279 1000
27 280 1000
30 280 1000
39 280 1000
69 280 1000
70 280 1000
76 280 1000
86 280 1000
89 280 1000
147 280 1000
168 280 1000
175 280 1000
186 280 1000
229 280 1000
237 280 1000
16 281 1000
31 281 1000
40 281 1000
48 281 1000
102 281 1000
162 281 1000
184 281 1000
187 281 1000
199 281 1000
203 281 1000
207 281 1000
226 281 1000
231 281 1000
234 281 1000
255 281 1000
11 282 1000
80 282 1000
85 282 1000
118 282 1000
182 282 1000
185 282 1000
205 282 1000
252 282 1000
54 283 1000
78 283 1000
116 283 1000
145 283 1000
161 283 1000
174 283 1000
195 283 1000
5 284 1000
8 284 1000
24 284 1000
75 284 1000
85 284 1000
90 284 1000
125 284 1000
140 284 1000
183 284 1000
252 284 1000
256 284 1000
24 285 1000
111 285 1000
125 285 1000
140 285 1000
156 285 1000
183 285 1000
217 285 1000
266 285 1000
284 285 1000
12 286 1000
14 286 1000
21 286 1000
66 286 1000
67 286 1000
71 286 1000
92 286 1000
113 286 1000
141 286 1000
151 286 1000
163 286 1000
196 286 1000
198 286 1000
209 286 1000
230 286 1000
236 286 1000
240 286 1000
258 286 1000
9 287 1000
47 287 1000
81 287 1000
112 287 1000
131 287 1000
132 287 1000
142 287 1000
159 287 1000
176 287 1000
181 287 1000
221 287 1000
225 287 1000
236 287 1000
238 287 1000
5 288 1000
28 288 1000
85 288 1000
90 288 1000
107 288 1000
125 288 1000
135 288 1000
183 288 1000
190 288 1000
246 288 1000
284 288 1000
36 289 1000
50 289 1000
119 289 1000
130 289 1000
173 289 1000
179 289 1000
180 289 1000
191 289 1000
211 289 1000
254 289 1000
270 289 1000
26 290 1000
32 290 1000
46 290 1000
114 290 1000
115 290 1000
166 290 1000
273 290 1000
31 291 1000
34 291 1000
82 291 1000
102 291 1000
117 291 1000
128 291 1000
162 291 1000
207 291 1000
226 291 1000
238 291 1000
257 291 1000
277 291 1000
281 291 1000
18 292 1000
27 292 1000
60 292 1000
61 292 1000
70 292 1000
83 292 1000
87 292 1000
89 292 1000
101 292 1000
110 292 1000
126 292 1000
164 292 1000
167 292 1000
220 292 1000
263 292 1000
280 292 1000
5 293 1000
19 293 1000
23 293 1000
44 293 1000
75 293 1000
120 293 1000
160 293 1000
189 293 1000
190 293 1000
246 293 1000
284 293 1000
11 294 1000
13 294 1000
17 294 1000
36 294 1000
73 294 1000
118 294 1000
119 294 1000
127 294 1000
179 294 1000
180 294 1000
219 294 1000
282 294 1000
5 295 1000
15 295 1000
44 295 1000
59 295 1000
72 295 1000
107 295 1000
109 295 1000
128 295 1000
160 295 1000
224 295 1000
259 295 1000
275 295 1000
293 295 1000
1 296 1000
5 296 1000
19 296 1000
28 296 1000
71 296 1000
123 296 1000
126 296 1000
138 296 1000
151 296 1000
160 296 1000
190 296 1000
198 296 1000
249 296 1000
286 296 1000
18 297 1000
60 297 1000
86 297 1000
96 297 1000
110 297 1000
123 297 1000
164 297 1000
170 297 1000
176 297 1000
177 297 1000
220 297 1000
262 297 1000
263 297 1000
292 297 1000
8 298 1000
55 298 1000
109 298 1000
128 298 1000
136 298 1000
146 298 1000
178 298 1000
252 298 1000
257 298 1000
27 299 1000
30 299 1000
39 299 1000
69 299 1000
76 299 1000
81 299 1000
88 299 1000
89 299 1000
96 299 1000
131 299 1000
186 299 1000
202 299 1000
225 299 1000
229 299 1000
237 299 1000
280 299 1000
1 300 1000
18 300 1000
49 300 1000
57 300 1000
63 300 1000
87 300 1000
101 300 1000
164 300 1000
176 300 1000
177 300 1000
212 300 1000
214 300 1000
10 301 1000
16 301 1000
31 301 1000
48 301 1000
58 301 1000
104 301 1000
144 301 1000
187 301 1000
199 301 1000
241 301 1000
254 301 1000
255 301 1000
278 301 1000
281 301 1000
8 302 1000
80 302 1000
118 302 1000
136 302 1000
146 302 1000
173 302 1000
178 302 1000
182 302 1000
185 302 1000
239 302 1000
252 302 1000
256 302 1000
282 302 1000
37 303 1000
53 303 1000
68 303 1000
78 303 1000
91 303 1000
124 303 1000
155 303 1000
7 304 1000
18 304 1000
42 304 1000
60 304 1000
81 304 1000
112 304 1000
131 304 1000
132 304 1000
164 304 1000
186 304 1000
225 304 1000
238 304 1000
242 304 1000
287 304 1000
297 304 1000
1 305 1000
12 305 1000
14 305 1000
25 305 1000
33 305 1000
57 305 1000
71 305 1000
87 305 1000
94 305 1000
101 305 1000
105 305 1000
108 305 1000
134 305 1000
163 305 1000
177 305 1000
194 305 1000
214 305 1000
218 305 1000
223 305 1000
236 305 1000
300 305 1000
24 306 1000
111 306 1000
129 306 1000
140 306 1000
156 306 1000
183 306 1000
206 306 1000
219 306 1000
251 306 1000
254 306 1000
267 306 1000
289 306 1000
6 307 1000
34 307 1000
40 307 1000
43 307 1000
45 307 1000
47 307 1000
65 307 1000
102 307 1000
132 307 1000
159 307 1000
162 307 1000
184 307 1000
226 307 1000
231 307 1000
255 307 1000
257 307 1000
281 307 1000
291 307 1000
2 308 1000
26 308 1000
51 308 1000
114 308 1000
166 308 1000
12 309 1000
33 309 1000
41 309 1000
42 309 1000
57 309 1000
70 309 1000
77 309 1000
105 309 1000
126 309 1000
134 309 1000
150 309 1000
204 309 1000
210 309 1000
218 309 1000
244 309 1000
253 309 1000
305 309 1000
5 310 1000
19 310 1000
23 310 1000
44 310 1000
75 310 1000
90 310 1000
125 310 1000
151 310 1000
189 310 1000
190 310 1000
217 310 1000
245 310 1000
246 310 1000
284 310 1000
288 310 1000
293 310 1000
111 311 1000
129 311 1000
144 311 1000
206 311 1000
267 311 1000
285 311 1000
306 311 1000
11 312 1000
13 312 1000
17 312 1000
80 312 1000
182 312 1000
205 312 1000
270 312 1000
282 312 1000
294 312 1000
302 312 1000
12 313 1000
14 313 1000
61 313 1000
70 313 1000
79 313 1000
87 313 1000
92 313 1000
94 313 1000
101 313 1000
108 313 1000
126 313 1000
150 313 1000
192 313 1000
194 313 1000
196 313 1000
209 313 1000
210 313 1000
218 313 1000
223 313 1000
292 313 1000
305 313 1000
80 314 1000
85 314 1000
109 314 1000
136 314 1000
146 314 1000
178 314 1000
185 314 1000
298 314 1000
44 315 1000
55 315 1000
128 315 1000
178 315 1000
189 315 1000
226 315 1000
257 315 1000
268 315 1000
275 315 1000
298 315 1000
307 315 1000
1 316 1000
30 316 1000
39 316 1000
52 316 1000
69 316 1000
86 316 1000
89 316 1000
96 316 1000
175 316 1000
176 316 1000
202 316 1000
299 316 1000
5 317 1000
19 317 1000
55 317 1000
59 317 1000
90 317 1000
107 317 1000
160 317 1000
189 317 1000
190 317 1000
208 317 1000
246 317 1000
288 317 1000
293 317 1000
295 317 1000
310 317 1000
8 318 1000
80 318 1000
85 318 1000
90 318 1000
118 318 1000
125 318 1000
178 318 1000
185 318 1000
188 318 1000
239 318 1000
252 318 1000
256 318 1000
284 318 1000
302 318 1000
314 318 1000
21 319 1000
79 319 1000
84 319 1000
137 319 1000
143 319 1000
165 319 1000
200 319 1000
201 319 1000
213 319 1000
222 319 1000
236 319 1000
247 319 1000
286 319 1000
65 320 1000
82 320 1000
98 320 1000
117 320 1000
152 320 1000
226 320 1000
291 320 1000
9 321 1000
81 321 1000
88 321 1000
112 321 1000
164 321 1000
181 321 1000
225 321 1000
229 321 1000
233 321 1000
238 321 1000
263 321 1000
271 321 1000
272 321 1000
287 321 1000
292 321 1000
297 321 1000
304 321 1000
195 322 1000
264 322 1000
24 323 1000
90 323 1000
135 323 1000
140 323 1000
145 323 1000
156 323 1000
183 323 1000
217 323 1000
232 323 1000
251 323 1000
266 323 1000
284 323 1000
285 323 1000
21 324 1000
70 324 1000
75 324 1000
92 324 1000
138 324 1000
160 324 1000
163 324 1000
196 324 1000
209 324 1000
286 324 1000
293 324 1000
296 324 1000
24 325 1000
104 325 1000
129 325 1000
130 325 1000
144 325 1000
149 325 1000
219 325 1000
241 325 1000
254 325 1000
278 325 1000
289 325 1000
306 325 1000
30 326 1000
39 326 1000
69 326 1000
76 326 1000
89 326 1000
131 326 1000
168 326 1000
229 326 1000
237 326 1000
280 326 1000
299 326 1000
14 327 1000
66 327 1000
71 327 1000
81 327 1000
93 327 1000
97 327 1000
99 327 1000
133 327 1000
142 327 1000
153 327 1000
163 327 1000
196 327 1000
198 327 1000
218 327 1000
236 327 1000
240 327 1000
258 327 1000
272 327 1000
279 327 1000
286 327 1000
305 327 1000
3 328 1000
38 328 1000
62 328 1000
72 328 1000
73 328 1000
173 328 1000
191 328 1000
211 328 1000
265 328 1000
270 328 1000
21 329 1000
56 329 1000
71 329 1000
79 329 1000
92 329 1000
100 329 1000
137 329 1000
142 329 1000
153 329 1000
157 329 1000
194 329 1000
236 329 1000
271 329 1000
276 329 1000
327 329 1000
8 330 1000
24 330 1000
28 330 1000
90 330 1000
125 330 1000
135 330 1000
140 330 1000
156 330 1000
284 330 1000
288 330 1000
1 331 1000
12 331 1000
18 331 1000
21 331 1000
25 331 1000
41 331 1000
52 331 1000
69 331 1000
99 331 1000
105 331 1000
113 331 1000
122 331 1000
123 331 1000
126 331 1000
137 331 1000
138 331 1000
143 331 1000
151 331 1000
165 331 1000
170 331 1000
175 331 1000
213 331 1000
215 331 1000
230 331 1000
236 331 1000
249 331 1000
253 331 1000
261 331 1000
274 331 1000
329 331 1000
48 332 1000
58 332 1000
119 332 1000
130 332 1000
144 332 1000
187 332 1000
206 332 1000
219 332 1000
241 332 1000
254 332 1000
270 332 1000
278 332 1000
289 332 1000
306 332 1000
325 332 1000
21 333 1000
41 333 1000
70 333 1000
83 333 1000
110 333 1000
121 333 1000
167 333 1000
170 333 1000
220 333 1000
248 333 1000
262 333 1000
297 333 1000
331 333 1000
7 334 1000
18 334 1000
27 334 1000
69 334 1000
71 334 1000
81 334 1000
88 334 1000
99 334 1000
112 334 1000
122 334 1000
131 334 1000
186 334 1000
193 334 1000
215 334 1000
238 334 1000
299 334 1000
304 334 1000
13 335 1000
36 335 1000
38 335 1000
62 335 1000
73 335 1000
119 335 1000
127 335 1000
130 335 1000
144 335 1000
173 335 1000
179 335 1000
191 335 1000
252 335 1000
289 335 1000
294 335 1000
328 335 1000
332 335 1000
12 336 1000
14 336 1000
21 336 1000
33 336 1000
47 336 1000
57 336 1000
71 336 1000
79 336 1000
94 336 1000
105 336 1000
141 336 1000
163 336 1000
192 336 1000
198 336 1000
214 336 1000
218 336 1000
223 336 1000
230 336 1000
233 336 1000
236 336 1000
305 336 1000
309 336 1000
313 336 1000
331 336 1000
8 337 1000
80 337 1000
109 337 1000
128 337 1000
136 337 1000
146 337 1000
178 337 1000
226 337 1000
257 337 1000
275 337 1000
298 337 1000
314 337 1000
5 338 1000
23 338 1000
24 338 1000
140 338 1000
203 338 1000
208 338 1000
217 338 1000
232 338 1000
245 338 1000
246 338 1000
260 338 1000
310 338 1000
323 338 1000
79 339 1000
84 339 1000
87 339 1000
92 339 1000
142 339 1000
165 339 1000
194 339 1000
196 339 1000
200 339 1000
201 339 1000
218 339 1000
222 339 1000
233 339 1000
236 339 1000
247 339 1000
271 339 1000
272 339 1000
304 339 1000
313 339 1000
324 339 1000
12 340 1000
71 340 1000
79 340 1000
93 340 1000
99 340 1000
137 340 1000
138 340 1000
141 340 1000
142 340 1000
153 340 1000
163 340 1000
192 340 1000
196 340 1000
198 340 1000
236 340 1000
258 340 1000
261 340 1000
271 340 1000
286 340 1000
324 340 1000
18 341 1000
21 341 1000
83 341 1000
86 341 1000
110 341 1000
121 341 1000
167 341 1000
170 341 1000
220 341 1000
248 341 1000
262 341 1000
297 341 1000
333 341 1000
19 342 1000
28 342 1000
90 342 1000
125 342 1000
135 342 1000
140 342 1000
183 342 1000
205 342 1000
232 342 1000
246 342 1000
256 342 1000
284 342 1000
285 342 1000
288 342 1000
323 342 1000
330 342 1000
12 343 1000
18 343 1000
61 343 1000
94 343 1000
108 343 1000
112 343 1000
181 343 1000
218 343 1000
221 343 1000
242 343 1000
321 343 1000
336 343 1000
13 344 1000
17 344 1000
36 344 1000
62 344 1000
118 344 1000
119 344 1000
127 344 1000
144 344 1000
173 344 1000
179 344 1000
191 344 1000
211 344 1000
219 344 1000
254 344 1000
270 344 1000
289 344 1000
328 344 1000
332 344 1000
335 344 1000
6 345 1000
10 345 1000
31 345 1000
48 345 1000
102 345 1000
104 345 1000
106 345 1000
149 345 1000
160 345 1000
187 345 1000
199 345 1000
203 345 1000
207 345 1000
234 345 1000
241 345 1000
245 345 1000
260 345 1000
9 346 1000
42 346 1000
43 346 1000
47 346 1000
65 346 1000
77 346 1000
105 346 1000
132 346 1000
159 346 1000
210 346 1000
225 346 1000
226 346 1000
277 346 1000
287 346 1000
304 346 1000
307 346 1000
309 346 1000
321 346 1000
25 347 1000
75 347 1000
83 347 1000
126 347 1000
137 347 1000
138 347 1000
141 347 1000
151 347 1000
163 347 1000
193 347 1000
246 347 1000
249 347 1000
293 347 1000
296 347 1000
324 347 1000
340 347 1000
20 348 1000
79 348 1000
95 348 1000
103 348 1000
139 348 1000
216 348 1000
233 348 1000
236 348 1000
276 348 1000
111 349 1000
129 349 1000
144 349 1000
145 349 1000
161 349 1000
206 349 1000
219 349 1000
266 349 1000
267 349 1000
285 349 1000
306 349 1000
311 349 1000
323 349 1000
325 349 1000
332 349 1000
20 350 1000
95 350 1000
103 350 1000
139 350 1000
142 350 1000
194 350 1000
216 350 1000
276 350 1000
348 350 1000
3 351 1000
13 351 1000
36 351 1000
50 351 1000
62 351 1000
119 351 1000
144 351 1000
173 351 1000
179 351 1000
180 351 1000
254 351 1000
265 351 1000
270 351 1000
278 351 1000
289 351 1000
344 351 1000
58 352 1000
129 352 1000
130 352 1000
144 352 1000
149 352 1000
173 352 1000
219 352 1000
231 352 1000
254 352 1000
278 352 1000
301 352 1000
311 352 1000
325 352 1000
332 352 1000
335 352 1000
344 352 1000
349 352 1000
23 353 1000
24 353 1000
85 353 1000
125 353 1000
129 353 1000
135 353 1000
140 353 1000
156 353 1000
183 353 1000
206 353 1000
251 353 1000
266 353 1000
285 353 1000
288 353 1000
323 353 1000
349 353 1000
54 354 1000
145 354 1000
269 354 1000
9 355 1000
27 355 1000
61 355 1000
79 355 1000
88 355 1000
132 355 1000
164 355 1000
194 355 1000
225 355 1000
233 355 1000
238 355 1000
247 355 1000
277 355 1000
287 355 1000
292 355 1000
304 355 1000
313 355 1000
321 355 1000
339 355 1000
7 356 1000
61 356 1000
94 356 1000
108 356 1000
112 356 1000
181 356 1000
221 356 1000
223 356 1000
242 356 1000
313 356 1000
321 356 1000
336 356 1000
343 356 1000
355 356 1000
37 357 1000
53 357 1000
54 357 1000
68 357 1000
78 357 1000
91 357 1000
116 357 1000
124 357 1000
145 357 1000
155 357 1000
161 357 1000
283 357 1000
303 357 1000
349 357 1000
35 358 1000
55 358 1000
85 358 1000
107 358 1000
109 358 1000
128 358 1000
146 358 1000
159 358 1000
178 358 1000
189 358 1000
257 358 1000
268 358 1000
275 358 1000
291 358 1000
314 358 1000
315 358 1000
82 359 1000
98 359 1000
102 359 1000
117 359 1000
152 359 1000
172 359 1000
226 359 1000
320 359 1000
14 360 1000
56 360 1000
66 360 1000
67 360 1000
79 360 1000
99 360 1000
122 360 1000
141 360 1000
142 360 1000
153 360 1000
163 360 1000
171 360 1000
192 360 1000
193 360 1000
196 360 1000
198 360 1000
222 360 1000
223 360 1000
247 360 1000
258 360 1000
271 360 1000
279 360 1000
286 360 1000
296 360 1000
305 360 1000
313 360 1000
327 360 1000
340 360 1000
79 361 1000
84 361 1000
92 361 1000
142 361 1000
143 361 1000
153 361 1000
163 361 1000
165 361 1000
194 361 1000
198 361 1000
223 361 1000
233 361 1000
236 361 1000
247 361 1000
272 361 1000
304 361 1000
305 361 1000
319 361 1000
321 361 1000
327 361 1000
339 361 1000
19 362 1000
29 362 1000
35 362 1000
44 362 1000
59 362 1000
72 362 1000
75 362 1000
107 362 1000
136 362 1000
158 362 1000
160 362 1000
189 362 1000
224 362 1000
295 362 1000
5 363 1000
28 363 1000
90 363 1000
125 363 1000
135 363 1000
140 363 1000
156 363 1000
188 363 1000
239 363 1000
284 363 1000
288 363 1000
310 363 1000
317 363 1000
318 363 1000
330 363 1000
353 363 1000
7 364 1000
39 364 1000
81 364 1000
88 364 1000
93 364 1000
99 364 1000
131 364 1000
147 364 1000
168 364 1000
186 364 1000
238 364 1000
258 364 1000
287 364 1000
321 364 1000
334 364 1000
5 365 1000
23 365 1000
24 365 1000
106 365 1000
120 365 1000
156 365 1000
199 365 1000
208 365 1000
217 365 1000
232 365 1000
245 365 1000
251 365 1000
260 365 1000
293 365 1000
310 365 1000
338 365 1000
345 365 1000
363 365 1000
7 366 1000
9 366 1000
27 366 1000
42 366 1000
112 366 1000
142 366 1000
159 366 1000
164 366 1000
181 366 1000
194 366 1000
238 366 1000
247 366 1000
277 366 1000
287 366 1000
304 366 1000
321 366 1000
355 366 1000
356 366 1000
5 367 1000
19 367 1000
21 367 1000
59 367 1000
138 367 1000
151 367 1000
198 367 1000
249 367 1000
286 367 1000
296 367 1000
324 367 1000
327 367 1000
331 367 1000
347 367 1000
363 367 1000
20 368 1000
51 368 1000
95 368 1000
103 368 1000
139 368 1000
216 368 1000
233 368 1000
247 368 1000
276 368 1000
339 368 1000
348 368 1000
350 368 1000
11 369 1000
13 369 1000
17 369 1000
62 369 1000
118 369 1000
127 369 1000
173 369 1000
180 369 1000
270 369 1000
294 369 1000
312 369 1000
332 369 1000
335 369 1000
344 369 1000
19 370 1000
71 370 1000
75 370 1000
126 370 1000
138 370 1000
141 370 1000
151 370 1000
153 370 1000
160 370 1000
198 370 1000
218 370 1000
249 370 1000
293 370 1000
296 370 1000
324 370 1000
327 370 1000
347 370 1000
360 370 1000
367 370 1000
4 371 1000
22 371 1000
64 371 1000
82 371 1000
158 371 1000
228 371 1000
235 371 1000
243 371 1000
320 371 1000
359 371 1000
12 372 1000
21 372 1000
57 372 1000
79 372 1000
105 372 1000
123 372 1000
134 372 1000
137 372 1000
138 372 1000
181 372 1000
192 372 1000
194 372 1000
198 372 1000
204 372 1000
210 372 1000
212 372 1000
218 372 1000
223 372 1000
272 372 1000
313 372 1000
336 372 1000
340 372 1000
343 372 1000
356 372 1000
19 373 1000
29 373 1000
35 373 1000
44 373 1000
59 373 1000
107 373 1000
128 373 1000
154 373 1000
189 373 1000
224 373 1000
246 373 1000
293 373 1000
295 373 1000
358 373 1000
362 373 1000
12 374 1000
79 374 1000
100 374 1000
103 374 1000
112 374 1000
194 374 1000
196 374 1000
200 374 1000
216 374 1000
220 374 1000
223 374 1000
233 374 1000
236 374 1000
247 374 1000
272 374 1000
286 374 1000
313 374 1000
319 374 1000
336 374 1000
339 374 1000
348 374 1000
355 374 1000
361 374 1000
372 374 1000
6 375 1000
10 375 1000
45 375 1000
104 375 1000
106 375 1000
183 375 1000
184 375 1000
199 375 1000
203 375 1000
208 375 1000
232 375 1000
234 375 1000
241 375 1000
260 375 1000
317 375 1000
345 375 1000
4 376 1000
29 376 1000
64 376 1000
82 376 1000
154 376 1000
172 376 1000
228 376 1000
235 376 1000
243 376 1000
371 376 1000
1 377 1000
7 377 1000
66 377 1000
71 377 1000
93 377 1000
99 377 1000
122 377 1000
123 377 1000
147 377 1000
153 377 1000
171 377 1000
186 377 1000
198 377 1000
209 377 1000
215 377 1000
286 377 1000
364 377 1000
1 378 1000
84 378 1000
123 378 1000
142 378 1000
143 378 1000
165 378 1000
176 378 1000
194 378 1000
200 378 1000
201 378 1000
213 378 1000
222 378 1000
249 378 1000
319 378 1000
56 379 1000
92 379 1000
100 379 1000
137 379 1000
138 379 1000
142 379 1000
157 379 1000
198 379 1000
238 379 1000
271 379 1000
272 379 1000
286 379 1000
329 379 1000
340 379 1000
374 379 1000
1 380 1000
18 380 1000
21 380 1000
25 380 1000
30 380 1000
41 380 1000
70 380 1000
84 380 1000
86 380 1000
92 380 1000
93 380 1000
99 380 1000
105 380 1000
113 380 1000
121 380 1000
122 380 1000
123 380 1000
126 380 1000
133 380 1000
151 380 1000
170 380 1000
218 380 1000
240 380 1000
271 380 1000
279 380 1000
297 380 1000
305 380 1000
309 380 1000
316 380 1000
327 380 1000
331 380 1000
336 380 1000
341 380 1000
367 380 1000
370 380 1000
35 381 1000
43 381 1000
45 381 1000
55 381 1000
128 381 1000
146 381 1000
162 381 1000
226 381 1000
257 381 1000
268 381 1000
275 381 1000
298 381 1000
315 381 1000
358 381 1000
362 381 1000
373 381 1000
34 382 1000
35 382 1000
44 382 1000
55 382 1000
65 382 1000
109 382 1000
128 382 1000
136 382 1000
257 382 1000
268 382 1000
275 382 1000
291 382 1000
293 382 1000
315 382 1000
362 382 1000
381 382 1000
1 383 1000
5 383 1000
25 383 1000
151 383 1000
190 383 1000
196 383 1000
246 383 1000
249 383 1000
296 383 1000
317 383 1000
324 383 1000
347 383 1000
360 383 1000
367 383 1000
370 383 1000
30 384 1000
39 384 1000
52 384 1000
69 384 1000
76 384 1000
88 384 1000
168 384 1000
186 384 1000
202 384 1000
229 384 1000
237 384 1000
280 384 1000
299 384 1000
326 384 1000
43 385 1000
57 385 1000
61 385 1000
88 385 1000
94 385 1000
108 385 1000
181 385 1000
192 385 1000
221 385 1000
242 385 1000
313 385 1000
343 385 1000
355 385 1000
356 385 1000
34 386 1000
35 386 1000
45 386 1000
47 386 1000
55 386 1000
65 386 1000
102 386 1000
128 386 1000
159 386 1000
184 386 1000
207 386 1000
226 386 1000
268 386 1000
281 386 1000
291 386 1000
307 386 1000
320 386 1000
362 386 1000
4 387 1000
29 387 1000
98 387 1000
117 387 1000
154 387 1000
172 387 1000
228 387 1000
235 387 1000
243 387 1000
259 387 1000
320 387 1000
371 387 1000
376 387 1000
2 388 1000
115 388 1000
166 388 1000
308 388 1000
32 389 1000
46 389 1000
148 389 1000
250 389 1000
55 390 1000
80 390 1000
109 390 1000
128 390 1000
136 390 1000
178 390 1000
182 390 1000
205 390 1000
239 390 1000
268 390 1000
298 390 1000
302 390 1000
314 390 1000
337 390 1000
358 390 1000
382 390 1000
8 391 1000
80 391 1000
85 391 1000
90 391 1000
125 391 1000
188 391 1000
205 391 1000
256 391 1000
282 391 1000
298 391 1000
318 391 1000
330 391 1000
342 391 1000
8 392 1000
28 392 1000
85 392 1000
185 392 1000
188 392 1000
205 392 1000
256 392 1000
264 392 1000
288 392 1000
318 392 1000
337 392 1000
363 392 1000
390 392 1000
391 392 1000
111 393 1000
129 393 1000
144 393 1000
156 393 1000
206 393 1000
266 393 1000
267 393 1000
306 393 1000
311 393 1000
323 393 1000
349 393 1000
353 393 1000
3 394 1000
15 394 1000
22 394 1000
29 394 1000
59 394 1000
64 394 1000
72 394 1000
107 394 1000
154 394 1000
158 394 1000
189 394 1000
190 394 1000
259 394 1000
265 394 1000
362 394 1000
371 394 1000
387 394 1000
34 395 1000
43 395 1000
45 395 1000
65 395 1000
82 395 1000
102 395 1000
117 395 1000
132 395 1000
159 395 1000
162 395 1000
184 395 1000
226 395 1000
231 395 1000
277 395 1000
281 395 1000
291 395 1000
307 395 1000
376 395 1000
381 395 1000
386 395 1000
7 396 1000
27 396 1000
39 396 1000
66 396 1000
88 396 1000
112 396 1000
131 396 1000
147 396 1000
168 396 1000
186 396 1000
209 396 1000
229 396 1000
238 396 1000
280 396 1000
326 396 1000
334 396 1000
355 396 1000
364 396 1000
366 396 1000
377 396 1000
4 397 1000
34 397 1000
64 397 1000
82 397 1000
98 397 1000
117 397 1000
152 397 1000
231 397 1000
235 397 1000
291 397 1000
307 397 1000
320 397 1000
387 397 1000
71 398 1000
79 398 1000
95 398 1000
103 398 1000
141 398 1000
142 398 1000
194 398 1000
200 398 1000
233 398 1000
236 398 1000
238 398 1000
271 398 1000
272 398 1000
276 398 1000
339 398 1000
340 398 1000
348 398 1000
355 398 1000
372 398 1000
374 398 1000
379 398 1000
396 398 1000
56 399 1000
92 399 1000
100 399 1000
133 399 1000
157 399 1000
196 399 1000
198 399 1000
271 399 1000
309 399 1000
327 399 1000
329 399 1000
361 399 1000
374 399 1000
380 399 1000
1 400 1000
7 400 1000
66 400 1000
93 400 1000
99 400 1000
122 400 1000
137 400 1000
141 400 1000
171 400 1000
186 400 1000
193 400 1000
198 400 1000
209 400 1000
215 400 1000
331 400 1000
340 400 1000
377 400 1000
396 400 1000
111 401 1000
129 401 1000
156 401 1000
206 401 1000
251 401 1000
254 401 1000
266 401 1000
267 401 1000
278 401 1000
306 401 1000
349 401 1000
393 401 1000
34 402 1000
45 402 1000
102 402 1000
117 402 1000
152 402 1000
172 402 1000
228 402 1000
235 402 1000
307 402 1000
320 402 1000
359 402 1000
376 402 1000
386 402 1000
387 402 1000
397 402 1000
9 403 1000
33 403 1000
42 403 1000
43 403 1000
47 403 1000
132 403 1000
159 403 1000
204 403 1000
226 403 1000
238 403 1000
253 403 1000
277 403 1000
291 403 1000
8 404 1000
28 404 1000
90 404 1000
125 404 1000
135 404 1000
140 404 1000
156 404 1000
160 404 1000
205 404 1000
256 404 1000
284 404 1000
288 404 1000
293 404 1000
317 404 1000
324 404 1000
330 404 1000
342 404 1000
363 404 1000
8 405 1000
19 405 1000
24 405 1000
28 405 1000
90 405 1000
125 405 1000
135 405 1000
151 405 1000
160 405 1000
190 405 1000
245 405 1000
266 405 1000
284 405 1000
288 405 1000
323 405 1000
330 405 1000
342 405 1000
363 405 1000
392 405 1000
404 405 1000
35 406 1000
55 406 1000
109 406 1000
136 406 1000
146 406 1000
178 406 1000
239 406 1000
252 406 1000
282 406 1000
298 406 1000
302 406 1000
314 406 1000
382 406 1000
390 406 1000
15 407 1000
22 407 1000
29 407 1000
38 407 1000
44 407 1000
50 407 1000
59 407 1000
72 407 1000
154 407 1000
158 407 1000
172 407 1000
191 407 1000
259 407 1000
328 407 1000
362 407 1000
376 407 1000
394 407 1000
402 407 1000
9 408 1000
33 408 1000
42 408 1000
43 408 1000
47 408 1000
77 408 1000
105 408 1000
132 408 1000
159 408 1000
226 408 1000
238 408 1000
277 408 1000
291 408 1000
304 408 1000
321 408 1000
346 408 1000
386 408 1000
395 408 1000
403 408 1000
36 409 1000
58 409 1000
130 409 1000
144 409 1000
149 409 1000
187 409 1000
206 409 1000
219 409 1000
254 409 1000
267 409 1000
278 409 1000
325 409 1000
332 409 1000
344 409 1000
351 409 1000
352 409 1000
393 409 1000
401 409 1000
8 410 1000
11 410 1000
36 410 1000
80 410 1000
118 410 1000
136 410 1000
146 410 1000
180 410 1000
182 410 1000
185 410 1000
205 410 1000
239 410 1000
252 410 1000
282 410 1000
298 410 1000
302 410 1000
314 410 1000
318 410 1000
337 410 1000
390 410 1000
391 410 1000
392 410 1000
405 410 1000
16 411 1000
31 411 1000
40 411 1000
48 411 1000
58 411 1000
104 411 1000
149 411 1000
187 411 1000
234 411 1000
241 411 1000
278 411 1000
301 411 1000
1 412 1000
25 412 1000
56 412 1000
92 412 1000
100 412 1000
121 412 1000
123 412 1000
157 412 1000
194 412 1000
198 412 1000
258 412 1000
271 412 1000
296 412 1000
329 412 1000
331 412 1000
360 412 1000
361 412 1000
379 412 1000
398 412 1000
399 412 1000
56 413 1000
92 413 1000
100 413 1000
141 413 1000
157 413 1000
192 413 1000
193 413 1000
196 413 1000
202 413 1000
233 413 1000
258 413 1000
271 413 1000
329 413 1000
379 413 1000
398 413 1000
399 413 1000
412 413 1000
25 414 1000
66 414 1000
71 414 1000
81 414 1000
93 414 1000
99 414 1000
122 414 1000
133 414 1000
171 414 1000
186 414 1000
193 414 1000
196 414 1000
209 414 1000
215 414 1000
258 414 1000
327 414 1000
334 414 1000
377 414 1000
380 414 1000
400 414 1000
91 415 1000
174 415 1000
197 415 1000
11 416 1000
13 416 1000
17 416 1000
62 416 1000
118 416 1000
173 416 1000
180 416 1000
182 416 1000
185 416 1000
188 416 1000
254 416 1000
294 416 1000
312 416 1000
344 416 1000
351 416 1000
369 416 1000
12 417 1000
49 417 1000
63 417 1000
87 417 1000
101 417 1000
177 417 1000
192 417 1000
212 417 1000
214 417 1000
220 417 1000
223 417 1000
292 417 1000
300 417 1000
24 418 1000
26 418 1000
120 418 1000
129 418 1000
135 418 1000
140 418 1000
156 418 1000
183 418 1000
245 418 1000
250 418 1000
251 418 1000
260 418 1000
266 418 1000
285 418 1000
323 418 1000
330 418 1000
349 418 1000
353 418 1000
392 418 1000
405 418 1000
26 419 1000
250 419 1000
251 419 1000
290 419 1000
389 419 1000
418 419 1000
55 420 1000
109 420 1000
118 420 1000
136 420 1000
146 420 1000
178 420 1000
182 420 1000
256 420 1000
298 420 1000
302 420 1000
314 420 1000
318 420 1000
337 420 1000
369 420 1000
381 420 1000
390 420 1000
391 420 1000
406 420 1000
74 421 1000
145 421 1000
161 421 1000
25 422 1000
67 422 1000
97 422 1000
113 422 1000
133 422 1000
153 422 1000
198 422 1000
240 422 1000
261 422 1000
274 422 1000
279 422 1000
327 422 1000
360 422 1000
383 422 1000
7 423 1000
27 423 1000
81 423 1000
88 423 1000
99 423 1000
131 423 1000
147 423 1000
168 423 1000
175 423 1000
209 423 1000
215 423 1000
229 423 1000
238 423 1000
280 423 1000
304 423 1000
321 423 1000
334 423 1000
364 423 1000
396 423 1000
57 424 1000
61 424 1000
94 424 1000
108 424 1000
112 424 1000
137 424 1000
181 424 1000
218 424 1000
221 424 1000
238 424 1000
343 424 1000
356 424 1000
372 424 1000
385 424 1000
398 424 1000
19 425 1000
23 425 1000
107 425 1000
120 425 1000
183 425 1000
190 425 1000
199 425 1000
208 425 1000
217 425 1000
232 425 1000
234 425 1000
245 425 1000
246 425 1000
251 425 1000
260 425 1000
285 425 1000
288 425 1000
301 425 1000
323 425 1000
338 425 1000
345 425 1000
353 425 1000
365 425 1000
418 425 1000
12 426 1000
57 426 1000
63 426 1000
87 426 1000
101 426 1000
164 426 1000
177 426 1000
212 426 1000
214 426 1000
218 426 1000
297 426 1000
300 426 1000
305 426 1000
336 426 1000
341 426 1000
417 426 1000
34 427 1000
82 427 1000
98 427 1000
117 427 1000
152 427 1000
162 427 1000
172 427 1000
226 427 1000
228 427 1000
235 427 1000
291 427 1000
307 427 1000
320 427 1000
359 427 1000
371 427 1000
387 427 1000
397 427 1000
402 427 1000
35 428 1000
44 428 1000
55 428 1000
128 428 1000
136 428 1000
146 428 1000
178 428 1000
224 428 1000
226 428 1000
257 428 1000
268 428 1000
275 428 1000
291 428 1000
298 428 1000
307 428 1000
314 428 1000
315 428 1000
337 428 1000
358 428 1000
362 428 1000
381 428 1000
382 428 1000
26 429 1000
46 429 1000
51 429 1000
166 429 1000
290 429 1000
308 429 1000
388 429 1000
419 429 1000
111 430 1000
129 430 1000
144 430 1000
156 430 1000
267 430 1000
278 430 1000
285 430 1000
306 430 1000
311 430 1000
323 430 1000
349 430 1000
352 430 1000
393 430 1000
401 430 1000
418 430 1000
109 431 1000
136 431 1000
146 431 1000
178 431 1000
282 431 1000
298 431 1000
314 431 1000
315 431 1000
337 431 1000
381 431 1000
390 431 1000
391 431 1000
406 431 1000
420 431 1000
9 432 1000
14 432 1000
33 432 1000
47 432 1000
77 432 1000
105 432 1000
123 432 1000
134 432 1000
150 432 1000
159 432 1000
204 432 1000
210 432 1000
223 432 1000
244 432 1000
253 432 1000
309 432 1000
313 432 1000
331 432 1000
336 432 1000
346 432 1000
403 432 1000
6 433 1000
31 433 1000
40 433 1000
48 433 1000
184 433 1000
187 433 1000
199 433 1000
203 433 1000
207 433 1000
231 433 1000
234 433 1000
255 433 1000
281 433 1000
386 433 1000
6 434 1000
10 434 1000
31 434 1000
34 434 1000
40 434 1000
45 434 1000
65 434 1000
149 434 1000
184 434 1000
207 434 1000
231 434 1000
241 434 1000
255 434 1000
301 434 1000
345 434 1000
375 434 1000
433 434 1000
37 435 1000
53 435 1000
68 435 1000
74 435 1000
78 435 1000
91 435 1000
116 435 1000
124 435 1000
145 435 1000
155 435 1000
161 435 1000
174 435 1000
197 435 1000
303 435 1000
357 435 1000
415 435 1000
421 435 1000
20 436 1000
46 436 1000
51 436 1000
95 436 1000
103 436 1000
139 436 1000
142 436 1000
216 436 1000
236 436 1000
276 436 1000
339 436 1000
348 436 1000
350 436 1000
361 436 1000
368 436 1000
429 436 1000
18 437 1000
60 437 1000
89 437 1000
96 437 1000
101 437 1000
112 437 1000
121 437 1000
123 437 1000
164 437 1000
176 437 1000
220 437 1000
238 437 1000
262 437 1000
292 437 1000
297 437 1000
316 437 1000
366 437 1000
377 437 1000
426 437 1000
13 438 1000
36 438 1000
62 438 1000
119 438 1000
130 438 1000
144 438 1000
173 438 1000
179 438 1000
211 438 1000
254 438 1000
267 438 1000
270 438 1000
278 438 1000
289 438 1000
335 438 1000
344 438 1000
351 438 1000
352 438 1000
409 438 1000
416 438 1000
3 439 1000
29 439 1000
38 439 1000
50 439 1000
73 439 1000
154 439 1000
158 439 1000
173 439 1000
179 439 1000
191 439 1000
211 439 1000
259 439 1000
265 439 1000
270 439 1000
328 439 1000
344 439 1000
351 439 1000
407 439 1000
15 440 1000
22 440 1000
29 440 1000
38 440 1000
55 440 1000
64 440 1000
72 440 1000
73 440 1000
154 440 1000
158 440 1000
191 440 1000
265 440 1000
295 440 1000
328 440 1000
376 440 1000
394 440 1000
407 440 1000
21 441 1000
84 441 1000
123 441 1000
137 441 1000
143 441 1000
165 441 1000
194 441 1000
200 441 1000
201 441 1000
213 441 1000
233 441 1000
248 441 1000
319 441 1000
339 441 1000
378 441 1000
398 441 1000
2 442 1000
115 442 1000
273 442 1000
308 442 1000
388 442 1000
41 443 1000
75 443 1000
138 443 1000
151 443 1000
163 443 1000
190 443 1000
246 443 1000
249 443 1000
293 443 1000
296 443 1000
310 443 1000
317 443 1000
324 443 1000
347 443 1000
360 443 1000
367 443 1000
370 443 1000
383 443 1000
57 444 1000
61 444 1000
94 444 1000
108 444 1000
181 444 1000
221 444 1000
242 444 1000
304 444 1000
305 444 1000
343 444 1000
355 444 1000
356 444 1000
361 444 1000
366 444 1000
424 444 1000
8 445 1000
13 445 1000
80 445 1000
118 445 1000
180 445 1000
182 445 1000
185 445 1000
239 445 1000
252 445 1000
282 445 1000
289 445 1000
298 445 1000
302 445 1000
318 445 1000
369 445 1000
391 445 1000
410 445 1000
416 445 1000
420 445 1000
111 446 1000
129 446 1000
183 446 1000
206 446 1000
266 446 1000
267 446 1000
278 446 1000
306 446 1000
311 446 1000
323 446 1000
332 446 1000
349 446 1000
393 446 1000
401 446 1000
430 446 1000
104 447 1000
130 447 1000
144 447 1000
187 447 1000
219 447 1000
241 447 1000
254 447 1000
270 447 1000
278 447 1000
325 447 1000
332 447 1000
352 447 1000
401 447 1000
409 447 1000
430 447 1000
446 447 1000
1 448 1000
21 448 1000
25 448 1000
41 448 1000
52 448 1000
56 448 1000
57 448 1000
66 448 1000
70 448 1000
83 448 1000
93 448 1000
123 448 1000
126 448 1000
137 448 1000
151 448 1000
170 448 1000
175 448 1000
192 448 1000
193 448 1000
202 448 1000
204 448 1000
222 448 1000
230 448 1000
249 448 1000
253 448 1000
261 448 1000
263 448 1000
331 448 1000
333 448 1000
347 448 1000
370 448 1000
380 448 1000
413 448 1000
422 448 1000
27 449 1000
42 449 1000
45 449 1000
60 449 1000
61 449 1000
147 449 1000
186 449 1000
221 449 1000
225 449 1000
238 449 1000
242 449 1000
247 449 1000
263 449 1000
272 449 1000
277 449 1000
287 449 1000
304 449 1000
321 449 1000
355 449 1000
360 449 1000
366 449 1000
385 449 1000
3 450 1000
4 450 1000
15 450 1000
22 450 1000
29 450 1000
59 450 1000
72 450 1000
107 450 1000
154 450 1000
158 450 1000
259 450 1000
362 450 1000
376 450 1000
394 450 1000
407 450 1000
439 450 1000
440 450 1000
6 451 1000
10 451 1000
40 451 1000
58 451 1000
104 451 1000
106 451 1000
149 451 1000
199 451 1000
203 451 1000
231 451 1000
232 451 1000
234 451 1000
245 451 1000
278 451 1000
345 451 1000
365 451 1000
411 451 1000
418 451 1000
433 451 1000
82 452 1000
98 452 1000
117 452 1000
152 452 1000
172 452 1000
235 452 1000
291 452 1000
320 452 1000
359 452 1000
376 452 1000
386 452 1000
387 452 1000
395 452 1000
397 452 1000
402 452 1000
427 452 1000
10 453 1000
23 453 1000
48 453 1000
104 453 1000
106 453 1000
149 453 1000
199 453 1000
203 453 1000
217 453 1000
234 453 1000
255 453 1000
260 453 1000
281 453 1000
345 453 1000
375 453 1000
451 453 1000
6 454 1000
10 454 1000
16 454 1000
31 454 1000
34 454 1000
40 454 1000
65 454 1000
149 454 1000
162 454 1000
184 454 1000
207 454 1000
231 454 1000
255 454 1000
281 454 1000
291 454 1000
345 454 1000
375 454 1000
395 454 1000
434 454 1000
2 455 1000
46 455 1000
51 455 1000
114 455 1000
166 455 1000
308 455 1000
388 455 1000
429 455 1000
436 455 1000
442 455 1000
116 456 1000
169 456 1000
195 456 1000
227 456 1000
264 456 1000
21 457 1000
30 457 1000
52 457 1000
69 457 1000
76 457 1000
86 457 1000
89 457 1000
96 457 1000
175 457 1000
202 457 1000
220 457 1000
237 457 1000
280 457 1000
316 457 1000
326 457 1000
4 458 1000
29 458 1000
64 458 1000
82 458 1000
98 458 1000
172 458 1000
235 458 1000
243 458 1000
259 458 1000
320 458 1000
359 458 1000
371 458 1000
376 458 1000
387 458 1000
450 458 1000
9 459 1000
42 459 1000
43 459 1000
45 459 1000
65 459 1000
132 459 1000
134 459 1000
159 459 1000
162 459 1000
210 459 1000
244 459 1000
277 459 1000
321 459 1000
346 459 1000
355 459 1000
403 459 1000
408 459 1000
432 459 1000
449 459 1000
5 460 1000
19 460 1000
75 460 1000
120 460 1000
151 460 1000
160 460 1000
189 460 1000
190 460 1000
217 460 1000
245 460 1000
246 460 1000
260 460 1000
284 460 1000
288 460 1000
293 460 1000
310 460 1000
317 460 1000
330 460 1000
338 460 1000
342 460 1000
362 460 1000
363 460 1000
365 460 1000
405 460 1000
425 460 1000
43 461 1000
49 461 1000
60 461 1000
88 461 1000
112 461 1000
131 461 1000
176 461 1000
192 461 1000
221 461 1000
225 461 1000
233 461 1000
238 461 1000
263 461 1000
272 461 1000
277 461 1000
287 461 1000
321 461 1000
343 461 1000
355 461 1000
366 461 1000
385 461 1000
408 461 1000
413 461 1000
423 461 1000
449 461 1000
16 462 1000
36 462 1000
58 462 1000
104 462 1000
119 462 1000
129 462 1000
130 462 1000
144 462 1000
173 462 1000
179 462 1000
219 462 1000
254 462 1000
278 462 1000
289 462 1000
301 462 1000
306 462 1000
311 462 1000
325 462 1000
332 462 1000
352 462 1000
401 462 1000
409 462 1000
447 462 1000
12 463 1000
14 463 1000
41 463 1000
57 463 1000
63 463 1000
71 463 1000
79 463 1000
105 463 1000
108 463 1000
134 463 1000
163 463 1000
177 463 1000
192 463 1000
214 463 1000
221 463 1000
233 463 1000
236 463 1000
258 463 1000
305 463 1000
309 463 1000
313 463 1000
336 463 1000
372 463 1000
374 463 1000
385 463 1000
424 463 1000
426 463 1000
444 463 1000
30 464 1000
41 464 1000
52 464 1000
70 464 1000
86 464 1000
87 464 1000
89 464 1000
96 464 1000
164 464 1000
175 464 1000
202 464 1000
220 464 1000
229 464 1000
263 464 1000
280 464 1000
292 464 1000
355 464 1000
380 464 1000
437 464 1000
457 464 1000
1 465 1000
41 465 1000
67 465 1000
97 465 1000
113 465 1000
137 465 1000
163 465 1000
196 465 1000
230 465 1000
240 465 1000
258 465 1000
261 465 1000
274 465 1000
279 465 1000
286 465 1000
340 465 1000
422 465 1000
21 466 1000
79 466 1000
84 466 1000
141 466 1000
143 466 1000
165 466 1000
200 466 1000
201 466 1000
213 466 1000
222 466 1000
233 466 1000
319 466 1000
378 466 1000
441 466 1000
448 466 1000
188 467 1000
195 467 1000
264 467 1000
322 467 1000
392 467 1000
37 468 1000
53 468 1000
68 468 1000
78 468 1000
91 468 1000
124 468 1000
155 468 1000
303 468 1000
357 468 1000
435 468 1000
18 469 1000
30 469 1000
41 469 1000
60 469 1000
87 469 1000
164 469 1000
167 469 1000
176 469 1000
177 469 1000
202 469 1000
220 469 1000
225 469 1000
262 469 1000
263 469 1000
287 469 1000
292 469 1000
297 469 1000
300 469 1000
304 469 1000
333 469 1000
341 469 1000
355 469 1000
380 469 1000
426 469 1000
437 469 1000
449 469 1000
463 469 1000
10 470 1000
23 470 1000
58 470 1000
106 470 1000
199 470 1000
203 470 1000
208 470 1000
217 470 1000
231 470 1000
232 470 1000
234 470 1000
241 470 1000
281 470 1000
338 470 1000
375 470 1000
451 470 1000
453 470 1000
45 471 1000
64 471 1000
65 471 1000
82 471 1000
117 471 1000
152 471 1000
162 471 1000
172 471 1000
243 471 1000
320 471 1000
359 471 1000
395 471 1000
397 471 1000
402 471 1000
427 471 1000
434 471 1000
452 471 1000
459 471 1000
30 472 1000
39 472 1000
52 472 1000
69 472 1000
76 472 1000
81 472 1000
86 472 1000
147 472 1000
168 472 1000
175 472 1000
229 472 1000
237 472 1000
280 472 1000
299 472 1000
316 472 1000
326 472 1000
364 472 1000
423 472 1000
1 473 1000
70 473 1000
83 473 1000
110 473 1000
121 473 1000
126 473 1000
164 473 1000
167 473 1000
170 473 1000
248 473 1000
262 473 1000
263 473 1000
297 473 1000
341 473 1000
22 474 1000
35 474 1000
44 474 1000
55 474 1000
59 474 1000
72 474 1000
107 474 1000
189 474 1000
190 474 1000
246 474 1000
257 474 1000
293 474 1000
295 474 1000
315 474 1000
317 474 1000
362 474 1000
373 474 1000
381 474 1000
382 474 1000
440 474 1000
4 475 1000
64 475 1000
72 475 1000
82 475 1000
98 475 1000
152 475 1000
158 475 1000
172 475 1000
228 475 1000
235 475 1000
243 475 1000
359 475 1000
371 475 1000
376 475 1000
387 475 1000
407 475 1000
427 475 1000
450 475 1000
458 475 1000
471 475 1000
6 476 1000
16 476 1000
48 476 1000
58 476 1000
104 476 1000
106 476 1000
149 476 1000
187 476 1000
199 476 1000
234 476 1000
241 476 1000
254 476 1000
301 476 1000
325 476 1000
375 476 1000
409 476 1000
411 476 1000
438 476 1000
447 476 1000
15 477 1000
44 477 1000
59 477 1000
75 477 1000
154 477 1000
158 477 1000
189 477 1000
224 477 1000
257 477 1000
295 477 1000
310 477 1000
362 477 1000
373 477 1000
407 477 1000
460 477 1000
474 477 1000
35 478 1000
80 478 1000
109 478 1000
118 478 1000
136 478 1000
146 478 1000
182 478 1000
185 478 1000
205 478 1000
239 478 1000
256 478 1000
282 478 1000
294 478 1000
302 478 1000
312 478 1000
390 478 1000
391 478 1000
392 478 1000
410 478 1000
416 478 1000
445 478 1000
33 479 1000
34 479 1000
35 479 1000
45 479 1000
47 479 1000
65 479 1000
82 479 1000
98 479 1000
102 479 1000
159 479 1000
162 479 1000
199 479 1000
226 479 1000
255 479 1000
275 479 1000
291 479 1000
307 479 1000
320 479 1000
346 479 1000
358 479 1000
359 479 1000
381 479 1000
386 479 1000
395 479 1000
8 480 1000
80 480 1000
85 480 1000
109 480 1000
118 480 1000
136 480 1000
182 480 1000
188 480 1000
205 480 1000
239 480 1000
256 480 1000
284 480 1000
314 480 1000
318 480 1000
363 480 1000
390 480 1000
391 480 1000
392 480 1000
445 480 1000
478 480 1000
27 481 1000
42 481 1000
47 481 1000
76 481 1000
94 481 1000
112 481 1000
186 481 1000
220 481 1000
225 481 1000
238 481 1000
242 481 1000
263 481 1000
286 481 1000
287 481 1000
297 481 1000
304 481 1000
321 481 1000
334 481 1000
343 481 1000
346 481 1000
355 481 1000
366 481 1000
374 481 1000
385 481 1000
396 481 1000
424 481 1000
449 481 1000
461 481 1000
8 482 1000
85 482 1000
90 482 1000
109 482 1000
118 482 1000
185 482 1000
188 482 1000
205 482 1000
252 482 1000
256 482 1000
302 482 1000
318 482 1000
390 482 1000
391 482 1000
392 482 1000
404 482 1000
406 482 1000
480 482 1000
16 483 1000
48 483 1000
58 483 1000
104 483 1000
144 483 1000
149 483 1000
179 483 1000
184 483 1000
187 483 1000
203 483 1000
241 483 1000
255 483 1000
281 483 1000
301 483 1000
325 483 1000
345 483 1000
352 483 1000
411 483 1000
433 483 1000
447 483 1000
453 483 1000
462 483 1000
476 483 1000
5 484 1000
19 484 1000
23 484 1000
24 484 1000
28 484 1000
75 484 1000
125 484 1000
160 484 1000
190 484 1000
208 484 1000
246 484 1000
257 484 1000
293 484 1000
310 484 1000
317 484 1000
330 484 1000
338 484 1000
347 484 1000
373 484 1000
460 484 1000
477 484 1000
13 485 1000
17 485 1000
127 485 1000
173 485 1000
180 485 1000
239 485 1000
252 485 1000
270 485 1000
282 485 1000
294 485 1000
302 485 1000
312 485 1000
344 485 1000
369 485 1000
416 485 1000
482 485 1000
11 486 1000
13 486 1000
17 486 1000
62 486 1000
80 486 1000
119 486 1000
127 486 1000
173 486 1000
179 486 1000
180 486 1000
182 486 1000
185 486 1000
282 486 1000
294 486 1000
312 486 1000
369 486 1000
410 486 1000
416 486 1000
485 486 1000
8 487 1000
85 487 1000
109 487 1000
125 487 1000
135 487 1000
146 487 1000
185 487 1000
188 487 1000
205 487 1000
252 487 1000
256 487 1000
284 487 1000
288 487 1000
318 487 1000
391 487 1000
392 487 1000
406 487 1000
410 487 1000
478 487 1000
480 487 1000
482 487 1000
20 488 1000
95 488 1000
103 488 1000
139 488 1000
142 488 1000
194 488 1000
216 488 1000
236 488 1000
271 488 1000
272 488 1000
276 488 1000
321 488 1000
348 488 1000
350 488 1000
361 488 1000
368 488 1000
436 488 1000
3 489 1000
15 489 1000
36 489 1000
38 489 1000
50 489 1000
62 489 1000
73 489 1000
158 489 1000
191 489 1000
211 489 1000
265 489 1000
328 489 1000
335 489 1000
438 489 1000
439 489 1000
440 489 1000
450 489 1000
18 490 1000
49 490 1000
89 490 1000
101 490 1000
112 490 1000
121 490 1000
126 490 1000
137 490 1000
164 490 1000
176 490 1000
177 490 1000
212 490 1000
220 490 1000
225 490 1000
238 490 1000
248 490 1000
263 490 1000
292 490 1000
300 490 1000
316 490 1000
321 490 1000
333 490 1000
379 490 1000
424 490 1000
437 490 1000
457 490 1000
461 490 1000
469 490 1000
473 490 1000
481 490 1000
12 491 1000
21 491 1000
56 491 1000
92 491 1000
100 491 1000
123 491 1000
137 491 1000
157 491 1000
194 491 1000
198 491 1000
286 491 1000
319 491 1000
329 491 1000
339 491 1000
361 491 1000
374 491 1000
379 491 1000
380 491 1000
399 491 1000
412 491 1000
413 491 1000
10 492 1000
23 492 1000
106 492 1000
149 492 1000
184 492 1000
199 492 1000
203 492 1000
207 492 1000
231 492 1000
338 492 1000
345 492 1000
365 492 1000
375 492 1000
411 492 1000
451 492 1000
453 492 1000
454 492 1000
470 492 1000
1 493 1000
18 493 1000
25 493 1000
57 493 1000
83 493 1000
110 493 1000
121 493 1000
164 493 1000
167 493 1000
170 493 1000
176 493 1000
248 493 1000
262 493 1000
263 493 1000
333 493 1000
341 493 1000
469 493 1000
473 493 1000
23 494 1000
24 494 1000
28 494 1000
111 494 1000
120 494 1000
125 494 1000
129 494 1000
140 494 1000
156 494 1000
183 494 1000
217 494 1000
232 494 1000
245 494 1000
251 494 1000
266 494 1000
285 494 1000
323 494 1000
353 494 1000
401 494 1000
404 494 1000
418 494 1000
425 494 1000
462 494 1000
39 495 1000
52 495 1000
69 495 1000
86 495 1000
89 495 1000
96 495 1000
123 495 1000
137 495 1000
168 495 1000
175 495 1000
202 495 1000
220 495 1000
229 495 1000
296 495 1000
316 495 1000
326 495 1000
366 495 1000
380 495 1000
437 495 1000
457 495 1000
464 495 1000
4 496 1000
44 496 1000
59 496 1000
75 496 1000
107 496 1000
128 496 1000
158 496 1000
189 496 1000
224 496 1000
246 496 1000
257 496 1000
259 496 1000
295 496 1000
362 496 1000
373 496 1000
381 496 1000
394 496 1000
450 496 1000
460 496 1000
477 496 1000
484 496 1000
21 497 1000
41 497 1000
70 497 1000
137 497 1000
138 497 1000
141 497 1000
151 497 1000
249 497 1000
286 497 1000
293 497 1000
296 497 1000
310 497 1000
324 497 1000
327 497 1000
330 497 1000
347 497 1000
367 497 1000
383 497 1000
443 497 1000
484 497 1000
491 497 1000
14 498 1000
49 498 1000
63 498 1000
87 498 1000
101 498 1000
126 498 1000
164 498 1000
176 498 1000
177 498 1000
212 498 1000
214 498 1000
218 498 1000
223 498 1000
263 498 1000
292 498 1000
300 498 1000
417 498 1000
426 498 1000
437 498 1000
5 499 1000
23 499 1000
44 499 1000
111 499 1000
120 499 1000
140 499 1000
160 499 1000
203 499 1000
208 499 1000
217 499 1000
232 499 1000
245 499 1000
260 499 1000
285 499 1000
293 499 1000
338 499 1000
365 499 1000
425 499 1000
453 499 1000
484 499 1000
3 500 1000
15 500 1000
36 500 1000
38 500 1000
50 500 1000
62 500 1000
73 500 1000
154 500 1000
179 500 1000
191 500 1000
211 500 1000
259 500 1000
265 500 1000
328 500 1000
438 500 1000
439 500 1000
450 500 1000
489 500 1000
496 500 1000
