1
0
1
1
1000000
0
0
0
0
1
5 32 426
14 33 353
8 34 105
30 35 225
12 36 172
46 57 262
34 63 473
26 65 103
49 65 211
32 85 436
58 95 457
68 97 183
26 101 112
24 102 932
29 103 305
30 105 805
35 105 225
78 109 925
17 113 685
109 119 128
6 127 739
58 128 127
58 137 372
38 141 127
10 145 388
77 146 276
63 147 102
134 147 445
42 151 140
95 154 630
153 166 126
14 167 839
155 167 105
114 168 136
160 169 903
151 170 860
157 172 238
128 175 261
126 176 214
144 176 176
12 177 250
131 186 391
29 187 219
66 187 105
173 192 147
23 193 140
88 193 156
128 194 399
140 198 565
180 198 165
24 199 540
102 199 392
26 205 108
163 205 363
87 207 547
120 207 454
101 208 290
164 209 125
176 209 585
135 210 204
192 210 987
202 210 172
48 212 289
135 214 138
77 217 476
194 217 125
32 222 167
219 222 190
101 223 420
104 224 664
35 225 225
130 226 174
67 227 610
161 227 141
65 229 214
203 231 705
194 235 803
159 240 429
239 240 460
128 244 231
74 245 629
50 246 185
3 248 254
44 250 124
87 250 132
149 251 582
168 251 127
101 252 130
61 253 120
63 254 422
101 254 379
161 257 392
112 259 192
4 263 261
215 263 103
13 264 587
233 264 656
224 265 135
16 266 411
94 267 589
161 269 847
177 269 117
57 271 369
16 272 118
132 273 224
227 274 267
97 276 457
59 279 593
180 283 162
50 287 380
109 289 212
277 290 468
272 294 851
238 297 404
246 299 104
244 302 104
218 303 937
262 303 263
17 304 634
90 304 387
249 305 775
296 306 140
27 308 244
96 311 122
120 311 389
215 312 107
282 312 106
241 313 666
244 315 134
278 315 433
5 316 675
278 316 829
291 316 287
129 317 553
70 318 761
46 319 132
284 325 127
281 326 885
183 328 171
242 330 145
244 330 542
123 331 250
158 332 761
188 332 126
201 333 995
14 335 128
127 335 948
259 337 591
91 339 887
187 339 865
333 342 118
336 344 387
120 345 440
343 345 256
33 348 361
141 348 594
245 350 809
60 351 214
66 351 329
80 351 107
41 353 249
196 357 253
168 359 132
205 359 294
197 360 171
7 361 198
30 362 106
35 362 119
105 362 106
225 362 106
119 364 106
184 364 362
289 364 108
189 365 212
278 365 458
338 367 445
15 368 275
77 369 133
285 370 567
263 371 613
230 374 227
93 375 135
77 376 214
112 378 214
209 378 364
181 380 651
297 382 555
129 383 998
246 384 503
323 384 111
24 386 428
199 386 374
310 386 743
347 389 194
356 389 197
378 389 319
338 390 342
203 394 302
175 399 579
333 399 121
49 401 218
206 401 188
398 401 220
238 404 455
185 406 220
238 407 190
350 408 138
106 409 182
158 409 375
365 410 939
77 412 344
255 412 117
29 413 755
171 413 419
220 413 153
18 415 505
54 415 160
192 415 549
282 415 109
290 415 787
96 416 680
33 417 325
63 417 278
163 417 698
170 417 458
3 418 123
178 418 719
408 418 146
87 420 154
244 420 118
77 421 935
123 421 698
141 421 251
181 421 177
194 423 168
146 425 830
380 428 558
138 429 524
181 429 862
423 430 108
94 431 639
108 431 499
381 431 896
330 432 240
109 433 179
119 433 110
136 433 973
275 434 118
236 435 110
36 436 316
275 436 124
388 436 318
194 439 665
118 440 126
231 441 168
237 443 105
277 443 261
201 444 267
258 444 758
416 444 987
40 445 244
71 445 312
128 445 114
145 445 110
396 445 246
68 447 394
174 447 623
207 447 995
387 448 514
116 450 388
445 450 576
182 452 750
335 452 112
18 453 249
292 455 327
109 456 223
364 456 516
433 456 440
378 457 658
15 459 287
157 459 232
194 459 500
251 459 141
79 460 121
180 460 122
263 460 128
134 462 265
119 463 106
184 463 362
289 463 107
364 463 882
176 464 469
217 465 615
349 466 356
443 466 626
246 467 161
299 467 570
214 468 712
378 469 707
98 470 647
445 470 506
452 470 844
369 471 985
33 476 641
128 476 887
143 476 110
58 477 387
237 479 250
346 480 469
24 482 215
131 483 100
342 483 517
157 484 237
10 487 440
316 487 104
322 487 853
405 487 526
367 488 474
59 492 439
263 492 427
388 492 317
93 493 120
68 494 365
274 495 309
16 496 131
163 496 527
407 498 156
219 499 243
20 500 507
234 500 397
45 502 772
383 504 183
455 505 786
115 506 311
58 507 164
376 507 555
69 508 775
48 509 148
291 509 360
3 511 937
499 511 216
334 512 888
358 512 891
419 513 669
142 514 937
194 514 219
293 514 988
497 515 140
114 516 136
175 516 926
215 516 586
331 516 131
345 516 142
420 516 101
205 517 911
474 518 161
429 519 334
384 520 505
493 520 600
436 521 693
58 522 381
80 522 895
158 522 119
251 522 299
290 522 107
370 522 814
246 523 323
329 523 374
502 523 372
518 523 265
255 524 149
215 525 512
269 525 132
328 525 188
213 526 427
496 526 164
59 527 695
379 528 409
438 528 238
491 528 443
192 529 277
217 529 244
473 529 275
396 530 744
149 532 996
222 532 188
165 533 409
495 534 342
345 536 315
460 536 105
57 537 110
76 537 133
227 537 122
83 538 256
263 538 294
325 538 600
136 539 999
289 539 583
160 541 317
216 541 658
369 542 102
417 542 367
43 544 926
77 544 381
123 544 357
244 544 528
378 544 104
73 545 263
196 545 365
140 546 120
250 546 135
101 548 267
385 548 259
112 549 214
7 551 254
206 551 138
424 551 273
175 552 440
140 553 925
167 555 294
67 556 966
95 560 251
534 561 442
414 562 703
373 564 127
363 566 138
519 566 116
553 566 945
192 567 427
238 568 637
492 568 183
497 568 186
405 569 297
238 570 303
396 571 506
459 571 495
30 572 106
35 572 119
105 572 106
225 572 106
362 572 104
28 574 107
568 574 382
162 575 109
519 575 132
292 576 574
84 577 633
455 577 790
210 578 199
335 579 160
352 580 592
359 580 223
444 580 104
191 582 388
87 584 262
476 584 370
118 585 130
133 585 123
249 585 168
43 586 100
305 586 107
558 586 900
194 587 539
108 588 181
235 588 615
95 589 364
251 589 575
506 589 437
96 590 565
133 590 106
459 590 628
489 590 360
581 590 993
68 591 876
235 591 920
240 591 144
242 591 696
336 591 101
340 591 118
176 592 554
180 592 127
430 592 926
558 592 214
49 593 243
398 593 241
22 594 397
45 594 155
418 594 100
7 598 174
290 599 702
122 600 217
146 600 236
171 601 272
35 602 225
225 602 232
362 602 106
572 602 106
27 603 239
136 603 975
464 604 606
34 606 301
110 606 203
568 606 283
203 607 669
258 607 128
325 607 114
338 607 693
366 607 278
67 608 526
355 610 723
379 611 123
522 611 103
499 613 237
522 614 515
592 614 287
41 615 401
476 615 191
550 615 403
260 616 470
374 616 316
59 617 140
413 617 971
573 618 474
436 619 243
401 620 138
127 621 285
489 621 109
403 622 517
469 622 827
479 623 287
236 624 633
215 626 338
275 627 118
625 627 904
19 628 127
248 628 134
24 629 995
120 630 469
279 630 354
323 631 102
598 632 381
375 633 495
291 634 943
421 634 945
457 634 104
576 634 143
250 635 124
277 635 248
490 635 428
6 637 106
393 638 292
608 639 519
88 640 385
147 640 865
516 640 128
121 641 939
216 641 123
258 641 847
353 641 898
437 641 796
571 641 748
235 642 452
330 642 828
508 642 806
96 643 665
314 643 170
585 643 139
99 644 673
156 644 113
411 645 122
578 645 662
296 646 815
150 647 460
292 647 380
23 648 382
506 649 148
267 651 597
514 651 126
259 652 427
586 652 114
634 652 172
104 653 126
394 653 302
97 654 262
647 654 618
209 655 124
455 656 235
545 657 261
570 658 432
64 659 317
445 659 364
79 660 209
579 660 190
316 661 277
496 661 655
269 662 111
111 663 314
252 663 180
619 663 375
468 664 131
597 664 217
543 665 913
12 666 563
258 666 356
530 666 218
33 668 255
115 668 233
344 668 225
596 668 330
72 670 737
553 672 959
56 673 123
89 673 628
386 673 279
482 673 662
559 673 619
128 674 163
235 674 567
251 674 450
293 674 533
476 674 252
672 674 549
397 675 376
402 675 560
584 675 311
9 676 492
113 676 531
215 677 940
219 677 176
249 677 155
36 678 950
114 678 459
139 678 529
381 678 497
19 679 117
496 679 924
21 680 104
272 680 100
393 680 691
64 682 154
378 682 617
125 683 265
210 683 809
238 683 684
403 683 762
662 683 700
65 684 212
361 684 291
61 685 112
103 685 125
470 685 546
577 685 610
589 685 153
626 685 142
25 686 280
217 687 633
30 689 137
35 689 878
105 689 137
362 689 312
572 689 312
482 690 367
35 691 965
512 691 904
134 692 307
135 692 123
338 694 402
285 696 515
28 697 163
228 697 245
421 697 875
534 697 343
557 698 200
644 698 168
113 699 131
514 699 121
17 700 707
348 700 745
698 700 107
567 701 284
2 702 205
27 703 385
427 704 512
600 705 186
419 706 680
660 707 226
394 708 872
408 709 139
24 711 454
386 711 474
629 711 144
115 712 962
195 712 924
302 712 105
312 712 536
525 712 115
594 712 490
90 713 264
149 713 329
264 714 367
707 715 919
274 716 651
223 717 926
490 717 613
700 717 971
459 719 447
464 719 463
498 719 182
502 720 536
135 721 535
450 721 653
516 721 473
562 721 182
581 721 206
682 721 318
303 722 450
313 722 124
498 722 858
607 722 780
689 723 891
295 724 454
110 726 404
372 727 208
64 729 651
554 729 526
648 729 435
30 730 512
105 730 512
225 730 511
602 730 511
689 730 188
523 731 145
125 733 201
14 734 140
431 734 121
442 734 124
715 734 164
518 735 409
551 735 350
708 736 936
406 737 184
646 737 234
399 738 491
284 739 233
2 740 278
18 740 284
427 740 297
637 740 292
253 741 584
297 741 536
68 743 136
389 743 551
510 743 275
123 744 142
391 744 892
522 744 768
59 745 109
295 745 477
157 746 243
431 746 174
438 746 564
275 747 112
477 747 925
540 747 136
197 748 206
678 748 543
49 749 169
493 750 142
652 751 745
179 752 369
724 752 308
188 754 707
601 754 257
301 755 764
489 755 783
585 755 590
702 755 127
474 756 182
601 757 178
636 757 602
681 757 748
436 758 688
237 759 155
605 759 149
233 760 241
321 761 442
444 761 339
544 761 930
439 762 265
100 763 115
215 763 143
305 763 159
505 763 119
570 763 158
688 763 124
222 764 204
660 764 209
623 766 327
523 767 212
731 767 671
756 767 218
85 768 126
391 768 145
17 769 865
727 769 374
215 771 519
110 774 964
504 774 926
67 775 162
31 776 218
639 776 245
576 777 801
600 777 249
669 777 113
202 778 911
348 778 589
385 778 233
128 779 343
158 779 284
415 779 127
674 779 180
218 780 430
384 780 192
33 781 171
136 781 260
605 781 167
545 782 243
720 782 703
750 782 149
101 783 868
382 783 346
419 783 304
556 783 571
600 783 214
655 783 193
664 784 175
765 784 115
32 785 755
128 785 241
522 785 266
548 785 208
169 786 837
355 787 522
193 788 274
698 790 152
534 792 174
495 793 604
522 793 288
590 794 120
461 795 217
537 795 102
555 795 880
7 796 287
749 796 406
370 797 839
652 797 695
373 798 256
522 798 553
426 799 903
671 799 151
734 799 107
516 800 688
770 801 875
132 802 712
191 802 615
709 803 608
532 804 104
717 804 110
797 804 100
83 805 900
556 805 177
124 806 363
255 806 207
13 807 473
215 807 119
286 807 570
348 807 129
511 807 677
206 808 477
230 808 390
665 808 361
210 809 122
484 811 175
180 812 164
395 813 475
536 814 332
260 816 184
810 816 432
721 817 433
220 820 270
453 820 207
103 821 284
533 821 455
64 822 378
371 823 245
443 823 104
452 823 143
555 823 368
677 823 138
743 823 218
130 824 292
454 824 308
486 825 347
779 825 894
132 826 481
248 826 110
270 826 700
383 826 185
600 826 232
745 826 747
252 827 169
262 827 267
314 827 398
536 827 782
695 827 257
799 827 599
154 828 451
444 828 173
75 829 868
594 829 288
658 830 509
742 830 124
109 831 223
456 831 522
463 831 820
154 833 425
713 833 290
631 834 586
633 834 125
161 835 129
169 835 442
167 836 440
180 836 140
608 836 715
681 836 804
184 837 372
676 837 998
324 838 238
272 840 101
43 841 515
517 841 302
73 842 203
332 843 115
40 844 369
832 844 337
29 845 132
148 845 117
658 845 292
52 846 167
210 846 219
413 846 140
544 846 163
607 846 990
144 847 289
553 847 725
796 847 462
20 848 186
627 850 669
569 851 338
721 851 196
32 852 985
309 852 791
113 854 105
479 855 377
777 855 757
478 856 176
524 856 921
478 857 190
669 857 154
740 857 375
846 857 207
340 858 629
136 859 405
562 860 266
585 860 140
14 861 883
349 862 348
194 863 639
436 864 261
591 864 105
751 864 173
50 865 201
189 866 126
714 866 969
101 867 277
110 867 560
135 867 797
186 867 132
342 867 359
537 867 118
571 867 748
687 867 150
759 867 241
228 869 267
820 869 159
199 870 421
386 870 332
673 870 534
429 871 144
607 871 343
388 872 191
408 872 133
536 872 722
178 873 879
242 873 307
532 874 640
550 875 482
672 875 184
401 876 121
620 876 259
684 876 361
287 877 417
507 878 442
157 879 256
684 879 206
796 879 445
114 880 193
491 880 356
607 881 676
843 882 176
430 883 977
662 883 887
537 884 114
101 885 112
510 885 151
879 886 183
245 887 978
748 887 256
725 888 584
185 889 523
851 890 504
37 891 123
41 891 105
175 891 464
303 891 428
752 892 506
878 892 783
746 893 437
120 895 734
628 895 392
805 895 363
650 896 673
716 897 106
775 897 200
60 898 224
282 898 156
345 898 395
25 899 285
632 899 118
667 899 266
684 899 294
250 900 159
325 900 133
488 900 908
264 901 121
674 901 185
853 901 788
341 902 229
384 902 147
329 903 167
518 903 233
415 904 536
709 904 146
752 904 955
46 906 252
529 906 112
475 907 229
597 907 301
855 907 293
14 908 177
453 908 159
556 908 807
96 909 540
445 909 242
575 909 131
650 909 556
187 910 978
514 910 115
681 910 119
836 910 685
278 911 650
146 912 672
251 912 191
574 912 345
862 912 293
243 914 423
719 914 912
636 915 114
65 916 100
104 916 117
343 916 116
409 916 109
904 916 104
905 916 114
89 919 539
155 919 283
234 919 244
570 919 242
460 920 711
819 920 445
73 921 165
403 921 743
710 921 581
256 922 844
697 922 426
30 923 210
105 923 210
185 923 131
225 923 210
602 923 210
689 923 347
730 923 158
130 924 162
522 924 335
845 924 753
538 925 246
915 925 104
40 926 400
91 926 773
10 927 965
284 927 273
606 928 253
153 929 744
263 929 278
419 929 110
483 929 100
714 929 739
95 930 856
203 930 541
451 930 484
526 932 767
781 932 172
824 932 290
901 932 111
564 933 169
867 933 302
247 934 528
287 934 677
545 934 270
807 935 304
176 936 884
868 936 112
47 937 408
101 937 474
442 937 284
508 937 772
604 937 581
663 937 162
693 937 462
791 937 762
485 938 331
731 938 540
63 939 679
280 939 235
309 939 221
101 940 350
366 940 815
476 941 158
67 942 885
345 942 167
58 943 280
137 943 653
166 943 102
276 943 399
534 943 448
537 943 711
623 943 526
664 943 482
282 944 415
573 944 189
915 944 659
299 945 379
502 945 169
402 946 740
692 946 539
775 946 169
898 946 751
377 947 145
140 948 796
471 948 111
779 948 118
52 949 182
325 949 229
426 949 182
815 949 195
919 949 162
95 950 142
180 950 174
220 951 153
274 951 596
282 951 204
294 951 228
324 951 616
328 951 425
763 951 680
860 951 413
412 952 108
229 953 794
796 953 274
29 954 354
420 954 218
223 955 153
641 955 114
49 956 124
401 956 342
424 956 196
667 956 180
879 956 196
261 957 159
341 957 402
27 958 244
308 958 381
346 958 616
603 958 440
73 959 188
807 959 534
303 960 397
550 960 437
553 960 946
223 961 253
677 961 166
53 962 171
880 962 117
464 963 490
119 964 135
136 964 122
184 964 391
289 964 282
463 964 293
548 964 267
831 964 293
169 965 120
202 965 998
538 965 719
548 965 291
918 965 840
420 966 317
638 966 415
29 967 443
544 967 539
727 967 340
783 967 213
785 967 463
9 968 198
96 968 486
135 968 800
685 968 124
21 969 402
600 969 191
617 969 643
18 970 252
312 970 222
347 970 192
506 970 106
606 970 392
652 970 341
728 970 440
785 970 278
846 970 910
62 971 558
970 971 273
172 972 196
617 973 722
943 973 692
649 974 332
791 974 526
587 975 515
358 976 145
691 976 764
723 976 215
42 977 487
92 977 877
421 977 385
547 978 259
813 979 123
849 979 173
975 979 126
587 980 200
826 980 680
37 981 392
321 982 652
582 982 100
709 982 109
147 983 366
698 983 129
893 983 191
970 983 837
233 984 125
507 984 142
618 984 411
694 984 105
787 984 108
234 985 373
521 986 302
741 986 639
918 986 386
17 988 875
181 988 472
39 989 379
250 989 150
589 989 351
202 990 331
794 990 304
844 990 368
845 990 131
887 990 950
914 990 108
880 991 204
137 992 263
203 992 513
215 993 454
304 993 427
257 994 919
552 994 664
677 994 150
72 996 326
240 996 118
25 997 685
610 998 812
691 998 631
737 998 147
142 999 897
292 999 113
486 999 782
535 999 882
634 999 199
826 999 119
967 999 800
611 1000 688
625 1000 438
271 1002 871
327 1002 621
411 1002 334
607 1002 324
901 1002 789
60 1003 270
94 1003 126
285 1003 515
470 1003 138
779 1003 110
904 1003 151
55 1004 435
995 1004 303
143 1005 371
307 1005 132
227 1006 671
618 1006 280
414 1007 178
966 1007 206
20 1008 693
193 1008 821
208 1008 808
234 1008 225
255 1008 727
265 1008 316
278 1008 364
652 1008 126
867 1008 502
8 1009 109
96 1009 102
192 1009 280
1 1010 949
998 1010 596
33 1011 100
215 1011 807
402 1011 208
715 1011 592
931 1011 535
919 1012 275
261 1015 174
968 1016 130
212 1017 844
383 1017 155
670 1017 957
758 1017 473
27 1018 244
480 1018 384
603 1018 433
30 1019 512
105 1019 512
225 1019 511
602 1019 511
689 1019 188
730 1019 121
923 1019 158
113 1021 499
275 1021 127
279 1021 492
354 1021 650
544 1021 107
894 1021 539
76 1022 126
534 1022 511
766 1022 354
224 1023 220
583 1023 164
971 1023 235
180 1024 585
251 1024 761
337 1024 115
413 1024 150
549 1024 111
672 1024 135
758 1024 808
811 1024 951
963 1024 109
1021 1024 183
203 1026 475
476 1026 221
38 1027 147
110 1027 150
437 1027 146
459 1027 140
470 1027 138
578 1027 137
729 1027 150
180 1028 175
324 1029 525
618 1029 181
132 1030 492
215 1030 514
239 1030 471
345 1030 430
710 1030 436
947 1030 580
149 1032 888
245 1032 726
650 1032 105
454 1033 388
540 1033 364
732 1033 344
815 1033 387
310 1034 115
1031 1034 150
271 1036 780
168 1037 125
459 1037 781
685 1037 740
811 1037 409
792 1038 141
871 1038 110
215 1039 455
683 1039 714
732 1040 558
758 1040 105
895 1040 520
51 1041 996
180 1041 951
746 1041 135
845 1041 513
948 1041 144
638 1042 114
846 1042 133
822 1043 426
216 1044 988
311 1044 116
352 1044 101
377 1044 107
191 1045 485
220 1045 201
471 1047 104
57 1048 476
145 1048 686
392 1048 164
638 1049 355
968 1049 187
276 1050 536
909 1050 815
674 1051 382
685 1051 138
1041 1051 822
71 1052 683
376 1052 107
685 1052 682
919 1052 216
1050 1052 530
420 1053 290
878 1053 420
525 1054 110
595 1055 455
937 1055 104
648 1056 417
890 1056 448
277 1057 286
311 1058 489
1002 1058 121
440 1059 807
734 1059 117
915 1059 133
561 1060 915
360 1061 166
476 1061 397
17 1062 533
47 1062 106
63 1062 257
143 1062 320
189 1062 847
202 1062 928
240 1062 635
818 1062 154
891 1062 304
1008 1062 951
332 1063 279
408 1063 109
809 1063 321
194 1064 905
947 1064 124
180 1065 870
317 1065 110
682 1065 460
323 1066 249
214 1067 106
857 1067 161
27 1068 743
434 1068 707
480 1068 169
699 1068 385
1018 1068 169
1045 1069 378
11 1070 523
36 1070 232
200 1070 497
476 1070 354
357 1071 136
401 1071 233
684 1071 739
886 1071 234
956 1071 109
419 1072 672
774 1072 113
423 1073 209
889 1073 190
401 1074 365
620 1074 227
54 1075 124
126 1076 722
500 1076 112
302 1077 211
719 1078 230
989 1078 238
991 1078 188
1034 1078 111
144 1079 139
481 1079 198
624 1079 442
617 1080 723
817 1080 910
152 1081 178
315 1081 923
516 1081 112
1001 1081 187
318 1082 184
441 1082 194
704 1082 227
1034 1082 108
70 1083 545
122 1083 100
567 1083 394
1045 1083 354
236 1084 110
4 1085 336
215 1085 286
9 1086 673
84 1086 874
99 1086 120
321 1086 107
365 1086 118
422 1086 112
600 1087 191
943 1087 613
265 1088 490
269 1088 126
649 1088 594
971 1088 613
1044 1088 732
29 1089 108
320 1089 608
365 1089 505
410 1089 411
439 1089 379
547 1089 463
936 1089 163
1006 1089 886
299 1090 598
442 1091 118
553 1091 963
369 1092 623
492 1092 563
367 1093 245
788 1093 192
666 1094 334
840 1094 588
977 1094 591
9 1095 240
590 1095 109
48 1096 284
81 1096 420
708 1096 385
981 1096 240
1065 1097 461
158 1098 888
432 1098 273
444 1098 913
445 1098 374
601 1098 965
853 1098 179
944 1098 103
1004 1098 311
89 1099 603
199 1099 121
386 1099 253
690 1099 326
146 1100 147
283 1100 890
321 1100 109
465 1100 106
479 1100 122
564 1100 879
874 1100 910
136 1101 977
308 1101 460
346 1101 458
603 1101 233
958 1101 464
825 1102 342
563 1103 631
773 1103 677
110 1104 128
1102 1104 294
11 1105 115
192 1105 741
201 1105 117
396 1105 143
117 1106 396
503 1106 519
583 1106 621
610 1106 227
735 1107 225
756 1107 163
311 1108 564
609 1108 284
1087 1108 386
1031 1109 539
1079 1109 138
905 1110 162
12 1111 167
1087 1111 300
229 1112 731
753 1112 727
804 1112 172
839 1112 730
437 1113 227
306 1114 266
396 1115 815
182 1116 690
485 1117 170
1114 1117 256
269 1118 127
872 1118 263
73 1119 213
947 1119 133
587 1120 400
1008 1120 531
202 1121 333
211 1121 689
387 1121 106
639 1121 789
688 1121 845
817 1121 117
299 1122 299
384 1122 244
151 1123 147
990 1123 206
998 1123 450
162 1124 386
310 1124 291
44 1126 272
662 1126 317
852 1126 102
78 1127 217
151 1127 322
638 1127 259
774 1127 521
798 1127 144
904 1127 942
1103 1127 853
342 1128 364
269 1129 967
389 1129 457
563 1129 437
836 1129 228
841 1129 298
970 1129 439
128 1130 894
307 1130 383
564 1130 147
697 1130 474
75 1131 202
215 1131 211
459 1131 292
594 1131 173
757 1131 146
832 1131 288
843 1131 966
390 1132 280
586 1132 648
842 1132 299
952 1132 335
1036 1132 797
480 1133 289
1068 1133 198
15 1134 266
101 1134 676
143 1134 527
421 1134 800
641 1134 274
674 1134 164
747 1134 336
813 1134 506
1008 1134 103
1079 1135 109
65 1136 102
1032 1136 116
1083 1136 113
624 1137 197
27 1138 244
308 1138 703
603 1138 444
1068 1138 169
1101 1138 467
16 1139 703
256 1139 615
298 1139 666
758 1139 580
843 1139 282
943 1139 333
35 1140 969
225 1140 128
362 1140 221
572 1140 221
602 1140 128
730 1140 179
923 1140 338
976 1140 861
1019 1140 179
440 1141 120
962 1141 146
308 1142 176
346 1142 176
480 1142 176
958 1142 176
1133 1142 205
589 1143 241
869 1143 281
388 1144 193
717 1144 664
888 1144 279
792 1145 353
996 1145 223
205 1146 538
725 1146 184
203 1147 527
215 1147 337
271 1147 947
1043 1147 375
224 1148 295
1073 1148 816
1109 1148 326
427 1149 108
436 1149 118
797 1149 104
859 1150 249
921 1150 303
159 1151 754
568 1151 115
878 1151 921
977 1151 129
994 1151 927
1013 1151 876
56 1152 999
482 1152 153
559 1152 256
673 1152 876
210 1153 985
531 1153 443
1092 1153 756
438 1154 932
846 1154 199
1054 1154 179
286 1155 513
422 1155 471
661 1155 626
719 1155 238
1115 1155 596
319 1156 681
365 1156 694
92 1157 905
10 1158 288
396 1158 812
611 1158 856
881 1158 267
990 1158 528
1046 1158 221
655 1159 143
132 1160 460
457 1160 225
112 1161 436
221 1161 700
489 1161 831
712 1161 214
772 1161 697
1035 1161 603
1086 1161 290
94 1162 629
367 1162 211
864 1162 309
962 1162 111
386 1163 475
870 1163 142
145 1164 479
773 1164 656
384 1165 107
421 1166 318
697 1166 230
1057 1166 840
548 1167 343
947 1167 184
768 1168 678
776 1168 859
789 1168 428
836 1168 103
944 1168 409
1116 1168 596
702 1169 155
627 1170 104
800 1170 769
1016 1170 329
920 1171 244
368 1172 184
1051 1172 190
227 1173 383
592 1173 343
837 1173 693
1024 1173 103
882 1174 106
1167 1174 142
1094 1175 732
39 1176 767
486 1176 748
1142 1176 100
348 1177 438
449 1177 130
473 1177 233
634 1177 764
856 1177 413
174 1178 231
336 1178 115
975 1178 573
1169 1178 467
34 1179 629
116 1179 936
750 1180 102
1 1181 136
1005 1181 382
585 1182 131
1127 1182 186
50 1183 587
323 1183 611
326 1183 462
780 1183 915
902 1183 737
1122 1183 698
154 1184 163
1012 1184 239
114 1185 295
1049 1185 314
21 1186 639
189 1186 161
363 1186 662
154 1187 282
733 1188 137
459 1189 510
142 1190 127
579 1190 165
995 1190 603
11 1191 327
590 1191 122
842 1191 238
240 1192 648
516 1192 119
110 1193 487
168 1194 103
998 1194 297
903 1195 310
1107 1195 182
859 1196 429
1043 1196 999
1137 1196 100
935 1197 131
67 1198 419
460 1198 784
486 1198 256
617 1198 897
641 1198 106
674 1198 623
734 1198 132
812 1198 365
847 1198 242
860 1198 201
1085 1198 251
177 1199 258
355 1199 557
420 1199 320
150 1200 320
233 1200 300
513 1200 894
970 1200 130
1021 1200 961
1035 1200 191
1190 1200 864
109 1201 223
119 1201 106
184 1201 362
456 1201 422
463 1201 182
268 1202 315
844 1202 341
1056 1202 375
56 1203 180
102 1203 111
503 1203 200
55 1204 118
947 1204 144
240 1205 624
548 1205 283
595 1205 246
916 1205 116
212 1206 151
497 1206 228
615 1206 267
771 1207 212
801 1208 879
997 1208 659
1130 1209 538
45 1210 119
101 1210 223
182 1210 914
227 1210 234
429 1210 337
576 1210 138
580 1210 608
587 1210 149
842 1210 361
907 1210 198
977 1210 733
1082 1210 206
506 1211 578
1162 1212 862
45 1213 109
251 1213 433
55 1214 138
285 1214 653
444 1214 733
519 1214 780
931 1214 709
766 1215 271
943 1215 582
369 1216 671
392 1216 747
763 1216 307
789 1216 590
972 1217 202
1192 1217 510
58 1218 157
284 1218 270
288 1218 447
402 1218 992
413 1218 818
464 1218 810
483 1218 514
500 1218 385
697 1218 669
726 1218 511
1020 1218 643
692 1219 292
171 1220 507
275 1220 123
446 1221 130
503 1221 248
512 1221 935
612 1221 319
938 1222 711
94 1223 598
100 1223 153
697 1223 345
768 1223 163
1075 1223 133
51 1224 391
948 1225 646
981 1225 537
537 1226 996
625 1226 322
670 1226 522
941 1226 227
61 1227 485
224 1227 123
338 1227 800
569 1227 583
596 1227 432
641 1227 611
784 1227 109
249 1228 401
747 1228 799
98 1229 284
159 1229 571
863 1229 498
222 1230 334
375 1230 256
1087 1230 197
1145 1230 219
1172 1230 215
557 1231 169
1054 1231 178
22 1232 994
570 1232 598
896 1232 107
920 1232 121
1097 1232 605
104 1233 138
266 1233 117
322 1233 137
911 1233 138
391 1234 120
402 1234 479
20 1235 327
269 1235 147
360 1235 640
449 1235 194
14 1236 158
567 1236 368
591 1237 343
595 1237 140
1059 1237 105
1174 1237 198
1180 1238 504
193 1239 680
295 1239 108
460 1239 782
487 1239 735
652 1239 762
827 1239 191
864 1239 191
937 1239 364
1024 1239 142
216 1240 620
587 1240 128
376 1241 822
459 1241 120
1003 1241 993
1032 1241 851
696 1242 206
734 1242 122
192 1243 993
355 1243 517
607 1243 316
773 1244 357
1004 1244 628
135 1245 115
854 1245 169
79 1246 145
682 1246 344
1088 1246 943
193 1247 104
218 1247 578
270 1247 365
50 1248 497
877 1248 873
945 1248 693
369 1249 100
1175 1249 290
169 1250 642
443 1250 232
712 1250 751
1134 1250 357
303 1251 159
476 1251 103
1031 1251 728
720 1252 686
147 1253 740
397 1253 297
423 1253 791
671 1253 627
703 1253 139
960 1254 226
578 1255 771
1037 1255 520
43 1256 770
63 1256 173
96 1256 101
175 1256 342
265 1256 718
342 1256 891
421 1256 131
526 1256 608
578 1256 128
677 1256 162
763 1256 747
895 1256 139
901 1256 952
1227 1256 595
599 1257 100
1002 1257 428
1077 1257 534
1134 1257 119
1249 1257 161
210 1258 976
232 1258 459
136 1259 980
1101 1259 279
180 1260 177
305 1260 465
584 1260 233
987 1260 143
1193 1261 401
1246 1261 111
63 1262 765
491 1262 165
681 1262 449
290 1263 403
697 1263 217
135 1264 470
357 1264 190
638 1264 587
894 1264 575
905 1264 573
159 1265 418
525 1265 539
23 1266 371
455 1266 745
649 1267 162
841 1267 161
852 1267 415
213 1268 848
242 1268 642
291 1268 796
324 1268 161
348 1268 179
544 1268 511
674 1268 143
758 1268 143
1013 1268 836
1070 1268 828
1224 1268 126
196 1269 183
598 1269 628
753 1269 628
886 1269 637
899 1269 365
917 1269 627
1071 1269 660
714 1270 987
1062 1270 150
120 1271 807
249 1271 143
541 1271 418
340 1272 207
365 1272 182
501 1272 148
772 1272 202
977 1272 135
1212 1272 172
125 1273 204
1015 1273 141
193 1274 131
421 1274 694
31 1275 210
36 1275 179
839 1276 537
879 1276 715
956 1276 519
1027 1276 929
147 1277 156
248 1277 180
554 1277 126
557 1277 190
769 1277 113
779 1277 166
1156 1277 162
366 1278 844
615 1278 296
510 1279 660
641 1279 978
1275 1279 344
1106 1280 396
379 1281 838
710 1281 701
470 1282 109
718 1282 797
904 1282 122
346 1283 519
430 1283 421
480 1283 519
553 1283 424
624 1283 495
1018 1283 519
1133 1283 548
69 1284 239
282 1284 244
387 1284 189
613 1284 226
1178 1284 176
478 1285 122
1052 1285 100
1156 1285 827
183 1286 632
241 1286 331
274 1286 290
868 1286 377
666 1287 132
944 1287 691
697 1288 163
838 1288 500
173 1289 522
183 1289 586
722 1289 808
847 1289 296
1011 1289 273
1193 1289 858
1256 1289 398
1258 1289 658
349 1290 449
589 1290 192
142 1291 768
161 1291 409
544 1292 454
561 1292 178
727 1292 256
1051 1292 866
913 1293 765
1003 1293 121
1154 1293 156
1227 1293 460
7 1294 182
899 1294 263
908 1295 370
913 1295 485
421 1296 243
742 1296 706
799 1296 480
858 1296 543
86 1297 893
106 1297 657
158 1297 100
525 1297 116
16 1298 323
186 1298 197
656 1298 387
892 1298 262
1128 1298 117
494 1299 136
670 1299 994
1264 1299 578
1272 1299 186
62 1300 133
86 1300 135
147 1300 139
483 1300 134
526 1300 136
647 1300 134
972 1300 134
199 1301 423
711 1301 570
111 1302 110
154 1302 535
222 1302 139
445 1302 349
452 1302 110
693 1302 125
1210 1302 110
1254 1302 239
300 1303 261
810 1303 243
1300 1303 102
109 1304 270
184 1304 382
236 1304 110
289 1304 185
364 1304 196
433 1304 152
831 1304 196
964 1304 971
1068 1304 150
287 1305 658
749 1305 368
780 1305 606
1066 1305 277
341 1306 316
474 1306 570
735 1306 120
1195 1306 363
590 1307 112
760 1307 295
1011 1307 577
871 1308 735
995 1308 547
200 1309 692
464 1309 380
1014 1309 565
1184 1309 608
1187 1309 727
401 1310 464
551 1310 280
684 1310 223
93 1311 156
520 1311 959
713 1311 547
834 1311 827
167 1312 557
969 1312 470
1025 1312 557
436 1313 369
697 1313 227
658 1314 988
913 1314 110
985 1314 953
73 1315 179
149 1315 511
496 1315 414
571 1315 989
674 1315 408
1011 1315 484
1024 1315 121
1134 1315 572
58 1316 294
121 1316 493
250 1316 167
807 1316 416
1056 1316 721
1143 1316 281
1025 1318 212
1218 1318 364
384 1319 499
389 1319 155
527 1319 131
783 1319 115
586 1320 120
742 1320 130
1105 1320 144
847 1321 208
64 1322 421
221 1322 158
428 1322 204
803 1322 250
880 1322 156
967 1322 131
1150 1322 301
1237 1322 131
1293 1322 803
355 1323 510
1060 1323 793
1083 1323 131
1211 1323 117
163 1324 373
1041 1324 923
119 1325 910
373 1325 177
77 1326 494
736 1326 452
1186 1326 429
109 1327 436
289 1327 224
433 1327 257
831 1327 213
964 1327 507
1010 1327 194
1036 1327 568
1201 1327 213
417 1328 117
777 1328 910
996 1328 111
1103 1328 397
195 1329 414
255 1329 134
445 1329 275
560 1329 194
725 1329 186
970 1329 125
1288 1329 387
1177 1330 256
50 1331 387
287 1331 376
384 1331 131
520 1331 637
865 1331 186
1165 1331 244
1183 1331 591
1248 1331 458
275 1332 120
1214 1332 765
212 1333 161
271 1333 593
785 1333 654
814 1333 181
1198 1333 465
395 1334 383
607 1334 575
695 1334 332
1127 1334 130
93 1335 137
300 1335 135
686 1335 341
763 1336 129
775 1336 160
204 1337 107
446 1337 134
5 1338 107
743 1338 605
818 1338 385
1025 1338 312
1110 1338 336
1197 1338 258
633 1339 593
1272 1339 829
70 1340 310
81 1340 995
338 1340 358
420 1340 100
423 1340 834
788 1340 338
398 1341 705
796 1341 237
876 1341 348
1112 1341 760
493 1342 404
633 1342 615
341 1343 309
543 1343 224
977 1344 714
1192 1344 388
120 1345 329
232 1345 361
243 1345 578
245 1345 127
706 1345 354
1289 1345 163
180 1346 160
1131 1346 106
23 1347 190
606 1347 887
844 1347 326
1024 1347 130
61 1348 221
349 1348 442
622 1348 157
708 1348 117
721 1348 373
1046 1348 480
331 1349 148
846 1349 167
1047 1349 331
202 1350 117
226 1350 172
340 1350 628
778 1351 353
941 1351 446
872 1352 177
190 1353 985
588 1353 320
641 1353 126
897 1353 100
1329 1353 502
240 1354 181
1350 1354 705
720 1355 645
184 1356 362
289 1356 106
433 1356 432
456 1356 780
463 1356 175
831 1356 257
1304 1356 195
1327 1356 214
263 1357 584
414 1357 310
999 1357 950
281 1358 335
122 1359 666
268 1359 705
400 1359 689
571 1359 346
771 1359 641
1218 1359 843
249 1360 107
461 1360 662
972 1360 759
1004 1360 483
258 1361 702
1198 1361 222
216 1362 650
332 1362 153
515 1363 149
802 1363 347
944 1363 475
365 1364 184
445 1364 322
476 1364 118
532 1364 522
674 1364 370
734 1364 157
754 1364 760
1051 1364 113
1219 1364 753
1232 1364 103
227 1365 145
349 1365 378
458 1365 295
680 1365 600
942 1365 679
200 1366 323
366 1366 772
533 1366 633
570 1366 147
741 1366 125
864 1366 643
970 1366 413
978 1366 754
1083 1366 742
1128 1366 453
616 1367 141
780 1367 400
1122 1367 217
164 1368 232
971 1368 209
214 1369 638
641 1369 621
1347 1369 321
126 1370 720
537 1370 983
4 1371 813
472 1371 497
565 1371 497
844 1371 816
859 1371 101
1085 1372 706
1120 1372 179
443 1373 862
632 1373 296
734 1373 660
354 1374 728
783 1374 145
249 1375 394
942 1375 785
333 1376 598
914 1376 712
1179 1376 106
168 1377 130
851 1377 523
502 1378 244
633 1378 287
1355 1378 353
603 1379 424
964 1379 290
1018 1379 985
1068 1379 169
1133 1379 289
1138 1379 200
1283 1379 519
1304 1379 192
489 1380 142
793 1380 308
779 1381 489
1167 1381 961
187 1382 736
522 1382 669
732 1382 168
738 1382 135
851 1382 789
884 1382 120
609 1383 259
629 1383 205
1277 1383 529
74 1384 181
227 1384 138
258 1384 153
418 1384 206
797 1384 167
985 1384 145
1218 1384 100
290 1385 608
451 1385 767
532 1385 767
599 1386 733
740 1386 315
387 1387 472
806 1387 238
1297 1388 855
1329 1388 336
298 1389 658
969 1389 938
1121 1389 972
1321 1389 860
1 1390 970
334 1390 130
217 1391 561
475 1391 258
842 1391 192
13 1392 293
866 1392 225
254 1393 853
401 1393 116
424 1393 122
620 1393 118
132 1394 283
768 1394 218
78 1395 208
318 1395 246
970 1395 605
972 1395 127
199 1396 289
1099 1396 150
107 1397 356
750 1397 706
1030 1397 324
1339 1397 219
211 1398 984
342 1398 333
791 1398 143
817 1398 670
58 1399 414
1316 1399 443
194 1400 750
1292 1400 453
118 1401 597
149 1401 102
1061 1401 272
1069 1401 417
1147 1401 499
156 1402 849
231 1402 624
641 1402 621
1056 1402 547
600 1403 189
996 1403 426
712 1404 100
861 1404 584
1002 1404 158
1207 1404 534
1325 1404 156
806 1405 394
1037 1405 121
1064 1405 812
1178 1405 503
357 1406 134
876 1406 488
125 1407 263
977 1407 750
1028 1407 684
775 1408 161
1021 1408 821
235 1409 405
1056 1409 566
403 1410 412
754 1410 523
339 1411 333
366 1411 304
254 1412 348
420 1413 237
478 1413 809
790 1413 225
1121 1413 855
1139 1413 854
126 1414 112
129 1414 173
158 1414 135
577 1414 142
578 1414 129
849 1414 164
1317 1414 190
284 1415 181
512 1415 892
1001 1415 178
1120 1415 180
152 1416 324
492 1416 759
516 1416 126
1104 1416 100
1127 1416 415
1364 1416 397
171 1417 407
501 1417 182
320 1418 406
352 1418 567
962 1418 159
1176 1418 737
1181 1418 375
404 1419 175
501 1419 375
623 1419 233
978 1419 233
820 1420 109
1135 1420 240
1357 1420 111
297 1421 289
365 1421 694
448 1421 515
516 1421 987
600 1421 202
739 1421 102
895 1421 142
921 1421 209
1008 1421 753
1086 1421 112
189 1422 864
944 1422 600
77 1423 620
553 1423 965
308 1424 940
346 1424 706
503 1424 191
1101 1424 451
1133 1424 289
1142 1424 176
1283 1424 519
101 1425 536
292 1425 217
1352 1425 134
21 1426 410
82 1426 470
91 1426 677
506 1426 284
728 1426 133
773 1426 616
1008 1426 645
462 1427 951
908 1427 169
162 1428 946
610 1428 114
1222 1428 716
556 1429 860
601 1429 305
44 1430 771
1429 1430 127
147 1431 559
641 1431 916
664 1431 238
785 1431 555
864 1431 475
910 1431 222
165 1432 166
590 1432 990
762 1432 122
1166 1432 140
75 1433 968
540 1433 152
651 1433 147
847 1433 113
231 1434 162
1014 1434 986
6 1435 588
265 1435 661
273 1435 470
1134 1435 220
75 1436 371
312 1436 412
1170 1436 173
458 1437 415
701 1437 481
757 1437 447
1040 1437 101
1411 1437 866
128 1438 189
209 1438 164
215 1438 181
227 1438 199
251 1438 168
280 1438 223
459 1438 154
525 1438 233
615 1438 217
621 1438 165
746 1438 264
822 1438 220
975 1438 152
1125 1438 222
1129 1438 197
1245 1438 232
1292 1438 220
1315 1438 214
1374 1438 218
119 1439 106
184 1439 362
289 1439 107
364 1439 165
433 1439 433
456 1439 681
964 1439 293
1201 1439 259
288 1440 199
577 1440 521
1205 1440 545
98 1441 479
115 1441 694
226 1441 502
645 1441 437
1368 1441 425
1435 1441 345
37 1442 981
1289 1442 565
1416 1442 167
800 1443 171
817 1443 819
848 1443 119
264 1444 403
690 1444 441
1013 1444 360
721 1445 168
1014 1445 179
1048 1445 820
78 1446 204
1285 1446 463
661 1447 467
1365 1447 191
343 1448 181
1056 1448 244
180 1449 882
712 1449 500
1169 1449 401
1412 1449 716
119 1450 106
184 1450 362
364 1450 149
433 1450 436
456 1450 366
831 1450 155
1201 1450 553
1327 1450 213
121 1451 352
134 1451 215
251 1452 118
833 1452 452
1003 1452 109
1317 1452 255
95 1453 929
178 1453 120
725 1453 913
1027 1453 156
1171 1453 111
1363 1453 445
1075 1454 133
1149 1454 694
1409 1454 382
658 1455 369
1214 1455 106
474 1456 231
756 1456 487
1306 1456 231
292 1457 397
1070 1457 280
66 1458 135
82 1458 100
292 1458 130
404 1458 127
1017 1458 106
1020 1458 110
1086 1458 498
1113 1458 116
148 1459 240
179 1459 305
248 1459 622
670 1459 783
819 1459 198
1224 1459 136
301 1460 807
655 1460 985
1075 1460 787
685 1461 114
761 1461 147
1170 1461 309
99 1462 884
356 1462 711
535 1462 782
670 1462 165
968 1462 552
1275 1462 510
139 1463 257
506 1463 960
757 1463 514
1209 1463 441
113 1464 242
327 1464 132
638 1464 563
419 1465 514
929 1465 589
1005 1465 483
46 1466 121
607 1466 251
692 1466 139
1242 1466 190
13 1467 360
492 1467 107
1106 1468 396
708 1469 105
763 1469 105
850 1469 306
372 1470 947
460 1470 879
771 1470 956
786 1470 934
1133 1470 123
1264 1470 368
128 1471 689
143 1471 889
922 1471 648
986 1471 826
1197 1471 927
292 1472 305
641 1472 857
623 1473 148
1268 1473 100
1329 1473 107
1405 1473 574
1436 1473 495
563 1474 114
718 1474 110
1157 1474 920
1286 1474 100
153 1475 759
285 1475 100
1288 1475 701
588 1476 203
1105 1476 935
408 1477 158
1458 1477 165
289 1478 315
326 1478 967
681 1479 384
960 1479 447
110 1480 479
128 1480 152
138 1480 158
220 1480 365
304 1480 266
413 1480 380
429 1480 365
939 1480 549
1011 1480 576
1024 1480 112
1092 1480 939
1125 1480 172
45 1481 117
400 1481 344
1256 1481 459
545 1482 262
809 1482 153
878 1482 192
208 1483 300
273 1483 285
428 1483 480
1407 1483 672
45 1484 220
241 1484 100
270 1484 808
813 1484 509
1017 1484 120
1427 1484 917
264 1485 858
766 1485 442
928 1485 449
1070 1485 439
1134 1485 332
531 1486 141
608 1486 705
609 1486 108
1096 1486 333
1364 1486 430
335 1487 114
1484 1487 112
92 1488 782
124 1488 463
513 1488 812
594 1488 219
1330 1488 921
190 1489 672
843 1489 137
1384 1489 163
95 1490 457
324 1490 499
287 1491 376
1090 1491 172
1331 1491 152
255 1492 133
312 1492 851
705 1492 119
765 1492 105
1159 1492 971
54 1493 101
1210 1493 170
19 1494 213
53 1494 174
147 1494 196
425 1494 189
516 1494 238
1233 1494 251
175 1495 466
227 1495 306
342 1495 830
378 1495 802
522 1495 303
571 1495 350
827 1495 853
972 1495 429
1189 1495 366
1480 1495 357
513 1496 106
533 1496 516
626 1496 520
703 1496 147
281 1497 285
434 1497 228
1196 1497 107
156 1498 954
1477 1498 991
63 1499 149
846 1499 150
987 1499 546
901 1500 805
983 1500 337
