1
0
1
1
1000000
0
0
0
0
1
19 101 272
75 120 260
44 131 479
85 139 336
95 143 147
131 145 733
19 152 502
69 175 252
6 179 515
109 189 322
152 198 287
159 200 286
160 200 318
2 209 612
155 212 994
179 214 195
63 216 885
151 233 696
196 240 297
13 244 327
35 256 339
201 261 251
111 269 135
204 291 360
256 293 277
281 294 357
225 306 695
147 315 186
322 324 151
300 325 294
20 337 356
279 344 278
329 345 466
78 355 507
309 356 661
85 364 561
336 365 603
356 376 307
18 377 685
8 380 708
62 390 361
116 392 973
64 401 128
94 407 388
110 409 344
295 415 209
244 422 202
52 428 144
146 432 220
300 432 244
436 438 784
314 440 473
263 444 675
384 447 197
230 450 208
289 455 109
197 456 796
49 457 418
437 463 114
61 467 140
65 469 974
264 471 360
65 479 207
268 481 119
250 501 948
266 508 179
313 509 391
495 509 827
462 513 135
332 518 817
515 518 536
357 523 117
462 528 534
163 532 219
111 535 187
30 538 123
173 539 289
331 541 283
546 549 226
212 551 182
161 553 595
477 566 129
370 572 505
374 574 238
372 575 261
54 577 434
101 581 198
368 582 217
135 585 118
415 585 163
453 589 310
366 592 306
230 593 178
371 593 358
588 593 848
409 603 742
348 606 204
283 611 286
132 617 165
161 617 653
312 620 370
554 621 344
307 625 343
398 627 944
496 627 114
41 637 152
458 644 752
115 649 155
221 654 192
506 654 594
169 662 611
122 671 762
337 681 378
549 683 265
7 685 146
7 689 891
367 693 169
597 693 406
274 695 264
380 695 284
268 698 722
574 702 495
133 708 671
558 711 637
72 713 148
288 715 239
112 717 319
647 718 586
159 719 293
236 725 332
383 725 847
240 732 267
384 734 169
9 737 211
584 738 255
663 739 269
223 744 221
603 747 473
30 756 311
279 758 122
316 761 492
406 761 292
429 761 186
202 767 283
545 768 438
564 769 387
669 772 221
89 778 358
48 779 155
501 779 308
766 779 459
232 785 800
183 788 142
512 788 103
121 792 209
32 802 412
489 802 374
392 807 271
701 809 179
372 810 225
64 824 296
381 835 259
607 836 276
712 839 111
596 841 453
742 844 726
208 846 462
529 848 814
334 850 440
215 853 359
363 853 844
821 853 201
29 855 372
240 857 286
13 860 136
829 866 250
535 867 245
421 868 894
260 869 149
159 874 248
170 875 279
472 875 214
632 875 418
748 876 394
164 877 691
845 877 300
786 880 205
48 886 321
827 887 274
336 892 171
439 893 152
470 893 143
167 897 106
668 899 266
886 902 444
377 904 106
484 906 312
537 910 591
883 910 143
338 913 132
806 916 286
318 919 206
86 921 358
348 922 223
290 926 335
334 934 261
858 936 103
621 938 241
898 938 560
160 946 382
531 948 177
480 952 571
566 953 480
814 953 352
263 959 278
397 962 134
869 963 420
912 964 342
412 965 151
213 966 749
417 971 280
275 976 573
523 976 135
958 976 568
390 977 915
437 980 433
386 991 221
158 993 511
355 1005 236
262 1006 178
709 1007 669
114 1011 982
538 1016 137
405 1022 203
291 1025 287
757 1031 211
536 1032 291
184 1033 214
790 1033 267
227 1037 238
185 1038 129
488 1043 168
623 1047 475
953 1051 397
994 1052 170
927 1053 279
187 1054 107
687 1055 130
1046 1057 195
339 1060 340
660 1066 401
8 1067 345
237 1067 372
378 1068 167
924 1069 626
287 1071 234
8 1072 102
248 1072 120
256 1074 791
410 1076 188
1020 1078 651
559 1080 331
915 1080 412
927 1083 612
25 1084 330
70 1087 496
432 1088 252
229 1089 126
213 1091 387
363 1093 340
59 1095 393
759 1095 536
136 1096 278
653 1097 198
56 1102 774
460 1102 918
512 1103 199
718 1105 965
524 1107 554
789 1108 222
739 1112 172
960 1115 634
1058 1116 109
855 1117 163
942 1119 268
394 1120 375
186 1125 269
783 1126 286
382 1127 718
1063 1130 323
566 1132 275
527 1133 308
855 1134 200
517 1136 102
498 1139 283
620 1144 410
962 1144 208
502 1146 859
868 1146 363
705 1147 153
829 1149 452
317 1151 254
914 1154 226
449 1156 235
653 1158 107
184 1162 320
1037 1162 150
537 1163 766
1009 1167 283
807 1169 253
702 1171 226
21 1175 860
789 1175 724
927 1176 126
1106 1178 115
322 1179 780
685 1180 209
523 1190 150
558 1192 144
249 1198 775
1091 1201 666
1055 1202 250
298 1204 196
611 1204 532
120 1205 268
494 1215 545
149 1216 763
402 1219 244
206 1220 189
1210 1221 727
1153 1222 311
500 1227 358
47 1229 341
389 1235 809
547 1237 184
808 1239 124
723 1241 241
48 1244 700
624 1248 104
236 1250 344
346 1252 755
388 1255 299
1148 1255 371
906 1256 331
619 1258 316
37 1260 246
172 1261 112
259 1266 417
882 1266 112
956 1267 492
671 1268 123
690 1268 992
389 1269 152
1009 1272 182
740 1273 692
397 1276 683
704 1276 681
1216 1281 262
180 1283 557
190 1284 935
765 1284 967
864 1288 445
972 1290 258
659 1292 683
309 1294 161
257 1300 212
353 1304 179
711 1304 488
197 1305 155
492 1307 446
1187 1308 184
854 1309 885
1056 1310 542
1128 1310 341
987 1311 263
85 1317 257
820 1317 137
138 1318 682
9 1319 421
691 1321 754
848 1322 345
1004 1322 187
850 1323 377
128 1324 587
1134 1325 797
1161 1326 707
1265 1326 523
1098 1327 263
623 1328 592
81 1333 690
932 1336 164
170 1337 264
457 1337 339
515 1337 605
539 1338 149
1044 1338 196
1146 1338 268
878 1339 229
718 1340 267
665 1341 481
578 1342 443
151 1343 166
352 1343 236
1277 1343 159
569 1344 296
416 1345 295
1104 1345 215
878 1346 908
672 1348 488
124 1350 117
185 1351 193
1286 1351 222
434 1352 586
80 1353 115
925 1354 267
1170 1355 352
1128 1356 112
1053 1357 298
234 1358 158
1316 1358 553
1006 1361 960
863 1362 540
394 1363 170
1204 1367 174
1122 1369 342
298 1370 104
995 1370 946
165 1373 244
607 1378 259
1338 1381 292
478 1383 898
1223 1384 648
419 1387 454
839 1389 152
1235 1389 754
639 1390 106
1254 1390 141
583 1393 428
337 1395 673
215 1396 636
417 1396 161
997 1396 296
686 1400 393
154 1401 479
1177 1401 171
1049 1402 362
350 1403 883
121 1404 154
129 1404 265
46 1409 123
325 1410 102
446 1411 366
620 1412 366
544 1413 105
184 1415 151
587 1422 135
1241 1424 317
1289 1426 368
6 1431 244
1384 1432 391
366 1436 378
533 1436 231
1274 1436 123
494 1437 577
610 1437 228
1233 1438 608
2 1439 432
267 1439 341
1425 1441 324
551 1445 213
705 1445 558
149 1446 195
1118 1446 935
50 1447 791
1113 1448 167
229 1449 208
1209 1449 726
1166 1451 258
1296 1451 313
84 1453 151
213 1453 786
1104 1454 307
1128 1454 574
50 1457 119
863 1462 149
363 1464 431
751 1464 338
1189 1466 134
808 1467 247
216 1470 301
796 1471 294
556 1472 571
454 1474 160
1117 1475 194
188 1478 447
939 1478 363
511 1480 265
1010 1480 631
1219 1482 701
622 1483 216
41 1484 372
607 1485 182
1013 1486 944
1039 1487 114
1243 1487 568
1346 1487 306
1158 1489 290
177 1492 825
680 1492 673
640 1493 770
1486 1494 299
194 1498 146
385 1499 345
668 1501 623
543 1502 314
193 1505 236
258 1506 809
1236 1507 979
1258 1510 236
1166 1511 348
313 1513 255
798 1513 229
476 1516 322
738 1517 109
853 1518 155
975 1518 388
1437 1519 112
668 1521 248
254 1522 446
6 1523 312
1268 1523 408
571 1524 170
1201 1524 381
1287 1524 790
66 1525 861
1080 1525 188
709 1526 883
1247 1527 113
643 1529 345
195 1530 119
67 1534 147
789 1534 156
1283 1534 216
805 1535 154
1248 1535 882
1006 1540 580
294 1542 856
242 1551 454
1281 1551 367
990 1552 617
1329 1552 214
2 1554 945
931 1554 284
393 1560 245
144 1561 210
1401 1563 594
1213 1564 468
533 1565 185
998 1570 325
471 1573 262
402 1576 307
808 1578 391
757 1579 234
470 1581 274
853 1583 139
818 1584 171
674 1585 122
1078 1585 303
1165 1586 117
239 1589 131
363 1589 153
856 1592 127
1508 1594 266
207 1596 458
388 1596 194
140 1597 160
780 1597 280
667 1601 518
682 1601 230
1007 1601 302
29 1602 463
125 1603 559
1394 1603 274
847 1604 121
247 1605 133
826 1605 859
1067 1606 441
849 1607 267
1560 1611 416
596 1612 568
180 1614 306
557 1616 416
1097 1616 372
378 1618 264
110 1619 224
482 1620 495
1547 1622 621
1362 1624 254
1189 1625 293
182 1626 560
32 1627 278
491 1628 110
737 1628 327
1384 1629 552
236 1632 612
1412 1635 455
786 1637 245
844 1637 356
872 1637 359
665 1639 151
605 1640 172
799 1640 442
1166 1643 662
1259 1643 227
1038 1644 736
331 1647 585
842 1647 136
77 1648 851
1571 1648 260
14 1650 577
1425 1650 138
1469 1650 306
822 1652 108
858 1652 151
1263 1652 180
855 1653 152
104 1655 442
361 1656 319
980 1657 283
1020 1658 168
1617 1659 117
852 1661 256
1090 1662 155
1233 1662 143
1596 1662 114
1293 1665 430
1630 1665 232
1041 1667 159
1555 1668 337
474 1670 583
915 1670 163
1248 1672 173
1024 1673 171
1520 1673 135
1068 1675 645
136 1676 556
1355 1678 524
1360 1679 113
999 1680 185
1560 1680 330
377 1681 157
811 1681 149
471 1683 415
1152 1683 288
888 1684 201
1102 1686 138
1254 1686 724
1593 1690 977
815 1691 195
346 1693 468
870 1693 106
540 1694 216
733 1694 186
981 1695 337
309 1696 146
1163 1697 591
345 1698 226
1440 1698 221
736 1699 285
120 1700 624
266 1701 142
679 1702 188
1190 1702 186
404 1705 251
99 1706 111
893 1707 812
420 1708 175
451 1708 496
1189 1709 212
52 1711 167
782 1713 761
222 1718 156
1359 1718 314
858 1719 338
1702 1720 516
324 1722 253
455 1725 519
1164 1725 182
472 1726 102
1602 1727 269
1030 1729 192
503 1730 508
780 1731 124
1195 1731 127
1577 1732 461
543 1733 290
1613 1733 128
1096 1734 180
1249 1735 236
1023 1737 645
1177 1737 172
195 1738 805
549 1738 109
229 1740 571
1395 1740 362
850 1741 450
733 1744 552
40 1745 237
1123 1745 648
1277 1746 169
494 1748 233
395 1750 376
1217 1750 229
1199 1752 416
585 1753 371
1508 1754 849
1037 1763 372
1378 1765 744
598 1767 129
1632 1767 251
380 1768 813
71 1769 251
894 1769 578
55 1771 731
1289 1771 301
744 1772 860
1644 1774 138
534 1777 111
779 1777 467
1141 1780 425
105 1782 607
68 1783 367
313 1785 131
530 1786 354
1330 1790 132
126 1791 279
315 1791 248
1070 1791 904
875 1792 102
1773 1795 583
1386 1797 871
537 1798 222
946 1798 267
1385 1798 161
661 1799 387
1472 1800 330
1368 1801 985
809 1805 104
864 1805 218
588 1807 214
1150 1808 524
111 1809 110
1801 1810 431
1169 1812 133
1258 1814 231
1386 1814 365
210 1815 234
1103 1815 661
1608 1815 118
1730 1815 368
373 1816 348
827 1817 609
612 1818 518
1177 1818 279
116 1820 125
126 1820 164
1010 1821 256
1439 1821 145
1027 1822 324
1291 1822 192
1532 1822 517
881 1823 899
907 1823 158
426 1824 409
1085 1824 217
1168 1824 304
1230 1825 184
1465 1825 400
901 1826 134
1545 1827 246
413 1830 318
1072 1831 141
963 1832 140
850 1833 147
473 1834 200
249 1835 545
1262 1836 499
192 1837 163
458 1838 113
1474 1838 166
1296 1839 851
1402 1839 173
1657 1839 109
1771 1839 227
685 1840 240
1023 1843 804
551 1844 155
1399 1845 269
1 1847 497
1423 1850 287
644 1851 175
1082 1851 225
1130 1851 216
401 1853 692
763 1854 703
1498 1854 358
1822 1854 180
141 1855 237
1373 1856 231
1459 1857 186
1458 1858 621
854 1859 937
1366 1859 283
274 1860 716
262 1861 219
283 1862 675
1048 1862 190
1688 1863 541
433 1864 207
834 1864 630
1564 1865 264
306 1866 229
363 1866 342
501 1868 272
1316 1869 306
74 1873 125
83 1873 542
1452 1874 384
1017 1876 220
206 1878 311
527 1878 277
1281 1878 493
605 1879 174
734 1880 975
970 1881 243
1836 1882 152
376 1883 228
273 1885 219
753 1885 234
1465 1886 216
920 1887 449
1002 1887 356
647 1888 326
1477 1888 250
102 1889 338
294 1889 640
610 1889 319
491 1891 171
1128 1891 104
1688 1891 302
1516 1895 123
1718 1898 109
911 1900 854
97 1902 193
451 1902 597
1584 1903 142
93 1904 895
1835 1904 957
978 1905 339
1049 1906 559
490 1909 146
1101 1914 346
878 1915 208
941 1915 277
1386 1916 159
715 1919 186
1481 1921 507
1533 1921 639
1584 1921 215
832 1922 147
1676 1922 106
1727 1925 768
226 1926 113
624 1927 218
1498 1927 683
1474 1928 148
1128 1929 334
115 1931 395
1833 1932 214
704 1933 186
1827 1933 334
1441 1934 119
1 1935 522
1733 1935 231
1558 1937 265
1234 1938 292
745 1939 321
860 1939 133
665 1942 217
1677 1942 263
1701 1943 841
617 1944 342
984 1944 128
906 1945 207
42 1947 565
968 1948 141
1061 1948 443
1456 1948 132
1115 1949 446
1818 1949 293
1491 1950 696
1517 1951 951
48 1952 823
851 1952 345
1188 1955 283
1860 1960 325
1887 1962 582
359 1963 284
1103 1963 198
1321 1963 660
576 1966 248
1900 1968 215
900 1969 307
823 1970 288
1712 1970 352
280 1971 143
1682 1973 301
1684 1974 258
1351 1975 461
1855 1976 499
552 1978 117
1335 1981 314
374 1982 131
979 1983 139
630 1985 180
750 1985 636
1093 1985 326
1174 1985 104
719 1986 487
1461 1986 387
1922 1987 125
290 1988 334
387 1990 157
1017 1990 236
1295 1990 375
203 1992 335
1667 1993 564
1568 1994 385
223 1995 277
862 1996 279
1919 1998 239
797 2000 268
1262 2002 171
634 2004 311
1347 2004 178
1164 2006 521
1653 2006 171
1847 2006 418
807 2007 173
1599 2007 408
1866 2007 212
716 2009 109
245 2010 199
866 2010 559
1245 2010 382
1969 2011 136
1261 2012 542
1132 2013 382
1635 2013 150
736 2014 267
49 2015 197
1221 2015 580
678 2016 423
680 2016 695
516 2018 136
561 2018 138
1637 2019 186
473 2020 123
1583 2025 173
1853 2025 119
369 2026 301
1092 2026 287
1957 2026 166
311 2027 448
396 2028 172
1845 2029 630
1108 2031 519
148 2032 136
46 2034 105
1341 2035 456
1548 2036 553
183 2037 127
608 2037 564
994 2038 389
1554 2042 620
1194 2043 109
1810 2043 953
857 2044 289
1502 2045 153
275 2046 134
334 2048 234
1838 2049 271
1687 2050 100
1425 2051 645
1529 2052 760
1990 2055 102
1760 2056 224
1784 2056 438
533 2057 253
635 2057 237
1066 2057 218
1142 2058 129
1714 2058 326
72 2059 250
1255 2060 911
1747 2060 235
1912 2060 389
86 2061 364
948 2061 159
952 2061 247
2008 2061 805
1108 2062 141
1463 2062 131
792 2063 162
1638 2064 146
134 2067 336
1946 2067 132
915 2068 169
2016 2068 475
671 2069 171
1604 2072 236
1135 2073 129
1247 2073 702
90 2074 433
1651 2074 647
1972 2074 280
1297 2075 917
1792 2076 276
1900 2076 251
32 2077 287
933 2078 411
1710 2078 354
1832 2078 215
857 2079 424
909 2081 490
417 2083 257
479 2083 298
783 2086 487
1755 2086 352
1590 2088 203
1920 2089 318
947 2090 169
1152 2091 398
552 2093 137
1999 2094 460
381 2095 465
426 2095 120
1160 2095 470
1428 2095 143
576 2097 323
1849 2098 221
665 2099 748
890 2099 679
1403 2100 126
2098 2100 261
106 2101 193
1819 2101 152
1388 2102 609
399 2104 870
606 2104 414
1281 2104 968
1079 2105 231
670 2106 266
1165 2107 713
358 2112 852
666 2112 505
466 2115 133
1752 2116 353
113 2117 307
212 2117 699
734 2117 446
1613 2117 230
11 2118 113
1159 2119 143
343 2121 640
1200 2121 200
1298 2121 279
1563 2121 195
1157 2123 666
822 2124 104
326 2125 152
854 2125 437
2041 2125 170
2119 2126 915
1664 2127 182
2117 2127 279
510 2128 101
1926 2128 812
809 2129 126
362 2130 676
860 2132 321
1019 2133 991
260 2134 434
1657 2134 166
29 2135 125
1033 2138 460
784 2139 493
1193 2140 180
67 2141 314
236 2141 109
54 2143 427
152 2143 431
2058 2144 106
1070 2145 789
39 2147 376
358 2147 138
1034 2148 802
2082 2148 353
671 2149 184
628 2150 835
781 2151 145
26 2152 118
1551 2153 215
262 2155 180
293 2155 516
386 2156 630
1459 2156 180
1514 2156 188
496 2157 111
1531 2158 411
1401 2160 286
2075 2161 238
297 2163 594
2157 2163 430
893 2164 348
674 2165 505
482 2166 213
606 2166 278
1494 2167 545
1751 2167 139
846 2169 171
822 2170 437
2047 2170 168
2104 2170 541
172 2173 188
1324 2174 911
2121 2174 173
443 2176 113
1431 2177 413
2001 2177 728
1330 2179 941
1967 2181 551
190 2182 979
1500 2182 582
1444 2183 347
2071 2183 617
1885 2184 156
277 2185 220
328 2185 295
1610 2186 227
850 2188 277
487 2189 280
80 2190 190
403 2192 702
1668 2192 451
2091 2192 414
829 2193 332
1858 2193 378
2161 2193 985
1400 2194 409
245 2196 289
1321 2196 741
897 2200 357
303 2201 506
56 2202 188
454 2202 126
647 2202 412
1481 2203 295
1538 2203 150
1710 2204 334
387 2206 158
1145 2206 637
149 2208 143
810 2208 270
1588 2208 303
655 2209 590
464 2210 587
1438 2210 609
954 2211 662
1346 2211 752
1784 2211 100
340 2213 929
1040 2213 373
422 2214 399
1688 2214 142
445 2215 354
976 2215 106
233 2217 302
1188 2217 232
2039 2218 396
362 2220 121
458 2221 301
1813 2225 383
2007 2225 249
773 2227 110
2171 2227 466
3 2228 407
794 2229 212
2044 2230 404
855 2231 411
1013 2233 886
1133 2234 444
21 2235 296
674 2235 102
42 2237 158
880 2239 279
1559 2239 299
887 2240 773
518 2241 216
1490 2242 186
1736 2242 251
143 2244 450
2110 2245 497
1708 2246 646
1762 2246 758
2037 2248 892
560 2250 277
967 2250 123
759 2251 148
2017 2251 455
409 2252 129
1791 2253 259
664 2254 763
25 2256 572
88 2257 228
127 2257 784
274 2258 449
923 2258 475
2187 2261 111
727 2262 346
1702 2263 729
1195 2265 319
686 2266 175
1383 2266 464
196 2267 271
981 2268 285
205 2271 374
1126 2273 175
77 2274 393
2262 2275 617
377 2276 137
1540 2276 111
2101 2276 172
64 2278 602
1513 2278 614
1677 2278 859
106 2279 145
2135 2280 258
525 2282 553
524 2283 356
559 2284 503
1221 2284 809
388 2285 116
594 2285 132
10 2286 692
813 2288 784
1243 2288 314
1029 2290 151
1924 2290 342
1332 2291 117
1287 2292 648
103 2293 183
199 2293 328
601 2295 256
1081 2296 770
1083 2296 176
1211 2296 135
2269 2297 218
391 2298 680
849 2298 120
1259 2299 519
1328 2300 435
1028 2302 152
1604 2302 290
274 2303 497
4 2304 285
1646 2304 165
16 2305 405
629 2309 500
700 2309 506
100 2312 217
110 2312 251
1721 2312 481
2246 2314 139
830 2315 308
997 2315 185
998 2316 330
2233 2316 344
1477 2317 112
1899 2317 689
2162 2317 161
600 2318 169
946 2318 192
2096 2320 180
310 2321 179
1155 2321 333
616 2322 181
738 2322 240
663 2323 383
927 2323 390
774 2329 163
1622 2331 211
261 2334 201
337 2334 898
220 2335 412
1208 2336 117
2183 2336 848
2187 2337 464
1183 2339 316
283 2340 106
1733 2340 164
659 2341 375
750 2343 278
1565 2344 161
2221 2345 429
2037 2346 319
893 2347 122
1754 2348 206
2141 2349 291
1485 2351 768
658 2352 325
1590 2352 156
557 2354 180
1816 2354 106
56 2356 201
73 2356 306
318 2356 612
1620 2358 177
1664 2358 804
170 2359 185
1792 2359 831
1045 2361 559
1648 2361 443
2032 2361 381
197 2362 804
2211 2363 743
2245 2363 214
1735 2364 174
1528 2365 761
2233 2365 126
172 2368 190
174 2368 166
837 2368 137
2176 2368 749
964 2369 381
2343 2369 371
2057 2370 955
2109 2371 158
1043 2372 169
1111 2372 297
1742 2372 154
311 2373 834
809 2374 180
838 2375 122
140 2376 146
99 2378 126
1546 2379 262
1600 2381 291
1884 2381 367
272 2382 259
2108 2382 224
988 2383 283
1882 2383 212
2103 2383 140
220 2387 509
1208 2387 149
1262 2388 142
540 2389 671
2206 2389 386
1979 2391 171
935 2392 213
1020 2393 233
1570 2396 995
2188 2397 490
2334 2398 267
304 2399 214
1200 2399 294
287 2401 261
976 2401 290
480 2404 253
1241 2405 186
1914 2405 162
497 2407 983
1555 2407 272
400 2408 905
1765 2408 612
734 2409 429
755 2410 264
161 2411 448
957 2411 194
1644 2412 184
967 2413 206
1055 2413 228
54 2414 388
1382 2414 242
1066 2415 810
17 2417 355
40 2417 100
833 2417 589
1759 2418 130
2116 2418 174
753 2419 296
2392 2419 174
1745 2420 140
59 2421 226
1802 2423 341
285 2425 110
1716 2427 105
940 2428 296
258 2430 110
161 2431 285
731 2433 300
774 2434 287
776 2436 359
1529 2438 402
1534 2439 118
466 2441 801
294 2442 554
105 2444 726
2066 2444 871
562 2445 268
2222 2446 631
440 2448 508
816 2448 234
490 2449 319
189 2450 585
555 2453 306
1361 2453 247
424 2455 534
1752 2456 133
2007 2456 448
195 2457 524
1004 2458 198
2039 2458 115
2406 2459 744
479 2460 346
2288 2460 976
2447 2460 344
71 2462 224
1433 2463 195
239 2465 946
307 2466 100
785 2467 155
1218 2468 268
1344 2468 120
1925 2468 230
482 2470 469
893 2471 243
294 2472 103
1306 2473 416
2150 2476 939
1931 2477 104
5 2478 250
354 2478 675
2317 2478 878
1886 2479 427
1213 2481 112
1645 2484 194
719 2485 157
1451 2486 161
1871 2487 342
463 2488 150
1540 2488 171
1380 2489 171
383 2492 141
965 2492 146
1482 2493 758
2428 2494 314
1295 2496 596
581 2497 116
2191 2497 288
1071 2499 257
269 2501 206
186 2503 363
351 2503 193
412 2503 559
2001 2503 847
1401 2506 131
1051 2507 109
2398 2508 148
379 2509 219
1634 2509 119
1957 2509 241
548 2510 334
95 2512 968
1682 2512 387
1631 2513 708
2275 2513 468
720 2514 136
2381 2515 112
2112 2516 318
538 2518 299
359 2520 853
2083 2521 220
2330 2521 438
1576 2522 173
234 2523 348
1139 2525 889
146 2526 170
1676 2526 156
2016 2526 137
1690 2527 154
167 2528 192
2052 2529 385
2470 2530 127
194 2531 152
767 2531 330
1367 2531 993
2305 2532 310
987 2533 124
5 2534 157
680 2534 762
2269 2535 274
276 2536 229
579 2536 327
2383 2536 242
1403 2537 238
1081 2538 149
111 2539 114
2044 2539 279
2051 2542 506
1445 2543 417
474 2544 102
478 2544 261
840 2544 914
878 2544 257
1520 2545 297
1959 2545 137
2358 2545 147
895 2547 340
1892 2547 329
1704 2549 288
715 2550 205
1309 2550 158
817 2551 520
1663 2551 778
2436 2551 409
1717 2552 434
1918 2552 635
1128 2553 407
1336 2553 337
503 2554 157
1319 2554 189
1925 2554 182
1865 2555 339
651 2556 215
1242 2556 680
1872 2556 198
2254 2557 148
222 2558 244
288 2558 806
246 2560 838
339 2560 240
1665 2561 451
279 2562 312
756 2562 741
2443 2562 242
147 2563 628
1112 2563 195
1633 2563 110
2031 2563 183
1576 2564 548
269 2565 319
2293 2565 715
2375 2565 613
1085 2566 177
2445 2567 322
142 2568 206
491 2570 285
2272 2570 269
2371 2571 235
2088 2574 213
926 2575 174
1779 2575 305
403 2576 589
1104 2577 401
2394 2577 149
1103 2578 256
1326 2578 239
1670 2580 246
1766 2580 319
26 2581 152
285 2583 116
1033 2583 696
1382 2584 763
855 2585 224
2305 2585 126
2307 2585 287
2086 2586 422
2365 2586 308
2355 2587 216
270 2588 512
2374 2588 700
1743 2589 532
996 2592 166
2020 2593 103
2088 2593 936
1058 2594 127
245 2596 156
293 2598 154
444 2599 354
1299 2599 129
136 2600 552
16 2601 124
356 2601 351
1449 2602 163
2025 2603 141
1390 2604 433
1155 2605 111
1947 2606 149
1858 2609 324
1302 2610 245
1146 2611 235
2137 2611 545
1022 2612 557
2140 2612 302
110 2613 488
849 2613 565
2564 2613 395
166 2614 150
2516 2615 310
1770 2616 147
1998 2616 285
818 2617 786
1989 2617 481
2385 2617 247
485 2618 194
2458 2618 142
1260 2620 302
2484 2620 197
289 2621 206
830 2623 390
1512 2623 214
171 2624 130
208 2624 280
25 2625 180
2499 2626 348
17 2629 266
839 2629 140
2616 2629 370
951 2630 935
841 2631 531
215 2633 912
314 2633 321
705 2633 155
1351 2633 174
116 2634 771
2255 2634 944
166 2635 363
126 2636 825
1308 2637 141
1370 2637 336
12 2638 224
323 2638 397
978 2638 209
1212 2638 511
1591 2638 258
2348 2638 836
140 2639 444
1471 2640 207
1656 2640 160
1124 2641 391
663 2643 190
2136 2643 214
2254 2645 153
1941 2646 460
844 2649 144
2035 2651 630
2152 2651 157
285 2652 167
327 2653 765
1280 2653 801
1284 2656 684
2079 2656 392
2384 2656 173
1999 2657 489
2238 2657 202
1403 2658 200
2171 2658 298
2529 2660 209
541 2661 140
717 2661 435
1077 2661 502
1253 2661 116
185 2662 246
271 2663 196
1469 2663 854
1529 2663 715
2456 2663 319
1654 2665 305
2197 2665 302
539 2667 421
1548 2667 166
1749 2668 866
2541 2668 453
223 2669 359
1496 2669 237
1699 2670 209
2465 2670 243
755 2672 101
1017 2672 330
1225 2672 444
1435 2672 279
2318 2672 182
677 2673 597
1119 2674 126
2465 2676 264
1040 2677 382
315 2678 151
1121 2678 106
1459 2679 300
359 2680 121
2381 2680 127
1357 2681 658
317 2683 466
1315 2683 130
284 2684 264
2275 2684 438
1206 2685 195
2270 2686 363
212 2688 259
1020 2688 125
680 2689 590
1156 2690 374
721 2691 400
28 2692 164
1151 2692 228
1063 2693 353
2167 2696 118
1125 2697 137
2317 2697 310
1694 2698 391
2235 2698 307
2433 2698 318
1748 2699 327
1844 2699 211
2020 2699 231
2243 2699 138
543 2700 738
1257 2701 108
1766 2701 944
1127 2702 102
625 2703 236
2207 2703 209
689 2705 135
208 2706 379
574 2706 277
1223 2706 491
526 2707 744
39 2708 194
2582 2708 330
349 2709 508
2304 2709 688
1434 2710 553
595 2711 559
2477 2711 150
145 2712 492
1622 2713 158
1175 2714 380
2388 2714 218
582 2715 701
761 2717 924
1253 2717 238
2567 2718 340
1768 2720 109
133 2721 109
904 2721 167
1012 2723 125
2245 2723 685
2383 2723 518
2570 2727 120
380 2728 303
76 2729 294
1528 2729 187
1758 2729 488
1866 2729 751
2134 2729 392
2138 2729 791
1553 2731 543
2030 2731 558
1213 2732 301
268 2733 629
1371 2733 882
440 2734 215
1619 2735 435
1674 2735 242
2329 2735 380
1450 2736 278
1870 2736 470
383 2738 282
1319 2738 155
202 2740 166
613 2740 117
2175 2741 231
2310 2741 219
1452 2742 302
342 2743 301
1622 2744 128
1787 2745 293
2103 2745 323
703 2746 180
1387 2747 908
948 2748 214
2337 2748 663
2516 2749 401
1365 2751 297
1441 2751 192
2243 2751 155
752 2752 282
240 2753 368
29 2755 322
794 2756 564
1499 2756 331
1587 2757 399
540 2759 448
719 2759 316
2757 2759 497
1572 2761 413
2371 2761 209
2429 2763 175
2606 2763 329
2059 2767 112
638 2768 232
1961 2768 168
2208 2768 271
2587 2768 158
1073 2769 467
2479 2769 469
359 2770 274
463 2770 198
1531 2771 141
2132 2772 209
206 2773 100
1168 2773 869
1967 2774 223
1049 2775 285
2114 2775 984
1827 2777 297
1020 2778 114
1075 2778 930
278 2781 324
931 2781 503
776 2782 643
1848 2782 274
787 2783 756
645 2784 709
805 2784 793
67 2785 365
2459 2786 401
1661 2788 241
2558 2788 134
1019 2790 438
1129 2790 166
2564 2792 893
985 2793 419
37 2794 787
517 2794 194
1566 2794 341
2673 2794 317
1895 2795 261
2405 2796 942
1495 2797 341
507 2798 294
863 2798 426
1473 2798 580
165 2800 431
1779 2802 274
2801 2803 527
1000 2804 293
1126 2805 160
441 2806 247
1342 2806 173
669 2807 655
2653 2807 174
1468 2808 360
674 2809 579
475 2810 496
1130 2810 315
24 2811 721
2333 2812 370
575 2813 835
939 2814 995
1996 2815 243
1476 2816 160
1575 2816 354
1358 2817 199
203 2818 256
1222 2818 385
2126 2819 182
1562 2821 147
1556 2822 232
995 2823 135
1317 2823 319
1402 2824 774
706 2825 101
744 2827 245
1483 2828 441
1583 2828 225
160 2829 135
1100 2829 173
893 2830 126
2065 2830 304
2170 2830 554
1345 2832 758
2744 2832 582
235 2833 431
1402 2833 187
1642 2833 717
137 2834 121
343 2834 425
1131 2834 234
2427 2836 194
2628 2836 384
2443 2837 872
2398 2838 649
259 2839 351
2673 2839 879
213 2841 197
1004 2842 214
1138 2842 434
1643 2843 739
2490 2843 606
712 2844 117
979 2844 263
64 2846 237
1969 2846 265
2750 2846 161
33 2847 310
1535 2848 133
2686 2849 747
2620 2850 494
404 2851 776
842 2853 140
929 2853 324
683 2854 329
1301 2854 412
1954 2855 535
2384 2855 268
2478 2855 141
814 2858 384
1695 2860 315
153 2861 244
2364 2861 179
107 2862 347
289 2862 181
789 2862 535
974 2864 190
2503 2865 170
1024 2866 149
1243 2866 350
1267 2866 348
1433 2866 412
1372 2867 116
9 2869 153
1205 2870 242
1749 2870 215
1811 2871 124
2046 2871 464
2023 2872 263
2606 2872 514
1794 2873 145
2328 2875 199
1877 2876 117
2172 2876 136
2119 2877 354
873 2878 335
1709 2878 204
1989 2879 405
2310 2880 133
2205 2881 576
695 2882 474
760 2883 399
2715 2883 249
1222 2884 110
795 2885 795
2167 2887 416
1343 2888 353
110 2890 145
224 2890 196
2441 2890 277
1598 2891 111
696 2892 233
2182 2892 437
844 2893 505
1457 2893 460
2210 2894 249
2342 2896 425
1373 2897 133
2893 2897 307
198 2898 562
295 2899 880
35 2900 169
1380 2900 484
2040 2902 315
2306 2903 235
490 2904 772
1008 2905 743
1691 2906 842
978 2907 143
216 2909 301
1245 2909 207
2053 2913 232
2669 2913 496
228 2915 129
2292 2916 160
2432 2916 264
2099 2917 178
556 2918 406
1585 2918 103
99 2919 316
1001 2919 396
2807 2919 137
573 2920 150
1356 2920 671
2302 2920 203
1531 2921 919
1240 2923 113
2767 2923 120
1257 2924 223
1755 2925 382
991 2926 150
743 2927 389
760 2927 193
1808 2927 412
752 2928 107
59 2929 852
305 2929 240
1416 2929 279
1437 2929 246
38 2930 229
1114 2932 650
1365 2932 350
2827 2932 173
1391 2934 302
2612 2934 466
564 2935 242
1102 2935 547
2177 2935 295
1190 2936 102
263 2938 205
1279 2939 555
1796 2939 394
1671 2940 218
1741 2940 398
1996 2941 314
2853 2942 497
214 2943 125
305 2943 197
496 2943 233
823 2943 256
711 2945 337
2867 2945 179
405 2946 207
2168 2947 173
1964 2949 167
841 2950 491
494 2951 430
896 2951 195
1394 2951 406
1663 2951 388
1083 2952 341
2647 2952 134
36 2953 451
943 2955 210
1703 2955 289
2812 2957 104
635 2958 357
2701 2959 146
1109 2960 386
1205 2961 165
2100 2962 233
196 2963 160
2527 2963 183
489 2964 858
661 2966 180
572 2967 635
295 2968 825
2198 2969 581
2965 2970 477
2852 2971 192
2960 2971 302
258 2972 185
618 2972 364
2028 2972 353
2386 2972 525
152 2973 402
983 2973 214
1824 2973 732
850 2974 227
2006 2976 177
662 2977 120
2137 2977 261
1626 2978 257
871 2979 182
130 2981 232
583 2982 351
76 2983 202
1395 2984 127
2259 2984 339
587 2985 195
1633 2985 376
2361 2985 145
1166 2987 138
1576 2987 335
1792 2987 337
1566 2988 488
2677 2991 888
1140 2992 323
1559 2992 106
1676 2992 445
1875 2993 699
2425 2993 937
2592 2993 520
411 2994 313
762 2995 438
1597 2995 121
783 2996 223
1020 2996 130
1646 2997 284
2461 2997 307
2882 2997 635
724 2998 100
2707 2998 281
1388 2999 147
1760 2999 143
2243 2999 266
1298 3000 399
2803 3000 540
1517 3001 575
12 3002 138
2859 3003 562
861 3004 367
2249 3004 273
1254 3005 107
1347 3006 853
2053 3006 132
2976 3006 281
958 3007 274
2267 3008 348
1570 3009 405
718 3011 133
107 3012 361
1130 3012 252
1434 3013 543
1728 3013 250
1348 3014 596
2826 3014 155
2868 3014 417
45 3015 127
2248 3015 211
2255 3015 128
2859 3015 131
960 3016 548
2596 3016 261
1013 3017 619
2825 3017 139
766 3018 364
2069 3018 573
1001 3019 303
487 3021 277
788 3021 298
2538 3022 336
1074 3023 261
1205 3025 124
424 3026 357
721 3026 359
768 3026 164
694 3027 148
2251 3027 491
2826 3027 372
2658 3028 249
1303 3029 339
1509 3030 169
2618 3032 205
1026 3033 275
1059 3034 176
1198 3034 801
310 3036 125
2116 3036 160
3012 3036 103
2147 3037 504
2760 3037 931
728 3038 270
994 3038 206
1918 3038 560
98 3039 102
2681 3040 108
1211 3041 122
2583 3043 373
674 3044 196
1403 3044 672
2253 3044 126
282 3045 315
1619 3045 255
830 3046 272
1495 3047 364
1237 3049 190
1635 3049 214
401 3050 379
595 3050 212
1664 3055 276
1914 3056 417
240 3057 404
2153 3057 256
2711 3057 160
347 3058 193
1888 3058 152
2551 3058 311
1723 3059 103
327 3060 120
1568 3060 113
2287 3060 175
2716 3061 117
483 3062 210
1020 3062 235
1724 3062 477
43 3063 220
641 3063 335
793 3064 316
2475 3064 241
936 3065 890
1941 3068 205
1640 3069 957
2608 3069 675
219 3070 557
1739 3070 426
1041 3071 280
2873 3072 835
2434 3073 212
1299 3074 402
2540 3074 366
2762 3074 223
448 3076 216
1434 3076 342
209 3077 288
283 3078 907
1922 3078 374
2464 3079 236
346 3081 403
217 3082 203
522 3083 424
675 3083 127
2409 3083 634
119 3084 924
565 3084 680
945 3084 160
2361 3085 176
80 3087 355
937 3089 217
1526 3090 260
1804 3090 219
2326 3090 282
786 3091 126
1660 3091 382
1280 3092 172
1372 3092 209
1412 3092 427
212 3093 170
47 3094 894
335 3094 180
2025 3094 220
1572 3095 599
1640 3096 357
2834 3096 116
267 3097 659
2481 3098 214
211 3099 169
1377 3100 442
1959 3101 146
964 3102 588
1221 3102 482
552 3103 294
2911 3103 393
434 3104 132
556 3104 535
691 3104 824
2092 3104 165
1076 3105 104
1961 3105 372
1670 3106 469
332 3107 129
2628 3107 450
301 3108 272
453 3109 682
1607 3109 146
2732 3109 122
1814 3111 531
2550 3111 335
150 3112 557
1878 3112 734
2963 3112 354
161 3113 950
294 3113 572
2033 3113 576
1722 3114 329
2053 3114 185
2801 3115 620
570 3116 283
1632 3116 441
2024 3116 172
961 3117 253
574 3120 188
1355 3122 157
1941 3122 115
112 3123 139
1991 3123 348
591 3124 128
1638 3124 729
2301 3124 332
3079 3124 106
883 3127 431
2763 3128 482
301 3129 460
1182 3129 200
837 3130 246
2168 3130 376
981 3131 101
1689 3131 199
396 3133 386
1042 3134 252
527 3135 181
708 3135 989
1211 3136 130
3029 3136 236
833 3137 229
116 3140 359
1020 3141 656
2333 3141 275
542 3142 115
1738 3143 325
2687 3143 217
1235 3144 539
2178 3144 500
1927 3145 138
1181 3146 134
2098 3146 770
2203 3147 870
1201 3149 417
2088 3149 264
800 3150 296
1314 3150 101
1863 3150 474
786 3151 683
1142 3151 518
1140 3153 383
3138 3154 642
1352 3155 160
524 3156 317
783 3156 203
631 3157 775
676 3158 224
2315 3158 293
1584 3159 118
2834 3159 507
2846 3160 198
961 3161 818
2951 3162 494
315 3163 569
2904 3164 509
1641 3165 523
2548 3165 347
883 3166 312
346 3167 391
2949 3167 196
3048 3167 199
1795 3168 400
1071 3169 664
2232 3169 468
63 3170 889
1611 3170 599
1818 3171 327
452 3173 242
691 3173 810
1962 3173 310
2830 3173 414
3046 3173 166
202 3174 384
303 3174 116
2193 3174 907
603 3175 425
57 3177 632
1087 3177 170
1331 3177 138
252 3178 315
2870 3178 284
2774 3179 231
3119 3179 384
874 3180 674
2357 3180 265
1598 3181 161
1364 3183 579
2402 3184 462
1882 3185 316
210 3186 221
499 3186 337
1728 3186 144
1772 3186 292
2323 3186 169
1930 3187 965
1803 3188 133
457 3191 270
973 3191 263
3066 3191 406
917 3192 137
1338 3194 452
847 3195 333
477 3196 502
1828 3196 456
2224 3196 332
1789 3197 439
2208 3197 118
746 3198 309
1852 3198 730
663 3199 306
920 3199 659
2742 3199 116
2255 3200 322
996 3201 152
1339 3201 875
3189 3202 301
37 3203 802
1490 3205 513
1332 3207 400
2311 3207 474
94 3208 211
682 3208 950
2765 3208 141
640 3209 441
977 3209 223
1082 3209 346
1095 3209 145
2823 3209 391
102 3210 762
430 3211 242
910 3212 635
1162 3213 539
2101 3213 102
3178 3216 330
364 3217 165
1198 3217 207
1207 3217 586
2001 3217 457
735 3219 349
3173 3219 301
2916 3220 717
879 3221 202
18 3222 278
2131 3222 153
437 3223 133
1610 3223 113
2970 3223 493
1672 3224 121
1992 3225 340
2776 3225 482
2799 3225 153
393 3226 840
728 3227 686
690 3228 268
1964 3229 905
3155 3229 151
1224 3230 285
1216 3231 278
1890 3232 494
617 3233 564
1932 3233 182
46 3234 446
885 3234 248
2902 3234 209
1968 3235 616
1539 3236 237
1671 3237 758
3071 3237 255
329 3238 483
169 3239 152
1061 3239 177
824 3240 277
1137 3241 151
1375 3241 195
1851 3241 972
492 3242 117
2031 3243 154
722 3244 287
1047 3244 103
2207 3244 490
36 3245 975
500 3245 173
1268 3247 250
1529 3248 280
641 3249 152
2439 3250 337
803 3251 388
1499 3252 510
2840 3252 162
3201 3252 175
2664 3253 284
663 3254 346
10 3255 445
1354 3255 554
2339 3256 454
2784 3256 749
3076 3256 315
218 3257 637
561 3257 656
3144 3258 449
2195 3259 168
1362 3260 412
281 3261 255
418 3261 203
1088 3261 334
3000 3262 162
1174 3263 791
1757 3264 416
2007 3264 124
2194 3264 119
716 3267 225
2570 3267 317
90 3268 583
1479 3268 451
61 3269 855
887 3269 136
458 3270 127
1645 3270 643
699 3271 254
2456 3271 817
949 3272 437
670 3273 944
1623 3273 328
2584 3274 282
79 3275 451
150 3275 564
452 3275 317
2454 3275 592
576 3276 238
1932 3276 723
26 3277 481
1163 3278 466
436 3279 186
1292 3279 170
92 3282 343
1829 3282 279
3085 3282 526
154 3283 143
1365 3283 246
675 3284 222
918 3284 326
1271 3284 257
2836 3285 125
990 3287 970
1825 3287 325
2084 3289 117
1747 3290 294
1748 3290 188
1143 3291 909
1748 3291 316
2143 3291 131
697 3292 167
1560 3292 160
2294 3292 800
3118 3292 374
1323 3293 233
2215 3293 197
2675 3294 164
1938 3295 174
204 3297 188
308 3297 496
1185 3297 144
1061 3298 150
400 3299 173
1669 3299 389
899 3300 249
879 3301 310
1793 3302 261
1995 3302 133
2860 3302 358
3236 3302 164
1398 3303 205
826 3304 381
2999 3305 195
2942 3307 118
1226 3309 310
3214 3309 100
232 3310 309
3223 3312 134
954 3313 158
608 3314 358
1218 3315 380
1150 3316 241
2105 3317 174
1149 3320 586
2808 3320 111
1379 3321 425
1688 3321 734
565 3323 204
1621 3323 446
2483 3323 307
1403 3324 227
623 3325 545
2188 3325 331
3013 3326 570
1284 3327 168
145 3328 581
548 3328 102
2463 3328 105
1917 3329 300
3189 3329 895
1723 3331 475
1742 3331 388
579 3332 419
2724 3334 432
3136 3334 175
2465 3336 381
805 3337 193
2174 3337 222
2906 3337 487
2477 3338 480
297 3339 438
2296 3339 767
2132 3340 631
533 3343 801
1201 3346 171
397 3347 330
780 3347 627
1965 3348 335
2135 3348 230
2195 3348 150
3067 3349 213
484 3350 120
1246 3350 101
2615 3351 258
37 3353 520
753 3354 150
442 3355 245
1893 3356 218
940 3357 179
2754 3358 449
1918 3359 791
2013 3359 351
2133 3359 316
2404 3362 754
876 3363 142
1512 3364 254
2511 3364 288
159 3365 853
554 3365 362
2043 3365 303
3331 3365 375
2714 3366 155
3206 3366 669
2036 3367 299
473 3368 504
2219 3368 491
90 3369 284
459 3369 114
727 3370 304
1393 3370 257
1792 3370 976
235 3371 373
2779 3372 183
1093 3373 835
2474 3373 311
3190 3373 456
2175 3374 184
2700 3375 245
333 3378 223
553 3378 145
2682 3378 188
1204 3379 105
2329 3379 196
2617 3380 236
1127 3381 341
1732 3381 428
1073 3382 232
1207 3383 321
1407 3383 233
783 3384 144
1541 3385 100
2905 3385 603
1289 3386 127
2324 3389 439
2390 3389 248
2847 3390 231
3157 3391 285
1612 3392 592
426 3393 490
2369 3393 176
128 3395 176
2404 3395 884
2480 3396 124
2671 3396 148
3087 3396 158
66 3397 270
181 3397 451
1965 3397 102
1658 3399 245
951 3400 345
1197 3400 156
2546 3400 230
2774 3402 358
559 3403 456
2452 3403 314
2116 3406 318
2527 3406 299
3118 3406 489
2000 3407 269
1592 3408 413
1614 3408 178
2514 3408 367
2049 3409 372
421 3410 476
613 3410 298
898 3410 179
1263 3411 261
1698 3411 202
1712 3411 168
2269 3412 150
3272 3412 391
3300 3412 830
865 3414 102
825 3415 435
1729 3415 117
771 3416 123
220 3419 289
1116 3421 251
2343 3421 282
1130 3422 249
1802 3423 429
253 3424 225
1431 3424 378
777 3425 203
1452 3425 938
2572 3425 207
1986 3426 104
2440 3426 554
444 3427 217
1582 3427 375
1260 3428 614
2002 3428 210
2525 3428 146
520 3429 121
581 3429 551
761 3429 493
1342 3429 322
2643 3429 976
3057 3429 184
210 3431 115
420 3431 369
2983 3433 268
1688 3434 502
1443 3435 474
2650 3435 603
908 3437 423
2380 3437 137
3277 3438 144
833 3439 167
2313 3439 212
2695 3439 270
68 3440 721
1679 3440 387
3322 3440 146
69 3441 146
240 3441 164
1044 3441 655
1371 3441 115
859 3442 166
2914 3442 174
1622 3443 738
89 3444 228
1704 3444 273
2232 3445 466
1883 3446 248
490 3447 209
3265 3448 219
1653 3449 123
1610 3450 404
709 3451 666
2783 3452 415
791 3453 192
2072 3453 353
2373 3454 374
614 3455 496
708 3455 915
84 3456 928
50 3459 130
1892 3459 272
840 3461 168
2632 3461 106
638 3462 158
1240 3462 129
1252 3462 440
3294 3462 257
2177 3463 466
1410 3464 280
2602 3464 129
3 3466 925
586 3466 523
982 3467 870
2828 3467 341
3009 3467 362
3024 3467 166
2510 3468 332
205 3469 603
2189 3470 295
798 3471 324
2202 3471 180
2699 3471 586
59 3472 289
426 3474 550
1865 3474 471
3103 3474 760
2287 3475 198
2002 3476 570
2200 3477 238
2574 3477 203
2016 3478 184
3117 3481 256
799 3482 124
2712 3482 265
163 3483 180
1958 3483 177
1317 3484 240
2737 3485 287
2847 3485 102
41 3486 184
202 3486 694
2508 3486 136
834 3487 187
2113 3487 771
2198 3488 192
3435 3489 631
3137 3490 602
210 3491 523
242 3491 241
613 3491 202
2988 3492 407
1906 3493 485
3025 3493 174
154 3494 159
1848 3494 160
464 3495 374
1683 3495 709
1952 3495 567
2554 3495 169
3080 3495 313
3235 3495 261
2084 3497 711
2700 3497 147
2730 3498 275
637 3499 132
1420 3499 569
3222 3499 350
3325 3500 495
1911 3501 269
1357 3502 205
54 3505 340
3441 3505 206
3471 3505 192
1197 3506 931
2784 3506 105
2648 3507 446
3459 3508 135
911 3509 790
305 3510 108
2288 3510 102
1418 3511 443
2070 3511 205
2223 3511 784
2163 3512 228
992 3513 146
3040 3513 227
1072 3515 540
1327 3515 249
1509 3516 136
2662 3516 256
3063 3516 698
2444 3517 666
587 3518 204
1251 3518 239
2182 3519 165
2636 3519 222
1340 3520 416
1230 3521 317
2995 3522 203
990 3523 163
1035 3523 111
2569 3523 565
3254 3524 713
1853 3525 652
1113 3526 755
1786 3526 770
2324 3526 253
1959 3527 109
2339 3527 373
3223 3529 587
2543 3530 291
2726 3530 816
1128 3531 337
2586 3531 179
1556 3532 932
3353 3532 437
2072 3533 266
257 3534 191
385 3534 247
1776 3535 151
2398 3536 114
2077 3537 220
1171 3538 141
3154 3538 248
1717 3539 139
355 3540 371
712 3540 178
2320 3540 193
1699 3541 330
930 3542 317
987 3542 944
3021 3542 348
1723 3543 388
2718 3544 385
2154 3545 394
3465 3545 295
2311 3546 380
2931 3547 361
3012 3548 128
1663 3549 837
562 3550 270
648 3550 359
2985 3551 308
1929 3552 265
2063 3552 280
2103 3553 304
756 3554 190
2599 3554 630
3049 3554 152
535 3555 705
1649 3555 170
2141 3555 996
536 3556 441
2524 3556 195
3380 3556 168
238 3557 189
1324 3557 190
1698 3557 263
1937 3557 293
2745 3557 507
302 3558 964
1509 3558 765
3043 3558 170
3356 3558 238
1910 3559 523
3022 3559 604
3206 3559 182
3176 3560 720
1337 3561 173
210 3562 456
1317 3563 436
2685 3564 713
506 3566 416
910 3566 121
1308 3566 222
2932 3566 143
781 3567 168
826 3567 454
1188 3567 359
893 3568 192
1067 3569 572
2719 3569 423
1695 3570 307
2217 3570 339
2934 3571 146
1105 3572 170
35 3574 438
1062 3574 241
2048 3574 286
2212 3575 986
2377 3575 920
2529 3575 192
2592 3575 234
3479 3575 184
377 3576 242
878 3576 429
2242 3576 317
1968 3577 394
3139 3577 438
131 3578 217
372 3578 455
2184 3579 300
3376 3579 103
999 3580 356
1685 3580 155
3362 3580 288
2111 3581 120
2146 3581 199
2788 3581 185
1063 3582 182
846 3583 177
828 3585 147
222 3586 107
2281 3586 223
2642 3586 295
492 3587 216
2362 3587 171
2780 3587 256
3053 3588 787
3188 3589 104
51 3590 386
666 3590 391
1333 3591 524
2114 3593 129
2467 3593 218
2501 3593 441
2503 3593 187
2886 3594 776
946 3596 132
991 3597 272
2007 3597 127
2367 3597 232
3058 3597 172
2028 3598 885
3100 3598 307
1837 3599 621
1655 3600 181
1976 3601 438
1435 3602 338
1537 3602 226
1375 3603 361
1656 3603 235
2294 3603 373
484 3604 558
609 3606 841
2393 3606 289
2874 3606 203
624 3607 642
804 3607 322
1417 3607 632
3077 3607 139
1475 3608 764
905 3609 687
2306 3609 138
317 3610 307
2498 3611 261
2317 3612 119
1760 3613 365
716 3614 135
3443 3615 245
2885 3617 162
3334 3617 216
3335 3617 248
3537 3617 224
1924 3618 693
298 3619 183
1842 3620 323
3349 3620 551
327 3622 223
462 3622 292
3089 3622 137
3137 3623 939
63 3624 998
877 3625 296
879 3626 121
1895 3626 670
2845 3626 140
3400 3626 237
1419 3627 109
2087 3627 134
1977 3628 108
3133 3628 348
2401 3629 106
879 3631 657
716 3632 136
341 3633 112
2552 3633 148
3215 3633 403
2029 3634 381
2099 3635 148
2471 3635 422
877 3636 117
1590 3636 175
2053 3636 191
721 3637 526
940 3638 116
3031 3638 183
3345 3638 176
118 3639 450
963 3639 261
775 3640 377
3606 3640 349
4 3641 412
2474 3641 141
3588 3641 278
307 3642 232
1467 3642 559
1741 3642 718
2017 3642 325
2594 3642 257
1212 3643 388
1449 3643 477
1841 3643 606
1884 3643 374
3306 3643 131
1320 3644 855
1845 3644 155
658 3645 995
1228 3645 321
1427 3645 153
2603 3645 608
501 3647 165
1206 3647 415
1547 3648 193
2917 3648 240
1224 3650 262
2573 3650 269
3043 3650 250
917 3651 451
3157 3651 268
3357 3651 310
2585 3652 337
3472 3652 510
562 3653 235
3040 3653 954
3318 3653 161
1193 3654 138
1673 3654 222
2383 3654 454
3371 3654 141
1113 3656 302
298 3657 553
2669 3657 144
310 3658 124
2247 3658 157
2532 3658 137
58 3659 371
1322 3659 100
2922 3659 101
1813 3660 580
191 3661 252
1627 3661 146
1283 3662 381
681 3663 360
866 3663 619
2256 3663 419
2893 3663 337
1884 3664 123
2290 3664 277
3363 3664 271
1440 3665 117
1591 3665 133
1875 3665 273
815 3667 468
1848 3669 391
952 3670 233
1376 3670 249
2469 3670 902
3457 3670 118
443 3671 707
3085 3671 298
3117 3671 750
1096 3672 188
2770 3672 362
2272 3673 187
782 3674 330
751 3675 945
2580 3675 203
3027 3676 659
1503 3677 252
2132 3677 744
645 3678 383
1184 3678 357
2739 3678 283
2091 3679 354
3543 3679 336
3605 3679 459
1415 3680 240
3383 3681 161
2167 3682 372
1750 3683 256
776 3684 579
1158 3685 227
2529 3686 140
2698 3687 110
3283 3687 447
1194 3688 203
2165 3688 268
266 3689 268
1540 3690 432
2825 3690 306
1770 3691 557
1947 3691 544
695 3692 334
1202 3694 922
1620 3694 437
632 3695 116
1629 3696 248
2430 3696 353
2438 3696 272
602 3697 134
2549 3697 226
3624 3697 192
454 3699 763
1712 3699 255
614 3701 447
2368 3702 307
3444 3702 175
53 3703 312
255 3703 584
1907 3704 456
2278 3704 337
565 3706 248
1237 3706 257
1137 3707 203
3694 3707 259
1684 3708 114
558 3709 171
465 3710 270
3650 3710 492
3427 3711 216
2843 3712 324
216 3713 252
2118 3713 284
312 3714 813
1998 3714 142
1498 3715 204
2383 3715 132
286 3716 327
1050 3716 707
2857 3716 385
2541 3717 205
321 3718 559
1606 3718 562
319 3719 421
590 3719 294
669 3719 303
202 3720 912
1022 3720 103
1108 3720 133
1557 3723 279
3212 3723 124
3343 3723 601
3663 3723 238
2668 3724 209
2933 3724 153
1867 3725 790
2301 3726 115
1027 3727 491
231 3728 148
1364 3728 224
2080 3728 160
1014 3729 831
1599 3729 570
777 3730 348
1053 3730 152
1397 3730 277
3224 3730 603
196 3731 117
3458 3731 298
210 3732 967
1460 3733 266
1671 3733 374
2655 3733 623
1350 3734 160
141 3735 757
975 3735 271
3621 3736 862
1751 3737 381
346 3738 645
2279 3739 481
3668 3739 592
1164 3740 426
3140 3740 180
3061 3741 426
3067 3742 152
2320 3744 528
784 3745 400
1806 3747 193
2805 3747 211
3477 3747 105
2100 3748 216
1536 3749 281
2130 3749 121
2563 3751 175
394 3752 958
578 3753 270
2955 3753 284
2474 3755 123
2960 3755 453
84 3756 523
103 3757 141
3053 3757 180
3282 3758 150
1036 3759 600
2992 3759 238
3562 3759 219
3205 3760 196
2209 3761 202
3033 3761 393
2289 3762 134
2544 3762 946
2568 3763 441
1794 3764 382
2007 3765 104
2421 3765 159
2600 3765 705
2992 3766 202
3679 3766 522
3710 3766 652
574 3767 891
1225 3767 254
645 3768 285
1493 3768 210
2064 3768 641
3341 3768 101
2749 3769 851
1125 3770 147
3380 3770 657
419 3771 395
1936 3771 832
2758 3771 417
2097 3772 369
693 3773 112
1617 3773 358
3287 3773 731
3381 3774 453
1250 3775 642
1971 3775 247
2066 3775 108
2085 3775 883
3095 3775 487
3555 3775 135
45 3776 462
604 3776 241
2612 3776 535
177 3777 279
2141 3777 370
3299 3778 213
1421 3779 172
1551 3779 105
1952 3779 240
2123 3780 234
1263 3781 167
1774 3781 579
408 3782 317
2944 3782 127
3328 3785 100
1178 3786 230
2365 3786 424
2557 3787 741
300 3788 315
2567 3789 332
3722 3789 261
204 3790 289
561 3790 104
3389 3790 524
2461 3791 368
2693 3791 613
1571 3792 209
2577 3792 311
3518 3793 368
2648 3794 164
27 3795 197
2970 3795 426
657 3796 169
628 3797 251
2838 3797 455
772 3798 406
207 3799 384
2181 3799 416
2443 3800 101
1138 3801 255
1465 3801 301
2486 3802 427
288 3803 849
1957 3803 240
3794 3803 142
1923 3804 292
2659 3804 674
3763 3804 585
615 3805 253
2545 3805 101
2055 3806 395
3041 3806 290
812 3807 400
1266 3807 271
2739 3807 147
3020 3807 238
1138 3808 259
1208 3808 644
3108 3808 115
1087 3809 208
1799 3809 251
3691 3809 279
1870 3810 421
3610 3810 937
43 3811 732
105 3811 367
1737 3811 220
257 3812 255
989 3812 916
1064 3812 246
1835 3813 129
2572 3813 276
3576 3813 239
1108 3814 214
96 3815 190
486 3815 132
2346 3815 624
2264 3818 154
3445 3818 461
1558 3819 123
1838 3819 319
2200 3820 217
2609 3820 599
3282 3822 760
87 3824 135
749 3824 870
1491 3824 557
1713 3824 108
3562 3824 224
3352 3826 115
26 3827 625
1108 3827 167
2000 3828 395
2440 3829 116
2131 3830 281
2741 3830 185
1909 3831 355
2088 3831 526
2489 3831 878
2913 3831 133
210 3832 419
1525 3832 396
2106 3834 328
3106 3834 498
1701 3835 873
2867 3835 118
1709 3836 667
3122 3836 361
3347 3836 402
656 3837 188
1018 3837 325
2130 3838 101
2664 3839 114
3088 3839 213
3662 3839 277
3524 3840 140
3822 3840 122
651 3841 262
3361 3841 252
3514 3841 365
832 3842 601
1758 3842 837
1849 3842 125
891 3843 267
1891 3844 192
1028 3845 486
1702 3845 302
2930 3845 640
3110 3845 159
1824 3846 212
2288 3846 278
3094 3846 846
28 3847 563
1112 3848 150
2084 3849 333
293 3850 314
1303 3850 196
1912 3851 129
240 3852 139
2843 3852 444
419 3853 120
2235 3853 194
1652 3854 224
3493 3854 671
3560 3856 457
730 3857 850
1799 3857 587
2517 3857 297
1505 3858 292
1513 3858 707
1734 3858 610
2345 3858 570
1606 3859 204
247 3860 214
2870 3860 326
688 3861 143
2821 3861 691
1598 3862 218
1647 3863 214
3033 3864 579
3245 3864 256
1553 3865 142
917 3866 380
2862 3867 433
1118 3868 260
673 3869 287
1796 3869 125
2782 3870 136
3231 3870 101
2247 3871 243
2706 3872 621
105 3873 159
1095 3873 341
3226 3873 191
2365 3874 425
31 3875 205
2764 3875 294
1960 3876 148
2356 3877 123
2683 3879 693
3714 3879 221
3801 3879 157
3409 3880 591
596 3881 726
2082 3881 427
1356 3882 191
2444 3882 221
2613 3882 475
1601 3883 406
2441 3884 991
1653 3885 752
213 3886 201
400 3886 342
3026 3886 285
3246 3887 324
3460 3887 254
3510 3887 265
3757 3887 631
2790 3888 713
2386 3890 291
2170 3891 308
2504 3891 980
163 3893 419
1456 3893 149
2091 3893 347
2188 3893 847
2322 3894 248
3837 3894 700
3448 3895 207
3 3896 151
3218 3896 151
3008 3897 130
3479 3898 262
34 3899 179
2424 3899 244
3760 3899 893
310 3900 214
790 3901 201
3082 3902 134
1487 3903 134
2638 3903 384
707 3904 204
2133 3904 459
2864 3904 226
1295 3905 552
2905 3907 127
3354 3908 235
539 3910 137
3658 3910 979
2029 3911 566
2959 3912 111
1906 3913 257
3211 3913 134
3688 3913 321
3846 3913 143
909 3914 263
771 3915 166
1344 3915 107
2390 3916 318
2796 3916 246
3881 3916 137
935 3917 370
3896 3917 207
1069 3918 296
3112 3918 373
1407 3920 337
1613 3921 147
2431 3921 264
819 3922 122
1392 3922 242
2226 3923 238
3821 3923 264
1341 3924 542
1574 3924 169
2122 3924 209
2931 3924 550
2948 3924 962
3862 3925 106
1308 3926 127
3421 3926 132
2532 3927 340
3416 3927 233
674 3928 334
168 3929 690
803 3930 486
1167 3931 171
2754 3931 532
3121 3931 267
3266 3931 760
130 3932 142
2796 3932 257
514 3933 469
2070 3933 581
3153 3934 383
3505 3934 486
1225 3936 908
2498 3936 310
3099 3936 235
1303 3937 124
2982 3937 966
2828 3939 142
3043 3939 172
438 3940 175
551 3940 707
3315 3940 106
3271 3941 343
1564 3942 403
3889 3942 230
2652 3943 293
3440 3943 759
3077 3944 444
3704 3944 270
468 3945 291
907 3946 242
1686 3946 211
3668 3947 635
2161 3949 147
151 3950 343
840 3950 516
1775 3950 389
2890 3950 352
3431 3950 425
475 3951 434
3155 3951 496
2451 3952 272
2791 3952 187
1195 3953 282
1812 3954 210
784 3955 390
795 3956 716
1484 3956 274
2610 3956 266
2780 3956 220
2287 3957 408
189 3958 202
1938 3958 227
492 3959 154
2095 3959 250
703 3960 109
800 3960 255
3348 3961 160
3858 3961 146
3870 3961 111
23 3962 184
505 3962 216
1268 3963 116
1722 3963 571
3555 3963 345
713 3964 703
3248 3964 289
3641 3964 216
330 3965 147
1343 3965 921
1832 3965 882
3557 3965 185
241 3966 110
3875 3966 268
2385 3967 392
3035 3967 479
478 3968 279
2188 3968 120
3646 3968 496
3833 3968 392
1111 3969 468
1312 3969 586
67 3970 480
3943 3971 321
1282 3972 649
2350 3972 110
3521 3972 216
1543 3973 161
2878 3974 293
3666 3975 266
3786 3975 265
607 3976 116
2789 3976 422
3140 3976 136
1392 3977 331
1462 3978 369
2783 3978 471
3061 3978 610
280 3979 848
1928 3979 412
2240 3979 611
2656 3979 198
1229 3980 354
3437 3980 311
3908 3981 120
1028 3982 768
3849 3982 480
2070 3983 188
2975 3983 250
3104 3984 291
1830 3985 246
1576 3986 158
1901 3986 318
242 3987 230
1835 3987 306
3055 3987 518
742 3988 120
1154 3988 118
2655 3988 384
3531 3988 651
2459 3989 475
3369 3989 204
157 3990 308
2014 3990 548
2381 3990 145
1262 3991 389
2126 3992 583
3828 3992 978
1209 3993 109
1804 3993 941
3938 3993 319
1615 3994 104
2619 3994 295
2818 3994 169
1344 3995 251
3189 3995 138
524 3997 168
703 3998 153
3787 3998 998
2277 3999 335
2353 3999 226
3585 4000 372
3968 4000 193
1605 4001 486
2055 4001 201
1372 4002 109
3357 4002 163
3774 4002 187
3383 4003 156
519 4005 186
2500 4005 205
1687 4006 140
962 4007 285
1616 4007 207
1666 4008 182
2539 4008 223
510 4010 713
3635 4011 192
772 4012 413
592 4014 888
1405 4014 278
2726 4014 527
2775 4014 464
2792 4015 250
502 4016 844
487 4017 857
3298 4017 209
689 4018 236
2708 4019 227
16 4020 364
138 4020 536
2005 4020 275
2215 4020 145
1926 4021 317
3544 4022 316
3754 4022 100
3825 4022 268
636 4023 200
2331 4023 416
84 4024 167
1088 4024 128
3332 4025 111
2004 4026 412
2238 4026 617
3541 4027 763
3922 4027 278
296 4028 156
1702 4028 217
2151 4028 193
298 4029 464
2620 4030 450
2641 4030 162
431 4031 239
1054 4031 163
2766 4031 109
3342 4031 266
1944 4032 866
1554 4033 741
3934 4034 453
122 4035 844
737 4035 353
3075 4036 259
136 4037 235
563 4037 333
1079 4037 317
2090 4037 424
3160 4037 850
766 4038 244
1151 4039 531
1335 4039 411
1795 4039 466
425 4040 115
1461 4041 442
1980 4041 555
729 4042 322
2217 4042 192
1902 4043 231
1238 4044 749
2259 4044 411
313 4045 209
676 4046 193
691 4047 601
1776 4048 378
3415 4048 201
454 4049 525
1901 4049 185
3136 4049 538
3951 4049 610
2815 4050 169
3927 4050 452
2598 4051 169
3740 4051 365
389 4052 865
2237 4053 233
2311 4054 130
22 4055 310
1247 4055 224
3270 4055 150
3716 4055 184
1595 4056 271
992 4057 119
3550 4057 617
2918 4058 112
406 4060 236
684 4060 252
1150 4061 270
1762 4061 114
3241 4062 646
3496 4063 752
18 4064 889
2743 4064 294
533 4065 132
2072 4065 279
860 4066 521
412 4067 182
654 4067 229
3644 4067 766
1928 4069 364
824 4070 481
3131 4070 345
4043 4070 248
894 4071 187
1164 4071 159
1614 4071 350
414 4072 210
493 4072 113
2474 4072 310
2571 4073 235
2933 4073 425
3275 4073 172
905 4074 272
2482 4074 120
3065 4074 108
315 4075 153
3795 4075 147
1229 4076 118
2322 4076 682
1550 4077 896
2052 4077 192
1389 4078 101
1802 4078 328
3070 4078 306
2189 4079 281
1184 4080 205
477 4082 169
2502 4082 152
3193 4082 160
144 4083 823
630 4084 505
3186 4084 323
207 4085 100
638 4085 110
2245 4085 155
1299 4086 190
3584 4086 171
783 4087 124
804 4087 294
2522 4088 238
2946 4088 481
3585 4088 346
1681 4089 122
2607 4090 868
973 4091 727
2238 4092 309
3531 4092 137
296 4093 141
1746 4093 173
3850 4093 167
4074 4093 920
3935 4094 291
1522 4095 455
70 4096 333
1120 4097 122
1225 4097 179
1544 4097 471
1917 4097 328
1560 4098 368
1969 4098 518
3973 4098 791
3898 4099 532
3727 4100 385
807 4101 300
1663 4101 278
2490 4101 271
1410 4102 385
2939 4102 100
3496 4102 118
243 4103 400
2699 4103 531
1349 4104 400
3817 4104 395
3828 4104 201
1724 4105 550
2046 4105 293
2336 4106 166
3308 4106 411
1505 4107 497
2264 4107 470
646 4108 207
159 4109 181
1094 4109 186
1742 4109 109
3565 4109 580
692 4110 312
2240 4110 769
2344 4110 210
154 4111 400
242 4111 422
651 4112 352
2921 4112 797
3610 4112 217
3343 4113 474
3513 4113 460
25 4115 118
1540 4115 216
2338 4115 702
3051 4115 176
3973 4115 807
2988 4116 616
3497 4116 262
789 4117 855
2939 4117 775
3577 4117 334
3854 4117 336
4026 4117 287
2446 4119 112
162 4120 691
653 4120 206
1196 4120 916
1971 4121 103
2240 4121 326
3113 4121 358
3823 4121 263
2545 4122 318
60 4123 154
1015 4123 307
1061 4123 353
2199 4123 122
2814 4123 785
24 4125 119
885 4125 451
2091 4126 267
642 4128 317
1039 4128 218
3436 4128 312
331 4129 568
378 4130 174
1245 4130 456
3140 4131 219
3601 4131 295
339 4132 922
1640 4132 404
3880 4132 435
27 4133 124
661 4134 229
2306 4135 124
2849 4135 254
1930 4136 178
735 4137 612
3219 4137 262
154 4139 146
1871 4140 337
3214 4140 246
2700 4141 398
3373 4142 104
1642 4143 993
3595 4144 252
2737 4145 234
3326 4145 232
3495 4145 356
5 4146 288
673 4146 220
2686 4146 490
1568 4147 122
1713 4148 209
1873 4148 156
4086 4149 788
1950 4150 349
2963 4150 134
3760 4151 407
2184 4152 131
232 4153 168
1215 4153 583
2901 4153 102
506 4154 428
2357 4154 392
1429 4155 906
3460 4155 187
3172 4156 236
3307 4156 216
3394 4156 518
534 4157 199
1044 4157 106
1136 4158 435
1342 4158 382
1350 4158 672
1667 4158 241
1003 4159 116
3037 4159 134
3125 4159 154
876 4160 343
1406 4160 579
3472 4160 118
3606 4160 188
2888 4161 323
3336 4161 410
871 4162 776
717 4163 629
3378 4163 517
164 4164 949
1762 4164 607
2309 4165 156
65 4166 120
966 4166 193
1239 4167 309
2299 4167 204
2435 4167 197
3284 4167 226
2006 4168 153
2325 4168 234
2893 4168 432
4032 4168 499
4062 4168 143
4129 4168 372
3067 4169 229
206 4170 185
423 4171 482
1497 4171 222
684 4172 538
1279 4173 171
2947 4173 242
1794 4174 249
3655 4174 173
2219 4175 420
1141 4176 311
1991 4176 231
2159 4176 239
1715 4177 169
2636 4177 163
3025 4177 144
2305 4178 148
52 4179 162
1455 4179 226
2876 4179 240
2171 4180 456
2980 4180 141
3973 4180 347
411 4181 383
1787 4181 239
750 4182 695
1397 4182 225
2980 4182 211
3620 4183 479
145 4184 102
3681 4185 526
646 4186 934
1867 4186 151
2141 4186 170
3578 4186 186
349 4187 772
1408 4187 101
2060 4187 196
601 4188 217
1648 4189 200
3302 4189 430
173 4190 157
1172 4190 193
3628 4190 934
3887 4190 250
3569 4191 115
3594 4191 183
1598 4192 177
2730 4192 226
4033 4192 142
1073 4193 912
439 4194 120
1636 4194 525
1029 4195 454
1759 4195 118
442 4196 327
2256 4196 163
3525 4196 117
2854 4197 270
1956 4198 117
2585 4198 248
2066 4199 535
2110 4199 321
26 4200 148
200 4201 403
568 4201 892
1692 4201 377
3252 4202 143
408 4203 155
1416 4203 197
1784 4203 104
2367 4204 162
3071 4204 836
848 4205 284
902 4206 593
1478 4207 123
3362 4209 645
3415 4209 383
1630 4210 548
2590 4210 883
3919 4210 206
1352 4211 341
2644 4211 429
1401 4212 172
3467 4212 212
12 4213 129
652 4213 161
102 4214 157
466 4215 529
1901 4216 541
446 4217 245
637 4218 211
2090 4218 128
3288 4218 171
4070 4218 208
1838 4219 331
2497 4219 427
3388 4219 102
1081 4220 911
1171 4220 211
884 4221 175
1980 4222 275
3855 4222 171
1231 4223 221
2464 4223 327
3574 4223 873
1672 4224 371
1909 4224 194
2207 4224 298
3975 4224 218
2379 4225 109
2720 4225 921
371 4226 139
1770 4226 266
3183 4226 515
489 4227 135
735 4227 284
1943 4228 124
1203 4229 143
1830 4230 599
2596 4231 274
777 4232 241
735 4233 192
2453 4233 199
2904 4233 199
1864 4234 112
2394 4234 225
2663 4234 123
2751 4234 136
2831 4234 160
3876 4234 579
42 4235 209
82 4235 567
1488 4235 270
2227 4236 129
1513 4237 316
2236 4237 313
2910 4237 354
158 4239 944
1038 4239 353
459 4240 899
546 4240 126
2455 4241 260
1781 4242 167
3387 4243 299
1826 4244 167
2817 4244 126
3560 4244 259
251 4245 166
1528 4245 387
1965 4246 818
2539 4246 222
48 4247 329
213 4247 256
250 4247 808
1142 4247 178
1513 4247 232
2166 4248 658
2926 4248 273
4106 4249 339
1228 4250 538
1457 4250 103
2109 4250 238
441 4251 301
1232 4251 443
3743 4251 871
743 4252 175
3987 4252 319
788 4253 195
1393 4253 500
176 4254 187
1190 4254 140
1754 4254 650
2144 4254 239
2386 4254 244
3784 4254 240
770 4255 411
3023 4255 627
3677 4255 333
1405 4256 156
3515 4256 756
840 4257 549
1684 4257 886
1887 4257 385
1021 4258 520
1173 4258 215
4168 4258 150
388 4259 111
1748 4259 167
2089 4259 227
2862 4259 777
464 4260 821
3008 4260 396
3787 4260 246
4004 4261 903
4154 4261 217
874 4262 304
1686 4262 342
2835 4262 319
821 4263 958
617 4264 286
2130 4264 168
1049 4265 441
2895 4265 279
1124 4266 954
2875 4266 121
610 4267 156
1647 4267 159
1490 4268 707
1913 4268 403
3114 4268 567
1937 4269 395
3299 4269 266
1334 4270 449
2370 4270 179
3698 4270 264
1308 4272 548
40 4273 141
1270 4273 196
4271 4273 194
2924 4274 379
3398 4274 984
446 4275 727
827 4276 259
2266 4276 287
407 4277 114
1430 4277 365
3910 4277 166
3626 4279 600
3743 4279 840
2213 4280 388
979 4281 147
2018 4282 246
1207 4283 291
3243 4284 194
2292 4285 105
1374 4286 264
1932 4286 143
3533 4286 148
400 4287 119
1305 4287 209
1588 4287 175
2676 4287 267
374 4288 272
2092 4288 269
2134 4288 262
3792 4288 961
2202 4290 148
2439 4291 312
102 4292 388
2144 4292 260
3954 4292 449
4219 4292 373
1010 4293 117
1924 4293 391
2772 4294 868
81 4295 254
165 4295 284
386 4295 386
847 4295 745
958 4296 109
774 4297 146
3941 4297 339
187 4299 320
664 4299 368
3325 4299 737
3687 4299 185
540 4300 770
1571 4301 176
2408 4301 158
2694 4302 250
4093 4302 359
984 4303 200
2628 4304 218
3076 4304 278
309 4305 946
2008 4305 908
2362 4305 268
2657 4306 373
2831 4307 445
512 4308 172
1595 4308 163
4229 4308 853
2039 4309 216
1097 4310 597
1687 4310 331
2816 4310 287
86 4311 212
829 4311 577
1977 4311 183
3871 4312 139
704 4313 758
740 4313 410
1330 4313 844
1428 4314 134
1800 4315 185
2397 4315 312
1997 4316 507
3083 4316 520
3377 4316 436
627 4317 575
3504 4317 144
3503 4318 182
1870 4319 229
2142 4319 326
3401 4319 620
15 4320 660
836 4320 299
2278 4320 412
754 4321 350
2838 4321 860
3999 4321 418
884 4322 270
2057 4322 587
2729 4322 540
3721 4322 248
2435 4323 133
2546 4323 230
2326 4324 520
506 4325 406
2948 4325 142
167 4326 687
2857 4326 341
804 4327 398
504 4328 206
1933 4328 103
3783 4328 418
907 4329 363
2706 4329 314
4182 4329 262
4312 4329 409
1086 4330 215
2698 4330 889
1950 4331 480
1495 4332 466
3442 4332 276
3810 4332 487
4114 4333 144
38 4334 742
405 4334 252
1078 4334 400
3499 4335 394
25 4336 173
1251 4337 183
2301 4337 798
666 4338 140
4013 4338 279
1001 4339 340
511 4340 567
2860 4340 146
3941 4340 220
1191 4341 213
3570 4341 265
1781 4342 304
3943 4342 175
812 4343 211
2996 4343 206
2880 4344 348
2308 4345 294
2930 4345 238
3727 4345 495
3782 4345 951
897 4346 723
1677 4346 213
2839 4346 101
1382 4347 854
2373 4347 165
3755 4347 139
1254 4348 249
2341 4348 780
1865 4349 717
421 4350 590
1085 4350 209
3776 4350 271
2489 4351 342
2633 4351 489
4155 4351 313
1455 4352 318
3992 4352 562
4007 4352 423
2615 4353 170
1065 4354 102
2216 4354 401
2247 4354 196
2781 4354 782
2844 4356 444
3360 4356 146
4238 4356 173
3209 4357 482
4030 4358 749
36 4359 128
3182 4360 111
3683 4360 801
4208 4360 539
3143 4361 366
547 4362 113
601 4362 180
419 4363 526
581 4363 177
1729 4363 263
1766 4363 280
3698 4363 111
3708 4363 164
1952 4364 205
2621 4365 117
3174 4366 337
335 4367 269
1414 4367 518
1811 4367 113
3387 4367 219
3906 4367 548
2627 4368 628
3959 4368 345
1167 4369 948
2333 4369 167
3660 4369 352
679 4370 387
2471 4370 395
2982 4370 374
249 4372 187
1617 4373 210
230 4374 167
3373 4375 205
665 4376 307
1913 4376 290
1684 4377 511
2990 4377 491
3703 4377 468
15 4378 543
764 4378 188
1302 4378 787
2003 4378 824
3334 4378 119
572 4379 369
3535 4380 238
2654 4381 393
4246 4381 414
4338 4382 178
1051 4383 159
2212 4384 232
2551 4385 460
3008 4385 907
3249 4385 199
1697 4386 309
2221 4386 585
2661 4386 142
3286 4386 133
3933 4387 323
1415 4388 254
2333 4388 126
4005 4388 746
4384 4388 143
522 4389 136
2672 4389 338
2846 4389 102
4138 4389 655
1960 4390 162
3971 4390 472
2334 4391 284
1398 4392 164
2704 4392 151
3106 4392 175
4210 4392 545
1747 4394 223
3268 4395 167
1307 4396 406
1911 4396 648
1236 4397 237
3093 4397 186
3920 4397 662
2555 4398 496
1002 4399 172
1534 4399 118
1888 4399 103
2175 4399 178
3580 4399 226
3681 4400 201
4178 4401 346
2643 4402 757
1733 4403 295
1579 4404 493
2530 4404 236
2733 4404 173
3098 4404 139
3147 4404 899
3528 4404 893
3090 4405 363
747 4406 908
1199 4406 175
1309 4407 191
2495 4407 193
2819 4408 200
1179 4409 593
1849 4409 161
1395 4410 416
1798 4410 446
3405 4410 307
3577 4410 548
1131 4411 148
525 4412 548
911 4412 213
1788 4412 354
2210 4412 434
2589 4412 169
3277 4412 861
2319 4413 454
521 4414 154
4348 4414 135
239 4415 774
1563 4415 135
916 4416 467
1455 4416 107
1626 4416 143
153 4417 400
938 4417 464
2301 4417 313
117 4418 543
2921 4418 337
3132 4418 800
1538 4419 180
3713 4419 320
4344 4419 110
855 4420 185
3506 4420 304
1395 4421 209
2309 4421 165
3967 4421 366
4068 4421 175
1966 4422 823
391 4423 109
1431 4424 487
1567 4424 416
706 4425 371
1285 4425 263
1979 4425 699
2779 4425 137
4117 4425 834
915 4426 409
1694 4426 150
3732 4426 325
4410 4426 271
31 4427 285
3772 4427 958
345 4428 120
496 4428 153
2222 4428 985
1655 4429 175
2123 4429 193
459 4430 281
2650 4430 219
3763 4430 219
3701 4432 314
3594 4433 192
3243 4434 196
3700 4434 144
1794 4435 159
3776 4436 633
2760 4437 106
1816 4438 223
360 4439 122
1264 4439 131
371 4440 150
3082 4440 133
234 4441 106
969 4442 440
4315 4442 217
658 4443 294
1780 4443 646
871 4444 122
1230 4444 228
3962 4444 582
1381 4445 196
1515 4446 312
4230 4446 780
375 4447 380
3054 4447 960
3989 4447 298
1471 4448 476
2467 4448 135
2364 4449 210
438 4450 364
717 4451 335
724 4451 254
1390 4451 644
3420 4451 826
1382 4452 586
1249 4454 552
3117 4455 197
2495 4456 146
895 4457 684
2318 4458 159
350 4459 572
1367 4460 897
2192 4460 239
210 4461 110
3086 4461 267
197 4462 380
489 4462 265
1852 4462 252
2322 4462 410
2426 4462 732
3306 4462 390
1262 4463 134
769 4464 128
1139 4464 382
2361 4464 149
3832 4464 113
714 4465 864
2650 4465 329
944 4466 728
986 4466 340
1759 4466 770
3473 4467 126
3826 4468 334
1363 4469 803
2579 4469 361
4363 4469 504
2643 4471 292
2911 4471 121
3609 4472 101
1310 4473 324
2386 4474 305
2476 4474 113
3436 4474 343
2795 4475 189
2908 4475 101
3598 4475 179
1055 4477 271
1147 4478 936
1517 4478 301
1908 4478 145
4142 4478 248
4268 4478 302
2568 4479 314
2504 4480 242
3807 4480 288
4127 4480 251
1569 4481 349
1764 4481 732
2975 4481 997
3516 4482 103
903 4483 124
1560 4483 525
767 4484 278
798 4484 408
1585 4484 300
2765 4484 318
1341 4485 402
3499 4485 262
2201 4486 559
3993 4486 662
112 4487 266
958 4487 272
2077 4487 959
276 4488 331
1403 4488 476
2205 4488 254
3715 4488 210
2819 4489 219
4333 4490 263
1304 4491 159
1826 4492 455
17 4493 494
4230 4493 303
4429 4493 375
405 4494 488
759 4494 171
1311 4495 103
284 4496 311
2120 4496 318
2244 4496 547
250 4497 327
1287 4497 174
3344 4497 213
1040 4498 295
2128 4498 342
2842 4498 447
10 4499 784
1133 4499 252
1897 4499 155
1050 4500 109
2565 4501 339
4289 4501 212
4324 4501 279
1731 4502 832
3052 4502 224
4124 4502 174
197 4503 321
1382 4503 629
1788 4503 294
3883 4503 205
1425 4504 145
803 4505 398
2665 4505 272
3706 4505 246
276 4506 407
843 4506 142
845 4506 488
1109 4506 108
4246 4506 374
2746 4507 236
1803 4508 241
1220 4509 228
2723 4509 320
3956 4509 372
2887 4510 342
3142 4510 114
3887 4510 408
4264 4510 236
1227 4511 188
2472 4511 226
3549 4511 666
2360 4512 264
3816 4512 348
4407 4512 908
3117 4513 457
3987 4513 206
264 4514 605
468 4514 150
3909 4515 403
4174 4515 128
452 4516 426
870 4516 153
1007 4516 233
1705 4516 720
2355 4516 422
160 4518 198
1093 4518 189
3305 4518 173
3534 4519 690
2387 4520 209
2787 4520 469
2986 4520 712
4402 4521 214
1026 4522 263
1692 4523 308
2379 4524 424
1019 4525 307
1549 4525 271
4371 4525 696
1070 4526 901
1995 4527 110
4507 4528 378
3017 4529 292
3158 4529 391
1749 4530 217
2325 4531 812
2177 4533 211
2227 4533 353
1394 4534 115
3754 4534 126
916 4535 169
1233 4536 281
4528 4537 106
2872 4538 178
2495 4539 211
2596 4541 190
3631 4541 186
2427 4542 162
3119 4542 222
3133 4543 199
4403 4544 186
2288 4545 271
3504 4545 181
13 4546 136
34 4546 732
302 4546 261
1427 4546 117
2235 4547 132
320 4548 495
2437 4548 546
3151 4548 314
710 4549 325
2031 4549 258
2532 4549 172
2800 4549 245
2918 4550 503
3533 4551 198
4341 4551 187
570 4552 109
983 4552 199
557 4553 878
3165 4553 246
3923 4553 330
156 4554 669
489 4554 292
550 4554 245
2088 4554 303
3786 4554 602
4390 4554 147
303 4555 142
2976 4555 705
3543 4556 357
2730 4557 229
4146 4557 207
1160 4558 157
2760 4559 184
676 4560 811
1843 4560 788
3693 4560 142
1561 4561 725
3095 4562 431
1909 4563 315
2394 4563 846
2815 4563 441
687 4564 144
63 4565 118
3096 4565 256
3114 4565 145
4062 4565 202
637 4566 769
1536 4566 316
1325 4567 663
1614 4567 198
1756 4567 108
3752 4568 353
4163 4569 191
3279 4570 651
3959 4570 524
2648 4571 479
2380 4572 497
2310 4573 228
3704 4573 412
4030 4573 237
4272 4573 234
4278 4573 596
313 4574 242
1574 4574 117
2469 4574 161
2990 4575 864
2621 4576 787
3469 4576 161
1212 4577 220
4015 4577 290
358 4578 165
1919 4578 145
1735 4579 355
3029 4579 495
2237 4580 526
3257 4581 332
1516 4582 204
1930 4582 182
705 4583 237
1646 4583 236
2105 4583 206
2794 4583 511
1618 4584 183
307 4585 249
1846 4585 217
2591 4585 215
4109 4585 214
1567 4586 755
4175 4587 580
611 4588 281
3197 4588 488
3592 4588 302
3249 4589 189
4299 4589 513
299 4590 193
310 4590 226
1292 4590 962
3665 4590 335
4247 4590 816
107 4591 328
1890 4591 550
2087 4591 438
802 4592 188
336 4593 157
3004 4593 297
3108 4593 335
145 4594 105
3255 4594 131
887 4595 923
1638 4595 288
2871 4595 253
950 4597 309
1017 4597 618
1420 4597 229
4515 4597 901
1835 4598 108
3126 4598 119
710 4599 107
3750 4599 730
203 4600 934
3300 4600 996
4578 4600 147
1305 4601 774
1467 4601 231
2403 4601 353
1263 4603 959
3886 4603 343
256 4604 142
2491 4604 105
2761 4604 159
3249 4604 228
3851 4605 258
4241 4605 913
998 4606 984
1032 4606 460
4303 4606 372
419 4607 103
3557 4607 169
124 4608 447
4369 4608 593
865 4609 478
1263 4609 239
3887 4609 415
4521 4609 195
1581 4610 965
1771 4610 500
2956 4610 355
3948 4610 238
1519 4611 168
2174 4611 390
3457 4612 315
811 4613 712
1553 4613 263
2498 4614 308
1332 4615 163
588 4616 134
2075 4617 448
2168 4617 149
2465 4617 850
3311 4617 252
2622 4619 234
4537 4619 223
2527 4620 265
2862 4620 127
3226 4620 370
4325 4620 751
1393 4621 375
4298 4621 338
4304 4621 593
330 4622 842
1467 4622 373
4470 4622 117
2067 4623 105
4439 4623 234
1294 4624 235
3206 4624 375
1401 4625 155
3367 4625 207
3911 4625 836
4612 4625 434
1552 4626 328
1413 4627 209
2185 4627 374
3183 4627 247
3195 4628 324
49 4629 980
768 4630 621
3587 4630 179
3158 4632 324
372 4633 120
838 4633 663
1117 4633 388
3987 4634 197
4109 4635 204
4618 4635 601
3971 4636 123
4172 4636 184
3802 4637 509
4476 4638 646
2557 4639 135
2768 4639 231
4485 4639 927
604 4640 299
1555 4640 559
580 4641 953
2209 4641 121
2984 4641 896
4568 4642 137
522 4643 760
1471 4643 508
707 4645 263
2170 4646 281
2200 4646 209
3393 4646 223
3520 4647 181
338 4648 223
3325 4648 285
4074 4648 110
1214 4649 181
2975 4649 971
4059 4649 233
1504 4650 254
2449 4650 982
1078 4651 599
3265 4651 188
70 4652 270
2148 4653 174
827 4654 955
1442 4655 855
985 4656 119
1278 4656 798
2414 4656 164
4343 4657 519
1313 4658 292
1992 4658 501
4393 4658 361
10 4659 465
1000 4659 150
1276 4660 299
3683 4660 764
4217 4660 135
1943 4661 310
1786 4662 165
3629 4663 318
28 4664 125
1768 4665 358
3988 4665 321
2247 4666 229
2607 4666 165
3133 4666 275
2308 4667 138
891 4668 506
633 4669 393
1106 4669 950
2505 4669 220
3959 4670 694
706 4671 248
657 4672 242
2319 4672 113
2945 4672 151
1935 4673 162
4196 4673 135
657 4674 241
3413 4675 289
3521 4675 528
4191 4676 439
1186 4677 698
2769 4677 178
3280 4677 200
261 4678 650
1604 4678 383
3786 4678 655
804 4679 664
958 4679 345
2073 4679 220
3677 4679 381
4105 4680 373
1110 4681 152
2692 4681 110
3705 4681 210
2814 4682 450
4207 4682 330
743 4683 175
975 4683 127
1967 4683 637
1578 4684 770
3045 4685 659
3249 4685 516
3964 4685 154
2174 4686 983
2354 4687 116
4081 4687 129
1404 4688 151
1574 4688 329
3735 4688 228
1722 4689 231
2032 4690 255
2895 4690 270
830 4691 233
3463 4691 222
503 4692 186
1221 4692 614
1583 4692 102
2030 4692 248
2864 4693 259
626 4694 119
1218 4694 182
1561 4695 480
399 4696 317
3743 4696 576
548 4697 760
822 4697 173
2666 4697 108
3544 4697 333
3925 4697 461
108 4698 172
3854 4699 853
4500 4699 478
3892 4700 835
4343 4700 450
2917 4701 486
3438 4701 167
1354 4702 159
843 4703 510
1969 4703 332
2255 4703 826
3736 4703 341
741 4704 162
2935 4704 203
3531 4704 575
3700 4704 442
4475 4704 256
3446 4705 380
946 4706 297
419 4707 173
573 4707 103
1291 4707 195
1140 4708 190
2073 4708 381
2501 4708 234
466 4709 264
209 4710 348
2047 4710 263
4518 4710 108
3012 4711 215
3186 4711 105
918 4712 145
2089 4712 316
891 4713 242
1156 4713 212
3111 4713 109
4220 4714 170
2637 4715 161
2024 4716 129
3430 4716 258
437 4717 244
1612 4719 260
3404 4720 290
4029 4721 195
814 4722 148
4176 4723 386
4548 4723 638
1921 4724 213
3376 4724 411
3381 4724 490
3913 4724 200
3939 4724 148
4291 4724 379
1134 4725 361
3213 4725 170
3480 4725 623
4700 4725 237
108 4726 437
160 4726 360
2513 4726 737
202 4727 269
4707 4727 632
3321 4728 419
1962 4729 458
4276 4729 962
1658 4730 466
2411 4730 147
3980 4730 453
331 4731 253
580 4733 299
3429 4733 121
4468 4733 176
331 4734 248
2135 4735 123
3513 4736 591
4349 4736 105
123 4737 638
3120 4737 208
4196 4737 589
1346 4738 308
1026 4739 122
1482 4740 218
3235 4740 966
4654 4740 297
1681 4741 349
3666 4741 457
4098 4741 299
479 4742 361
3665 4742 528
3718 4743 132
1788 4744 650
3760 4744 666
1522 4745 544
2382 4745 124
2479 4745 395
1178 4746 629
3448 4746 129
127 4747 765
3353 4747 134
2334 4748 277
3017 4748 337
3614 4749 280
1307 4750 474
2238 4750 525
2009 4751 451
2673 4752 224
3559 4752 922
2491 4753 964
3464 4753 362
43 4754 434
1818 4754 180
2597 4754 616
4404 4754 259
970 4755 750
2229 4755 178
2970 4755 125
4107 4755 816
3099 4756 482
3488 4756 224
825 4757 455
4043 4758 170
2800 4759 149
4718 4759 326
644 4760 116
137 4762 228
2095 4762 376
1348 4763 189
3731 4763 213
888 4764 961
4687 4765 875
654 4766 666
1404 4766 239
2895 4766 107
2736 4767 557
1878 4768 276
4211 4768 794
24 4769 320
2727 4770 505
1211 4772 929
2863 4772 602
1661 4773 330
415 4774 587
1132 4774 232
3087 4774 134
2902 4775 194
4675 4776 212
853 4777 748
1599 4777 437
2765 4777 181
4655 4777 869
1042 4778 414
2735 4778 191
2256 4779 269
2912 4779 622
3285 4780 477
3604 4781 232
4171 4781 106
4476 4781 287
3296 4782 649
3682 4782 461
3687 4782 165
3935 4782 267
542 4783 452
1290 4783 402
1645 4783 350
2719 4784 203
318 4785 248
1310 4785 274
2416 4785 525
4409 4785 290
4113 4786 245
412 4787 187
1057 4787 636
1142 4787 534
1581 4787 895
2532 4789 328
885 4790 696
1315 4790 221
3983 4790 746
3616 4791 406
3878 4791 388
3354 4792 488
2676 4793 304
4631 4793 852
2377 4794 372
4269 4794 269
4603 4794 176
956 4795 248
4490 4795 214
705 4796 496
773 4796 166
93 4797 301
3675 4797 173
652 4798 271
1942 4799 403
2015 4799 349
2442 4799 421
3573 4799 191
4620 4799 506
4766 4799 552
1446 4800 636
2888 4800 301
3530 4800 209
2590 4801 615
2636 4801 290
3599 4801 293
4768 4801 131
3376 4802 144
2820 4803 193
3281 4803 109
3996 4803 154
2473 4804 735
2733 4804 168
3854 4804 601
3199 4805 189
4596 4805 192
1953 4806 137
3996 4806 157
4532 4806 141
944 4807 186
2806 4807 627
3503 4807 198
4728 4807 116
292 4808 345
2926 4808 120
1540 4809 253
2327 4810 214
2778 4810 297
3678 4810 463
3695 4810 127
3748 4811 174
4020 4811 938
725 4812 302
2017 4812 103
2566 4813 185
2994 4813 366
3286 4813 842
722 4814 400
2035 4814 225
1148 4815 144
1725 4815 222
2954 4815 120
3405 4815 583
3694 4815 225
4500 4815 113
261 4816 516
2143 4816 317
4184 4816 224
1925 4817 489
2490 4817 326
3556 4817 311
1429 4818 361
3142 4818 328
3755 4818 144
801 4819 412
890 4819 394
1099 4819 528
1139 4819 582
4118 4819 140
322 4820 332
347 4820 188
2054 4820 345
2471 4820 122
4144 4820 908
178 4821 372
3124 4821 138
3286 4821 285
3955 4821 174
98 4822 180
1778 4822 324
2366 4822 116
4011 4822 169
2925 4823 654
4508 4823 956
3121 4824 412
3528 4824 331
3954 4824 171
2428 4825 230
734 4826 307
2779 4826 689
1300 4827 216
2162 4827 242
2614 4827 891
4705 4827 260
599 4828 289
2738 4828 197
3336 4828 228
435 4829 240
1523 4829 161
2944 4829 646
425 4830 236
831 4830 323
1082 4830 240
3101 4830 113
1932 4831 117
650 4832 393
1984 4832 311
2082 4832 710
1049 4833 294
2751 4834 129
1788 4835 102
1841 4835 428
500 4836 601
3934 4836 498
4272 4836 200
1677 4837 293
3749 4837 377
2555 4838 161
3204 4838 129
4467 4838 161
30 4839 131
2332 4839 145
2519 4839 268
567 4840 540
3702 4840 714
1398 4841 468
4459 4841 348
4761 4841 214
3730 4842 248
322 4843 334
842 4843 279
1824 4843 602
3139 4843 476
1717 4844 162
3835 4845 100
3952 4845 254
4791 4845 304
510 4846 181
1810 4847 164
2541 4847 233
3859 4847 193
1886 4848 775
3996 4848 433
4623 4848 110
3272 4849 134
2722 4850 356
3956 4850 132
1100 4851 118
1574 4852 257
3319 4852 229
4526 4852 163
1416 4853 249
3073 4853 155
1859 4854 265
4446 4855 475
547 4856 106
1165 4856 257
3184 4856 223
4069 4857 347
4465 4858 546
1413 4859 911
656 4860 905
3071 4860 161
4665 4860 245
944 4861 162
2154 4861 527
2873 4861 297
3330 4861 291
2400 4862 290
3252 4862 560
3578 4862 303
4544 4862 319
609 4863 701
1187 4863 245
1890 4863 464
2821 4863 654
829 4864 319
3941 4864 173
3973 4864 274
4411 4864 238
180 4865 769
274 4865 483
290 4865 389
2180 4866 431
3513 4866 138
2337 4867 177
2641 4867 228
3630 4867 131
4272 4868 794
905 4869 128
2191 4869 562
393 4870 229
719 4870 118
4732 4870 309
4136 4871 692
192 4872 388
724 4872 432
4796 4872 243
909 4873 591
2324 4873 153
4036 4873 527
1456 4874 353
2856 4874 489
1144 4875 619
2390 4875 764
4240 4875 698
3637 4876 697
4242 4876 110
2022 4877 876
2559 4877 226
4440 4877 291
827 4878 213
894 4878 474
2422 4878 537
2937 4878 271
4720 4878 611
168 4879 337
649 4879 343
4038 4879 308
3340 4880 606
3356 4880 127
4786 4880 368
899 4881 673
1609 4881 329
4644 4881 304
858 4882 217
4140 4882 402
2149 4883 714
2296 4883 143
2710 4884 140
2988 4884 636
752 4885 208
1119 4885 357
3774 4885 108
2836 4886 229
3735 4886 155
461 4887 117
683 4887 135
2989 4887 567
1280 4888 128
2817 4888 518
301 4889 141
3148 4889 736
4602 4889 165
130 4890 790
3984 4891 933
3350 4892 147
39 4893 586
1761 4893 662
3417 4893 293
928 4894 948
4362 4894 103
4431 4894 798
943 4895 176
3703 4896 151
2122 4897 537
1018 4898 178
1831 4898 350
4137 4899 499
1590 4900 903
2545 4900 169
114 4901 290
680 4901 793
3152 4901 589
633 4902 123
1628 4902 210
1988 4902 419
53 4903 544
2505 4903 185
4304 4903 704
1043 4904 319
425 4905 153
1419 4905 109
3537 4905 193
267 4906 481
3058 4906 175
705 4907 102
427 4908 226
3264 4908 965
1390 4909 540
359 4910 107
2512 4910 264
3184 4911 168
546 4912 106
3207 4912 335
3958 4912 116
2284 4913 441
4526 4913 345
4036 4914 583
388 4915 317
1692 4915 285
3079 4915 176
3438 4916 105
1732 4917 265
3089 4918 604
1835 4919 635
3064 4919 141
3756 4919 101
211 4920 994
924 4920 187
1896 4920 106
2905 4921 246
3497 4921 264
1357 4922 620
1498 4922 399
2547 4922 150
2766 4923 315
2967 4923 283
2471 4924 776
2910 4924 162
1993 4925 140
4127 4925 608
4517 4925 201
4476 4926 695
3690 4927 267
4168 4927 344
3590 4928 644
1041 4929 139
3333 4929 359
4699 4929 650
2282 4930 364
2368 4930 642
1735 4931 271
4540 4932 107
4788 4932 161
4833 4932 498
2780 4933 736
4153 4933 221
291 4934 532
3873 4935 189
2557 4936 359
2685 4936 394
2725 4936 311
211 4937 185
385 4937 300
857 4937 113
728 4938 897
2677 4939 131
923 4940 480
2208 4940 727
414 4941 396
1294 4941 919
3367 4941 285
4327 4942 187
573 4943 904
2856 4943 342
562 4944 290
810 4944 168
1920 4944 213
3418 4944 699
533 4945 224
2604 4946 153
4182 4947 828
185 4948 109
1850 4948 193
3572 4948 487
3643 4948 141
726 4949 135
3248 4949 962
3802 4949 466
4942 4949 222
1275 4950 208
2749 4951 576
1580 4952 153
2915 4952 287
4842 4952 158
8 4953 436
91 4953 672
4500 4953 161
256 4954 881
1683 4954 137
2595 4954 777
3383 4955 288
2889 4956 113
3432 4956 310
3932 4956 646
1275 4957 379
1500 4957 140
1894 4957 729
4751 4957 101
889 4958 124
1364 4958 420
2021 4958 102
3042 4959 163
3794 4959 505
4355 4959 119
405 4960 192
172 4962 210
986 4962 271
3247 4962 174
1369 4963 120
2410 4963 368
2696 4963 505
3946 4963 804
4375 4963 185
1572 4964 835
4453 4965 785
4794 4965 417
3797 4966 411
1288 4967 347
1940 4967 432
454 4968 173
1460 4968 197
3105 4968 494
1335 4969 460
3129 4970 266
4348 4971 390
2482 4972 285
633 4973 316
3296 4974 982
4771 4974 296
1991 4975 181
2319 4976 190
172 4977 153
4865 4977 438
740 4978 846
2357 4979 117
4009 4979 321
1155 4980 125
1560 4980 126
2395 4980 190
3030 4980 273
3746 4981 570
4125 4981 170
4961 4981 129
1206 4982 513
2228 4982 538
2585 4982 362
3761 4982 522
3107 4983 214
1315 4984 315
1462 4984 332
3604 4984 309
7 4985 517
3349 4985 351
4888 4985 208
3903 4986 440
4354 4986 159
4494 4986 107
608 4987 235
2896 4987 358
41 4988 167
265 4988 488
778 4988 133
4484 4988 225
1032 4989 159
1505 4989 147
1932 4989 392
33 4990 383
464 4990 510
1316 4991 380
337 4992 322
2031 4992 460
2105 4992 262
2345 4992 105
4398 4992 444
3395 4993 209
3664 4993 114
707 4994 829
370 4995 638
494 4995 121
4695 4995 549
4804 4995 156
570 4996 655
701 4996 342
4158 4996 214
1009 4997 694
2260 4997 252
2274 4998 119
3010 4999 294
3649 4999 159
4217 4999 160
955 5000 727
3249 5000 130
