1
0
1
1
1000000
0
0
0
0
1
24 31 251
6 36 244
13 37 893
9 41 899
31 44 105
23 45 263
14 53 191
2 58 439
12 60 127
29 60 283
37 66 100
60 66 193
11 67 406
46 71 122
1 72 269
21 73 228
1 77 718
14 77 233
66 78 137
74 80 568
51 84 894
75 84 120
39 85 471
19 87 289
28 89 584
69 90 588
8 94 658
80 95 213
81 96 455
3 97 269
45 98 383
17 99 241
12 102 859
24 104 154
44 104 201
73 105 186
41 106 280
40 107 135
88 107 147
36 111 533
42 111 661
63 114 238
55 117 171
28 118 445
99 118 611
96 121 388
29 122 220
113 122 124
74 123 389
112 123 209
108 125 149
10 126 547
58 129 459
20 131 224
73 134 763
55 135 157
62 135 358
91 136 235
69 138 265
126 140 227
34 141 396
61 143 127
116 144 309
115 145 506
70 146 310
140 147 247
6 150 287
31 151 225
148 152 246
69 153 430
64 154 105
139 154 154
122 155 203
75 156 293
33 157 478
41 157 240
82 158 193
3 159 445
150 159 156
4 160 188
5 160 652
97 160 290
144 160 360
31 161 472
148 162 254
119 163 128
102 164 341
91 165 513
59 166 359
67 166 280
49 167 603
36 169 218
42 169 346
150 169 261
18 170 121
112 170 577
85 172 239
158 173 132
24 174 454
156 174 947
161 174 250
62 175 241
109 176 235
156 176 356
161 176 115
32 177 186
122 178 189
168 178 239
64 179 216
101 179 948
16 180 538
135 180 256
142 181 357
79 182 641
4 183 748
127 183 227
26 184 105
107 184 675
98 185 170
103 186 132
8 187 190
98 187 271
76 188 232
94 188 997
125 188 168
187 188 971
164 189 327
23 190 966
98 190 233
162 192 134
117 195 499
171 196 340
124 197 256
130 197 228
46 199 273
148 199 616
48 200 683
120 200 449
149 200 175
96 201 259
163 201 398
16 202 251
129 202 675
167 202 105
123 203 189
74 205 592
83 205 935
138 205 136
194 205 140
133 207 101
136 208 313
49 210 109
27 211 830
39 211 543
29 212 966
47 212 238
18 213 428
112 213 364
13 214 937
143 214 133
146 218 348
152 218 194
169 218 323
151 220 855
123 221 134
213 221 289
59 222 681
67 222 603
68 223 329
177 223 676
209 223 122
101 225 289
194 225 222
105 226 989
173 226 341
143 227 179
196 227 297
215 227 239
9 228 513
15 228 130
48 228 695
76 228 264
106 228 190
7 230 278
25 230 270
10 231 448
17 231 269
38 231 121
53 232 586
132 233 132
207 234 232
12 235 376
13 235 473
66 235 484
229 235 656
77 236 148
234 236 121
42 237 736
70 237 123
148 237 102
218 237 507
74 238 530
203 238 330
189 239 788
4 240 300
5 240 929
47 241 273
14 242 296
52 243 193
59 243 424
52 244 331
59 244 286
40 245 134
86 245 582
90 245 125
138 245 197
61 246 215
214 246 209
19 247 311
119 248 307
225 248 838
238 248 763
217 249 108
40 250 180
88 250 192
138 250 243
73 251 255
178 252 768
33 253 273
247 253 167
206 255 138
233 256 503
191 257 750
65 258 432
130 258 268
95 259 551
119 259 271
201 259 207
1 260 927
236 260 169
258 260 326
16 261 464
135 261 100
167 261 106
210 261 276
34 262 270
76 262 373
125 262 181
53 263 200
182 263 140
242 263 306
113 264 379
171 264 151
44 265 476
68 265 186
209 265 203
133 266 201
136 267 510
205 267 451
206 267 476
33 268 881
247 268 194
137 269 446
182 269 266
232 270 382
263 270 222
71 271 411
116 271 330
177 271 243
199 271 157
167 273 482
179 274 332
225 274 137
85 276 118
211 276 111
149 277 322
185 277 102
51 278 157
178 278 208
89 279 179
46 281 945
110 281 196
137 282 460
163 282 347
219 284 107
43 285 699
79 285 272
121 285 291
283 286 236
206 287 302
94 288 373
272 288 289
80 289 292
259 289 134
13 290 207
35 290 490
229 290 248
27 292 722
82 294 247
145 294 165
173 294 350
134 295 109
251 295 697
58 296 227
202 296 164
273 296 110
260 297 132
100 298 294
233 298 285
280 298 296
189 299 769
74 300 357
221 300 102
71 301 223
183 301 374
281 301 657
191 302 163
272 303 430
22 304 135
22 305 102
61 305 448
234 306 269
260 306 316
280 306 111
54 307 191
240 307 140
43 308 766
81 308 242
92 308 203
121 308 175
93 309 143
114 309 151
284 309 378
292 309 660
38 310 581
186 310 121
230 310 517
186 311 987
145 312 353
173 312 163
52 313 452
132 313 323
224 314 297
56 315 236
64 315 126
139 315 291
274 315 206
91 316 293
257 316 291
9 317 222
48 317 291
149 317 470
185 317 172
135 318 324
175 318 589
210 318 523
142 319 381
126 320 339
147 320 190
89 321 147
118 321 402
280 322 508
95 323 902
119 323 799
254 323 330
153 324 262
126 325 114
231 325 155
165 326 263
97 328 641
152 328 882
100 329 235
233 329 291
243 329 944
313 329 164
104 330 159
265 330 313
286 331 178
75 332 234
37 333 150
78 333 187
81 334 281
201 334 860
289 334 484
293 335 557
28 336 396
55 336 110
195 336 116
279 336 158
55 337 126
198 337 308
21 338 998
70 338 232
154 339 192
220 340 464
100 341 309
166 341 361
243 341 427
327 342 138
204 343 612
258 343 647
314 343 370
138 344 384
153 344 203
200 344 180
6 345 198
128 345 315
159 345 678
11 346 615
166 346 178
263 346 287
60 348 205
102 348 163
311 348 315
293 349 116
152 350 284
162 350 276
193 351 161
347 351 102
38 353 134
283 353 452
325 353 271
331 353 130
94 354 237
125 354 306
272 354 489
191 355 140
316 355 357
29 356 447
47 356 218
155 356 247
1 357 236
297 357 461
10 358 479
239 358 193
53 359 246
133 359 131
32 360 108
115 361 307
291 361 328
312 361 504
327 362 677
328 362 858
350 362 287
341 363 284
346 363 100
170 364 440
220 365 600
51 366 488
75 366 279
291 367 282
338 367 450
158 368 661
226 368 100
194 369 151
355 369 242
16 370 166
129 370 178
293 370 363
19 371 597
185 371 376
268 371 916
30 372 188
47 372 199
93 372 122
114 372 130
284 372 357
108 373 258
141 373 241
262 373 425
96 374 522
137 374 110
163 374 223
114 375 821
136 376 306
205 376 247
316 376 364
369 376 249
56 377 102
203 377 147
248 377 286
274 377 340
7 378 839
25 378 465
30 379 406
63 379 281
292 379 343
372 379 387
231 380 441
310 380 262
358 380 410
25 381 787
310 381 140
28 382 329
55 382 429
175 382 268
198 382 138
275 383 850
297 383 534
306 383 849
4 384 119
127 384 346
51 385 587
131 386 260
190 386 172
230 387 104
239 387 200
380 387 418
7 388 437
387 388 262
65 389 406
124 389 132
247 389 445
347 389 338
197 390 117
370 390 983
83 391 116
255 391 372
267 391 241
9 392 610
157 392 893
185 392 333
268 392 490
118 393 196
382 393 798
195 394 161
279 394 855
241 395 288
304 395 102
99 396 224
321 396 116
239 397 223
388 397 286
84 398 177
276 398 388
332 398 132
146 399 201
338 399 123
26 400 950
107 400 777
5 401 130
144 401 164
181 401 564
265 401 249
319 401 799
114 402 274
232 403 447
266 403 261
359 403 107
97 404 266
342 404 197
362 404 116
71 405 465
116 405 277
160 405 392
183 405 204
109 406 367
365 406 468
45 407 227
76 407 415
187 407 115
208 408 310
84 409 310
209 409 293
330 409 586
87 410 222
40 411 279
86 411 202
400 411 656
34 412 759
226 412 525
291 412 300
312 412 328
12 413 318
164 413 251
229 413 283
299 413 183
366 414 525
385 414 218
192 415 301
327 415 243
350 415 111
250 416 314
344 416 323
15 417 519
106 417 579
100 418 144
280 418 181
363 418 169
128 419 243
130 419 218
159 419 139
372 420 294
255 421 480
287 421 402
49 422 170
273 422 279
35 423 253
229 423 212
299 423 732
198 424 816
249 424 225
393 424 576
216 425 452
326 425 774
8 426 286
20 426 284
288 426 208
87 427 477
277 427 647
371 427 168
27 428 573
252 428 244
57 429 171
408 429 449
416 429 196
54 430 435
240 430 229
384 430 319
87 431 799
130 431 196
347 431 210
212 432 260
215 432 165
241 432 295
208 433 122
324 433 158
43 434 187
92 434 314
93 435 231
114 435 240
375 435 322
402 435 514
280 436 173
91 437 993
216 437 315
257 437 977
326 437 215
78 438 271
352 438 443
49 439 146
132 439 229
256 439 141
83 440 330
194 440 251
86 441 107
90 441 194
394 442 421
72 443 116
357 443 148
211 444 124
398 444 274
428 444 265
22 445 348
395 445 110
432 445 103
103 446 719
311 446 700
352 446 220
30 447 115
93 447 252
56 448 265
139 448 210
364 448 623
50 449 179
172 449 597
56 450 177
112 450 202
203 450 222
364 450 180
333 451 158
438 451 373
139 452 669
339 452 297
27 453 951
39 453 422
222 454 343
244 454 738
15 455 917
48 455 291
120 455 178
196 456 567
211 456 154
212 456 393
215 456 298
279 457 429
442 457 765
216 458 264
257 458 464
302 458 192
72 459 156
77 459 497
242 459 560
108 460 904
303 460 252
354 460 312
105 461 128
251 461 428
368 461 114
41 462 850
208 462 253
324 462 289
344 462 176
429 462 122
14 463 110
207 463 143
236 463 966
285 463 672
359 463 442
110 464 682
127 464 668
301 464 257
17 465 393
396 465 219
29 466 147
113 466 198
171 466 902
456 466 236
283 467 153
320 467 826
325 467 163
410 468 351
427 468 961
57 469 369
408 469 242
168 470 922
278 470 604
385 470 175
2 471 173
59 471 485
129 471 193
293 471 152
119 472 765
254 472 246
282 472 258
50 473 499
172 473 259
276 473 141
332 473 235
60 474 315
78 474 158
311 474 424
352 474 574
109 475 115
151 475 151
161 475 120
365 475 100
130 476 161
3 477 643
150 477 354
218 477 416
328 477 309
38 478 309
331 478 906
381 478 167
2 479 139
335 480 377
471 480 277
479 480 651
79 481 173
121 481 128
269 481 157
374 481 262
136 482 363
165 482 179
206 482 329
256 483 556
298 483 337
436 483 243
21 484 233
70 484 892
134 484 814
8 485 845
20 485 397
98 485 340
386 485 199
117 486 409
337 486 111
84 487 187
252 487 485
278 487 827
444 487 689
17 488 898
217 488 770
310 488 143
44 489 643
68 489 203
151 489 184
340 489 271
322 490 437
436 490 885
99 491 261
249 491 157
393 491 125
488 491 283
275 492 510
306 492 517
93 493 428
21 494 451
105 494 369
354 494 236
367 494 396
412 494 571
335 495 333
349 495 107
57 496 306
88 496 209
416 496 331
5 497 436
307 497 352
319 497 678
143 498 302
215 498 242
305 498 219
445 498 264
68 499 170
177 499 917
340 499 304
360 499 133
180 500 164
349 500 393
370 500 207
