1
0
1
1
1000000
0
0
0
0
1
11 15 551
12 19 232
20 22 810
19 24 100
27 32 264
11 35 131
28 42 415
35 48 104
25 49 153
6 51 107
15 55 589
48 55 131
41 57 145
30 58 121
57 62 180
1 65 435
18 68 118
34 68 310
56 68 987
65 69 406
2 71 948
68 75 253
26 76 596
63 77 227
76 81 700
57 82 673
62 82 673
33 87 209
36 87 284
72 90 279
1 96 762
65 96 749
8 98 690
63 98 229
94 99 532
59 100 433
16 101 131
60 102 300
56 103 661
15 105 117
32 106 182
45 106 757
47 111 202
13 112 178
16 113 368
101 113 969
38 114 733
117 119 220
23 120 161
70 120 164
78 120 160
25 121 911
85 122 443
68 123 102
30 124 144
58 124 739
114 125 112
4 126 929
44 126 930
99 126 930
110 127 120
103 132 102
44 133 346
114 134 310
125 134 823
12 135 417
19 135 508
24 135 100
30 137 152
25 138 907
10 141 172
111 141 186
29 144 613
87 146 208
56 147 344
37 149 226
117 149 256
118 151 301
124 152 115
12 153 431
55 156 233
26 157 220
81 157 489
98 157 530
140 157 214
49 160 203
41 162 145
57 162 132
33 164 117
146 164 443
32 165 468
106 165 630
59 166 849
141 166 114
41 168 144
82 168 671
78 170 361
161 170 181
148 171 700
41 172 145
82 172 672
70 173 115
154 173 186
11 176 625
15 176 466
35 176 424
31 177 712
84 177 833
160 179 165
60 181 300
102 181 215
99 183 267
133 183 339
23 184 186
50 185 477
100 186 219
36 187 854
167 187 736
64 188 301
100 189 227
79 194 917
10 195 266
60 195 273
94 196 242
183 196 429
25 198 908
121 198 381
131 201 290
70 202 227
154 202 905
184 202 599
170 203 148
61 204 101
103 204 112
49 205 212
126 205 941
179 205 513
122 206 489
17 207 364
158 208 186
14 210 173
110 210 171
127 210 174
56 211 104
76 212 379
142 212 337
187 214 139
143 216 189
25 217 907
121 217 229
198 217 574
208 218 765
77 219 262
80 219 168
107 221 145
159 221 152
157 222 338
64 223 529
192 225 133
154 226 286
173 226 112
184 226 826
6 227 608
221 227 150
8 228 698
76 228 314
142 228 351
157 228 227
36 229 836
78 231 477
231 232 325
144 233 305
130 234 202
87 235 208
164 235 495
134 236 264
96 238 281
5 239 134
213 239 346
137 240 312
48 241 101
105 241 571
156 241 749
166 242 338
191 243 355
215 243 333
4 244 414
133 244 325
196 244 278
180 245 533
188 245 624
163 246 134
4 247 211
183 247 616
150 248 359
178 248 326
208 248 788
218 248 388
24 249 334
188 249 793
223 249 784
158 251 636
165 251 169
218 251 606
248 251 719
148 253 469
18 254 105
34 254 111
13 255 309
45 255 337
139 257 706
1 258 841
69 258 686
238 258 291
1 259 563
65 259 556
69 259 489
238 259 249
37 261 137
119 261 306
149 261 854
26 262 394
98 262 595
212 262 286
222 262 114
228 262 430
59 263 587
189 263 604
237 263 802
85 265 214
206 265 235
26 267 623
76 267 136
222 267 553
42 268 397
61 268 366
103 268 573
158 270 303
182 270 938
208 270 362
154 273 409
97 274 129
231 274 265
210 275 175
29 277 405
59 278 538
100 278 221
237 278 352
263 278 653
26 279 270
81 279 268
140 279 270
142 279 256
1 280 400
69 280 448
238 280 385
258 280 271
86 281 216
143 281 730
6 282 669
159 282 963
99 283 534
126 283 914
183 283 533
244 283 499
4 284 473
99 284 449
133 284 140
196 284 500
169 286 278
110 287 131
275 287 255
1 288 206
65 288 206
96 288 205
175 288 224
258 288 205
259 288 205
54 289 503
215 291 284
243 291 194
28 292 102
42 292 103
132 292 101
27 293 291
106 293 485
112 293 613
181 294 340
6 295 611
221 295 154
43 296 599
104 296 839
213 296 310
239 296 305
77 298 239
98 298 460
219 298 271
222 298 728
158 299 331
182 299 914
251 299 787
238 300 293
259 300 163
280 300 273
288 300 205
233 303 389
250 303 245
191 304 333
285 304 649
123 305 103
160 306 417
205 306 385
5 307 164
43 307 121
77 307 409
104 307 123
213 307 129
157 308 109
233 308 234
82 309 601
87 309 326
235 309 580
158 311 413
178 311 984
182 311 704
208 311 128
31 312 200
84 312 902
214 313 164
229 313 741
124 314 875
137 314 126
152 314 359
121 315 175
138 315 965
198 315 120
217 315 993
73 316 126
243 316 126
147 317 105
310 317 182
121 318 215
138 318 362
315 318 965
87 319 208
146 319 215
50 320 233
13 321 349
32 321 620
106 321 259
255 321 353
11 322 652
35 322 686
156 322 630
60 324 395
294 324 119
75 325 751
254 325 104
125 326 115
236 326 138
273 326 247
79 327 420
93 327 248
207 327 245
297 327 291
323 327 436
102 328 259
294 328 217
324 328 119
158 329 850
178 329 411
208 329 156
248 329 158
299 329 543
87 330 185
102 332 303
181 332 352
294 332 995
324 332 120
194 333 100
297 333 962
327 333 223
17 334 379
194 334 162
207 334 904
20 338 246
22 338 609
131 338 242
163 338 906
201 338 242
143 340 544
281 340 311
85 341 581
206 341 775
52 342 181
169 343 358
200 343 649
224 343 133
225 343 945
177 344 681
204 346 142
214 346 693
292 346 109
227 347 753
282 347 754
8 348 486
80 348 131
219 348 603
178 349 130
218 349 131
320 349 112
256 350 305
133 352 513
191 352 495
215 352 453
243 352 126
304 352 102
28 353 212
103 353 118
132 353 745
302 353 922
346 353 152
30 354 121
314 354 409
13 355 162
27 355 294
106 355 622
293 355 221
321 355 444
81 356 649
140 356 555
262 356 134
267 356 537
104 357 608
239 357 163
296 357 352
1 358 489
69 358 369
96 358 763
238 358 446
170 359 268
232 359 181
22 361 810
201 361 175
49 362 204
179 362 628
205 362 559
306 362 413
163 363 134
246 363 290
30 364 135
137 364 119
314 364 614
135 365 114
153 365 329
51 366 358
227 366 349
227 367 662
57 369 132
162 369 120
168 369 272
172 369 118
72 370 113
90 370 190
91 370 121
128 371 654
103 372 156
204 372 403
214 372 101
268 372 419
81 373 361
222 373 313
228 373 215
30 374 141
107 374 451
124 374 628
137 374 196
152 374 977
240 374 530
7 375 559
53 375 573
126 375 114
150 375 632
188 375 706
122 376 223
265 376 149
341 376 955
18 377 107
56 377 978
123 377 102
211 377 165
325 377 979
44 379 610
94 379 332
133 379 327
247 379 368
283 379 503
33 381 249
87 381 209
164 381 799
319 381 950
52 382 521
110 383 388
127 383 573
23 384 409
120 384 265
184 384 408
236 384 226
120 385 157
226 385 379
384 385 386
32 386 347
28 387 866
42 387 109
61 387 326
372 387 252
8 388 982
63 388 694
77 388 337
98 388 996
219 388 117
228 388 408
341 388 833
348 388 982
6 389 460
46 389 316
347 389 750
367 389 490
7 390 149
150 390 301
223 390 154
306 390 106
28 391 716
132 391 239
353 391 108
372 391 339
387 391 392
49 392 204
362 392 660
11 393 697
35 393 455
105 393 211
129 394 281
368 394 593
33 395 115
87 395 209
164 395 582
309 395 581
319 395 170
381 395 214
339 396 227
371 396 188
394 396 217
65 397 458
69 397 516
96 397 284
238 397 289
258 397 294
280 397 340
300 397 296
116 400 340
3 401 191
36 401 127
214 401 301
16 402 581
101 402 107
113 402 100
345 402 106
210 403 178
287 403 674
190 404 642
266 405 247
41 407 145
82 407 673
162 407 212
172 407 226
18 408 933
376 408 884
327 409 187
63 410 195
98 410 133
100 410 452
140 410 498
252 410 212
298 410 342
182 412 141
248 412 196
251 412 113
299 412 257
349 412 146
59 413 618
13 414 148
27 414 294
112 414 810
355 414 181
66 415 100
28 416 145
61 416 816
292 416 102
353 416 463
77 417 152
98 417 385
252 417 454
410 417 374
66 418 845
59 419 676
186 419 267
189 419 256
263 419 445
413 419 723
168 421 609
172 421 623
369 421 623
94 422 441
126 422 930
133 422 335
247 422 507
117 423 986
119 423 283
261 423 147
71 424 330
340 424 184
210 425 171
264 425 797
287 425 954
79 426 611
237 426 975
263 426 111
49 428 203
160 428 410
205 428 504
160 430 175
179 430 296
205 430 512
392 430 898
175 431 415
3 432 232
36 432 334
167 432 232
214 432 290
220 432 231
229 432 238
107 433 349
124 433 286
137 433 1634
152 433 194
364 433 119
380 434 899
83 435 525
185 435 298
272 435 383
118 436 865
269 436 457
380 436 757
339 437 118
317 438 136
23 439 407
173 439 243
111 440 293
36 441 837
167 441 895
66 442 861
54 443 605
85 443 262
122 443 641
289 443 274
341 443 746
27 444 241
69 444 264
96 444 276
150 444 302
258 444 275
259 444 279
300 444 274
358 444 266
41 445 230
143 445 313
100 446 249
186 446 184
263 446 490
419 446 233
426 446 905
93 447 248
292 447 136
333 447 245
334 447 247
409 447 240
140 448 485
157 448 628
212 448 333
222 448 732
245 449 491
449 450 215
93 451 107
194 451 154
207 451 229
411 451 255
447 451 247
20 452 330
131 452 147
338 452 246
361 452 133
107 453 624
137 453 529
152 453 416
240 453 637
433 453 529
25 454 907
315 454 993
22 456 811
131 456 204
201 456 219
87 457 297
159 458 511
282 458 118
366 458 362
367 458 192
129 459 713
266 459 211
339 459 930
68 460 866
23 461 133
385 461 449
8 462 340
80 462 127
98 462 227
219 462 512
298 462 577
73 463 561
304 463 629
386 464 549
150 465 312
188 465 492
249 465 780
66 467 583
90 467 137
95 467 988
431 468 836
265 469 385
289 469 742
244 470 189
284 470 342
379 470 190
109 471 274
427 471 262
171 472 279
253 472 273
408 472 707
42 473 198
204 473 194
266 473 606
268 473 396
346 473 224
387 473 202
401 473 160
60 474 297
102 474 360
294 474 159
324 474 120
125 475 112
236 475 142
320 475 120
37 476 270
117 476 236
119 476 323
261 476 279
423 476 310
56 477 148
75 477 264
211 477 349
254 477 830
305 477 250
408 477 955
20 478 327
22 478 812
131 478 248
456 478 114
237 479 175
61 480 244
103 480 172
132 480 250
268 480 430
292 480 105
313 480 603
346 480 254
416 480 349
473 480 206
59 481 613
278 481 441
426 481 120
446 481 360
479 481 708
296 482 224
56 483 111
123 483 101
254 483 102
305 483 576
189 485 614
237 485 630
297 485 434
322 485 339
419 485 808
479 485 654
163 486 890
235 486 246
309 486 427
319 486 246
381 486 246
20 487 126
338 487 260
361 487 126
452 487 126
456 487 126
199 488 134
466 488 424
307 489 147
357 489 761
482 489 752
12 490 345
19 490 406
290 490 375
365 490 263
344 491 496
472 491 279
23 492 176
154 492 181
184 492 176
197 492 165
202 492 182
385 492 172
461 492 179
424 493 264
18 494 133
34 494 143
56 494 596
85 494 120
305 494 166
408 494 872
457 494 461
67 495 270
80 495 894
404 495 183
43 496 661
104 496 275
213 496 296
489 496 769
22 497 813
131 497 761
361 497 212
452 497 183
456 497 278
478 497 368
13 498 509
165 498 531
312 499 630
378 499 435
491 499 492
200 501 271
404 503 921
74 504 208
178 505 149
208 505 887
218 505 559
270 505 257
349 505 132
450 505 176
43 506 185
239 506 135
321 506 600
498 506 389
93 507 341
194 507 420
207 507 335
409 507 235
434 508 382
339 509 983
437 509 569
236 510 146
7 511 393
64 511 387
390 511 108
465 511 368
286 512 111
431 512 153
37 513 111
117 513 111
149 513 111
423 513 111
223 514 679
375 514 586
465 514 115
178 515 226
208 515 381
218 515 254
311 515 294
73 516 483
285 516 263
352 516 777
463 516 259
371 517 218
396 517 195
27 518 298
32 518 233
45 518 711
112 518 133
165 518 586
293 518 113
159 519 192
276 519 104
295 519 176
347 519 760
366 519 365
118 520 147
445 520 221
24 521 997
135 521 206
290 521 373
490 521 187
38 522 662
130 522 208
185 522 315
464 523 433
4 524 691
44 524 119
99 524 300
196 524 381
379 524 125
191 525 146
215 525 202
304 525 271
316 525 132
463 525 189
289 526 346
180 527 177
209 527 180
432 527 103
511 527 335
145 528 378
22 529 105
191 529 192
215 529 199
316 529 140
25 530 903
121 530 113
318 530 239
454 530 224
288 531 358
187 532 624
220 532 970
401 532 183
441 532 734
86 533 150
143 533 255
411 534 278
7 535 337
249 535 788
412 535 125
511 535 352
514 535 468
88 536 551
435 536 364
143 537 174
445 537 381
210 538 173
335 539 894
470 539 213
502 539 171
61 540 476
103 540 128
346 540 169
353 540 151
372 540 734
387 540 103
416 540 114
473 540 198
58 541 103
124 541 257
314 541 653
354 541 109
364 541 102
107 542 272
137 542 152
152 542 855
240 542 299
314 542 691
213 543 130
464 543 544
191 544 488
243 544 383
285 544 230
529 544 184
281 545 190
340 545 490
16 546 923
101 546 308
113 546 738
345 546 312
383 547 420
425 547 205
538 547 268
138 548 141
198 548 140
279 548 938
318 548 141
530 548 142
34 549 221
56 549 974
75 549 375
305 549 207
325 549 939
377 549 225
408 549 924
460 549 779
368 550 735
405 550 119
46 551 654
139 551 265
141 552 166
182 553 825
218 553 383
412 553 197
515 553 755
230 555 746
534 555 139
283 556 136
502 556 341
73 557 693
215 557 645
285 557 315
291 557 509
316 557 128
529 557 152
544 557 864
278 558 288
413 558 931
426 558 141
479 558 382
481 558 833
6 559 791
159 559 123
276 559 102
347 559 755
366 559 354
367 559 884
119 560 409
261 560 175
476 560 468
513 560 111
59 561 493
186 561 577
189 561 636
327 561 577
413 561 244
446 561 842
481 561 252
94 562 514
126 562 912
196 562 525
531 562 132
28 563 695
61 563 210
204 563 196
268 563 372
387 563 385
8 564 131
80 564 119
252 564 328
410 564 604
462 564 214
134 565 285
320 565 117
326 565 269
136 566 365
213 567 122
239 567 188
421 567 503
496 567 207
65 568 434
238 568 503
259 568 493
280 568 445
288 568 206
300 568 706
358 568 392
60 569 102
264 569 164
383 569 160
403 569 161
425 569 167
87 570 208
146 570 689
235 570 259
319 570 101
381 570 869
5 571 770
14 571 483
127 571 484
275 571 484
547 571 482
569 571 374
12 572 448
19 572 485
24 572 999
135 572 459
153 572 116
290 572 178
114 573 270
273 573 240
320 573 115
510 573 190
565 573 110
190 574 543
13 575 209
45 575 265
106 575 106
112 575 194
165 575 594
255 575 124
293 575 895
498 575 497
60 576 298
102 576 367
181 576 442
294 576 147
332 576 173
51 577 144
221 577 153
282 577 796
366 577 367
389 577 517
519 577 604
92 578 260
163 578 134
363 578 221
8 580 417
77 580 252
98 580 105
155 580 264
219 580 704
417 580 383
45 581 930
112 581 539
165 581 620
293 581 550
498 581 368
220 582 173
313 582 469
532 582 176
489 583 292
3 584 405
187 584 904
313 584 747
346 584 487
441 584 743
60 585 295
181 585 184
324 585 116
328 585 494
60 586 298
332 586 993
474 586 208
52 587 105
382 587 132
466 587 948
566 587 360
97 588 289
232 588 506
274 588 373
337 588 295
359 588 520
504 588 201
120 589 149
442 589 330
57 590 211
62 590 123
82 590 673
162 590 182
172 590 273
421 590 623
10 591 316
242 591 270
66 592 979
310 593 181
214 594 119
220 594 228
313 594 441
401 594 198
441 594 106
145 595 134
531 595 702
556 595 134
20 596 140
131 596 185
201 596 251
456 596 201
487 596 125
497 596 731
178 597 231
270 597 418
299 597 218
311 597 302
329 597 530
505 597 273
42 598 884
204 598 252
372 598 409
391 598 197
473 598 194
563 598 182
38 599 732
125 599 108
236 599 148
510 599 799
565 599 178
573 599 153
43 600 751
213 600 281
489 600 758
506 600 148
432 601 271
173 602 723
184 602 287
202 602 553
226 602 441
439 602 103
8 603 103
80 603 151
219 603 143
252 603 209
580 603 138
116 604 309
76 605 192
116 605 137
140 605 198
142 605 191
262 605 189
356 605 191
373 605 197
448 605 190
10 606 651
125 606 708
420 606 660
394 607 293
3 608 379
214 608 120
220 608 195
441 608 116
584 608 453
74 609 131
161 609 130
203 609 112
231 609 112
330 609 111
54 610 409
85 610 356
265 610 305
289 610 221
469 610 170
51 611 180
227 611 791
276 611 101
282 611 896
295 611 184
458 611 366
41 612 145
62 612 456
162 612 244
172 612 198
407 612 163
421 612 623
230 613 888
537 614 218
350 615 320
49 616 203
160 616 888
179 616 577
392 616 553
428 616 730
115 617 760
141 617 173
552 617 389
68 618 579
75 618 449
211 618 144
325 618 901
483 618 771
494 618 154
83 619 561
114 619 231
236 619 373
273 619 190
320 619 254
602 619 387
488 620 114
595 620 662
253 621 492
114 622 164
125 622 120
273 622 227
475 622 175
510 622 130
111 623 481
115 623 134
193 623 153
420 623 115
617 623 163
225 624 180
468 624 564
512 624 141
583 625 220
35 626 689
48 626 201
55 626 174
156 626 689
176 626 110
38 627 730
326 627 111
573 627 974
622 627 790
438 628 130
43 629 236
239 629 635
321 629 133
482 629 124
489 629 709
194 630 393
398 630 224
122 631 202
265 631 139
376 631 217
469 631 145
519 631 273
163 632 134
246 632 398
331 632 102
31 633 873
472 633 672
499 633 900
58 634 242
124 634 182
354 634 239
364 634 200
433 634 171
559 634 318
27 635 288
43 635 117
255 635 720
321 635 692
414 635 133
92 636 370
331 636 359
363 636 369
418 636 308
477 636 372
578 636 375
628 636 398
632 636 372
8 637 334
63 637 814
348 637 334
410 637 257
564 637 448
603 637 252
207 638 165
333 638 100
409 638 533
630 638 393
503 639 340
222 640 830
279 640 255
605 640 190
15 641 145
55 641 990
105 641 604
241 641 521
626 641 229
350 642 329
326 643 116
475 643 346
599 643 164
619 643 215
627 643 101
642 644 148
50 645 684
360 645 618
522 645 394
136 646 161
488 646 157
566 646 472
201 647 186
361 647 194
452 647 169
478 647 317
596 647 107
101 648 935
324 648 155
345 648 935
546 648 964
110 649 769
264 649 300
275 649 671
403 649 106
538 649 137
547 649 907
571 649 485
543 650 449
583 650 633
240 651 561
364 651 789
453 651 466
541 651 732
611 651 677
634 651 268
5 652 134
213 652 313
489 652 780
179 653 150
205 653 515
306 653 416
362 653 655
616 653 556
43 655 514
307 655 124
357 655 178
482 655 138
506 655 136
567 655 190
652 655 400
37 656 304
119 656 138
149 656 129
423 656 356
260 657 260
109 658 170
15 659 486
55 659 530
176 659 492
393 659 496
239 660 138
307 660 123
655 660 148
163 661 133
331 661 185
113 662 725
345 662 292
402 662 782
648 662 966
183 663 349
244 663 242
379 663 252
422 663 311
524 663 316
562 663 541
54 664 774
85 664 115
122 664 721
610 664 871
631 664 157
92 665 154
163 665 134
246 665 601
331 665 112
363 665 758
578 665 313
636 665 371
661 665 286
200 666 330
431 666 185
501 666 149
409 667 426
534 667 189
68 668 464
254 668 115
305 668 169
377 668 159
408 668 925
460 668 850
618 668 662
325 669 572
460 669 508
477 669 238
483 669 516
494 669 171
668 669 126
17 670 820
79 670 133
297 670 335
409 670 450
447 670 253
451 670 101
630 670 454
145 671 429
85 672 105
341 672 615
376 672 172
610 672 813
631 672 160
35 673 103
48 673 522
156 673 441
322 673 735
641 673 351
16 674 124
101 674 137
254 674 158
345 674 137
546 674 143
648 674 293
662 674 144
194 675 654
409 675 582
507 675 774
670 675 669
205 676 282
150 678 375
535 678 242
615 678 989
427 679 217
434 679 231
471 679 237
508 679 218
2 680 574
216 680 375
70 681 146
154 681 282
184 681 523
384 681 443
602 681 639
555 682 766
35 683 424
48 683 711
156 683 949
241 683 418
393 683 609
69 684 497
258 684 181
288 684 205
358 684 575
397 684 253
444 684 279
568 684 501
85 685 148
206 685 201
265 685 139
289 685 118
376 685 134
443 685 223
12 686 115
24 686 534
153 686 115
290 686 115
490 686 114
521 686 115
679 686 258
23 687 141
70 687 144
120 687 117
141 687 279
202 687 145
439 687 146
461 687 143
602 687 149
19 688 363
24 688 100
153 688 339
290 688 338
365 688 111
490 688 344
51 689 959
159 689 659
295 689 467
347 689 751
367 689 543
577 689 576
310 690 210
494 690 624
187 691 566
401 691 177
432 691 230
582 691 137
608 691 150
107 692 111
221 692 147
240 692 115
354 692 215
541 692 223
542 692 188
302 693 272
601 693 317
682 693 133
64 694 366
375 694 573
390 694 150
465 694 796
51 695 335
139 695 842
276 695 330
347 695 978
458 695 338
689 695 323
404 696 582
574 696 500
188 697 564
249 697 782
375 697 627
390 697 154
678 697 194
182 698 878
270 698 135
299 698 220
311 698 356
329 698 722
505 698 317
515 698 167
84 699 361
117 699 590
149 699 589
423 699 591
476 699 592
513 699 125
298 700 116
348 700 854
388 700 881
417 700 405
462 700 114
580 700 710
49 701 289
165 701 714
179 701 693
306 701 260
392 701 694
430 701 693
119 702 244
149 702 113
261 702 349
560 702 350
699 702 592
41 703 145
57 703 283
62 703 499
162 703 233
168 703 269
407 703 237
421 703 623
590 703 838
169 704 171
185 704 411
224 704 189
129 705 528
339 705 134
33 706 405
146 706 942
235 706 768
309 706 576
381 706 483
486 706 245
91 707 536
45 708 130
112 708 794
165 708 608
255 708 213
414 708 903
498 708 416
518 708 160
7 709 687
53 709 172
188 709 258
223 709 409
390 709 149
514 709 102
678 709 138
221 710 433
347 710 336
366 710 519
389 710 611
611 710 604
695 710 513
70 711 108
120 711 161
154 711 799
439 711 455
602 711 315
681 711 623
429 712 324
484 712 192
167 713 112
229 713 840
401 713 188
441 713 828
582 713 243
608 713 288
696 714 367
76 715 142
140 715 101
212 715 518
267 715 158
373 715 132
640 715 810
14 716 647
127 716 628
268 716 392
287 716 631
569 716 223
649 716 610
673 716 152
281 717 263
676 717 336
138 718 214
198 718 381
315 718 175
454 718 229
530 718 113
442 719 191
628 719 537
3 720 251
167 720 217
187 720 712
220 720 477
313 720 400
713 720 231
331 721 321
363 721 936
578 721 658
632 721 778
661 721 117
277 722 923
566 722 320
620 722 116
338 723 252
347 723 751
361 723 894
406 723 323
452 723 959
456 723 812
478 723 758
487 723 128
647 723 612
100 724 349
278 724 603
426 724 820
446 724 869
479 724 398
284 725 214
316 725 106
422 725 144
524 725 144
525 725 548
663 725 151
17 726 590
79 726 556
194 726 141
297 726 133
447 726 247
507 726 324
638 726 141
294 727 134
474 727 146
576 727 147
585 727 100
586 727 158
46 728 498
156 728 677
176 728 632
322 728 909
393 728 638
626 728 670
659 728 222
683 728 632
9 729 284
404 730 152
503 730 233
639 730 231
484 731 290
506 731 744
73 732 374
285 732 569
291 732 182
304 732 459
463 732 553
544 732 388
16 733 213
113 733 134
345 733 339
402 733 155
648 733 910
662 733 157
58 734 104
152 734 792
453 734 876
541 734 102
542 734 107
651 734 738
692 734 227
3 735 449
167 735 450
229 735 893
230 735 909
401 735 333
582 735 526
584 735 410
594 735 490
513 736 112
122 737 344
206 737 321
265 737 372
341 737 227
469 737 369
664 737 361
672 737 360
127 738 756
287 738 716
538 738 631
547 738 510
569 738 161
84 739 947
171 739 549
398 740 224
411 740 276
157 741 654
212 741 340
262 741 181
279 741 256
356 741 519
715 741 992
11 742 287
105 742 163
322 742 638
659 742 524
728 742 686
158 743 698
182 743 798
218 743 454
251 743 700
270 743 535
349 743 135
553 743 247
678 743 626
186 744 127
237 744 969
327 744 373
413 744 318
419 744 221
426 744 886
485 744 592
558 744 237
144 745 254
604 745 170
38 746 455
236 746 131
320 746 133
511 746 168
565 746 119
622 746 119
186 747 810
189 747 717
413 747 890
479 747 240
485 747 672
558 747 455
561 747 337
9 748 294
554 748 567
23 749 123
184 749 115
226 749 290
360 749 454
385 749 436
439 749 609
158 750 355
182 750 898
251 750 775
311 750 327
553 750 102
597 750 408
425 751 677
748 751 841
18 752 203
34 752 206
123 752 203
211 752 205
305 752 210
325 752 203
384 752 373
460 752 202
477 752 193
231 753 212
274 753 108
104 754 189
357 754 144
567 754 185
600 754 134
629 754 604
652 754 262
660 754 124
3 755 838
36 755 842
167 755 842
214 755 136
313 755 791
532 755 698
582 755 115
147 756 157
526 756 281
91 757 499
95 757 268
442 757 120
592 757 144
76 758 395
142 758 349
157 758 765
222 758 234
356 758 378
640 758 326
528 759 535
160 760 904
306 760 419
362 760 302
392 760 559
428 760 741
430 760 596
653 760 562
92 761 176
163 761 133
246 761 214
331 761 388
363 761 200
632 761 139
151 762 192
351 762 171
434 762 218
471 762 285
520 762 159
19 763 167
24 763 999
135 763 389
153 763 250
290 763 252
365 763 290
521 763 438
686 763 115
6 764 359
276 764 342
295 764 361
458 764 351
559 764 344
577 764 356
710 764 516
7 765 426
53 765 434
64 765 433
150 765 976
249 765 940
514 765 441
337 766 141
457 766 114
504 766 183
151 767 592
723 767 141
29 768 489
213 768 143
507 768 135
579 768 268
203 769 194
232 769 480
337 769 148
4 770 533
44 770 788
99 770 131
183 770 137
247 770 426
470 770 191
562 770 453
725 770 143
60 771 297
102 771 335
181 771 396
328 771 114
474 771 469
586 771 144
727 771 142
92 772 294
163 772 134
636 772 375
661 772 160
721 772 677
761 772 110
1 773 323
65 773 185
96 773 780
280 773 395
300 773 883
358 773 346
444 773 266
684 773 585
20 774 153
22 774 810
201 774 164
338 774 245
478 774 416
487 774 126
497 774 195
647 774 180
126 775 930
133 775 337
196 775 388
247 775 535
283 775 526
470 775 193
562 775 463
725 775 144
26 776 321
81 776 318
140 776 321
212 776 331
373 776 319
513 776 168
758 776 330
83 777 850
336 777 180
399 777 186
714 777 181
32 778 203
165 778 608
293 778 667
355 778 957
581 778 313
635 778 541
81 779 273
144 779 365
54 780 862
206 780 303
341 780 617
443 780 355
618 780 114
214 781 494
5 782 134
296 782 153
496 782 453
600 782 248
629 782 762
652 782 266
660 782 216
38 783 705
125 783 691
273 783 575
288 783 225
320 783 367
510 783 185
643 783 170
746 783 128
30 784 186
107 784 818
314 784 898
354 784 736
374 784 804
426 784 188
433 784 838
542 784 795
634 784 563
53 785 337
223 785 637
535 785 447
694 785 344
697 785 816
22 786 821
26 786 206
140 786 206
212 786 172
221 786 155
228 786 430
640 786 380
758 786 175
160 787 393
306 787 416
362 787 514
428 787 937
616 787 724
701 787 692
760 787 735
197 788 491
38 789 732
134 789 331
326 789 223
475 789 409
573 789 174
619 789 242
783 789 187
33 790 579
164 790 120
235 790 844
395 790 113
486 790 246
570 790 637
275 791 610
322 791 462
571 791 481
738 791 378
312 792 354
455 792 773
142 793 369
222 793 243
228 793 179
279 793 275
356 793 401
715 793 597
776 793 328
63 794 557
252 794 724
298 794 249
388 794 793
417 794 427
700 794 795
215 795 473
352 795 104
463 795 375
525 795 383
529 795 140
297 796 582
327 796 277
334 796 205
451 796 192
630 796 374
675 796 648
53 797 109
150 797 805
188 797 106
223 797 107
511 797 153
535 797 106
678 797 102
694 797 109
710 797 396
5 798 135
43 798 462
104 798 162
482 798 106
567 798 182
652 798 214
271 799 168
729 799 175
500 800 147
781 800 834
221 801 153
227 801 706
282 801 788
367 801 107
519 801 561
695 801 343
764 801 356
44 802 149
99 802 150
133 802 143
244 802 150
562 802 145
725 802 136
736 802 158
57 803 165
62 803 203
168 803 267
172 803 128
369 803 144
407 803 299
421 803 623
612 803 365
233 804 332
531 805 138
556 805 237
41 806 531
62 806 837
82 806 373
168 806 840
210 806 569
369 806 837
590 806 837
612 806 837
92 807 510
246 807 507
417 807 407
578 807 520
632 807 514
636 807 134
661 807 503
772 807 519
234 808 244
654 809 146
14 810 397
21 810 581
241 810 184
275 810 303
322 810 500
383 810 211
425 810 538
716 810 773
738 810 232
114 811 584
134 811 327
273 811 275
320 811 123
510 811 669
643 811 200
27 812 289
45 812 104
106 812 438
321 812 634
518 812 908
581 812 491
635 812 762
778 812 582
128 813 109
266 813 258
339 813 472
371 813 131
437 813 158
550 813 100
14 814 265
110 814 135
264 814 102
547 814 488
716 814 663
791 814 208
799 814 169
2 815 232
205 815 246
307 815 237
11 816 880
48 816 865
55 816 871
105 816 811
241 816 946
393 816 781
659 816 135
675 816 285
47 817 735
111 817 280
242 817 319
623 817 177
534 818 149
558 818 342
53 819 192
150 819 295
188 819 262
511 819 394
514 819 109
785 819 122
114 820 849
236 820 802
320 820 794
326 820 851
510 820 848
627 820 844
712 820 701
4 821 473
44 821 663
94 821 347
196 821 303
283 821 507
422 821 162
470 821 190
725 821 143
7 822 526
64 822 672
150 822 314
249 822 781
678 822 192
785 822 855
819 822 504
34 823 229
75 823 226
123 823 708
211 823 230
254 823 190
408 823 155
460 823 234
483 823 234
633 823 139
54 824 126
122 824 128
206 824 173
376 824 301
443 824 160
695 824 438
73 825 146
191 825 471
215 825 432
291 825 831
316 825 127
525 825 356
544 825 521
732 825 152
38 826 731
125 826 107
273 826 290
565 826 157
619 826 252
820 826 847
28 827 584
132 827 975
416 827 977
563 827 366
598 827 121
58 828 204
107 828 286
295 828 136
354 828 206
453 828 196
634 828 110
651 828 188
692 828 228
45 829 145
112 829 492
255 829 255
414 829 970
498 829 430
581 829 257
635 829 562
54 830 702
469 830 233
664 830 756
672 830 466
737 830 363
780 830 378
601 831 476
682 831 965
766 831 471
800 831 220
4 832 111
94 832 110
247 832 111
283 832 108
284 832 108
517 832 766
663 832 110
802 832 429
192 833 549
225 833 931
286 833 549
343 833 847
666 833 969
73 834 117
243 834 116
285 834 387
291 834 727
316 834 127
516 834 821
544 834 572
77 835 242
80 835 110
298 835 185
410 835 420
564 835 137
794 835 106
109 836 101
551 836 345
737 836 256
767 836 104
18 837 973
211 837 100
325 837 964
408 837 851
460 837 944
483 837 947
654 837 144
81 838 659
228 838 323
267 838 618
448 838 356
640 838 226
741 838 461
786 838 325
793 838 405
100 839 254
189 839 218
237 839 115
263 839 473
479 839 696
481 839 351
561 839 898
724 839 930
206 840 480
289 840 489
469 840 523
685 840 346
780 840 822
824 840 127
830 840 675
42 841 775
132 841 130
268 841 378
292 841 101
372 841 384
391 841 287
563 841 256
827 841 150
46 842 127
139 842 688
677 842 294
223 843 636
375 843 582
511 843 382
514 843 100
697 843 815
822 843 854
396 844 113
232 845 540
359 845 524
61 846 747
103 846 101
132 846 886
204 846 100
346 846 124
416 846 807
827 846 464
253 847 154
312 847 289
378 847 233
499 847 535
405 848 238
484 848 172
523 848 256
543 848 291
5 849 134
104 849 508
213 849 318
482 849 191
506 849 139
629 849 755
754 849 302
484 850 251
190 851 153
399 851 158
730 851 405
121 852 381
198 852 752
315 852 120
454 852 574
548 852 140
718 852 381
36 853 133
187 853 236
229 853 223
582 853 190
594 853 185
608 853 187
682 853 899
720 853 177
70 854 892
173 854 503
202 854 640
226 854 908
384 854 410
385 854 651
492 854 177
681 854 554
91 855 766
370 855 206
467 855 145
589 855 345
707 855 178
719 855 256
62 856 270
82 856 672
162 856 100
168 856 273
369 856 588
407 856 189
421 856 623
806 856 837
301 857 147
37 858 253
117 858 223
476 858 399
656 858 150
702 858 213
5 860 133
104 860 582
255 860 886
482 860 648
489 860 761
506 860 147
567 860 213
600 860 218
660 860 948
30 861 126
58 861 265
240 861 995
354 861 307
364 861 204
651 861 128
692 861 719
118 862 138
269 862 136
406 862 134
434 862 140
658 862 134
12 863 195
24 863 100
153 863 358
365 863 362
521 863 338
688 863 374
67 864 815
495 864 203
730 864 802
777 864 229
859 864 887
512 865 129
833 865 590
171 866 282
455 866 241
499 866 619
621 866 205
792 866 351
51 867 902
159 867 274
221 867 151
227 867 121
276 867 184
389 867 741
458 867 592
312 868 233
792 868 684
51 869 628
159 869 895
276 869 494
295 869 201
335 869 912
367 869 126
389 869 353
710 869 601
801 869 112
216 870 179
533 870 144
595 870 145
676 870 183
52 871 581
277 871 663
342 871 855
566 871 282
646 871 699
768 871 366
24 872 986
777 872 177
288 873 211
704 873 213
865 873 573
287 874 122
383 874 380
403 874 435
571 874 482
814 874 210
17 875 102
297 875 101
316 875 274
333 875 102
451 875 101
507 875 989
630 875 987
862 875 436
275 876 913
383 876 396
403 876 457
425 876 290
538 876 194
716 876 661
791 876 184
814 876 157
181 877 188
328 877 114
332 877 122
474 877 131
585 877 932
586 877 140
727 877 123
64 878 441
535 878 430
694 878 502
697 878 759
709 878 127
765 878 438
819 878 138
79 879 547
207 879 739
409 879 878
726 879 333
796 879 163
875 879 102
44 880 459
183 880 131
284 880 464
422 880 900
470 880 197
562 880 485
832 880 111
200 881 240
343 881 175
9 882 270
14 882 191
110 882 657
264 882 894
275 882 767
538 882 138
569 882 167
738 882 433
874 882 102
252 883 321
348 883 142
462 883 247
564 883 161
580 883 106
603 883 601
700 883 212
135 884 107
290 884 323
365 884 186
490 884 230
572 884 322
686 884 114
688 884 699
863 884 355
441 885 949
691 885 212
735 885 463
755 885 890
853 885 181
449 886 471
102 887 961
324 887 126
328 887 204
576 887 265
585 887 144
586 887 300
727 887 333
877 887 262
270 888 432
299 888 437
349 888 105
412 888 373
597 888 436
605 888 151
743 888 470
750 888 441
106 889 976
355 889 115
357 889 484
496 889 456
506 889 211
629 889 908
652 889 421
660 889 512
798 889 351
9 890 307
751 890 951
123 891 141
229 891 356
432 891 143
532 891 374
584 891 340
594 891 368
691 891 377
720 891 372
885 891 370
120 892 169
236 892 437
384 892 469
439 892 147
461 892 419
711 892 347
749 892 431
15 893 516
105 893 494
176 893 511
322 893 274
393 893 506
554 893 517
589 893 107
683 893 511
742 893 480
129 894 952
349 894 116
437 894 874
607 894 134
844 894 150
289 895 449
341 895 675
376 895 230
494 895 168
685 895 325
780 895 714
824 895 130
6 896 515
295 896 475
366 896 346
367 896 553
519 896 651
695 896 324
867 896 893
90 897 314
467 897 957
179 898 218
205 898 512
392 898 811
428 898 316
430 898 834
653 898 891
701 898 693
787 898 327
59 899 521
100 899 255
186 899 155
189 899 207
413 899 333
485 899 597
203 900 204
232 900 546
457 900 650
5 901 150
357 901 121
482 901 118
496 901 123
506 901 664
523 901 584
567 901 772
782 901 126
42 902 451
168 902 255
292 902 133
346 902 613
353 902 437
391 902 420
598 902 429
827 902 414
846 902 411
7 903 408
53 903 496
249 903 785
465 903 132
678 903 215
694 903 497
843 903 581
878 903 552
886 903 550
237 904 123
278 904 119
413 904 167
485 904 128
558 904 204
724 904 998
899 904 111
248 905 226
329 905 264
349 905 128
390 905 152
412 905 105
505 905 496
515 905 173
553 905 225
678 905 177
698 905 193
11 906 816
15 906 516
48 906 316
641 906 800
673 906 625
742 906 212
816 906 889
39 907 264
659 907 885
800 907 625
176 908 104
241 908 402
322 908 587
626 908 996
641 908 176
673 908 292
683 908 104
893 908 513
336 909 782
399 909 921
503 909 157
859 909 826
108 910 434
257 910 552
764 910 465
2 911 775
86 911 785
424 911 146
717 911 222
177 912 235
411 912 148
667 912 198
405 913 109
421 913 562
705 913 186
60 914 281
440 914 267
92 915 843
246 915 922
331 915 277
578 915 637
632 915 749
661 915 111
721 915 200
761 915 161
17 916 102
79 916 100
93 916 153
333 916 915
334 916 140
409 916 506
630 916 408
53 917 108
64 917 106
390 917 152
465 917 292
515 917 170
678 917 174
698 917 189
765 917 452
785 917 160
843 917 160
2 918 117
38 918 458
281 918 111
493 918 119
537 918 120
614 918 121
138 919 134
198 919 360
217 919 965
318 919 133
454 919 964
530 919 291
548 919 141
20 920 239
22 920 812
131 920 344
201 920 390
361 920 320
596 920 337
647 920 493
723 920 699
33 921 729
146 921 787
164 921 101
235 921 971
309 921 584
319 921 760
486 921 246
790 921 647
30 922 541
40 922 293
221 922 175
276 922 107
282 922 105
389 922 986
559 922 108
611 922 119
689 922 100
828 922 661
896 922 100
10 923 649
242 923 480
440 923 390
21 924 921
197 924 379
890 924 330
174 925 236
260 925 197
323 925 358
912 925 268
178 926 369
248 926 280
251 926 701
349 926 135
515 926 584
553 926 258
750 926 731
888 926 469
94 927 459
126 927 910
244 927 400
247 927 453
470 927 359
516 927 468
524 927 417
802 927 144
880 927 436
924 928 141
92 929 158
246 929 188
331 929 521
363 929 176
661 929 287
721 929 198
772 929 102
807 929 494
27 930 291
32 930 287
255 930 103
321 930 536
414 930 304
498 930 103
708 930 696
37 931 567
119 931 568
149 931 566
513 931 115
560 931 568
656 931 568
699 931 143
765 931 650
858 931 568
26 932 237
142 932 160
267 932 172
373 932 225
448 932 159
640 932 155
741 932 161
745 932 189
776 932 371
399 933 107
730 933 183
91 934 152
127 934 118
210 934 704
264 934 117
403 934 116
547 934 118
728 934 159
742 934 129
791 934 119
810 934 122
874 934 119
193 935 865
420 935 106
890 935 587
904 935 119
914 935 112
70 936 155
120 936 162
173 936 661
385 936 497
439 936 520
461 936 461
749 936 355
13 937 294
32 937 207
355 937 104
498 937 433
635 937 568
778 937 113
829 937 541
930 937 746
134 938 389
154 938 151
226 938 989
384 938 449
461 938 704
492 938 183
619 938 407
681 938 324
749 938 737
892 938 103
14 939 145
35 939 138
110 939 314
264 939 778
383 939 345
403 939 390
538 939 112
791 939 589
810 939 547
145 940 601
802 940 168
83 941 785
294 941 202
324 941 173
328 941 202
332 941 202
576 941 202
585 941 203
586 941 202
771 941 202
49 942 204
306 942 413
392 942 650
428 942 506
430 942 606
616 942 298
653 942 645
701 942 701
79 943 103
93 943 574
207 943 558
297 943 875
334 943 555
630 943 737
638 943 843
675 943 709
744 943 201
317 944 221
752 944 144
756 944 492
289 945 144
610 945 261
618 945 565
631 945 140
672 945 118
780 945 111
830 945 158
895 945 435
566 946 302
620 946 116
89 947 272
310 947 168
40 948 130
551 948 140
857 948 959
351 949 398
436 949 969
471 949 563
762 949 300
14 950 501
127 950 503
264 950 503
287 950 502
425 950 500
487 950 363
538 950 502
791 950 499
874 950 500
17 951 231
93 951 927
297 951 204
451 951 497
638 951 224
675 951 635
879 951 341
916 951 184
154 952 647
173 952 992
202 952 697
461 952 434
687 952 148
711 952 357
892 952 121
936 952 396
471 953 324
520 953 144
836 953 107
111 954 241
193 954 324
923 954 546
55 955 127
105 955 108
156 955 197
241 955 120
659 955 532
673 955 567
742 955 323
906 955 618
245 956 440
350 956 320
574 956 446
886 956 424
12 957 128
19 957 128
153 957 128
290 957 128
308 957 129
365 957 129
521 957 128
572 957 128
863 957 128
34 958 185
56 958 107
75 958 797
123 958 101
408 958 933
669 958 598
837 958 971
33 959 123
146 959 121
182 959 915
309 959 110
319 959 121
570 959 121
706 959 120
790 959 124
17 960 511
327 960 417
419 960 104
447 960 258
507 960 769
630 960 682
638 960 928
796 960 829
63 961 152
77 961 266
80 961 190
157 961 475
252 961 163
417 961 355
603 961 734
637 961 188
835 961 262
25 962 906
138 962 133
217 962 963
318 962 133
454 962 962
548 962 141
852 962 359
73 963 129
285 963 104
291 963 398
463 963 992
557 963 451
795 963 605
802 963 114
24 964 996
574 964 502
933 964 904
134 965 648
492 965 122
510 965 655
619 965 378
627 965 975
643 965 497
746 965 122
826 965 752
224 966 556
431 966 463
907 966 439
79 967 139
186 967 756
426 967 108
479 967 198
724 967 331
744 967 474
747 967 112
899 967 508
904 967 142
58 968 115
107 968 438
152 968 324
240 968 445
374 968 486
677 968 189
734 968 549
828 968 173
861 968 805
654 969 143
944 969 321
199 970 840
579 970 662
587 970 575
620 970 113
736 970 659
63 971 220
80 971 137
252 971 242
348 971 315
637 971 302
794 971 364
835 971 553
883 971 982
291 972 869
304 972 675
352 972 407
516 972 267
732 972 588
795 972 391
834 972 396
963 972 111
171 973 768
37 974 253
423 974 288
560 974 420
656 974 151
699 974 592
702 974 211
858 974 181
54 975 235
469 975 439
631 975 216
664 975 582
824 975 133
840 975 271
895 975 540
945 975 403
29 976 409
513 976 108
946 976 970
370 977 817
415 977 140
438 977 107
529 978 443
805 978 472
146 979 471
164 979 476
168 979 468
309 979 253
395 979 473
486 979 514
570 979 471
706 979 469
959 979 769
624 980 635
666 980 227
167 981 466
214 981 156
220 981 417
229 981 960
532 981 419
584 981 311
846 981 781
885 981 481
902 981 269
81 982 615
142 982 738
262 982 151
267 982 369
279 982 257
373 982 604
448 982 583
786 982 337
191 983 293
285 983 883
304 983 245
516 983 374
529 983 116
795 983 676
963 983 575
243 984 218
284 984 153
316 984 299
352 984 222
366 984 261
463 984 210
516 984 229
525 984 236
529 984 265
802 984 746
983 984 216
38 985 732
475 985 394
565 985 202
622 985 121
789 985 102
811 985 227
820 985 848
965 985 681
18 986 343
75 986 599
123 986 105
211 986 386
460 986 310
494 986 219
669 986 798
824 986 158
370 987 956
438 987 132
589 987 428
3 988 863
36 988 840
220 988 710
313 988 770
691 988 641
713 988 805
885 988 918
981 988 101
394 989 786
421 989 491
155 990 662
745 990 207
779 990 275
25 991 903
121 991 113
138 991 239
217 991 224
548 991 142
718 991 113
962 991 292
217 992 107
318 992 107
344 992 848
447 992 344
454 992 107
530 992 103
718 992 113
852 992 110
919 992 106
973 992 911
991 992 103
117 993 196
261 993 367
513 993 112
560 993 334
656 993 788
702 993 733
858 993 165
974 993 164
404 994 575
495 994 268
398 995 223
134 996 349
234 996 240
273 996 342
475 996 394
599 996 389
627 996 384
746 996 920
811 996 391
826 996 388
34 997 190
254 997 105
305 997 686
377 997 107
618 997 981
837 997 972
895 997 646
958 997 762
986 997 343
296 998 232
307 998 123
600 998 107
660 998 298
798 998 108
849 998 197
889 998 521
901 998 119
948 999 107
79 1000 481
93 1000 231
333 1000 100
334 1000 268
675 1000 614
875 1000 102
879 1000 403
960 1000 484
