1
0
1
1
1000000
0
0
0
0
1
24 36 114
5 37 288
30 39 238
9 47 399
2 54 196
54 55 178
22 58 327
43 59 338
8 61 703
62 63 450
23 64 944
8 66 627
60 66 482
55 69 671
13 71 335
46 72 294
26 73 861
37 74 423
31 77 243
42 85 237
5 92 741
1 94 559
52 96 233
42 99 946
53 99 541
14 100 637
21 101 826
12 102 812
57 103 277
30 104 443
67 106 632
101 108 315
50 111 781
46 112 306
4 120 613
24 122 153
36 122 100
119 123 287
27 125 427
16 128 447
92 132 303
56 134 971
128 135 914
122 136 470
89 138 278
80 139 137
89 139 288
5 142 563
30 142 279
37 142 987
39 142 338
92 142 416
16 145 425
98 145 310
137 145 325
84 148 284
58 149 151
1 150 630
29 151 298
23 154 386
57 155 780
124 155 423
113 156 304
6 158 103
55 158 234
18 159 703
74 159 581
89 160 134
65 161 816
92 165 369
132 165 940
97 166 297
164 166 406
139 167 123
27 169 102
125 169 149
126 170 866
67 171 237
36 172 125
119 173 622
123 173 987
96 174 145
165 175 636
89 177 575
58 178 278
55 181 490
114 181 102
107 182 354
136 182 754
31 184 795
29 185 248
126 186 477
67 187 450
128 187 294
8 188 539
181 188 436
82 190 715
185 191 711
93 192 505
144 192 118
186 193 597
106 196 162
104 197 845
36 198 207
148 201 127
119 202 233
32 206 219
23 208 244
64 208 879
33 209 993
54 212 796
49 214 320
88 214 965
194 214 688
60 216 277
117 216 552
174 216 457
122 217 584
75 221 413
75 222 376
3 224 399
130 224 446
139 225 137
24 226 445
24 227 615
53 227 586
126 227 312
216 228 190
156 230 540
162 231 402
207 231 470
43 232 267
59 232 320
93 233 235
93 234 556
139 234 578
167 234 586
111 236 324
137 238 112
166 239 456
55 241 262
105 241 472
95 244 717
139 244 101
55 246 117
64 246 100
104 246 114
142 246 443
227 246 185
1 247 284
94 247 587
238 248 272
12 249 654
55 250 331
227 252 278
242 252 185
185 253 633
93 254 266
233 254 285
241 254 658
108 255 290
163 256 475
33 258 296
50 258 421
111 258 812
209 258 929
54 259 383
93 260 448
36 262 228
179 262 326
198 262 126
68 263 297
253 263 811
180 264 213
96 265 402
126 265 570
170 265 155
92 266 475
220 266 479
229 266 258
183 267 429
84 269 233
148 269 369
201 269 150
241 269 483
246 269 264
254 269 366
234 270 458
10 271 533
146 271 427
63 276 864
242 276 957
252 276 103
75 277 746
98 277 351
222 277 503
238 278 862
109 283 216
136 283 408
36 285 521
273 285 456
234 288 260
270 288 895
49 289 359
235 289 532
35 290 276
60 290 313
116 290 233
229 290 463
248 290 404
54 291 309
80 291 537
115 291 333
176 292 408
278 292 272
25 293 321
51 293 238
265 293 427
188 294 360
227 295 630
243 295 513
34 297 362
272 297 475
28 300 480
50 300 467
46 301 857
145 301 732
211 303 263
230 303 650
282 303 833
261 304 435
161 305 952
291 305 258
106 306 115
139 308 120
150 308 648
225 308 134
140 309 336
229 311 368
279 311 681
205 312 337
99 313 535
183 315 276
88 316 840
218 316 361
253 316 686
268 316 768
302 316 547
44 317 365
57 318 594
103 318 273
155 318 940
110 319 387
259 321 693
55 322 767
92 322 278
51 323 249
170 323 564
265 323 312
293 323 253
197 324 304
108 325 347
255 325 365
15 326 421
34 326 452
92 326 352
263 326 598
273 326 275
280 326 278
285 326 110
158 327 440
309 327 786
63 329 697
267 330 366
235 331 355
218 332 399
267 333 438
325 333 426
24 335 435
98 336 269
180 336 619
264 336 392
159 338 478
192 338 440
164 339 928
166 339 546
54 340 347
108 340 255
217 340 436
91 341 625
85 342 842
194 342 321
117 343 161
194 344 304
214 344 253
299 344 578
342 344 240
327 346 351
142 347 675
120 348 339
23 349 439
166 350 424
201 350 793
336 350 648
341 350 525
87 351 385
275 351 192
3 352 250
67 353 720
345 353 766
100 356 311
151 358 127
325 358 417
133 359 221
67 361 288
241 361 586
31 362 530
71 362 632
198 362 429
334 362 671
56 363 670
310 363 899
334 363 282
277 364 418
95 365 388
93 367 283
148 367 370
241 367 351
254 367 250
269 367 617
21 368 133
36 370 515
1 371 470
150 371 269
263 371 269
308 371 237
20 372 317
62 374 247
226 374 103
17 375 433
48 375 157
266 375 268
281 375 312
361 375 136
114 376 252
132 376 178
165 376 250
175 376 657
181 376 278
188 376 367
251 376 956
7 380 922
140 380 141
379 380 210
8 381 130
31 381 818
110 381 312
319 381 298
355 382 991
220 383 699
266 383 352
243 385 141
240 386 370
253 386 648
60 387 310
153 387 432
267 387 139
283 387 280
330 387 859
333 387 738
262 388 104
289 388 378
136 391 241
307 391 611
91 393 822
94 393 706
213 393 472
247 393 328
280 393 512
226 394 577
283 394 485
338 394 289
230 396 661
303 396 178
390 396 905
89 397 843
283 397 119
322 397 315
352 397 424
142 398 263
246 398 337
269 398 157
315 399 293
67 400 130
60 401 694
162 401 125
253 403 402
257 403 412
259 403 496
321 403 502
265 404 100
116 405 659
235 405 242
289 405 374
377 405 402
388 405 865
354 406 410
86 407 150
24 408 689
109 408 237
118 408 710
220 409 753
383 409 249
159 410 342
192 410 505
271 410 699
338 410 865
126 411 820
193 411 378
382 411 593
129 413 433
164 413 479
196 414 400
281 414 373
410 414 254
92 415 312
229 415 297
266 415 249
109 416 396
283 416 806
408 416 316
121 420 111
230 420 166
300 420 241
313 421 287
243 422 277
345 422 326
350 422 843
246 423 286
345 423 338
422 423 772
78 425 674
241 425 363
144 426 389
147 426 436
129 427 114
173 427 223
413 427 101
135 429 360
290 429 509
46 430 285
112 430 286
12 431 119
249 431 698
425 432 472
46 435 279
214 435 127
57 436 305
112 436 343
147 436 342
155 436 443
225 436 886
234 436 392
293 436 340
318 436 165
395 436 286
419 436 272
158 437 432
64 438 389
412 438 473
316 439 404
141 440 123
241 440 263
275 441 414
286 441 519
369 441 112
420 442 791
438 442 368
98 443 204
267 443 467
330 443 427
89 444 152
138 444 827
397 444 426
54 445 331
108 445 667
255 445 612
340 445 295
76 446 609
78 446 363
128 447 290
135 447 799
125 448 185
169 448 787
188 449 297
397 449 793
401 449 301
183 450 132
204 450 975
296 450 860
409 450 711
19 451 614
114 451 283
144 451 460
147 451 552
240 451 235
270 451 380
282 451 287
303 451 140
392 451 650
426 451 546
37 452 553
449 452 272
352 453 455
425 453 409
97 454 257
166 454 383
214 454 587
117 455 694
384 455 941
4 456 298
155 456 593
8 457 515
61 457 924
328 458 333
139 459 123
167 459 682
234 459 348
34 460 252
326 460 397
387 460 232
32 461 649
394 462 276
152 463 298
287 463 671
413 463 584
16 464 311
60 465 252
436 465 441
448 465 429
93 466 238
192 466 406
338 466 571
284 467 271
266 469 360
13 470 630
164 470 197
12 471 329
135 471 156
153 471 559
274 471 250
387 471 823
402 471 522
447 471 231
462 471 550
302 472 400
392 472 506
2 473 156
54 473 409
350 473 391
449 473 442
119 475 367
178 476 359
238 476 598
60 477 613
113 477 372
122 477 129
248 477 335
285 477 245
290 477 581
387 477 316
401 477 681
369 478 416
441 478 645
78 479 908
468 479 105
7 480 437
140 480 301
380 480 392
11 481 680
32 481 603
112 481 298
133 481 406
146 481 316
171 481 320
211 481 249
216 481 539
228 481 601
265 481 974
341 481 277
430 481 415
139 482 345
104 483 652
192 483 327
315 484 824
49 485 450
214 485 845
32 486 513
206 486 467
436 487 880
235 488 150
331 488 627
227 489 361
252 489 372
382 489 206
189 491 721
381 492 117
469 492 133
124 493 750
98 494 639
222 494 445
267 494 582
277 494 132
330 494 784
364 494 259
443 494 553
16 495 771
55 495 181
145 495 197
81 496 716
356 497 827
418 497 484
134 498 217
140 498 146
349 498 966
380 498 343
124 499 378
493 499 599
245 500 507
345 500 106
353 500 288
422 500 416
178 501 407
181 501 408
192 501 133
127 502 657
307 503 636
351 504 392
16 505 545
24 505 262
168 505 139
234 505 472
289 505 587
319 505 330
326 505 130
381 505 309
436 505 310
451 505 596
487 505 419
16 507 134
213 507 251
247 507 762
393 507 418
449 507 246
311 508 101
99 509 595
270 509 952
331 509 939
384 509 520
451 509 814
52 510 122
78 510 367
166 510 382
355 510 297
72 511 101
172 511 760
245 511 377
58 512 736
399 512 376
316 513 389
5 514 629
92 514 342
218 514 503
316 514 141
392 514 343
400 515 363
478 516 196
200 517 266
146 518 111
480 518 403
512 518 101
36 520 257
147 520 126
363 520 119
369 520 528
426 520 278
436 520 250
441 520 166
505 521 757
65 522 262
136 522 422
182 522 756
110 523 101
155 523 682
381 523 630
456 523 788
280 524 113
421 524 372
445 524 273
141 525 220
241 525 389
361 525 235
440 525 386
56 526 712
103 526 326
229 527 110
290 527 338
289 528 264
366 528 617
14 529 598
46 529 433
436 529 648
487 529 379
322 531 413
24 533 431
109 533 884
122 533 430
198 533 115
283 533 100
362 533 394
387 533 296
394 533 366
88 534 723
49 535 327
232 535 121
284 535 518
289 535 318
403 535 262
500 535 675
112 536 395
188 536 897
294 536 438
436 536 395
496 536 546
530 536 491
356 537 442
111 538 434
258 538 374
48 539 228
89 539 295
96 539 574
265 539 760
323 539 227
8 540 250
54 540 403
61 540 381
284 540 320
291 540 373
326 540 164
449 540 326
440 541 482
476 541 146
509 542 293
23 543 739
154 543 170
223 543 205
364 543 464
494 543 295
89 544 109
139 544 268
56 545 292
134 545 414
363 545 260
341 546 240
350 546 220
62 547 397
78 547 102
104 547 174
197 547 356
215 547 539
232 547 121
324 547 502
373 547 126
374 547 586
100 548 420
181 548 144
388 548 363
401 548 389
419 548 550
449 548 767
364 549 133
456 549 244
90 550 185
242 550 322
252 550 827
381 552 719
523 552 347
66 553 288
133 554 377
481 554 385
448 555 150
54 556 338
481 556 478
481 557 512
503 557 546
205 558 318
185 559 308
253 559 136
268 560 236
512 560 330
55 561 559
298 561 134
320 562 389
330 562 522
383 563 521
470 563 629
492 563 768
533 564 545
27 565 459
58 565 407
108 565 709
125 565 186
255 565 290
287 565 696
463 565 344
512 565 193
73 566 251
78 566 544
239 566 128
458 566 992
510 566 319
325 567 379
439 567 237
382 568 153
388 568 287
458 568 386
514 568 515
548 568 314
216 569 359
228 569 533
481 569 536
504 569 188
124 570 297
126 570 155
327 570 779
382 570 144
411 570 754
493 570 231
497 570 694
517 571 157
512 572 348
55 573 868
261 573 558
304 573 931
336 573 557
387 573 379
268 574 407
24 575 367
468 575 134
479 575 389
333 576 144
546 577 302
85 578 316
320 578 319
468 578 540
479 578 578
562 578 140
575 578 352
188 579 507
294 579 475
450 579 251
114 580 128
175 580 982
376 580 468
56 581 307
86 581 237
200 581 544
223 581 102
407 581 522
414 581 124
518 581 298
436 582 363
351 583 483
422 583 248
111 584 373
140 584 358
236 584 114
258 584 377
349 584 232
498 584 303
436 586 417
10 587 316
131 587 202
186 587 303
43 588 825
59 588 633
245 588 498
511 588 211
46 589 115
425 590 926
458 590 371
582 590 624
221 591 417
54 592 386
55 592 467
133 592 551
279 592 450
311 592 272
359 592 603
309 593 624
517 593 367
571 593 496
549 594 430
267 595 406
341 595 693
350 595 275
359 595 503
378 595 977
578 595 253
592 595 335
228 596 101
569 596 178
163 597 597
256 597 262
392 597 129
472 597 580
481 597 163
430 598 384
495 598 909
24 599 508
226 599 257
231 600 395
429 600 799
472 600 118
43 601 238
511 601 380
588 601 649
24 602 300
156 602 187
268 602 295
305 602 454
338 602 344
490 602 319
92 603 260
322 603 213
397 603 922
243 604 372
179 605 449
35 606 107
37 606 115
108 606 282
255 606 819
290 606 251
497 606 528
570 606 593
52 607 132
96 607 552
269 607 733
396 607 592
471 608 584
551 608 317
607 608 164
18 609 364
320 609 272
601 610 910
436 611 522
162 612 941
146 613 441
148 613 298
269 613 200
83 614 569
518 614 682
143 615 266
243 616 102
271 616 262
381 616 385
385 616 345
422 616 142
492 616 503
258 617 417
361 618 471
89 619 275
397 619 487
456 620 750
82 621 247
413 622 161
427 622 243
463 622 106
430 623 243
504 623 363
221 625 864
591 625 391
322 626 155
347 626 241
387 626 127
531 626 553
56 627 305
36 628 310
268 628 168
512 628 645
560 628 525
161 629 261
500 630 228
532 630 524
219 631 189
222 631 441
619 631 501
92 633 121
394 633 754
462 633 173
471 633 115
436 634 344
465 634 596
190 635 307
395 635 270
272 636 537
289 636 386
403 636 516
241 637 375
425 637 434
28 638 134
75 638 360
223 639 751
72 640 461
80 640 712
565 640 627
92 641 542
266 641 130
403 641 586
21 642 719
214 643 304
216 643 394
54 644 328
358 644 587
495 644 452
364 645 212
512 647 899
572 647 112
16 648 623
132 648 327
31 649 534
41 649 285
60 649 545
142 649 110
350 649 102
414 649 312
505 649 420
521 649 534
617 649 117
264 650 273
569 650 477
595 651 607
55 652 234
152 652 11811
298 652 315
463 652 565
561 652 539
253 653 117
436 653 289
559 653 415
10 654 353
93 654 261
260 654 477
436 655 399
185 656 330
66 657 372
209 657 637
258 657 947
369 658 882
441 658 246
574 659 754
243 660 527
271 660 311
492 660 303
616 660 407
54 661 357
644 661 130
32 662 409
227 662 738
246 662 271
481 662 312
63 663 129
103 663 391
242 663 262
276 663 232
319 663 313
548 663 290
140 664 306
314 664 366
380 664 247
498 664 806
2 665 289
54 665 445
70 665 872
548 665 868
663 665 488
142 666 104
649 666 446
44 668 275
61 668 679
333 668 120
424 668 261
457 668 261
526 668 357
576 668 800
83 669 321
176 670 503
292 670 273
136 671 681
273 671 520
326 671 201
343 671 457
4 672 543
120 672 496
456 672 253
670 672 263
46 673 444
146 673 881
230 673 128
271 673 419
307 673 178
420 673 314
430 673 493
503 673 413
518 673 366
10 674 525
587 674 403
143 675 339
217 675 578
505 675 106
615 675 576
617 675 421
650 675 648
183 676 612
315 676 536
308 677 216
656 677 812
162 678 225
387 678 132
401 678 274
460 678 361
115 679 149
145 679 685
274 679 848
456 679 790
471 679 250
620 679 838
644 679 363
665 679 620
14 680 344
89 681 440
170 681 846
177 681 436
220 681 151
266 681 209
289 681 600
383 681 722
492 681 694
563 681 123
650 681 271
315 682 265
484 682 171
304 683 162
422 683 303
576 683 279
106 684 836
196 684 315
306 684 552
530 684 454
540 684 331
528 685 169
474 686 143
624 686 129
237 687 172
320 688 507
562 688 632
36 689 469
124 689 447
629 689 400
96 690 103
117 690 230
174 690 332
216 690 107
569 690 780
439 691 450
572 691 322
183 692 369
267 692 104
676 692 732
11 693 243
24 693 220
298 693 253
408 693 135
416 693 865
561 693 662
591 693 724
21 694 422
101 694 669
469 694 331
491 694 132
693 694 995
42 695 376
52 695 520
80 695 656
82 695 895
139 695 208
371 695 287
401 695 364
406 695 306
500 695 840
621 695 324
675 695 519
46 696 406
342 696 413
432 696 766
659 697 833
681 697 907
55 698 328
104 699 560
192 699 143
483 699 204
119 701 162
154 701 597
223 701 303
229 701 299
244 701 506
333 701 433
357 701 356
371 701 362
543 701 142
639 701 335
668 701 104
456 702 361
590 702 162
620 702 910
252 703 256
550 703 588
173 704 379
278 704 114
337 704 163
427 704 308
135 705 372
290 705 441
429 705 414
530 705 439
536 705 128
492 706 392
341 707 354
546 707 142
577 707 478
50 708 792
204 708 577
258 708 304
450 708 989
104 709 374
246 709 348
445 709 917
190 710 177
549 710 347
635 710 310
31 711 283
71 711 341
77 711 294
334 711 298
362 711 141
274 712 777
419 712 609
679 712 998
492 713 638
497 713 562
604 713 299
9 714 111
126 715 502
170 715 563
269 715 716
333 715 297
354 715 663
607 715 295
632 715 579
701 715 108
278 716 224
469 716 517
492 716 104
500 716 393
706 716 385
126 717 132
289 717 689
436 717 603
528 717 165
587 717 440
649 717 867
31 718 554
77 718 748
213 718 232
214 718 307
425 718 427
436 718 558
453 718 288
491 718 547
507 718 125
658 718 286
36 719 370
103 719 751
370 719 596
503 719 316
526 719 301
629 719 704
668 719 114
689 719 478
19 720 204
64 721 428
135 721 206
246 721 163
136 722 250
283 722 829
522 722 484
40 723 507
296 723 672
450 723 251
600 723 281
717 723 304
112 724 481
430 724 168
33 725 266
96 725 807
258 725 266
12 726 668
611 726 190
317 727 684
422 727 327
463 727 349
622 727 423
652 727 687
31 728 303
53 728 243
155 728 902
317 728 157
456 728 178
513 728 321
548 728 342
595 728 606
651 728 272
665 728 568
178 729 140
192 729 271
501 729 606
57 730 206
103 730 252
688 730 539
21 731 154
642 731 935
1 732 557
668 732 612
38 733 689
732 733 189
64 734 280
190 734 790
275 734 333
430 734 168
504 734 606
623 734 505
721 734 917
456 735 242
580 735 621
581 735 904
612 735 299
13 736 460
723 737 451
387 738 354
509 738 304
542 738 301
238 739 313
278 739 538
469 739 620
716 739 378
11 740 239
469 740 388
591 740 157
625 740 769
693 740 143
694 740 715
192 741 473
219 741 563
233 741 470
338 741 328
355 741 911
397 741 474
477 741 759
574 741 145
619 741 126
631 741 514
99 742 434
387 742 425
449 742 343
452 742 570
638 742 169
210 743 403
230 743 826
390 743 433
396 743 462
512 743 269
518 743 288
546 743 543
607 743 861
628 743 956
647 743 264
673 743 687
707 743 249
23 744 562
46 744 574
64 744 314
181 744 503
289 744 197
428 744 179
430 744 319
505 744 709
548 744 250
591 744 613
673 744 770
675 744 413
679 744 927
13 745 248
205 745 311
228 745 466
481 745 521
699 745 320
705 745 489
535 746 256
18 747 933
74 747 386
159 747 428
410 747 777
584 747 536
741 747 159
325 749 949
549 749 535
338 750 498
465 750 193
588 750 385
601 750 218
610 750 555
119 751 170
449 751 513
296 752 614
723 752 169
35 753 249
116 753 446
290 753 499
405 753 112
140 754 330
380 754 324
570 754 495
6 755 508
25 756 405
203 756 662
570 756 415
754 756 525
104 757 236
114 757 763
181 757 577
245 757 437
314 757 636
420 757 516
492 757 331
510 757 817
563 757 380
551 758 402
608 758 420
135 759 115
119 760 519
123 760 192
126 760 254
173 760 157
227 760 562
241 760 160
263 760 500
319 760 596
460 760 667
525 760 529
557 760 636
602 760 646
678 760 493
224 761 578
228 761 493
745 761 450
23 762 272
349 762 625
584 762 173
744 762 176
96 763 334
262 763 398
34 764 273
53 764 314
271 764 293
297 764 107
369 764 156
460 764 626
558 764 872
19 765 956
64 765 104
265 765 171
438 765 255
451 765 414
509 765 285
44 766 313
126 766 302
152 766 209
317 766 232
319 766 110
518 766 344
642 766 120
652 766 350
89 767 254
147 767 467
563 767 696
21 768 279
608 768 459
642 768 598
731 768 112
50 769 227
422 769 876
194 770 397
46 771 441
723 771 508
378 772 281
595 772 286
198 773 278
262 773 110
548 773 303
476 774 332
541 774 355
20 775 108
84 775 171
221 775 525
372 775 393
407 775 443
179 776 327
577 776 842
14 777 246
680 777 495
13 778 134
15 778 296
68 778 141
128 778 849
146 778 678
263 778 703
289 778 395
326 778 335
366 778 251
447 778 273
449 778 543
465 778 754
471 778 515
496 778 653
505 778 492
510 778 404
530 778 320
536 778 215
583 778 808
673 778 107
681 778 470
744 778 280
58 779 391
287 779 678
463 779 243
565 779 645
727 779 848
113 780 461
156 780 125
338 780 901
428 780 392
477 780 317
741 780 319
365 781 389
436 781 116
633 781 416
313 782 407
17 783 373
53 783 606
93 783 579
188 783 174
233 783 159
391 783 254
493 783 390
499 783 291
536 783 111
728 783 566
733 783 391
741 783 185
60 785 693
313 785 228
465 785 914
479 785 363
778 785 348
205 786 844
297 786 133
393 786 625
558 786 991
764 786 543
403 787 408
478 787 779
48 788 727
265 788 997
375 788 302
539 788 645
400 790 943
515 790 337
613 790 425
323 791 753
464 791 709
66 792 505
553 792 333
16 793 524
36 793 561
100 793 860
198 793 680
356 793 224
505 793 305
548 793 106
566 793 173
612 793 252
701 793 573
773 793 356
530 794 429
705 794 583
185 795 272
574 796 150
659 796 259
681 796 110
697 796 347
507 797 580
726 797 793
64 798 134
412 798 573
438 798 296
442 798 457
691 798 435
765 798 667
243 799 290
385 799 848
535 799 480
693 799 319
720 799 910
746 799 312
15 800 896
60 800 159
313 800 100
326 800 206
330 800 741
387 800 700
578 800 445
782 800 708
10 801 283
93 801 335
126 801 248
271 801 270
450 801 447
551 801 299
583 801 387
654 801 849
758 801 300
289 802 704
479 802 123
528 802 382
131 803 268
382 803 585
587 803 296
679 803 251
274 804 326
357 804 930
419 804 669
577 804 454
701 804 338
707 804 157
712 804 498
65 805 338
118 805 551
161 805 354
305 805 116
363 805 267
371 805 865
492 805 533
679 805 549
714 805 568
783 805 473
352 806 880
425 806 202
453 806 404
3 807 129
201 807 783
258 807 701
553 807 436
112 808 824
176 808 765
593 808 402
24 809 467
227 809 747
325 809 130
468 809 661
505 809 675
575 809 348
269 810 303
289 810 267
340 810 972
387 810 365
578 810 278
700 810 502
135 811 307
429 811 516
471 811 485
721 811 113
19 812 109
137 812 739
322 812 463
720 812 403
728 812 157
765 812 361
799 812 175
201 813 367
269 813 530
350 813 629
635 813 132
807 813 346
478 815 407
500 815 278
108 816 482
565 816 451
640 816 348
300 817 165
568 818 461
646 818 355
791 819 397
284 820 836
467 820 306
540 820 374
771 820 568
775 820 310
472 821 516
32 822 259
246 822 785
481 822 367
486 822 471
662 822 105
43 823 520
59 823 184
588 823 328
101 824 445
551 824 334
607 824 724
608 824 174
731 824 360
768 824 373
271 825 406
410 825 450
660 825 446
764 825 471
484 826 881
682 826 337
734 826 112
139 827 464
244 827 106
130 828 386
146 829 356
481 829 259
230 830 413
539 830 331
284 831 396
723 831 179
771 831 518
775 831 519
820 831 671
192 832 109
222 832 646
277 832 693
340 832 864
769 832 603
775 832 304
810 832 609
83 833 602
142 833 308
281 833 519
669 833 634
105 834 465
147 834 461
563 834 462
757 834 473
767 834 178
740 835 510
816 835 333
793 836 103
834 836 749
211 837 333
472 837 500
597 837 632
821 837 261
29 838 272
151 838 276
185 838 436
698 838 448
255 839 266
565 839 354
795 839 157
816 839 727
537 840 312
579 840 597
96 841 502
204 841 564
708 841 217
53 842 261
733 842 719
783 842 437
50 843 825
54 843 361
125 843 190
169 843 125
400 843 406
410 843 750
556 843 296
745 843 557
137 844 310
182 844 234
522 844 472
605 844 523
770 844 315
805 844 324
812 844 374
96 845 346
174 845 525
368 845 460
472 846 591
600 846 467
723 846 542
67 847 575
130 847 325
206 847 167
474 847 130
486 847 325
569 847 813
686 847 838
12 848 892
78 848 336
113 848 680
182 848 399
249 848 906
356 848 379
537 848 273
840 848 401
267 849 139
311 849 331
428 849 396
508 849 826
667 849 401
744 849 483
780 849 110
70 850 323
133 850 289
514 850 551
554 850 574
592 850 473
677 850 769
44 851 722
126 851 510
264 851 876
642 851 327
650 851 261
766 851 924
845 851 253
245 852 724
500 852 115
716 852 334
757 852 269
345 853 470
422 853 127
574 853 389
769 853 290
315 854 192
399 854 282
512 854 451
682 854 500
16 855 312
137 855 281
145 855 313
238 855 401
265 855 552
620 855 136
667 855 101
668 855 806
702 855 499
751 855 177
37 856 392
128 856 464
142 856 335
178 856 293
833 856 133
494 857 169
278 858 395
292 858 509
507 858 754
670 858 286
734 858 355
69 859 170
151 859 109
358 859 150
610 859 312
665 860 154
688 860 398
35 861 391
338 861 365
420 861 725
695 861 605
717 861 960
778 861 583
799 861 123
82 862 118
161 862 112
238 862 511
248 862 464
278 862 111
290 862 446
621 862 385
799 862 322
7 863 106
26 863 308
73 863 307
480 863 308
511 863 302
760 863 645
220 864 813
296 864 308
409 864 115
450 864 741
551 864 124
579 864 147
685 864 233
758 864 316
606 865 246
843 865 522
50 866 152
204 866 461
708 866 568
841 866 110
75 867 439
218 867 882
221 867 264
222 867 453
332 867 168
388 867 395
407 867 359
581 867 135
591 867 653
638 867 255
775 867 296
13 868 133
67 868 471
92 868 144
166 868 473
241 868 481
243 868 326
289 868 634
339 868 362
358 868 679
496 868 301
510 868 313
734 868 339
778 868 839
799 868 128
859 868 183
134 869 352
140 869 463
234 869 100
498 869 344
515 869 646
545 869 312
584 869 536
71 870 301
86 870 259
342 870 127
344 870 451
407 870 380
482 870 402
711 870 248
863 870 445
1 871 445
38 871 445
371 871 608
732 871 370
733 871 263
783 871 112
789 871 310
235 872 133
238 872 946
278 872 306
322 872 676
427 872 543
582 872 450
704 872 272
739 872 738
68 873 374
113 873 102
156 873 287
217 873 410
230 873 309
602 873 396
267 874 635
325 874 201
333 874 512
576 874 323
668 874 315
683 874 642
715 874 500
164 875 485
166 875 988
470 875 104
563 875 109
50 876 218
300 876 627
769 876 590
866 876 271
160 877 404
246 877 284
28 878 154
300 878 531
638 878 360
742 878 832
867 878 612
351 879 349
504 879 738
387 880 586
542 880 919
738 880 716
701 881 468
793 881 258
804 881 136
54 882 269
55 882 220
181 882 284
192 882 518
495 882 348
501 882 151
615 882 488
13 883 886
14 883 481
100 883 255
736 883 496
745 883 360
777 883 117
778 883 156
793 883 408
16 884 744
507 884 317
500 885 610
815 885 945
144 886 844
192 886 458
304 886 897
451 886 826
498 886 246
584 886 573
36 887 258
179 887 109
262 887 459
605 887 814
776 887 469
784 887 608
812 887 257
817 887 278
844 887 231
67 888 293
106 888 354
107 888 347
162 888 336
182 888 134
612 888 446
16 889 870
104 889 984
293 889 311
323 889 326
464 889 428
649 889 969
791 889 427
819 889 305
603 890 429
193 891 168
328 891 663
354 891 664
458 891 125
849 891 448
433 892 370
63 893 142
188 893 140
213 893 755
352 893 493
449 893 494
494 893 655
718 893 409
805 893 606
841 893 875
857 893 891
67 894 550
130 894 409
847 894 417
166 895 461
320 895 494
339 895 234
609 895 453
700 895 317
787 895 317
810 895 337
241 896 389
54 897 578
120 897 146
141 897 307
166 897 589
338 897 340
436 897 366
440 897 115
441 897 196
451 897 187
500 897 527
505 897 693
520 897 331
532 897 425
536 897 107
630 897 104
672 897 107
695 897 188
861 897 753
882 897 262
208 898 567
547 898 273
595 898 695
895 898 470
256 899 384
464 899 718
358 900 286
496 900 378
602 900 936
799 900 330
861 900 451
868 900 304
119 901 387
145 901 320
164 901 344
418 901 494
475 901 907
824 901 190
182 902 925
190 902 500
395 902 754
635 902 336
642 902 365
106 903 111
179 903 687
289 903 287
306 903 588
387 903 552
477 903 251
510 903 430
582 903 611
651 903 378
728 903 356
757 903 710
810 903 498
861 903 388
868 903 385
900 903 358
105 904 653
241 904 712
826 904 110
834 904 482
119 905 308
240 905 625
253 905 590
386 905 162
434 905 104
605 905 904
649 905 767
730 905 305
784 905 225
791 905 193
819 905 769
263 906 144
265 906 429
268 906 345
302 906 143
316 906 272
404 906 847
602 906 549
694 906 392
52 907 928
53 907 112
99 907 495
516 907 911
228 908 549
313 908 370
596 908 781
44 909 112
317 909 184
463 909 262
727 909 731
324 910 456
120 911 638
319 911 241
403 911 125
421 911 729
533 911 455
535 911 926
564 911 465
770 911 243
55 912 212
146 912 881
495 912 403
515 912 637
536 912 409
613 912 272
789 912 266
790 912 179
871 912 531
23 913 965
199 913 236
349 913 187
390 913 264
396 913 804
602 913 284
762 913 498
900 913 940
193 914 692
373 914 281
382 914 416
432 914 737
891 914 131
6 915 309
158 915 728
355 915 240
481 915 667
755 915 457
21 916 138
289 916 352
322 916 158
492 916 516
531 916 280
535 916 347
571 916 266
593 916 156
716 916 397
757 916 110
868 916 136
171 917 512
190 917 510
355 917 604
382 917 101
481 917 263
635 917 495
683 917 395
88 918 637
155 918 619
586 918 148
766 918 346
158 919 136
327 919 109
437 919 261
570 919 921
712 919 724
331 920 464
488 920 324
701 920 597
809 920 224
231 921 855
508 921 602
626 921 449
849 921 625
353 922 635
770 922 551
844 922 330
679 923 379
805 923 467
67 924 174
128 924 126
187 924 383
313 924 881
389 924 130
880 924 434
908 924 349
11 925 368
693 925 603
699 925 113
745 925 732
456 926 522
581 926 286
612 926 535
723 926 235
735 926 122
793 926 438
888 926 618
16 927 252
170 927 396
238 927 320
265 927 243
470 927 424
667 927 292
849 927 290
855 927 325
875 927 438
21 928 348
101 928 647
108 928 444
255 928 820
79 929 476
89 929 290
397 929 488
449 929 515
619 929 312
893 929 112
25 930 814
51 930 205
293 930 496
323 930 308
550 931 144
554 931 163
36 932 406
172 932 408
205 932 487
310 932 100
313 932 748
511 932 112
558 932 357
650 932 347
805 932 393
843 932 392
865 932 421
893 932 575
194 933 332
299 933 482
342 933 458
344 933 528
843 933 250
121 934 280
131 934 104
246 934 403
345 934 394
423 934 330
427 934 444
557 934 124
704 934 134
864 934 511
897 934 736
83 935 103
67 936 516
139 936 373
434 936 239
479 936 224
528 936 670
719 936 191
802 936 634
12 937 478
607 937 823
8 938 738
326 938 270
540 938 258
684 938 586
94 939 262
149 939 222
247 939 570
307 939 137
503 939 295
509 939 762
675 939 382
917 939 637
425 940 103
453 940 183
590 940 340
112 941 282
305 941 662
379 941 273
400 941 389
430 941 293
515 941 560
526 941 483
714 941 107
143 942 112
834 942 105
84 943 675
148 943 368
407 943 120
590 943 220
775 943 283
867 943 307
21 944 559
56 944 372
230 944 331
235 944 182
331 944 543
526 944 436
756 945 203
792 945 949
136 946 436
782 946 428
5 947 109
67 947 420
183 947 307
187 947 451
230 947 345
416 947 812
439 947 578
450 947 388
514 947 193
692 947 415
699 947 244
864 947 677
147 948 237
426 948 112
520 948 981
96 949 391
126 949 564
368 949 150
845 949 112
851 949 334
76 950 129
98 950 772
145 950 246
264 950 595
336 950 252
350 950 930
446 950 520
494 950 501
649 950 814
763 950 332
19 951 142
31 951 290
192 951 681
226 951 937
322 951 953
381 951 826
382 951 267
412 951 295
599 951 289
715 951 342
720 951 124
812 951 100
901 951 146
917 951 264
67 952 503
137 952 414
894 952 437
205 953 294
495 953 139
841 953 947
893 953 347
565 954 519
740 954 256
816 954 309
835 954 172
99 955 358
313 955 266
563 955 358
578 955 119
638 955 107
695 955 685
742 955 264
744 955 194
834 955 356
861 955 275
867 955 311
875 955 561
907 955 289
932 955 271
944 955 385
341 956 541
595 956 423
895 956 120
898 956 614
230 957 311
408 957 321
539 957 120
624 957 702
686 957 386
830 957 557
1 958 553
44 958 645
322 958 839
363 958 108
371 958 375
603 958 845
756 958 244
783 958 734
805 958 576
842 958 351
890 958 144
234 959 280
604 960 379
713 960 319
53 961 279
67 961 145
99 961 251
137 961 472
534 961 495
657 961 350
728 961 799
791 961 395
819 961 757
844 961 881
952 961 270
9 962 765
47 962 252
118 962 115
128 962 614
408 962 381
714 962 922
805 962 366
856 962 130
941 962 220
465 963 308
479 963 586
778 963 778
785 963 834
69 964 956
652 964 114
693 964 253
112 965 502
436 965 294
481 965 378
557 965 331
655 965 137
934 965 445
83 966 475
215 966 117
275 966 700
484 966 909
547 966 357
826 966 474
137 967 641
145 967 346
522 967 503
89 968 361
539 968 834
830 968 857
949 968 902
185 969 689
255 969 505
656 969 338
400 970 209
695 970 181
755 970 480
832 970 520
848 970 440
915 970 261
495 971 384
644 971 872
661 971 671
305 972 405
430 972 446
941 972 336
668 973 124
701 973 138
855 973 706
874 973 274
744 974 487
779 974 102
338 975 126
394 975 122
525 975 259
643 976 203
27 977 484
251 977 849
348 977 243
380 977 708
385 977 411
754 977 688
799 977 452
89 978 276
103 978 281
126 978 372
294 978 471
320 978 269
330 978 274
443 978 590
444 978 471
537 978 160
562 978 275
570 978 259
579 978 332
672 978 325
688 978 318
702 978 136
746 978 386
799 978 151
840 978 143
863 978 103
864 978 574
136 979 527
313 979 239
782 979 656
800 979 584
946 979 314
92 980 965
327 980 118
346 980 422
866 980 469
868 980 285
81 981 246
253 981 336
261 981 242
304 981 218
319 981 308
584 981 691
602 981 334
756 981 116
760 981 505
886 981 507
945 981 637
266 982 395
338 982 325
920 982 847
974 983 135
264 984 128
336 984 344
120 985 247
292 985 345
670 985 501
672 985 239
978 985 107
68 986 122
88 986 320
253 986 365
263 986 612
316 986 346
417 986 343
513 986 414
559 986 408
728 986 691
12 987 311
124 987 153
607 987 996
719 987 155
937 987 476
126 988 373
510 988 480
654 988 329
801 988 353
244 989 752
464 989 401
649 989 661
827 989 416
889 989 323
62 990 528
63 990 156
329 990 282
358 990 179
31 991 400
519 991 347
728 991 483
663 992 200
33 993 561
258 993 774
832 993 171
893 993 904
675 994 925
939 994 702
36 995 425
207 995 304
231 995 244
286 995 246
357 995 407
370 995 894
439 995 396
567 995 670
687 995 889
741 995 111
766 995 583
816 995 550
916 995 643
954 995 376
315 996 328
495 996 378
594 996 467
630 996 129
682 996 556
854 996 409
897 996 127
62 997 376
226 997 172
374 997 980
639 997 239
388 998 273
643 998 346
867 998 250
976 998 367
69 999 509
151 999 154
358 999 114
610 999 106
750 999 801
859 999 859
602 1000 729
900 1000 535
193 1001 394
96 1002 346
186 1002 319
193 1002 188
411 1002 956
570 1002 538
648 1002 697
914 1002 343
1001 1002 423
117 1003 382
185 1003 531
102 1004 265
311 1004 187
437 1004 494
448 1004 334
740 1004 279
229 1006 358
313 1006 347
620 1006 598
110 1007 118
302 1007 157
381 1007 101
677 1007 139
714 1007 400
726 1007 163
761 1007 134
168 1008 534
185 1008 727
795 1008 732
939 1008 243
78 1009 419
166 1009 580
171 1009 599
239 1009 384
446 1009 166
566 1009 626
668 1009 919
892 1009 627
960 1009 507
193 1010 134
373 1010 975
432 1010 376
442 1010 610
547 1010 186
798 1010 513
895 1010 136
914 1010 731
267 1011 342
333 1011 314
443 1011 464
450 1011 427
667 1011 352
801 1011 293
849 1011 322
891 1011 430
947 1011 450
126 1012 431
186 1012 435
1002 1012 699
291 1013 148
305 1013 347
540 1013 290
80 1014 967
139 1014 303
640 1014 369
695 1014 871
16 1015 258
430 1015 629
495 1015 342
598 1015 930
229 1016 719
313 1016 256
701 1016 923
924 1016 202
1006 1016 409
167 1017 729
234 1017 516
869 1017 566
970 1017 110
13 1018 758
71 1018 620
870 1018 336
843 1019 345
865 1019 114
761 1020 548
1007 1020 769
304 1021 128
606 1021 105
683 1021 330
800 1021 162
360 1022 424
374 1022 525
639 1022 462
796 1022 410
997 1022 599
357 1023 475
741 1023 345
804 1023 102
995 1023 532
81 1024 256
150 1024 459
184 1024 943
308 1024 375
981 1024 748
79 1025 448
394 1025 242
563 1025 406
572 1025 115
647 1025 325
681 1025 486
833 1025 438
992 1025 229
61 1026 376
360 1026 420
457 1026 393
56 1027 565
526 1027 109
545 1027 109
944 1027 103
955 1027 344
53 1028 136
227 1028 473
436 1028 252
657 1028 470
723 1028 833
728 1028 700
752 1028 123
809 1028 160
824 1028 267
851 1029 701
16 1030 331
128 1030 147
378 1030 520
772 1030 485
855 1030 661
268 1031 132
355 1031 102
382 1031 785
560 1031 512
574 1031 377
659 1031 143
734 1031 735
741 1031 294
747 1031 417
915 1031 393
129 1032 282
427 1032 729
1006 1032 387
195 1033 735
387 1033 147
784 1033 590
802 1033 199
817 1033 363
887 1033 544
905 1033 291
229 1034 284
279 1034 552
311 1034 523
508 1034 549
701 1034 316
1016 1034 657
490 1035 101
602 1035 834
593 1036 418
808 1036 381
129 1037 447
550 1037 429
620 1037 909
702 1037 111
703 1037 186
769 1037 238
832 1037 303
853 1037 572
1006 1037 299
1016 1037 358
1032 1037 614
38 1038 286
635 1038 267
158 1039 975
274 1039 119
327 1039 246
712 1039 534
804 1039 647
919 1039 306
624 1040 287
686 1040 337
400 1041 326
843 1041 873
933 1041 419
170 1042 594
312 1042 431
481 1042 176
16 1043 305
458 1043 393
589 1043 424
590 1043 353
597 1043 514
648 1043 438
926 1043 273
31 1044 788
510 1044 121
348 1045 951
407 1045 489
509 1045 116
528 1045 592
542 1045 455
685 1045 284
738 1045 218
903 1045 377
907 1045 608
3 1046 500
615 1046 145
807 1046 491
882 1046 640
2 1047 360
53 1047 773
128 1047 650
350 1047 547
422 1047 158
447 1047 372
449 1047 537
473 1047 360
549 1047 279
696 1047 303
769 1047 544
778 1047 847
876 1047 866
961 1047 300
1037 1047 322
413 1048 391
427 1048 265
568 1048 637
622 1048 301
38 1049 496
190 1049 292
201 1049 525
635 1049 242
733 1049 411
813 1049 360
1038 1049 352
338 1050 109
394 1050 480
975 1050 341
241 1051 331
760 1051 540
946 1051 472
103 1052 166
663 1052 535
730 1052 579
978 1052 262
985 1052 855
115 1053 757
178 1053 278
291 1053 137
540 1053 384
679 1053 859
1013 1053 161
44 1054 532
317 1054 136
728 1054 521
178 1055 303
41 1056 120
649 1056 574
121 1057 637
155 1057 603
269 1057 877
607 1057 804
824 1057 126
934 1057 224
965 1057 368
16 1058 497
158 1058 600
311 1058 136
437 1058 358
868 1058 379
897 1058 399
1004 1058 246
1034 1058 243
35 1059 111
290 1059 276
861 1059 280
955 1059 180
104 1060 759
757 1060 633
903 1060 304
78 1061 647
338 1061 645
465 1061 493
484 1061 374
572 1061 785
601 1061 148
750 1061 534
785 1061 238
826 1061 586
1050 1061 338
198 1062 256
773 1062 865
7 1063 351
142 1063 828
255 1063 454
325 1063 676
347 1063 104
351 1063 234
361 1063 972
387 1063 610
480 1063 312
533 1063 273
618 1063 193
626 1063 616
649 1063 103
717 1063 169
879 1063 363
664 1064 402
667 1064 839
927 1064 124
182 1065 339
805 1065 325
844 1065 613
88 1066 343
316 1066 100
918 1066 990
160 1067 314
246 1067 114
877 1067 296
16 1068 331
464 1068 121
889 1068 694
899 1068 283
914 1068 562
1010 1068 374
103 1069 372
354 1069 463
406 1069 382
562 1069 714
665 1069 798
688 1069 692
730 1069 912
784 1069 270
860 1069 167
905 1069 928
319 1070 803
770 1070 239
911 1070 116
981 1070 238
243 1071 334
295 1071 278
314 1071 519
385 1071 302
445 1071 398
524 1071 456
55 1072 309
112 1072 455
158 1072 563
183 1072 555
234 1072 164
393 1072 265
430 1072 345
447 1072 335
507 1072 145
676 1072 708
808 1072 634
810 1072 416
832 1072 274
869 1072 143
970 1072 865
1017 1072 650
504 1073 665
535 1073 758
564 1073 293
569 1073 352
623 1073 606
650 1073 746
879 1073 217
974 1073 413
983 1073 294
253 1074 658
564 1074 314
1028 1074 252
1073 1074 100
590 1075 111
620 1075 104
702 1075 571
978 1075 576
1043 1075 220
557 1076 526
760 1076 644
965 1076 709
422 1077 344
436 1077 110
519 1077 276
611 1077 504
726 1077 184
745 1077 473
797 1077 782
91 1078 430
280 1078 107
326 1078 488
341 1078 347
393 1078 504
460 1078 246
392 1079 590
402 1079 502
458 1079 384
514 1079 413
547 1079 546
568 1079 105
597 1079 675
818 1079 955
847 1079 290
891 1079 923
972 1079 312
54 1080 245
237 1080 286
364 1080 258
452 1080 379
592 1080 189
742 1080 547
379 1081 587
380 1081 619
480 1081 444
941 1081 436
46 1082 750
589 1082 740
673 1082 301
723 1082 434
771 1082 466
83 1083 341
158 1084 296
532 1084 580
1072 1084 259
334 1085 494
363 1085 356
758 1085 303
970 1085 412
232 1086 444
284 1086 360
403 1086 127
535 1086 150
547 1086 144
147 1087 842
922 1087 421
948 1087 148
104 1088 405
197 1088 286
882 1088 596
116 1089 480
143 1089 414
181 1089 299
257 1089 112
403 1089 453
606 1089 938
615 1089 366
665 1089 365
675 1089 497
679 1089 568
744 1089 848
753 1089 318
865 1089 418
923 1089 258
932 1089 270
939 1089 537
133 1090 329
162 1090 929
231 1090 162
255 1090 379
441 1090 434
494 1090 522
600 1090 721
1063 1090 401
180 1091 677
309 1091 287
327 1091 896
336 1091 288
377 1091 739
405 1091 459
570 1091 113
793 1091 263
919 1091 885
1026 1091 238
497 1092 546
563 1093 269
665 1093 390
828 1093 190
875 1093 360
941 1094 498
972 1094 904
266 1095 425
469 1095 333
694 1095 260
716 1095 901
540 1096 284
938 1096 821
1085 1096 423
67 1097 755
171 1097 795
309 1097 150
319 1097 429
518 1097 737
584 1097 129
673 1097 779
741 1097 346
747 1097 287
766 1097 104
851 1097 405
886 1097 157
951 1097 264
33 1098 358
96 1098 455
174 1098 171
725 1098 380
841 1098 293
953 1098 718
533 1099 348
564 1099 887
770 1099 152
911 1099 324
1073 1099 547
199 1100 899
519 1100 269
578 1100 336
913 1100 129
1077 1100 275
161 1101 431
248 1101 613
621 1101 577
629 1101 419
689 1101 614
815 1101 322
862 1101 963
885 1101 320
199 1102 208
299 1102 528
505 1102 467
536 1102 107
717 1102 938
744 1102 106
762 1102 294
913 1102 716
933 1102 270
127 1103 355
458 1103 137
1024 1103 469
1043 1103 815
36 1104 634
285 1104 311
56 1105 720
92 1105 803
205 1105 698
627 1105 531
953 1105 350
1029 1105 333
302 1106 354
472 1106 663
941 1106 566
237 1107 262
364 1107 293
452 1107 422
592 1107 413
1080 1107 303
45 1108 356
379 1108 178
480 1108 410
863 1108 427
1081 1108 298
99 1109 252
224 1109 135
246 1109 393
348 1109 530
516 1109 860
603 1109 380
685 1109 621
807 1109 280
907 1109 517
1045 1109 228
1088 1109 435
289 1110 468
603 1110 268
636 1110 471
958 1110 242
434 1111 353
595 1111 509
905 1111 229
936 1111 136
956 1111 801
36 1112 128
238 1112 534
412 1112 693
439 1112 340
458 1112 976
510 1112 337
572 1112 372
636 1112 409
691 1112 632
798 1112 595
805 1112 350
868 1112 193
891 1112 174
912 1112 282
947 1112 458
1104 1112 568
92 1113 427
132 1113 535
648 1113 114
695 1113 100
203 1114 634
305 1114 171
456 1114 137
679 1114 134
955 1114 345
29 1115 394
54 1115 269
119 1115 329
175 1115 473
185 1115 419
191 1115 402
259 1115 747
289 1115 696
376 1115 773
439 1115 885
795 1115 142
947 1115 395
993 1115 134
164 1116 116
166 1116 382
875 1116 470
901 1116 535
978 1116 489
264 1117 112
379 1117 368
650 1117 454
718 1117 526
779 1117 269
893 1117 103
974 1117 257
984 1117 265
1081 1117 606
1110 1117 611
246 1118 393
363 1118 363
540 1118 403
575 1118 349
709 1118 140
1085 1118 336
1096 1118 594
253 1119 402
263 1119 291
371 1119 170
113 1120 321
168 1120 163
505 1120 635
795 1120 200
1008 1120 124
11 1121 119
228 1121 695
483 1121 281
699 1121 369
745 1121 280
925 1121 121
947 1121 999
1077 1121 247
276 1122 567
319 1122 413
505 1122 455
623 1122 306
663 1122 407
665 1122 146
734 1122 395
992 1122 683
1025 1122 728
9 1123 271
47 1123 254
110 1123 499
139 1123 217
224 1123 157
225 1123 777
235 1123 994
308 1123 252
326 1123 540
338 1123 341
436 1123 356
592 1123 414
595 1123 231
656 1123 259
677 1123 432
781 1123 294
944 1123 127
1007 1123 477
83 1124 350
102 1124 495
315 1124 480
549 1124 498
594 1124 468
935 1124 103
939 1124 117
996 1124 397
1083 1124 561
256 1125 483
263 1125 431
1119 1125 568
135 1126 666
429 1126 667
600 1126 267
846 1126 170
8 1127 139
66 1127 103
188 1127 165
313 1127 397
449 1127 195
540 1127 171
199 1128 102
519 1128 316
611 1128 272
745 1128 108
991 1128 173
1077 1128 899
1100 1128 124
159 1129 219
196 1129 149
281 1129 373
410 1129 130
414 1129 363
581 1129 959
684 1129 836
843 1129 538
865 1129 369
55 1130 269
158 1130 143
178 1130 287
83 1131 444
275 1131 283
518 1131 351
614 1131 586
669 1131 110
826 1131 277
966 1131 752
1124 1131 397
422 1132 519
574 1132 986
659 1132 409
853 1132 626
1031 1132 648
46 1133 590
83 1133 247
127 1133 771
529 1133 228
553 1133 225
717 1133 301
723 1133 391
752 1133 821
792 1133 257
945 1133 508
981 1133 315
1083 1133 401
102 1134 700
125 1134 870
127 1134 650
448 1134 503
458 1134 589
472 1134 234
740 1134 471
821 1134 900
948 1134 468
1004 1134 484
1058 1134 780
1087 1134 143
1103 1134 833
355 1135 305
481 1135 151
755 1135 866
915 1135 377
965 1135 519
419 1136 782
1079 1136 596
492 1137 706
805 1137 359
958 1137 478
376 1138 330
580 1138 513
735 1138 875
926 1138 135
127 1139 139
259 1139 364
321 1139 827
460 1139 111
502 1139 193
1103 1139 506
70 1140 687
133 1140 615
324 1140 132
514 1140 263
656 1140 424
665 1140 288
677 1140 143
850 1140 143
910 1140 110
120 1141 175
176 1141 763
348 1141 483
371 1141 920
463 1141 978
581 1141 749
652 1141 512
891 1141 139
977 1141 572
1045 1141 375
20 1142 640
775 1142 118
832 1142 249
943 1142 443
993 1142 734
186 1143 108
436 1143 996
587 1143 473
674 1143 270
717 1143 130
803 1143 534
861 1143 522
1002 1143 770
68 1144 213
230 1144 504
873 1144 382
90 1145 350
550 1145 528
931 1145 265
946 1145 142
612 1146 116
665 1146 192
723 1146 587
728 1146 233
752 1146 353
843 1146 593
902 1146 597
926 1146 875
1019 1146 120
1043 1146 550
420 1147 345
693 1147 693
740 1147 613
964 1147 333
243 1148 397
580 1148 374
604 1148 351
713 1148 234
440 1149 590
525 1149 395
541 1149 421
624 1149 380
719 1149 354
939 1149 321
994 1149 401
1038 1149 348
1040 1149 440
1049 1149 133
285 1150 112
402 1150 584
471 1150 453
778 1150 367
935 1150 320
1079 1150 339
1124 1150 923
182 1151 455
793 1151 486
834 1151 160
836 1151 404
46 1152 172
439 1152 287
673 1152 300
756 1152 434
778 1152 147
814 1152 383
73 1153 179
458 1153 619
566 1153 477
793 1153 640
863 1153 226
1009 1153 411
63 1154 888
329 1154 560
334 1154 625
337 1154 130
363 1154 336
704 1154 576
967 1154 523
1133 1154 697
16 1155 106
378 1155 658
495 1155 762
686 1155 330
912 1155 106
1009 1155 149
1030 1155 412
1112 1155 138
49 1156 361
214 1156 192
289 1156 642
485 1156 312
643 1156 603
105 1157 654
432 1157 101
484 1157 467
826 1157 108
904 1157 315
966 1157 465
18 1158 289
253 1158 164
437 1158 661
559 1158 653
580 1158 288
604 1158 412
609 1158 466
747 1158 457
895 1158 508
1074 1158 380
1138 1158 736
1148 1158 234
11 1159 499
125 1159 394
447 1159 416
925 1159 234
387 1160 165
548 1160 582
1079 1160 355
1136 1160 365
460 1161 372
1139 1161 129
139 1162 792
178 1162 393
319 1162 700
339 1162 121
442 1162 326
787 1162 334
895 1162 314
897 1162 512
1010 1162 113
1055 1162 947
1160 1162 100
27 1163 736
125 1163 337
251 1163 533
376 1163 265
565 1163 681
754 1163 397
799 1163 646
977 1163 468
978 1163 754
1141 1163 491
85 1164 280
342 1164 276
578 1164 395
870 1164 803
11 1165 223
170 1165 419
312 1165 816
481 1165 958
502 1165 516
693 1165 474
1042 1165 412
1135 1165 895
1139 1165 332
229 1166 377
415 1166 151
216 1167 139
241 1167 133
717 1167 612
800 1167 290
896 1167 359
32 1168 515
60 1168 287
64 1168 292
124 1168 117
372 1168 597
414 1168 438
492 1168 405
581 1168 339
649 1168 494
706 1168 356
568 1169 342
664 1169 552
927 1169 469
1064 1169 285
60 1170 726
214 1170 342
216 1170 934
643 1170 981
698 1170 239
838 1170 669
893 1170 880
905 1170 384
976 1170 733
1040 1170 653
109 1171 288
126 1171 194
230 1171 954
315 1171 480
416 1171 596
497 1171 441
585 1171 268
604 1171 135
713 1171 285
947 1171 500
1012 1171 194
1092 1171 361
139 1172 458
157 1172 380
167 1172 110
555 1172 355
936 1172 330
393 1173 698
407 1173 102
558 1173 606
646 1173 368
786 1173 151
974 1173 246
1078 1173 465
1117 1173 272
253 1174 766
259 1174 375
403 1174 296
1158 1174 363
14 1175 502
79 1175 478
154 1175 329
163 1175 403
256 1175 673
334 1175 331
337 1175 142
543 1175 120
777 1175 575
901 1175 247
967 1175 542
976 1175 496
998 1175 395
1154 1175 106
25 1176 110
570 1176 369
756 1176 169
958 1176 438
320 1177 112
468 1177 933
578 1177 318
719 1177 417
81 1178 376
496 1178 524
900 1178 542
1024 1178 269
89 1179 108
851 1179 470
949 1179 118
968 1179 478
70 1180 896
548 1180 418
627 1180 387
665 1180 332
895 1180 118
1105 1180 175
9 1181 480
743 1181 339
757 1181 606
903 1181 325
100 1182 359
356 1182 511
418 1182 609
497 1182 987
537 1182 282
606 1182 602
108 1183 490
246 1183 535
445 1183 127
524 1183 206
709 1183 262
40 1184 395
52 1184 343
67 1184 324
96 1184 557
157 1184 167
166 1184 708
321 1184 357
350 1184 397
715 1184 722
723 1184 585
868 1184 118
897 1184 486
1097 1184 407
1115 1184 274
1139 1184 271
1161 1184 344
1172 1184 739
391 1185 237
787 1185 904
89 1186 212
234 1186 552
767 1186 120
834 1186 199
1017 1186 102
292 1187 492
507 1187 371
726 1187 249
734 1187 304
797 1187 429
858 1187 360
884 1187 558
131 1188 646
275 1188 481
338 1188 606
417 1188 355
441 1188 248
587 1188 152
652 1188 324
934 1188 286
966 1188 465
986 1188 671
1122 1188 353
124 1189 673
179 1189 950
577 1189 493
776 1189 818
804 1189 178
19 1190 654
765 1190 258
12 1191 259
714 1191 865
726 1191 273
962 1191 517
1007 1191 694
313 1192 991
785 1192 343
924 1192 761
420 1193 267
442 1193 662
798 1193 984
96 1194 523
162 1194 355
262 1194 894
763 1194 397
950 1194 529
161 1195 534
203 1195 957
305 1195 307
941 1195 258
1114 1195 501
158 1196 285
437 1196 451
1158 1196 603
82 1197 383
157 1197 139
190 1197 104
451 1197 114
621 1197 108
710 1197 389
1172 1197 542
95 1198 419
139 1198 838
244 1198 425
365 1198 303
371 1198 275
701 1198 239
793 1198 536
827 1198 332
836 1198 927
36 1199 846
55 1199 664
67 1199 356
241 1199 429
360 1199 131
361 1199 595
525 1199 573
578 1199 290
602 1199 326
719 1199 732
760 1199 465
802 1199 699
895 1199 383
900 1199 334
936 1199 460
1177 1199 430
32 1200 796
461 1200 327
665 1200 273
700 1200 471
895 1200 356
1105 1200 219
1180 1200 920
171 1201 349
481 1201 274
1009 1201 115
287 1202 276
717 1202 347
719 1202 189
779 1202 362
371 1203 253
695 1203 418
897 1203 316
631 1204 407
26 1205 508
255 1205 677
586 1205 712
656 1205 283
969 1205 664
1063 1205 271
189 1206 556
491 1206 482
694 1206 480
740 1206 214
24 1207 459
90 1207 134
191 1207 502
335 1207 397
550 1207 498
675 1207 244
755 1207 431
861 1207 390
1160 1207 282
43 1208 509
60 1208 323
232 1208 638
270 1208 367
279 1208 118
288 1208 185
297 1208 238
311 1208 446
369 1208 502
477 1208 274
478 1208 583
509 1208 859
592 1208 264
764 1208 673
775 1208 277
795 1208 433
823 1208 326
1008 1208 237
78 1209 309
118 1209 251
151 1209 948
223 1209 367
243 1209 696
378 1209 747
408 1209 596
416 1209 136
437 1209 385
595 1209 392
597 1209 325
639 1209 188
772 1209 208
868 1209 183
897 1209 992
1022 1209 459
1058 1209 300
1088 1209 450
1118 1209 686
192 1210 358
322 1210 795
412 1210 318
798 1210 128
832 1210 127
951 1210 365
1097 1210 306
171 1211 295
577 1211 484
917 1211 643
179 1212 196
306 1212 237
542 1212 253
887 1212 263
903 1212 106
1045 1212 379
261 1213 818
335 1213 162
387 1213 272
548 1213 472
573 1213 411
1136 1213 897
1160 1213 424
1207 1213 357
55 1214 650
241 1214 928
289 1214 293
425 1214 452
451 1214 792
505 1214 461
506 1214 288
637 1214 232
778 1214 644
1115 1214 317
1152 1214 682
1177 1214 813
1199 1214 449
66 1215 281
209 1215 437
657 1215 227
819 1215 417
961 1215 274
1028 1215 896
9 1216 307
47 1216 107
138 1216 243
162 1216 188
231 1216 287
444 1216 373
743 1216 606
757 1216 303
962 1216 360
1181 1216 531
41 1217 174
361 1217 670
525 1217 326
532 1217 323
568 1217 717
646 1217 836
818 1217 248
897 1217 295
975 1217 287
1050 1217 293
1173 1217 629
79 1218 762
449 1218 438
929 1218 180
1025 1218 272
1154 1218 622
1175 1218 920
199 1219 379
622 1219 957
913 1219 125
942 1219 556
264 1220 783
420 1220 386
964 1220 128
984 1220 654
1147 1220 602
121 1221 405
314 1221 234
420 1221 344
757 1221 273
861 1221 140
934 1221 669
66 1222 121
328 1222 536
500 1222 779
528 1223 289
802 1223 554
1033 1223 551
87 1224 787
530 1224 676
794 1224 633
139 1225 120
225 1225 852
244 1225 963
430 1225 500
724 1225 304
1136 1225 105
1160 1225 775
1162 1225 376
42 1226 649
85 1226 365
99 1226 339
695 1226 353
1164 1226 438
120 1227 495
532 1227 175
871 1227 714
882 1227 117
1084 1227 475
1088 1227 344
134 1228 371
240 1228 133
389 1228 225
400 1228 332
515 1228 230
869 1228 637
924 1228 324
1116 1228 534
130 1229 792
224 1229 455
232 1229 370
828 1229 577
847 1229 393
1093 1229 931
91 1230 129
205 1230 605
217 1230 259
231 1230 417
234 1230 250
341 1230 797
606 1230 639
650 1230 234
675 1230 199
1090 1230 389
1186 1230 942
162 1231 308
401 1231 434
763 1231 438
1194 1231 784
67 1232 237
106 1232 401
107 1232 733
612 1232 571
684 1232 277
888 1232 271
365 1233 227
432 1233 152
549 1233 865
581 1233 186
589 1233 752
696 1233 314
781 1233 112
1002 1233 287
1047 1233 723
1082 1233 314
1108 1233 310
1145 1233 485
52 1234 446
148 1234 563
613 1234 318
773 1234 599
1062 1234 582
72 1235 895
640 1235 128
816 1235 312
30 1236 138
39 1236 997
95 1236 228
200 1236 425
365 1236 413
468 1236 637
479 1236 497
517 1236 660
581 1236 144
593 1236 909
649 1236 331
781 1236 140
801 1236 891
905 1236 266
910 1236 207
936 1236 505
988 1236 286
24 1237 687
99 1237 961
694 1237 307
906 1237 491
1101 1237 103
1204 1237 655
1226 1237 414
55 1238 715
190 1238 107
219 1238 954
250 1238 622
422 1238 359
576 1238 115
631 1238 325
683 1238 412
727 1238 257
909 1238 797
917 1238 123
1077 1238 280
222 1239 379
277 1239 361
631 1239 489
1204 1239 378
1238 1239 363
325 1240 136
333 1240 313
749 1240 358
809 1240 404
48 1241 388
67 1241 111
126 1241 328
353 1241 324
400 1241 327
500 1241 130
86 1242 537
139 1242 406
480 1242 150
482 1242 178
863 1242 567
870 1242 291
294 1243 139
289 1244 295
371 1244 738
636 1244 337
46 1245 856
87 1245 336
93 1245 194
192 1245 326
342 1245 529
435 1245 723
466 1245 542
696 1245 959
740 1245 419
794 1245 509
826 1245 342
870 1245 300
962 1245 647
966 1245 423
1224 1245 108
1230 1245 112
1088 1246 119
1109 1246 375
1209 1246 621
1227 1246 743
36 1247 278
371 1247 135
460 1247 548
46 1248 233
163 1248 404
256 1248 337
263 1248 303
555 1248 317
597 1248 561
899 1248 427
995 1248 358
1068 1248 330
1125 1248 215
331 1249 382
488 1249 754
497 1249 160
509 1249 717
1092 1249 230
37 1250 556
74 1250 293
142 1250 294
159 1250 397
452 1250 131
52 1251 376
96 1251 478
613 1251 101
1234 1251 368
314 1252 495
664 1252 963
757 1252 624
1169 1252 396
224 1253 978
228 1253 335
761 1253 722
1020 1253 433
1109 1253 371
1123 1253 605
1229 1253 535
422 1254 307
510 1254 279
583 1254 390
778 1254 263
801 1254 413
853 1254 301
22 1255 304
45 1255 289
1108 1255 754
1233 1255 584
79 1256 102
123 1256 233
173 1256 251
281 1256 220
375 1256 229
414 1256 448
427 1256 238
669 1256 809
681 1256 450
833 1256 638
856 1256 796
1025 1256 996
503 1257 643
164 1258 298
240 1258 416
386 1258 287
451 1258 242
869 1258 313
901 1258 135
1005 1258 287
1116 1258 312
1228 1258 103
892 1259 333
1197 1259 451
55 1260 299
100 1260 373
234 1260 349
261 1260 248
573 1260 428
590 1260 103
793 1260 282
933 1260 971
959 1260 142
1091 1260 108
283 1261 547
394 1261 437
397 1261 353
171 1262 959
481 1262 377
506 1262 921
577 1262 165
734 1262 265
744 1262 676
974 1262 552
1031 1262 356
1117 1262 305
1211 1262 101
1214 1262 207
382 1263 144
914 1263 168
1010 1263 278
124 1264 924
155 1264 751
577 1264 331
1189 1264 505
719 1265 841
1094 1265 816
1202 1265 304
245 1266 740
408 1266 312
686 1266 131
957 1266 103
20 1267 140
59 1267 245
88 1267 200
232 1267 361
249 1267 631
372 1267 145
695 1267 608
848 1267 305
955 1267 648
970 1267 450
1066 1267 277
1071 1267 571
1085 1267 442
1088 1267 932
1168 1267 444
1209 1267 488
550 1268 383
1009 1268 461
1155 1268 433
114 1269 830
181 1269 491
188 1269 592
882 1269 471
14 1270 119
205 1270 274
529 1270 471
558 1270 385
675 1270 367
883 1270 282
1089 1270 156
87 1271 384
190 1271 602
275 1271 962
351 1271 404
734 1271 172
863 1271 758
868 1271 386
870 1271 688
879 1271 297
1188 1271 374
54 1272 229
259 1272 304
321 1272 476
403 1272 301
847 1272 121
1115 1272 431
205 1273 627
611 1273 109
745 1273 112
1121 1273 257
1270 1273 108
162 1274 794
231 1274 220
531 1274 113
626 1274 292
849 1274 293
921 1274 425
1063 1274 267
78 1275 731
424 1275 219
446 1275 210
479 1275 405
668 1275 140
848 1275 381
226 1276 235
283 1276 536
394 1276 119
599 1276 382
1025 1276 497
12 1277 510
102 1277 487
249 1277 164
330 1277 104
387 1277 124
431 1277 688
471 1277 342
608 1277 130
1134 1277 697
61 1278 478
66 1278 713
195 1278 350
209 1278 292
258 1278 347
327 1278 603
377 1278 114
553 1278 620
807 1278 398
813 1278 860
1026 1278 103
1033 1278 798
1046 1278 623
1091 1278 108
206 1279 477
258 1279 574
307 1279 337
486 1279 329
503 1279 738
538 1279 852
557 1279 276
719 1279 683
847 1279 310
965 1279 575
1257 1279 113
124 1280 284
493 1280 963
607 1280 526
629 1280 302
689 1280 513
719 1280 308
987 1280 149
1168 1280 897
101 1281 387
607 1281 435
824 1281 743
178 1282 283
296 1282 321
419 1282 469
436 1282 134
477 1282 309
559 1282 462
653 1282 346
804 1282 939
864 1282 756
1175 1282 269
46 1283 278
487 1283 846
529 1283 962
1083 1283 564
1133 1283 620
1270 1283 494
241 1284 234
459 1284 154
681 1284 745
1175 1284 316
97 1285 258
258 1285 681
377 1285 241
405 1285 557
454 1285 308
495 1285 588
617 1285 406
649 1285 334
675 1285 241
717 1285 173
816 1285 308
996 1285 472
1100 1285 628
1124 1285 157
1128 1285 782
129 1286 894
283 1286 253
394 1286 267
427 1286 521
472 1286 275
597 1286 790
816 1286 246
962 1286 573
1245 1286 458
188 1287 379
294 1287 294
579 1287 259
1243 1287 537
36 1288 414
40 1288 501
723 1288 293
1184 1288 356
117 1289 422
185 1289 716
690 1289 398
841 1289 376
893 1289 676
1003 1289 884
1040 1289 431
1170 1289 254
1243 1289 581
1287 1289 394
261 1290 231
304 1290 260
576 1290 137
606 1290 306
683 1290 387
800 1290 120
1021 1290 502
1238 1290 122
5 1291 476
67 1291 445
142 1291 125
213 1291 271
218 1291 475
317 1291 292
507 1291 262
514 1291 623
728 1291 374
947 1291 225
952 1291 565
1054 1291 542
1171 1291 397
353 1292 808
500 1292 421
844 1292 975
922 1292 528
50 1293 386
745 1293 107
843 1293 165
217 1294 166
873 1294 784
246 1295 492
407 1295 543
543 1295 663
575 1295 610
809 1295 356
859 1295 446
999 1295 269
1118 1295 841
1209 1295 349
45 1296 742
115 1296 266
178 1296 822
291 1296 619
436 1296 639
681 1296 117
697 1296 396
901 1296 378
1053 1296 607
1108 1296 789
1175 1296 341
1204 1296 118
1239 1296 565
1282 1296 420
195 1297 408
209 1297 484
657 1297 548
1278 1297 559
211 1298 953
303 1298 928
472 1298 140
481 1298 205
837 1298 281
92 1299 408
322 1299 109
433 1299 464
514 1299 771
641 1299 216
1029 1299 748
1140 1299 326
5 1300 277
284 1300 284
467 1300 837
644 1300 118
910 1300 307
971 1300 778
1074 1300 788
31 1301 126
184 1301 548
368 1301 507
596 1301 655
649 1301 173
908 1301 290
924 1301 295
991 1301 297
1024 1301 103
8 1302 261
60 1302 498
66 1302 352
328 1302 482
500 1302 462
553 1302 275
657 1302 805
1170 1302 563
1222 1302 692
88 1303 497
534 1303 711
906 1303 571
961 1303 263
1047 1303 435
1066 1303 846
1204 1303 706
1237 1303 672
1239 1303 309
432 1304 229
826 1304 111
904 1304 784
1010 1304 733
1157 1304 469
366 1305 142
425 1305 416
432 1305 381
528 1305 489
603 1305 107
890 1305 101
1010 1305 200
1150 1305 406
841 1306 748
953 1306 332
52 1307 487
119 1307 943
265 1307 852
353 1307 267
481 1307 808
500 1307 341
570 1307 469
606 1307 785
695 1307 111
744 1307 389
861 1307 594
897 1307 318
900 1307 306
1047 1307 570
1168 1307 848
1243 1307 213
1289 1307 482
5 1308 854
113 1308 114
156 1308 297
537 1308 863
848 1308 319
1008 1308 383
1120 1308 314
1291 1308 348
1300 1308 505
413 1309 464
463 1309 390
622 1309 446
913 1309 118
1219 1309 305
21 1310 289
368 1310 556
845 1310 486
944 1310 343
34 1311 781
460 1311 643
678 1311 851
1247 1311 109
142 1312 283
178 1312 277
450 1312 106
476 1312 519
574 1312 376
856 1312 722
1011 1312 306
1296 1312 667
89 1313 124
140 1313 364
160 1313 442
235 1313 313
309 1313 315
517 1313 498
593 1313 147
877 1313 106
1091 1313 323
1097 1313 330
403 1314 545
719 1314 154
787 1314 360
972 1314 585
1094 1314 284
1162 1314 294
1174 1314 311
1185 1314 355
1265 1314 531
126 1315 295
717 1315 844
1241 1315 358
48 1316 318
353 1316 142
375 1316 402
400 1316 412
515 1316 495
788 1316 155
814 1316 785
970 1316 155
1072 1316 445
1152 1316 412
1241 1316 459
1267 1316 322
1315 1316 516
120 1317 666
241 1317 409
352 1317 574
541 1317 338
672 1317 299
774 1317 330
787 1317 501
823 1317 366
871 1317 464
911 1317 212
1088 1317 697
1099 1317 433
1149 1317 103
1167 1317 480
1227 1317 279
1314 1317 386
145 1318 490
227 1318 128
295 1318 467
304 1318 352
489 1318 232
495 1318 673
625 1318 528
679 1318 102
950 1318 308
1071 1318 152
1290 1318 104
413 1319 259
568 1319 446
922 1319 602
948 1319 151
1048 1319 616
1064 1319 515
1087 1319 611
1169 1319 341
355 1320 613
382 1320 408
568 1320 163
93 1321 387
260 1321 127
340 1321 548
550 1321 322
877 1321 404
916 1321 415
1067 1321 261
63 1322 311
305 1322 103
329 1322 456
338 1322 705
602 1322 539
900 1322 578
941 1322 714
982 1322 429
171 1323 379
917 1323 257
939 1323 353
264 1324 221
336 1324 985
573 1324 255
63 1325 165
325 1325 404
358 1325 591
567 1325 404
590 1325 802
868 1325 451
990 1325 109
230 1326 355
300 1326 624
420 1326 134
1193 1326 499
369 1327 502
441 1327 545
494 1327 253
600 1327 293
1090 1327 596
22 1328 307
58 1328 756
149 1328 368
178 1328 641
565 1328 424
729 1328 619
931 1328 526
1055 1328 407
1255 1328 104
55 1329 472
69 1329 370
496 1329 634
536 1329 348
900 1329 362
12 1330 105
189 1330 509
417 1330 164
431 1330 103
447 1330 142
491 1330 444
585 1330 493
1072 1330 610
1159 1330 117
1171 1330 101
419 1331 517
1079 1331 517
1136 1331 163
193 1332 118
354 1332 718
406 1332 506
891 1332 116
439 1333 453
995 1333 123
64 1334 927
78 1334 103
208 1334 795
547 1334 162
566 1334 986
770 1334 492
898 1334 951
956 1334 285
1079 1334 422
450 1335 763
723 1335 769
136 1336 631
241 1336 429
471 1336 861
550 1336 394
608 1336 336
778 1336 240
781 1336 336
918 1336 957
946 1336 440
979 1336 557
1051 1336 250
1066 1336 266
1145 1336 306
1233 1336 925
417 1337 725
585 1337 561
1188 1337 395
1330 1337 269
24 1338 972
92 1338 338
205 1338 904
226 1338 315
433 1338 102
599 1338 626
851 1338 331
892 1338 743
1029 1338 124
1105 1338 368
1299 1338 424
117 1339 100
190 1339 525
325 1339 282
343 1339 535
549 1339 776
654 1339 121
710 1339 120
749 1339 673
801 1339 237
54 1340 972
151 1340 906
382 1340 775
679 1340 768
695 1340 102
803 1340 528
216 1341 601
241 1341 450
1167 1341 429
1170 1341 545
54 1342 371
124 1342 990
133 1342 803
212 1342 147
481 1342 944
554 1342 245
931 1342 519
1145 1342 248
1168 1342 625
1328 1342 395
364 1343 313
494 1343 892
543 1343 822
549 1343 848
1233 1343 413
205 1344 646
650 1344 341
681 1344 279
851 1344 851
932 1344 311
60 1345 347
167 1345 289
241 1345 299
401 1345 657
459 1345 636
548 1345 628
681 1345 610
1175 1345 184
1284 1345 667
21 1346 505
25 1346 295
824 1346 689
441 1347 146
568 1347 374
1319 1347 797
1320 1347 163
21 1348 270
25 1348 275
289 1348 214
731 1348 607
824 1348 289
916 1348 112
930 1348 822
1247 1348 387
1346 1348 369
92 1349 454
231 1349 293
326 1349 655
407 1349 570
717 1349 443
778 1349 729
1045 1349 884
1167 1349 366
1230 1349 108
1285 1349 130
640 1350 495
810 1350 496
1014 1350 256
1028 1350 254
1074 1350 568
128 1351 881
550 1351 302
856 1351 340
924 1351 691
962 1351 239
1145 1351 562
46 1352 745
555 1352 913
995 1352 267
1248 1352 424
41 1353 284
119 1353 442
420 1353 271
485 1353 532
649 1353 715
818 1353 100
905 1353 893
984 1353 489
1056 1353 675
1156 1353 348
1168 1353 558
1217 1353 152
1220 1353 810
815 1354 258
906 1354 553
1101 1354 306
1237 1354 363
479 1355 364
785 1355 517
235 1356 335
289 1356 245
331 1356 107
377 1356 734
405 1356 645
41 1357 152
55 1357 471
149 1357 307
232 1357 426
436 1357 295
441 1357 395
472 1357 433
491 1357 311
512 1357 214
548 1357 524
628 1357 294
658 1357 603
718 1357 210
748 1357 256
773 1357 405
793 1357 323
837 1357 134
1056 1357 321
1160 1357 645
1206 1357 912
1214 1357 632
1267 1357 489
82 1358 153
296 1358 398
892 1358 207
978 1358 204
1197 1358 232
1259 1358 345
194 1359 529
214 1359 801
770 1359 546
922 1359 514
1334 1359 656
352 1360 349
893 1360 398
1167 1360 481
1317 1360 551
193 1361 330
880 1361 398
897 1361 838
1001 1361 288
120 1362 140
583 1362 785
672 1362 290
748 1362 714
1357 1362 770
136 1363 610
307 1363 299
391 1363 157
425 1363 361
503 1363 244
783 1363 685
787 1363 720
1185 1363 104
33 1364 325
237 1364 279
352 1364 442
832 1364 359
857 1364 183
893 1364 258
993 1364 336
1115 1364 715
166 1365 524
213 1365 131
214 1365 212
435 1365 674
454 1365 283
718 1365 453
1073 1365 156
1074 1365 154
1156 1365 557
1245 1365 670
225 1366 291
308 1366 445
656 1366 251
677 1366 539
139 1367 428
436 1367 867
1028 1367 138
1215 1367 271
185 1368 396
191 1368 298
223 1368 665
388 1368 448
424 1368 209
581 1368 862
668 1368 778
701 1368 319
732 1368 892
871 1368 257
1141 1368 187
1168 1368 149
56 1369 309
243 1369 303
314 1369 297
524 1369 460
581 1369 518
627 1369 109
757 1369 454
926 1369 310
1071 1369 933
1267 1369 232
765 1370 666
868 1370 121
1190 1370 135
1361 1370 360
238 1371 225
323 1371 162
889 1371 809
640 1372 231
1028 1372 263
1074 1372 684
1300 1372 695
1350 1372 483
16 1373 943
509 1373 500
648 1373 699
680 1373 419
1002 1373 431
1043 1373 407
1233 1373 309
550 1374 521
1155 1374 241
1268 1374 465
417 1375 387
463 1375 271
652 1375 334
964 1375 238
1122 1375 437
1188 1375 452
182 1376 771
834 1376 687
1151 1376 660
701 1377 552
809 1377 246
920 1377 501
982 1377 107
52 1378 288
99 1378 520
695 1378 357
907 1378 489
296 1379 299
752 1379 431
864 1379 270
1197 1379 476
1358 1379 500
369 1380 157
478 1380 274
516 1380 197
955 1380 423
1109 1380 484
605 1381 128
791 1381 277
887 1381 657
905 1381 283
1170 1381 710
1236 1381 269
44 1382 720
766 1382 194
918 1382 452
1066 1382 323
80 1383 314
117 1383 888
207 1383 104
231 1383 241
384 1383 220
455 1383 116
509 1383 525
715 1383 392
995 1383 380
1167 1383 743
532 1384 155
897 1384 408
1001 1384 358
1162 1384 410
1190 1384 542
1225 1384 830
1361 1384 974
1370 1384 558
289 1385 357
366 1385 637
432 1385 357
528 1385 664
685 1385 542
778 1385 241
1305 1385 607
55 1386 919
69 1386 515
250 1386 473
496 1386 835
882 1386 590
999 1386 178
1329 1386 476
324 1387 246
478 1387 443
787 1387 510
815 1387 640
885 1387 767
910 1387 150
1236 1387 405
1314 1387 104
1380 1387 735
341 1388 168
481 1388 577
1364 1388 533
286 1389 427
563 1389 185
665 1389 369
828 1389 504
971 1389 551
1093 1389 378
1300 1389 810
1 1390 522
36 1390 853
371 1390 107
560 1390 493
628 1390 621
1247 1390 619
1311 1390 439
1348 1390 458
114 1391 121
451 1391 343
765 1391 393
149 1392 319
548 1392 719
939 1392 483
1124 1392 433
1328 1392 349
1357 1392 266
603 1393 833
1109 1393 380
286 1394 113
353 1394 187
1292 1394 328
130 1395 397
206 1395 139
368 1395 339
847 1395 503
972 1395 456
1079 1395 273
1272 1395 541
1301 1395 108
143 1396 425
214 1396 490
615 1396 628
834 1396 209
872 1396 699
942 1396 314
1009 1396 200
1156 1396 350
1219 1396 545
1309 1396 312
324 1397 709
910 1397 418
971 1397 879
1300 1397 473
1308 1397 723
1387 1397 554
79 1398 510
238 1398 953
278 1398 622
323 1398 148
476 1398 409
774 1398 384
862 1398 373
1025 1398 579
1312 1398 591
1371 1398 605
90 1399 373
191 1399 629
597 1399 123
755 1399 132
861 1399 503
915 1399 390
1207 1399 637
1368 1399 124
36 1400 290
92 1400 909
272 1400 477
354 1400 477
403 1400 732
406 1400 671
505 1400 298
636 1400 344
641 1400 528
695 1400 146
1112 1400 466
28 1401 825
50 1401 105
300 1401 375
719 1401 112
728 1401 364
800 1401 420
812 1401 895
817 1401 301
991 1401 316
1033 1401 386
1038 1401 140
1054 1401 725
1149 1401 276
1167 1401 290
119 1402 286
947 1402 301
1115 1402 556
1184 1402 387
1353 1402 143
17 1403 412
287 1403 584
361 1403 701
375 1403 473
602 1403 422
618 1403 864
717 1403 684
719 1403 134
783 1403 446
1000 1403 435
1202 1403 240
363 1404 438
758 1404 264
801 1404 504
1085 1404 503
1118 1404 444
128 1405 402
387 1405 787
738 1405 375
880 1405 290
924 1405 140
61 1406 321
62 1406 239
93 1406 439
254 1406 859
360 1406 312
433 1406 297
547 1406 441
697 1406 299
796 1406 111
892 1406 613
997 1406 105
1009 1406 102
1022 1406 174
1026 1406 123
1199 1406 683
1278 1406 890
205 1407 424
436 1407 104
611 1407 466
1273 1407 587
590 1408 107
940 1408 269
943 1408 304
990 1408 644
1325 1408 715
407 1409 334
581 1409 445
999 1409 382
1295 1409 366
155 1410 443
607 1410 445
1057 1410 271
1264 1410 354
452 1411 270
474 1411 315
686 1411 371
912 1411 522
957 1411 476
1155 1411 348
1268 1411 129
3 1412 288
224 1412 950
352 1412 405
397 1412 826
399 1412 163
673 1412 381
806 1412 265
854 1412 461
1046 1412 370
1253 1412 335
1360 1412 393
54 1413 714
83 1413 289
229 1413 103
481 1413 285
556 1413 307
745 1413 260
1083 1413 289
1133 1413 328
1211 1413 133
1262 1413 441
13 1414 686
71 1414 251
86 1414 618
112 1414 664
127 1414 288
219 1414 263
631 1414 127
807 1414 629
870 1414 296
1109 1414 408
189 1415 269
358 1415 721
400 1415 938
491 1415 319
644 1415 323
679 1415 505
859 1415 775
868 1415 345
1190 1415 386
1340 1415 511
1370 1415 292
664 1416 159
933 1416 306
1260 1416 238
55 1417 679
158 1417 218
178 1417 594
437 1417 384
1130 1417 120
14 1418 528
509 1418 591
648 1418 320
680 1418 582
1095 1418 400
1249 1418 392
1373 1418 666
255 1419 245
795 1419 296
839 1419 231
1008 1419 511
1220 1419 456
69 1420 463
964 1420 887
999 1420 644
1147 1420 475
230 1421 126
282 1421 626
286 1421 269
299 1421 223
303 1421 246
530 1421 414
536 1421 993
549 1421 220
717 1421 102
744 1421 873
864 1421 831
913 1421 267
978 1421 151
1102 1421 368
1157 1421 300
1292 1421 120
1298 1421 307
1394 1421 583
312 1422 624
492 1422 379
713 1422 295
960 1422 798
1042 1422 123
1165 1422 951
119 1423 154
135 1423 291
205 1423 505
312 1423 142
449 1423 339
475 1423 117
535 1423 699
543 1423 699
701 1423 279
751 1423 462
759 1423 235
855 1423 518
893 1423 134
916 1423 358
1042 1423 664
1353 1423 244
395 1424 718
436 1424 373
477 1424 430
582 1424 231
718 1424 590
902 1424 986
903 1424 755
1282 1424 556
46 1425 105
145 1425 804
301 1425 367
418 1425 513
475 1425 633
497 1425 255
824 1425 667
901 1425 359
30 1426 110
39 1426 295
81 1426 125
104 1426 199
142 1426 540
145 1426 768
150 1426 285
197 1426 352
266 1426 793
375 1426 157
419 1426 687
591 1426 247
625 1426 648
804 1426 241
1024 1426 455
1060 1426 402
1095 1426 424
1103 1426 172
1207 1426 604
1256 1426 431
1318 1426 549
1403 1426 508
158 1427 106
532 1427 618
897 1427 144
1084 1427 430
1217 1427 302
1227 1427 324
795 1428 492
839 1428 317
1220 1428 511
1419 1428 642
89 1429 271
177 1429 577
182 1429 170
395 1429 432
452 1429 951
477 1429 104
635 1429 341
642 1429 619
731 1429 618
780 1429 523
810 1429 508
851 1429 244
902 1429 340
1250 1429 467
1411 1429 463
112 1430 395
119 1430 605
127 1430 103
202 1430 351
219 1430 395
326 1430 217
392 1430 420
451 1430 314
1005 1430 730
1079 1430 488
1133 1430 698
1139 1430 108
1257 1430 156
1258 1430 931
1279 1430 693
1291 1430 207
1414 1430 326
286 1431 827
665 1431 545
1389 1431 106
1421 1431 400
26 1432 534
73 1432 695
89 1432 324
138 1432 229
255 1432 873
432 1432 144
436 1432 688
444 1432 676
586 1432 427
696 1432 673
918 1432 340
969 1432 335
1205 1432 280
1245 1432 241
8 1433 149
188 1433 121
313 1433 735
421 1433 321
911 1433 166
955 1433 550
1127 1433 257
54 1434 123
132 1434 286
151 1434 627
679 1434 476
695 1434 273
838 1434 238
1113 1434 577
1203 1434 396
1340 1434 137
92 1435 369
365 1435 669
471 1435 391
633 1435 577
781 1435 490
407 1436 831
581 1436 277
786 1436 346
974 1436 430
1173 1436 325
46 1437 636
111 1437 510
236 1437 376
592 1437 171
24 1438 468
117 1438 158
122 1438 155
136 1438 131
253 1438 130
273 1438 661
343 1438 587
522 1438 607
671 1438 864
722 1438 793
986 1438 694
46 1439 373
72 1439 161
245 1439 110
511 1439 446
863 1439 476
932 1439 400
1235 1439 345
1271 1439 297
266 1440 195
552 1440 320
982 1440 151
1095 1440 314
1322 1440 538
1377 1440 460
1405 1440 415
176 1441 359
292 1441 330
328 1441 656
415 1441 351
458 1441 835
652 1441 947
808 1441 125
891 1441 554
1141 1441 336
1166 1441 677
1222 1441 732
102 1442 507
996 1442 158
1124 1442 595
1277 1442 490
36 1443 130
262 1443 482
302 1443 288
388 1443 406
472 1443 423
998 1443 294
1007 1443 584
1020 1443 236
1191 1443 289
449 1444 123
1047 1444 375
1237 1444 102
1303 1444 329
46 1445 256
51 1445 602
66 1445 226
166 1445 167
272 1445 497
293 1445 388
297 1445 941
364 1445 513
636 1445 183
645 1445 453
681 1445 491
764 1445 352
1184 1445 245
1437 1445 471
381 1446 615
528 1446 965
36 1447 254
40 1447 252
370 1447 390
572 1447 756
750 1447 366
1061 1447 477
1288 1447 104
615 1448 157
807 1448 118
882 1448 596
1046 1448 442
640 1449 308
810 1449 713
903 1449 257
1350 1449 359
1372 1449 284
13 1450 364
470 1450 276
875 1450 671
927 1450 452
1018 1450 352
235 1451 233
278 1451 369
582 1451 138
590 1451 348
704 1451 307
723 1451 762
737 1451 348
872 1451 245
1356 1451 474
1424 1451 524
8 1452 982
381 1452 646
528 1452 683
817 1452 247
1401 1452 167
1446 1452 343
351 1453 117
583 1453 867
748 1453 560
801 1453 229
879 1453 269
1254 1453 254
1362 1453 660
54 1454 821
87 1454 114
122 1454 365
210 1454 105
217 1454 473
260 1454 102
340 1454 224
550 1454 371
703 1454 734
743 1454 319
877 1454 649
1224 1454 702
1230 1454 474
1271 1454 118
1294 1454 747
1321 1454 612
1 1455 163
44 1455 938
317 1455 402
958 1455 277
24 1456 277
198 1456 886
262 1456 375
362 1456 350
387 1456 914
533 1456 278
711 1456 316
479 1457 453
598 1457 447
770 1457 529
995 1457 345
264 1458 104
603 1458 550
636 1458 520
718 1458 727
1110 1458 623
1117 1458 331
297 1459 437
681 1459 422
1445 1459 443
21 1460 838
29 1460 471
32 1460 513
55 1460 794
151 1460 295
227 1460 592
461 1460 134
698 1460 128
838 1460 658
1170 1460 415
1310 1460 313
1361 1460 212
377 1461 605
388 1461 717
405 1461 323
1443 1461 553
27 1462 212
125 1462 756
925 1462 688
1159 1462 260
1330 1462 424
286 1463 108
441 1463 919
568 1463 290
602 1463 503
995 1463 544
1035 1463 299
1347 1463 715
1421 1463 309
469 1464 534
509 1464 736
1095 1464 404
1418 1464 270
37 1465 401
142 1465 561
509 1465 183
570 1465 357
606 1465 421
679 1465 308
923 1465 288
1074 1465 317
1230 1465 292
1245 1465 547
1249 1465 363
1250 1465 362
302 1466 128
379 1466 164
526 1466 796
941 1466 234
1106 1466 120
80 1467 256
455 1467 343
701 1467 779
715 1467 359
1184 1467 846
1383 1467 713
203 1468 263
756 1468 342
814 1468 176
1114 1468 489
1152 1468 387
1214 1468 969
419 1469 689
548 1469 477
766 1470 255
995 1470 295
1352 1470 483
1457 1470 168
448 1471 767
465 1471 432
555 1471 974
1134 1471 567
1172 1471 196
1352 1471 341
35 1472 356
310 1472 543
363 1472 376
520 1472 149
545 1472 315
932 1472 991
1059 1472 576
1085 1472 617
387 1473 319
578 1473 379
800 1473 248
1167 1473 721
387 1474 251
449 1474 283
742 1474 821
955 1474 401
65 1475 319
136 1475 463
137 1475 303
161 1475 573
522 1475 548
967 1475 311
1175 1475 429
270 1476 301
477 1476 521
775 1476 912
1208 1476 938
46 1477 262
592 1477 691
1437 1477 113
1445 1477 514
1047 1478 369
1307 1478 901
55 1479 346
143 1479 682
322 1479 783
613 1479 429
872 1479 773
1009 1479 188
1234 1479 414
1268 1479 441
1396 1479 467
543 1480 521
1118 1480 116
1295 1480 658
60 1481 459
70 1481 434
200 1481 476
285 1481 646
365 1481 822
432 1481 265
471 1481 383
477 1481 315
490 1481 167
589 1481 103
597 1481 140
648 1481 471
665 1481 117
935 1481 638
1035 1481 453
1043 1481 371
1104 1481 640
1150 1481 408
1168 1481 293
1236 1481 334
1305 1481 367
1307 1481 261
1399 1481 355
241 1482 773
896 1482 622
1167 1482 411
1317 1482 301
1383 1482 128
76 1483 325
120 1483 629
446 1483 473
713 1483 496
953 1483 417
960 1483 709
1009 1483 284
1141 1483 462
1201 1483 751
1275 1483 133
1306 1483 477
13 1484 355
126 1484 724
158 1484 478
326 1484 516
350 1484 331
354 1484 301
422 1484 558
632 1484 518
715 1484 324
744 1484 264
807 1484 378
880 1484 952
883 1484 954
1001 1484 401
1262 1484 363
1315 1484 444
1357 1484 404
1361 1484 982
1460 1484 360
176 1485 141
316 1485 183
325 1485 379
370 1485 297
391 1485 342
439 1485 293
567 1485 103
572 1485 461
689 1485 332
719 1485 661
808 1485 619
995 1485 311
1072 1485 410
1112 1485 265
1152 1485 221
1468 1485 323
151 1486 444
392 1486 298
597 1486 177
810 1486 106
1209 1486 459
355 1487 753
510 1487 485
1254 1487 386
430 1488 373
468 1488 987
479 1488 181
588 1488 844
598 1488 186
601 1488 939
770 1488 751
922 1488 111
995 1488 639
1015 1488 427
1457 1488 348
140 1489 179
163 1489 266
256 1489 646
414 1489 635
511 1489 301
588 1489 109
640 1489 407
664 1489 279
679 1489 903
933 1489 622
1073 1489 788
1074 1489 374
1129 1489 194
1350 1489 382
1416 1489 381
1465 1489 818
50 1490 456
866 1490 784
980 1490 309
320 1491 674
578 1491 297
595 1491 430
772 1491 440
956 1491 179
1100 1491 289
170 1492 578
681 1492 349
1165 1492 242
549 1493 239
594 1493 581
1421 1493 976
266 1494 132
523 1494 232
552 1494 506
855 1494 281
982 1494 301
1405 1494 612
1440 1494 124
107 1495 238
182 1495 492
848 1495 903
1376 1495 539
245 1496 448
371 1496 386
394 1496 692
511 1496 913
593 1496 836
636 1496 703
695 1496 359
757 1496 144
816 1496 713
957 1496 311
1244 1496 787
1266 1496 267
1286 1496 262
237 1497 286
341 1497 825
481 1497 920
687 1497 269
736 1497 235
883 1497 333
995 1497 331
1080 1497 890
1364 1497 207
1388 1497 289
31 1498 424
52 1498 335
510 1498 415
988 1498 513
1044 1498 795
1236 1498 254
1254 1498 818
139 1499 178
788 1499 236
1028 1499 203
1367 1499 449
280 1500 667
421 1500 379
524 1500 321
911 1500 452
1071 1500 429
1078 1500 795
1433 1500 364
